   1.2852850805817841      ,   2.1229450724483714      ,   1.4655193661558268     
   2.2093406240423001      ,   2.1929852415350255      ,   1.5610585270229873     
   2.3658740014545039      ,   2.2400776937172493      ,   1.6539053462152871     
   2.3667797990678667      ,   2.2589017442634218      ,   1.7415228812149708     
   2.2782599077955279      ,   2.2447042742917840      ,   1.8210630112943438     
   2.1884361527322720      ,   2.1939089102960634      ,   1.8894909061409448     
   2.0962727281770532      ,   2.1047402225179983      ,   1.9437656688917380     
   1.9983815531574045      ,   1.9777454803439807      ,   1.9810672081207392     
   1.8809038724661546      ,   1.8160821072783706      ,   1.9990464820024860     
   1.7357790598801681      ,   1.6254624622894605      ,   1.9960649989817625     
   1.5573513656156386      ,   1.4137129629515430      ,   1.9713841858516696     
   1.3470096990116982      ,   1.1899972664110152      ,   1.9252693066812612     
   1.1146364780250051      ,  0.96384218103004549      ,   1.8589865037522069     
  0.87920169132621839      ,  0.74415591195967179      ,   1.7746919444430655     
  0.66249763875745360      ,  0.53842131673974125      ,   1.6752329415465239     
  0.47836580504327908      ,  0.35218728446955988      ,   1.5638959838847664     
  0.32732146441735538      ,  0.18889565376218667      ,   1.4441420266186100     
  0.20156240022122029      ,   5.0001978019320249E-002 ,   1.3193650556489360     
   9.2366355629674476E-002 ,  -6.4700883798565631E-002 ,   1.1926989228874905     
  -6.1935372446414449E-003 , -0.15666063759309845      ,   1.0668841267543117     
  -9.6570680293021488E-002 , -0.22813426990100699      ,  0.94419438639734021     
 -0.17826556273457125      , -0.28180797976757588      ,  0.82641469034470127     
 -0.24874531570282793      , -0.32049834109380249      ,  0.71485843581946695     
 -0.30450828826641724      , -0.34694074961631782      ,  0.61041059040920653     
 -0.34224635451353408      , -0.36365620077566646      ,  0.51358530372947420     
 -0.36009486806343333      , -0.37288048745330526      ,  0.42458891988492709     
 -0.35883918891419336      , -0.37653861886822665      ,  0.34338204425120999     
 -0.34270052477287893      , -0.37624917459232166      ,  0.26973670639260389     
 -0.31914339357201793      , -0.37334652660465156      ,  0.20328652779630416     
 -0.29732184412010620      , -0.36891220776140959      ,  0.14356912745924336     
 -0.28544305904701617      , -0.36380958762195265      ,   9.0060855130340983E-002
 -0.28810341245137105      , -0.35871823902491112      ,   4.2204439621893741E-002
 -0.30484988159624060      , -0.35416596004674755      ,  -5.6961569239652996E-004
 -0.33062631892904121      , -0.35055746826940914      ,  -3.8826978221081797E-002
 -0.35788026821611940      , -0.34819944144875398      ,  -7.3117879548269940E-002
 -0.37945916334377106      , -0.34732196114584557      , -0.10396913675487859     
 -0.39119164371674819      , -0.34809661831423416      , -0.13187907821838246     
 -0.39322390495571524      , -0.35065163044657438      , -0.15731475324318300     
 -0.38967275206179969      , -0.35508434474769440      , -0.18071090378070817     
 -0.38681087058779712      , -0.36147149037983400      , -0.20247026648446861     
 -0.39058667801406111      , -0.36987751301508459      , -0.22296485238673353     
 -0.40450718620654336      , -0.38036128702789984      , -0.24253791924495635     
 -0.42864602407945823      , -0.39298146021187508      , -0.26150640862046931     
 -0.45999532163357360      , -0.40780064560972051      , -0.28016366693359418     
 -0.49388054561704570      , -0.42488863596647064      , -0.29878230811027573     
 -0.52583800931853641      , -0.44432477860534586      , -0.31761710598075332     
 -0.55323926963000924      , -0.46619961183729980      , -0.33690782818834025     
 -0.57607663816784693      , -0.49061582772856122      , -0.35688194075595159     
 -0.59668717591847309      , -0.51768858938690709      , -0.37775712423213165     
 -0.61863990713948724      , -0.54754519301577265      , -0.39974354894277481     
 -0.64532512328504044      , -0.58032402491292434      , -0.42304585861538374     
 -0.67882467520570611      , -0.61617272046811900      , -0.44786480869756806     
 -0.71943430029177557      , -0.65524538527947807      , -0.47439849813077212     
 -0.76590228213675071      , -0.69769868729453444      , -0.50284312115890861     
 -0.81618528938793078      , -0.74368657348523226      , -0.53339314892254241     
 -0.86837014332612084      , -0.79335330605295495      , -0.56624082914757556     
 -0.92139328279621691      , -0.84682445416439756      , -0.60157486641105617     
 -0.97531044109200360      , -0.90419542278911047      , -0.63957811587315860     
  -1.0310820198202664      , -0.96551705894731876      , -0.68042409129601356     
  -1.0900436733123635      ,  -1.0307778612015503      , -0.72427205599499500     
  -1.1533271946141876      ,  -1.0998823509037625      , -0.77126043706710912     
  -1.2214552966930956      ,  -1.1726252724491224      , -0.82149828508863920     
  -1.2942059428157537      ,  -1.2486615134322572      , -0.87505450283288311     
  -1.3707071487036395      ,  -1.3274720230237296      , -0.93194460068929952     
  -1.4496404506081295      ,  -1.4083266142620134      , -0.99211482113025040     
  -1.5294227836999614      ,  -1.4902454189606513      ,  -1.0554236320282695     
  -1.6082924724916781      ,  -1.5719619618454443      ,  -1.1216208443547895     
  -1.6843094218191659      ,  -1.6518923291820697      ,  -1.1903249890188543     
  -1.7553425337139328      ,  -1.7281166388091584      ,  -1.2610001085055818     
  -1.8191206925750281      ,  -1.7983807511966154      ,  -1.3329337815139992     
  -1.8733676532713317      ,  -1.8601274883067285      ,  -1.4052189689836077     
  -1.9159685631752250      ,  -1.9105669316404634      ,  -1.4767430611370855     
  -1.9450813135900753      ,  -1.9467938643396794      ,  -1.5461881616983577     
  -1.9591314019690764      ,  -1.9659562972366709      ,  -1.6120469374818855     
  -1.9566890577657319      ,  -1.9654717519920386      ,  -1.6726580056065574     
  -1.9362811678785332      ,  -1.9432777608327523      ,  -1.7262635486630262     
  -1.8962208917648340      ,  -1.8980912374186156      ,  -1.7710894706649931     
  -1.8345560971993189      ,  -1.8296406962393050      ,  -1.8054450031124267     
  -1.7492596179694495      ,  -1.7388294866500131      ,  -1.8278346624583925     
  -1.6388011583731301      ,  -1.6277909378168240      ,  -1.8370716452890137     
  -1.5031955233594090      ,  -1.4998095542228083      ,  -1.8323791687938058     
  -1.3454095241253541      ,  -1.3591048903602743      ,  -1.8134659116009328     
  -1.1725532150947073      ,  -1.2105014823689850      ,  -1.7805641330966038     
 -0.99573959754585672      ,  -1.0590317642324893      ,  -1.7344240464755345     
 -0.82757405808667506      , -0.90953204853726333      ,  -1.6762645840380972     
 -0.67789746938717210      , -0.76629045839720311      ,  -1.6076872838821734     
 -0.55066482738852929      , -0.63279111119684861      ,  -1.5305650890616394     
 -0.44422153262486019      , -0.51157614327258938      ,  -1.4469203331926654     
 -0.35396713462755369      , -0.40422348056081997      ,  -1.3588058440310067     
 -0.27503546614403263      , -0.31141976406450217      ,  -1.2682004526181798     
 -0.20387412418278811      , -0.23309778801163680      ,  -1.1769262441082506     
 -0.13880172610807817      , -0.16860623877588951      ,  -1.0865906987991416     
  -7.9893799625672224E-002 , -0.11688420726929609      , -0.99855328422125944     
  -2.8484956248267128E-002 ,  -7.6620826960369842E-002 , -0.91391352682143312     
   1.3491701829913688E-002 ,  -4.6388750188870759E-002 , -0.83351620498294843     
   4.4167672752488743E-002 ,  -2.4747247274474339E-002 , -0.75796889974055193     
   6.2312724081197896E-002 ,  -1.0315729998428632E-002 , -0.68766743138630215     
   6.7773092411231223E-002 ,  -1.8214478280048640E-003 , -0.62282540323619306     
   6.1728497576862079E-002 ,   1.8736213420180853E-003 , -0.56350492439458066     
   4.6697118671232392E-002 ,   1.7615356216361129E-003 , -0.50964642339749555     
   2.6217707883983716E-002 ,  -1.3118115952818158E-003 , -0.46109619835676158     
   4.2061925923455659E-003 ,  -6.6396574477651698E-003 , -0.41763093670120399     
  -1.5884525238075681E-002 ,  -1.3643028666461270E-002 , -0.37897887546563841     
  -3.1846992829625075E-002 ,  -2.1857230537399887E-002 , -0.34483757807297111     
  -4.3161685751173011E-002 ,  -3.0917647516997382E-002 , -0.31488850072089442     
  -5.0927592793177323E-002 ,  -4.0545828998756465E-002 , -0.28880863680281205     
  -5.7305110789058686E-002 ,  -5.0536458215814865E-002 , -0.26627958437632082     
  -6.4676471581798234E-002 ,  -6.0745535952676205E-002 , -0.24699439830948178     
  -7.4816380350495551E-002 ,  -7.1079928829461902E-002 , -0.23066257968419340     
  -8.8340100278782988E-002 ,  -8.1488312368645233E-002 , -0.21701353068754367     
 -0.10458674111407973      ,  -9.1953464011745173E-002 , -0.20579877078846398     
 -0.12194730746705248      , -0.10248581711414667      , -0.19679317430099824     
 -0.13850238741852416      , -0.11311816375377477      , -0.18979545356896593     
 -0.15273382588388074      , -0.12390138486828309      , -0.18462807785078555     
 -0.16405535414620726      , -0.13490108585741281      , -0.18113678659492613     
 -0.17298195557496376      , -0.14619502096295234      , -0.17918982768631697     
 -0.18089887415223790      , -0.15787119815256992      , -0.17867702656820605     
 -0.18954023466045516      , -0.17002656630521587      , -0.17950877083502106     
 -0.20038494205861004      , -0.18276619714175962      , -0.18161497674609636     
 -0.21419065048971925      , -0.19620288481528092      , -0.18494408884528565     
 -0.23081926456244761      , -0.21045709584136973      , -0.18946215116338330     
 -0.24939306362035135      , -0.22565721072115474      , -0.19515197798646983     
 -0.26870267829512667      , -0.24194000588268194      , -0.20201244354666020     
 -0.28770523187464914      , -0.25945133017162558      , -0.21005790288735099     
 -0.30592868814921459      , -0.27834693379168085      , -0.21931775023200070     
 -0.32364325893433243      , -0.29879340902458551      , -0.22983611610438576     
 -0.34175484517524307      , -0.32096920087564484      , -0.24167169986552495     
 -0.36148137213732146      , -0.34506564151254326      , -0.25489772989084503     
 -0.38394862292287585      , -0.37128795436713680      , -0.26960203892761031     
 -0.40986022928328836      , -0.39985616123761175      , -0.28588723682235340     
 -0.43935517024018794      , -0.43100580761439661      , -0.30387095630563832     
 -0.47208733696422833      , -0.46498839643186035      , -0.32368613929883611     
 -0.50747793692388310      , -0.50207138687697239      , -0.34548132058916198     
 -0.54503247241924146      , -0.54253757078717313      , -0.36942085189663620     
 -0.58459872141948976      , -0.58668358224765382      , -0.39568499136519159     
 -0.62647423853077322      , -0.63481722373640304      , -0.42446976021377292     
 -0.67133746822562945      , -0.68725320205339335      , -0.45598643837758396     
 -0.72004775136304267      , -0.74430675725310036      , -0.49046053302116105     
 -0.77340610910034246      , -0.80628453708180048      , -0.52813000635325302     
 -0.83197271632021264      , -0.87347191981658512      , -0.56924249093951840     
 -0.89600076680730856      , -0.94611582648685610      , -0.61405115097201413     
 -0.96548934258636787      ,  -1.0244019038421510      , -0.66280876718600912     
  -1.0403053603338617      ,  -1.1084248294944457      , -0.71575953398672687     
  -1.1202971066094745      ,  -1.1981504370039850      , -0.77312796625371349     
  -1.2053276622082720      ,  -1.2933684551491871      , -0.83510423251032928     
  -1.2951898477783559      ,  -1.3936350120537007      , -0.90182518174023896     
  -1.3894093808844532      ,  -1.4982048238685792      , -0.97335034643113805     
  -1.4869841843821472      ,  -1.6059543643073384      ,  -1.0496323335922244     
  -1.5861393118388547      ,  -1.7152995155211928      ,  -1.1304813258783022     
  -1.6841990651472769      ,  -1.8241144286973070      ,  -1.2155239907546520     
  -1.7776787199846156      ,  -1.9296626473165661      ,  -1.3041580287422825     
  -1.8626440957557748      ,  -2.0285567510694142      ,  -1.3955049591156097     
  -1.9352596129787869      ,  -2.1167681279727408      ,  -1.4883655626288721     
  -1.9923083816611589      ,  -2.1897124730225968      ,  -1.5811845732323351     
  -2.0314477843022929      ,  -2.2424368401855683      ,  -1.6720334281675850     
  -2.0511017744331879      ,  -2.2699274515027903      ,  -1.7586215675428791     
  -2.0500711386145638      ,  -2.2675410704442771      ,  -1.8383470568267553     
  -2.0270378571287724      ,  -2.2315354793862863      ,  -1.9083951718011813     
  -1.9801465168674819      ,  -2.1596393728573404      ,  -1.9658881976733313     
  -1.9068397430465527      ,  -2.0515673608482117      ,  -2.0080809159886481     
  -1.8041581362871397      ,  -1.9093654042820782      ,  -2.0325851947350984     
  -1.6697593409075770      ,  -1.7374802521795818      ,  -2.0375963442642169     
  -1.5038153888575450      ,  -1.5424908645419049      ,  -2.0220870557072868     
  -1.3114750421106200      ,  -1.3325138890316865      ,  -1.9859351503616736     
  -1.1046190648885541      ,  -1.1163770895205816      ,  -1.9299604824015189     
 -0.90060073607596858      , -0.90271463970216792      ,  -1.8558625427495614     
 -0.71626858928672787      , -0.69915333805288005      ,  -1.7660691607004873     
 -0.56024873967740507      , -0.51172455627362157      ,  -1.6635226118661581     
 -0.43059944047772752      , -0.34456902251457822      ,  -1.5514380456062040     
 -0.31935827662917432      , -0.19992742058226354      ,  -1.4330689555593126     
 -0.21832069032741375      ,  -7.8353635495356427E-002 ,  -1.3115070018535810     
 -0.12218572770262978      ,   2.0938678205007655E-002 ,  -1.1895322925370455     
  -2.9298579296649765E-002 ,   9.9683331970804839E-002 ,  -1.0695188846258392     
   5.8878083384201411E-002 ,  0.16018938887226788      , -0.95339135265482711     
  0.13883902103798601      ,  0.20502955102225520      , -0.84262287340932207     
  0.20621714319762963      ,  0.23680505324691808      , -0.73826321303702513     
  0.25685552020406321      ,  0.25798571518553559      , -0.64098540203572851     
  0.28777201971337929      ,  0.27081406721431378      , -0.55114169936627055     
  0.29808066013117063      ,  0.27725876812910116      , -0.46882179683512121     
  0.28978340132708230      ,  0.27900274777112255      , -0.39390850780487019     
  0.26809859960353793      ,  0.27745373025931797      , -0.32612810965688144     
  0.24087232695973931      ,  0.27376767687771925      , -0.26509396378805872     
  0.21685686229674164      ,  0.26887844999022875      , -0.21034304104239709     
  0.20325326982236561      ,  0.26352928555378896      , -0.16136561312245876     
  0.20350253582276545      ,  0.25830338361003830      , -0.11762872548202521     
  0.21633826557143260      ,  0.25365213339961845      ,  -7.8594230329419618E-002
  0.23652769767824153      ,  0.24992028571985089      ,  -4.3732198406493103E-002
  0.25697496164791112      ,  0.24736787928073103      ,  -1.2530495478973122E-002
  0.27135348367583889      ,  0.24618901419420672      ,   1.5498761649762946E-002
  0.27631019191448586      ,  0.24652771658972086      ,   4.0815242249198726E-002
  0.27249861971173667      ,  0.24849120507191619      ,   6.3848395057936713E-002
  0.26412719950188879      ,  0.25216088680275600      ,   8.4996947291091016E-002
  0.25723529654133009      ,  0.25760140041147883      ,  0.10462953672164868     
  0.25739243856603106      ,  0.26486799812752337      ,  0.12308617297080882     
  0.26772960139623420      ,  0.27401252828755540      ,  0.14068028317307485     
  0.28801451467993405      ,  0.28508824596383264      ,  0.15770114704959190     
  0.31501345414938808      ,  0.29815364605313538      ,  0.17441656789863064     
  0.34390258051806993      ,  0.31327548066923111      ,  0.19107565995241765     
  0.37015360804230152      ,  0.33053109129916319      ,  0.20791165978693618     
  0.39118334350655876      ,  0.35001015569947541      ,  0.22514469075587282     
  0.40717165312362824      ,  0.37181591944846470      ,  0.24298442539145085     
  0.42079506078208512      ,  0.39606595177792658      ,  0.26163260189036275     
  0.43606046678701460      ,  0.42289243397840254      ,  0.28128535757025835     
  0.45676528495885277      ,  0.45244195537173576      ,  0.30213534479742682     
  0.48520467542541307      ,  0.48487475552864823      ,  0.32437359347328226     
  0.52157460325848271      ,  0.52036331095555033      ,  0.34819107871969512     
  0.56420362652081169      ,  0.55909011875466963      ,  0.37377994279216353     
  0.61043805135819396      ,  0.60124447776365575      ,  0.40133430624077332     
  0.65779356092681862      ,  0.64701800872700355      ,  0.43105058462564538     
  0.70491725255755244      ,  0.69659858914627970      ,  0.46312720335904639     
  0.75200583885163108      ,  0.75016230682968776      ,  0.49776357426593426     
  0.80057278553589994      ,  0.80786296208517894      ,  0.53515816326300703     
  0.85273994223098704      ,  0.86981857845954313      ,  0.57550543970562862     
  0.91040614948443555      ,  0.93609432723212493      ,  0.61899145589766924     
  0.97463873805700307      ,   1.0066812497723858      ,  0.66578776291098896     
   1.0454768168758735      ,   1.0814702020791576      ,  0.71604333133576936     
   1.1221290090936968      ,   1.1602205871984252      ,  0.76987412117325282     
   1.2033877943004838      ,   1.2425237379106899      ,  0.82734994640491488     
   1.2880207344686527      ,   1.3277613327337383      ,  0.88847832494687062     
   1.3749473204453930      ,   1.4150600519922343      ,  0.95318511823163443     
   1.4631406702068392      ,   1.5032448850857092      ,   1.0212919774044968     
   1.5513413774167895      ,   1.5907951368249806      ,   1.0924909602993793     
   1.6377646395737868      ,   1.6758092336481305      ,   1.1663171991790231     
   1.7199808485480912      ,   1.7559867539213359      ,   1.2421212063624751     
   1.7950587288793323      ,   1.8286383484215454      ,   1.3190432973004009     
   1.8599208483779575      ,   1.8907357477549998      ,   1.3959936298273332     
   1.9117449364594097      ,   1.9390139414672936      ,   1.4716423658616045     
   1.9482233153070656      ,   1.9701347168167749      ,   1.5444252179966029     
   1.9675799858746423      ,   1.9809139931688384      ,   1.6125698074137198     
   1.9683712368222597      ,   1.9686042965658759      ,   1.6741474332865141     
   1.9491788207438316      ,   1.9312090665239734      ,   1.7271526879999526     
   1.9083266642714838      ,   1.8677898948641325      ,   1.7696097139064220     
   1.8437504877717708      ,   1.7787157727778797      ,   1.7996990584772179     
   1.7531618997022671      ,   1.6658004180897077      ,   1.8158938485468463     
   1.6346709532568464      ,   1.5322841264031259      ,   1.8170896522382194     
   1.4879954564449183      ,   1.3826410816817760      ,   1.8027103842661085     
   1.3161540923948507      ,   1.2222271300857113      ,   1.7727740487535097     
   1.1269843758492537      ,   1.0568173954948450      ,   1.7279072363722550     
  0.93308406801471855      ,  0.89210699497372936      ,   1.6693051785598141     
  0.74878148828118851      ,  0.73325371885859658      ,   1.5986429288824242     
  0.58499770475278723      ,  0.58452759738698601      ,   1.5179506812892458     
  0.44585752286219571      ,  0.44910440619877645      ,   1.4294706036630744     
  0.32955932132173743      ,  0.32900804302432490      ,   1.3355131575457599     
  0.23160812492324956      ,  0.22517975761350253      ,   1.2383281301111788     
  0.14752737018002532      ,  0.13763619500143201      ,   1.1400007631493552     
   7.4187012878682068E-002 ,   6.5674125912785541E-002 ,   1.0423779110055031     
   1.0140444847015019E-002 ,   8.0849226673441309E-003 ,  0.94702432864755492     
  -4.4582652379101313E-002 ,  -3.6647959318350160E-002 ,  0.85520570116662220     
  -8.8969542497805754E-002 ,  -7.0183985503209742E-002 ,  0.76789306686827385     
 -0.12165358158684744      ,  -9.4198889559875751E-002 ,  0.68578266487044659     
 -0.14157733946131404      , -0.11029539148430681      ,  0.60932557376670549     
 -0.14860291497592401      , -0.11994634888404937      ,  0.53876239312829344     
 -0.14396383777100735      , -0.12446374781749646      ,  0.47415931772987213     
 -0.13041862259707521      , -0.12498684092459350      ,  0.41544303521539272     
 -0.11197063186320391      , -0.12248351306069007      ,  0.36243281295299978     
  -9.3120086446741940E-002 , -0.11776008759970902      ,  0.31486887817539688     
  -7.7809756758210308E-002 , -0.11147595722127562      ,  0.27243673610220331     
  -6.8416507089522627E-002 , -0.10416046098667439      ,  0.23478743889501760     
  -6.5185724885065743E-002 ,  -9.6230268745729916E-002 ,  0.20155404923322520     
  -6.6348465685901387E-002 ,  -8.8006169680094323E-002 ,  0.17236467135236386     
  -6.8885380617039624E-002 ,  -7.9728619465646910E-002 ,  0.14685248014890553     
  -6.9653503176962908E-002 ,  -7.1571715908854167E-002 ,  0.12466318963701144     
  -6.6475488025984186E-002 ,  -6.3655481380319207E-002 ,  0.10546038361411331     
  -5.8828203578966599E-002 ,  -5.6056462123818873E-002 ,   8.8929096525659293E-002
  -4.7920886065552948E-002 ,  -4.8816733180471229E-002 ,   7.4777989758615271E-002
  -3.6164081169535414E-002 ,  -4.1951440676735785E-002 ,   6.2740423449201291E-002
  -2.6239002141389627E-002 ,  -3.5455032936478358E-002 ,   5.2574679744355923E-002
  -2.0115317747340173E-002 ,  -2.9306336777311121E-002 ,   4.4063552248866676E-002
  -1.8374528346650078E-002 ,  -2.3472631137315080E-002 ,   3.7013479116549064E-002
  -2.0067835218602972E-002 ,  -1.7912860613176592E-002 ,   3.1253364298961861E-002
  -2.3129038088913222E-002 ,  -1.2580119031930273E-002 ,   2.6633202873642056E-002
  -2.5161114641530598E-002 ,  -7.4235194168164684E-003 ,   2.3022601941961349E-002
  -2.4292819325575574E-002 ,  -2.3895526643297050E-003 ,   2.0309267999732566E-002
  -1.9796300749551334E-002 ,   2.5769764294678002E-003 ,   1.8397514567913990E-002
  -1.2261362419170632E-002 ,   7.5323600723385788E-003 ,   1.7206829832404586E-002
  -3.2912112879773629E-003 ,   1.2533681512562971E-002 ,   1.6670532691262046E-002
   5.1442939209598443E-003 ,   1.7638739228033853E-002 ,   1.6734536573687991E-002
   1.1447648964052877E-002 ,   2.2906157954650883E-002 ,   1.7356233333978746E-002
   1.4955852261462847E-002 ,   2.8395651775810059E-002 ,   1.8503504123173291E-002
   1.6135904439911645E-002 ,   3.4168411947193139E-002 ,   2.0153860122593532E-002
   1.6366423492362333E-002 ,   4.0287598573695890E-002 ,   2.2293713141477826E-002
   1.7408432334147055E-002 ,   4.6818920772964574E-002 ,   2.4917774122068557E-002
   2.0772925859691923E-002 ,   5.3831294641373525E-002 ,   2.8028576376258642E-002
   2.7217097670840587E-002 ,   6.1397572269541886E-002 ,   3.1636119741692989E-002
   3.6540910653478267E-002 ,   6.9595338313741359E-002 ,   3.5757631659391192E-002
   4.7738245871675355E-002 ,   7.8507773281989768E-002 ,   4.0417441327286856E-002
   5.9427789941987968E-002 ,   8.8224584786854909E-002 ,   4.5646963479192816E-002
   7.0393924503811323E-002 ,   9.8843009576148722E-002 ,   5.1484788894276025E-002
   8.0038519732935451E-002 ,  0.11046889017470396      ,   5.7976879384914290E-002
   8.8587832225179644E-002 ,  0.12321783041693192      ,   6.5176865672310277E-002
   9.6995308659699811E-002 ,  0.13721643393795990      ,   7.3146447170941875E-002
  0.10659345847539048      ,  0.15260362868110805      ,   8.1955893190802181E-002
  0.11863494630621385      ,  0.16953207845828508      ,   9.1684645344361937E-002
  0.13389450490297386      ,  0.18816967925929715      ,  0.10242202090719046     
  0.15247086485526648      ,  0.20870113291326453      ,  0.11426801639108988     
  0.17384767540532403      ,  0.23132958326445305      ,  0.12733420946757795     
  0.19717642341044470      ,  0.25627828942655712      ,  0.14174475538966241     
  0.22166721386718963      ,  0.28379229583655963      ,  0.15763747088302618     
  0.24694065584492775      ,  0.31414003829503662      ,  0.17516499368889293     
  0.27321561357017898      ,  0.34761479704822135      ,  0.19449599897351566     
  0.30127379094739060      ,  0.38453586975492132      ,  0.21581644392278115     
  0.33222743415074912      ,  0.42524928569696840      ,  0.23933079802753432     
  0.36718824582744214      ,  0.47012781380497676      ,  0.26526319755009375     
  0.40696693596261957      ,  0.51956992601299135      ,  0.29385843679191381     
  0.45191353468925577      ,  0.57399725820589576      ,  0.32538267396696935     
  0.50194892440316818      ,  0.63384995688781476      ,  0.36012368314484444     
  0.55676268315760191      ,  0.69957910375106158      ,  0.39839042277848546     
  0.61608970341886793      ,  0.77163516659707754      ,  0.44051161226904401     
  0.67995112075357089      ,  0.85045113084173762      ,  0.48683290717601213     
  0.74876439524966920      ,  0.93641862573563228      ,  0.53771213779833738     
  0.82328552596480464      ,   1.0298549921469877      ,  0.59351192318830193     
  0.90441728080186523      ,   1.1309588877514196      ,  0.65458879492291688     
  0.99296572374954184      ,   1.2397517747754763      ,  0.72127777049431474     
   1.0894270501341690      ,   1.3560026313389530      ,  0.79387112490455902     
   1.1938371128727876      ,   1.4791337050455708      ,  0.87258995955215146     
   1.3056454674972517      ,   1.6081064368808913      ,  0.95754712642466444     
   1.4235323026120605      ,   1.7412893019177593      ,   1.0487002384026967     
   1.5451210130248423      ,   1.8763138155898438      ,   1.1457940364240928     
   1.6666766317809272      ,   2.0099318942507094      ,   1.2482924930836636     
   1.7830644792630042      ,   2.1378973961878445      ,   1.3553029398616954     
   1.8882820135561247      ,   2.2549064777318151      ,   1.4654974099608737     
   1.9765585990806545      ,   2.3546433513064033      ,   1.5770403371301229     
   2.0434904913686518      ,   2.4299858367995242      ,   1.6875364451886767     
   2.0865238582942562      ,   2.4734218891438644      ,   1.7940172231606923     
   2.1045653209968052      ,   2.4777056673536721      ,   1.8929871604190438     
   2.0970518853270819      ,   2.4367331707699966      ,   1.9805495722426576     
   2.0629613326401395      ,   2.3465443731214122      ,   2.0526239233744605     
   2.0001193903466623      ,   2.2062768910334571      ,   2.1052507294668348     
   1.9050613028959738      ,   2.0188375363135775      ,   2.1349578202379615     
   1.7737376568367673      ,   1.7910618331619277      ,   2.1391383069182974     
   1.6034022223484492      ,   1.5332228917328097      ,   2.1163745456471621     
   1.3957605690261716      ,   1.2579174386146803      ,   2.0666422782241312     
   1.1605293342095624      ,  0.97854134297999718      ,   1.9913488137310020     
  0.91683879536016377      ,  0.70769136313762082      ,   1.8931943560315410     
  0.68828526587739403      ,  0.45583824664640421      ,   1.7758848688803412     
  0.49105174018827741      ,  0.23050927023430751      ,   1.6437546594339536     
  0.32601605677301038      ,   3.6050505143438528E-002 ,   1.5013681551015559     
  0.18381406018864205      , -0.12611607209068093      ,   1.3531623917873992     
   5.4427117371335432E-002 , -0.25691646736808738      ,   1.2031709132144586     
  -6.7942201042576186E-002 , -0.35892099368569275      ,   1.0548452921163320     
 -0.18433233315331721      , -0.43566570606659138      ,  0.91096991287466522     
 -0.29206021174688551      , -0.49109073009665027      ,  0.77365276665340721     
 -0.38605298113336639      , -0.52913030916021508      ,  0.64436993400604248     
 -0.46018922655212796      , -0.55344944453988010      ,  0.52404215255857545     
 -0.50885151562693820      , -0.56730092427670731      ,  0.41312580382037600     
 -0.52891946261874900      , -0.57347008422848955      ,  0.31170564749703555     
 -0.52197167684123646      , -0.57427697668179878      ,  0.21958131569322537     
 -0.49573350489760371      , -0.57161183544461391      ,  0.13634331255018414     
 -0.46337529678014466      , -0.56698665329823184      ,   6.1436906494710515E-002
 -0.43992811877735094      , -0.56159171937918373      ,  -5.7860203865394491E-003
 -0.43699484159901048      , -0.55635054902165548      ,  -6.6026161440253139E-002
 -0.45850820926352953      , -0.55196980285759600      , -0.12000557659049557     
 -0.49971558418164302      , -0.54898280315761561      , -0.16844453580434451     
 -0.54961644876624005      , -0.54778643087851842      , -0.21204493240616626     
 -0.59559213510127562      , -0.54867180518917957      , -0.25147893945101157     
 -0.62830577532537302      , -0.55184942003972071      , -0.28738176978518815     
 -0.64493030699721943      , -0.55746948611134617      , -0.32034758760914694     
 -0.64950265155952502      , -0.56563819546380900      , -0.35092779030212551     
 -0.65051148895789468      , -0.57643054706452279      , -0.37963102752785310     
 -0.65706711270150131      , -0.58990027587016369      , -0.40692444907360542     
 -0.67547142865138576      , -0.60608733244994850      , -0.43323577496980942     
 -0.70746627789683314      , -0.62502327145361625      , -0.45895586375767139     
 -0.75043211954559563      , -0.64673482781757508      , -0.48444152011735980     
 -0.79905924760281521      , -0.67124588940194041      , -0.51001833407320762     
 -0.84767751560491389      , -0.69857801281065290      , -0.53598338297267722     
 -0.89234194431163250      , -0.72874957445346822      , -0.56260765637729260     
 -0.93193336846493602      , -0.76177360083665890      , -0.59013808461061679     
 -0.96799757273421938      , -0.79765428065106081      , -0.61879906548882424     
  -1.0036221918757569      , -0.83638212735544426      , -0.64879339212775489     
  -1.0420025126729302      , -0.87792773658273071      , -0.68030248910997815     
  -1.0853160703312204      , -0.92223407105529098      , -0.71348586628439714     
  -1.1342329162477041      , -0.96920721151846778      , -0.74847970091958682     
  -1.1880599376130463      ,  -1.0187055419305131      , -0.78539446213172392     
  -1.2452958006914088      ,  -1.0705273990196120      , -0.82431149933192061     
  -1.3042883364854574      ,  -1.1243973202013882      , -0.86527853247538133     
  -1.3637226969990588      ,  -1.1799511806106666      , -0.90830401053099619     
  -1.4227961133618323      ,  -1.2367207301277516      , -0.95335035097060483     
  -1.4810960447425088      ,  -1.2941183324021865      ,  -1.0003261428697443     
  -1.5383173073824774      ,  -1.3514230708375985      ,  -1.0490774950421622     
  -1.5939828834677556      ,  -1.4077698097463391      ,  -1.0993788430539364     
  -1.6472825477655584      ,  -1.4621432513207209      ,  -1.1509236968342043     
  -1.6970611171538417      ,  -1.5133794522476787      ,  -1.2033160107705185     
  -1.7419200467286082      ,  -1.5601775654106953      ,  -1.2560630796131806     
  -1.7803646386893459      ,  -1.6011246243680743      ,  -1.3085710842048905     
  -1.8109336513917531      ,  -1.6347358360637099      ,  -1.3601445955361895     
  -1.8322742665840204      ,  -1.6595119318158782      ,  -1.4099914444430315     
  -1.8431554638192993      ,  -1.6740135290221811      ,  -1.4572343171030444     
  -1.8424346469427979      ,  -1.6769501584963395      ,  -1.5009301808173732     
  -1.8290031831874058      ,  -1.6672787674971616      ,  -1.5400981306903612     
  -1.8017406318748170      ,  -1.6443034919369328      ,  -1.5737554593945751     
  -1.7595104291509598      ,  -1.6077659040101648      ,  -1.6009607280829263     
  -1.7012340878468548      ,  -1.5579135285661139      ,  -1.6208614663653091     
  -1.6260833446717855      ,  -1.4955348932514001      ,  -1.6327430334951276     
  -1.5338192878606223      ,  -1.4219521617279289      ,  -1.6360743587605571     
  -1.4252656898344309      ,  -1.3389674036710908      ,  -1.6305459717501778     
  -1.3028127660931097      ,  -1.2487650483012311      ,  -1.6160960912620492     
  -1.1707181710903138      ,  -1.1537797725597216      ,  -1.5929215969596866     
  -1.0348884108001706      ,  -1.0565444878607058      ,  -1.5614723340519292     
 -0.90194974380193149      , -0.95953593668434656      ,  -1.5224291288345679     
 -0.77783654459924723      , -0.86503506073693992      ,  -1.4766677720079291     
 -0.66655924113310916      , -0.77501596540308193      ,  -1.4252127180413876     
 -0.56976082682239149      , -0.69107193118611820      ,  -1.3691851115140485     
 -0.48711439029130310      , -0.61438085835291323      ,  -1.3097498964083438     
 -0.41714322284141853      , -0.54570708471447615      ,  -1.2480662595137457     
 -0.35802192262872867      , -0.48543260907053182      ,  -1.1852446890097597     
 -0.30813841214146431      , -0.43360875900124374      ,  -1.1223127313895014     
 -0.26637995008469478      , -0.39001913247825576      ,  -1.0601903307828902     
 -0.23218669465919509      , -0.35424575937535829      , -0.99967460534226515     
 -0.20544065177200810      , -0.32573229227028422      , -0.94143315192369736     
 -0.18626167007154457      , -0.30384011645547843      , -0.88600449845689855     
 -0.17477614569404865      , -0.28789518263124692      , -0.83380411625177198     
 -0.17091182168504865      , -0.27722489743748402      , -0.78513440532441636     
 -0.17425751420903107      , -0.27118548665555725      , -0.74019720831002611     
 -0.18401224975453920      , -0.26918090226847574      , -0.69910763092864081     
 -0.19903315292812129      , -0.27067465841662991      , -0.66190819981108051     
 -0.21797303521805284      , -0.27519604925744096      , -0.62858263694646577     
 -0.23947733223452664      , -0.28234211350831079      , -0.59906875283833150     
 -0.26239142214236394      , -0.29177653783712260      , -0.57327014725614533     
 -0.28592234415178852      , -0.30322648557970211      , -0.55106655451075470     
 -0.30970999016263007      , -0.31647813139018632      , -0.53232278152552437     
 -0.33379055122016965      , -0.33137149483996187      , -0.51689626622335638     
 -0.35846944866464431      , -0.34779500501769461      , -0.50464333648177084     
 -0.38414870655374167      , -0.36568009573819377      , -0.49542428169247349     
 -0.41116458657630511      , -0.38499602525408183      , -0.48910736481874190     
 -0.43968271811923298      , -0.40574503181382809      , -0.48557190700941305     
 -0.46967471929393856      , -0.42795787285999853      , -0.48471057270616202     
 -0.50097154824199430      , -0.45168974702394493      , -0.48643097339798735     
 -0.53336439741971076      , -0.47701656066061776      , -0.49065669468592232     
 -0.56671151783921980      , -0.50403147131716031      , -0.49732783551610799     
 -0.60101230203298250      , -0.53284161661660823      , -0.50640113126787600     
 -0.63642616900442883      , -0.56356491644376672      , -0.51784971444532857     
 -0.67323633381756554      , -0.59632681739133375      , -0.53166254835454352     
 -0.71177836902636171      , -0.63125682995497168      , -0.54784355050508726     
 -0.75236331618289276      , -0.66848469021474177      , -0.56641040358499717     
 -0.79522245738010167      , -0.70813595849571220      , -0.58739303269851206     
 -0.84048843730432843      , -0.75032684820996909      , -0.61083170811569854     
 -0.88821136230654874      , -0.79515806005460743      , -0.63677471314776146     
 -0.93839538278206269      , -0.84270738243510879      , -0.66527549721122536     
 -0.99103555542802313      , -0.89302081239096343      , -0.69638921528000819     
  -1.0461374495257993      , -0.94610195840523448      , -0.73016853783086644     
  -1.1037105640589220      ,  -1.0018995157737431      , -0.76665860183091661     
  -1.1637367279997035      ,  -1.0602926681694629      , -0.80589096597885568     
  -1.2261220043708503      ,  -1.1210743804092265      , -0.84787643615008990     
  -1.2906430374105522      ,  -1.1839327250420781      , -0.89259664507869874     
  -1.3568969165626852      ,  -1.2484306490633519      , -0.93999431056875693     
  -1.4242601850654555      ,  -1.3139849560736494      , -0.98996216730446873     
  -1.4918605916434735      ,  -1.3798457674096958      ,  -1.0423306780223585     
  -1.5585659794975046      ,  -1.4450783338110693      ,  -1.0968547897873986     
  -1.6229970294585907      ,  -1.5085497731547308      ,  -1.1532002176860552     
  -1.6835707965658242      ,  -1.5689240468697017      ,  -1.2109300134128256     
  -1.7385764067075817      ,  -1.6246691407812124      ,  -1.2694925020919510     
  -1.7862725909598154      ,  -1.6740808026929315      ,  -1.3282120238056812     
  -1.8249840652824318      ,  -1.7153270618634235      ,  -1.3862842519564700     
  -1.8531684252977698      ,  -1.7465168280709595      ,  -1.4427781088534570     
  -1.8694325254279307      ,  -1.7657938748848623      ,  -1.4966463657802502     
  -1.8724950117221000      ,  -1.7714543110066963      ,  -1.5467467920685003     
  -1.8611122092320118      ,  -1.7620813487078815      ,  -1.5918751048897211     
  -1.8340017446906551      ,  -1.7366862849086970      ,  -1.6308099101921392     
  -1.7898113559324647      ,  -1.6948400507549732      ,  -1.6623683407229719     
  -1.7271915244352234      ,  -1.6367767362150747      ,  -1.6854693344275800     
  -1.6450378376889612      ,  -1.5634504866980163      ,  -1.6991997322826975     
  -1.5429574526678180      ,  -1.4765310201841704      ,  -1.7028769857454698     
  -1.4219514887632498      ,  -1.3783307488594123      ,  -1.6961016460448777     
  -1.2851554099315536      ,  -1.2716669436537500      ,  -1.6787932562460715     
  -1.1382544781483068      ,  -1.1596733249467557      ,  -1.6512048610538417     
 -0.98904524813592243      ,  -1.0455842051320325      ,  -1.6139138845134358     
 -0.84587019264697505      , -0.93251858183882830      ,  -1.5677901395865363     
 -0.71545602830230326      , -0.82329035218042435      ,  -1.5139446234270537     
 -0.60137855325770251      , -0.72026464386512257      ,  -1.4536649478973556     
 -0.50398260888056856      , -0.62527101860698397      ,  -1.3883443792293637     
 -0.42145045256481573      , -0.53957446906770634      ,  -1.3194114175192606     
 -0.35114378151396708      , -0.46389691918436793      ,  -1.2482658107355322     
 -0.29062596708683597      , -0.39847670576091254      ,  -1.1762252245048130     
 -0.23821690489870695      , -0.34315158107041943      ,  -1.1044848893203174     
 -0.19314885563529227      , -0.29745160266351045      ,  -1.0340907775608119     
 -0.15544032161354393      , -0.26069089022894731      , -0.96592546022966486     
 -0.12560377585776294      , -0.23205059843253328      , -0.90070485909712150     
 -0.10428954205159872      , -0.21064875873199193      , -0.83898363355433903     
  -9.1946398752900310E-002 , -0.19559537939723376      , -0.78116684156170324     
  -8.8555774129123993E-002 , -0.18603315816078411      , -0.72752567936784129     
  -9.3478489175025353E-002 , -0.18116536963129981      , -0.67821542530855661     
 -0.10544066752201776      , -0.18027307394903186      , -0.63329409850843954     
 -0.12266970926422727      , -0.18272393010137675      , -0.59274072934587274     
 -0.14316321170168136      , -0.18797475401396574      , -0.55647248585787767     
 -0.16503491267672957      , -0.19556967171577358      , -0.52436018980393284     
 -0.18684756520524687      , -0.20513537557731906      , -0.49624198298935779     
 -0.20783452181155238      , -0.21637465526718860      , -0.47193507244194055     
 -0.22794159637782407      , -0.22905907577723930      , -0.45124560031800964     
 -0.24768008814054945      , -0.24302142513539784      , -0.43397676066707219     
 -0.26784569786034251      , -0.25814835544495218      , -0.41993532984433485     
 -0.28919976803564212      , -0.27437348785925458      , -0.40893679872533489     
 -0.31221445079948318      , -0.29167113772052305      , -0.40080929976955437     
 -0.33695411577648687      , -0.31005073261561378      , -0.39539651574186374     
 -0.36311521797433216      , -0.32955193639568431      , -0.39255974355020584     
 -0.39019376707560882      , -0.35024045017466282      , -0.39217926911047751     
 -0.41771015679240936      , -0.37220443197803904      , -0.39415518944159794     
 -0.44540756743093929      , -0.39555145607950276      , -0.39840779768278439     
 -0.47335651044312094      , -0.42040591799337096      , -0.40487762625429907     
 -0.50193764084965786      , -0.44690677909479126      , -0.41352522341094500     
 -0.53172174683145346      , -0.47520553392195697      , -0.42433071913709575     
 -0.56330126432610694      , -0.50546427174952702      , -0.43729321766365337     
 -0.59713904636493953      , -0.53785369066681721      , -0.45243003565478301     
 -0.63348574156931892      , -0.57255090604011283      , -0.46977578700513067     
 -0.67238560755324706      , -0.60973687501055940      , -0.48938129681772835     
 -0.71375574319538282      , -0.64959323398722135      , -0.51131230806695893     
 -0.75749870131857056      , -0.69229831675282183      , -0.53564792425562802     
 -0.80360127818326943      , -0.73802208723464602      , -0.56247870966875946     
 -0.85218369734875288      , -0.78691968457225403      , -0.59190434535887448     
 -0.90348695040775762      , -0.83912324162272045      , -0.62403071376360286     
 -0.95781085438582236      , -0.89473160635231996      , -0.65896625826376010     
  -1.0154310111704499      , -0.95379757650101715      , -0.69681743709137578     
  -1.0765240130512646      ,  -1.0163122633497086      , -0.73768306581018306     
  -1.1411186713271186      ,  -1.0821862475180342      , -0.78164732251353786     
  -1.2090738239881955      ,  -1.1512273020640964      , -0.82877118020333218     
  -1.2800689440942610      ,  -1.2231146665016239      , -0.87908203927150175     
  -1.3535886167367437      ,  -1.2973701971690170      , -0.93256137033902720     
  -1.4288879657927427      ,  -1.3733272361202213      , -0.98913025796572596     
  -1.5049407859145936      ,  -1.4500987710790152      ,  -1.0486328760822481     
  -1.5803895078544079      ,  -1.5265474263521797      ,  -1.1108181454454200     
  -1.6535282040523935      ,  -1.6012610163540415      ,  -1.1753201399794371     
  -1.7223484456321831      ,  -1.6725387318242921      ,  -1.2416382341557344     
  -1.7846582204062094      ,  -1.7383943355206446      ,  -1.3091185144058646     
  -1.8382508233031090      ,  -1.7965837066088675      ,  -1.3769385845074287     
  -1.8810702446354699      ,  -1.8446642303873391      ,  -1.4440985090625240     
  -1.9113125711950056      ,  -1.8800923057294496      ,  -1.5094211411549825     
  -1.9274266035545491      ,  -1.9003620552261886      ,  -1.5715652975031595     
  -1.9280177964250818      ,  -1.9031827982302114      ,  -1.6290549666315841     
  -1.9116965774199597      ,  -1.8866851170226828      ,  -1.6803267568421569     
  -1.8769354288467441      ,  -1.8496363551116888      ,  -1.7237959816215145     
  -1.8220148024617244      ,  -1.7916380410675179      ,  -1.7579391792960299     
  -1.7451554086203069      ,  -1.7132726957006661      ,  -1.7813877595971110     
  -1.6449484898882327      ,  -1.6161684807156373      ,  -1.7930244250309093     
  -1.5211688922486941      ,  -1.5029588695350191      ,  -1.7920717886868647     
  -1.3759134688209729      ,  -1.3771305048812259      ,  -1.7781619623086107     
  -1.2146817148804920      ,  -1.2427725453127778      ,  -1.7513773102249932     
  -1.0465842077413932      ,  -1.1042599496768615      ,  -1.7122560386931081     
 -0.88277175820043696      , -0.96591582889212391      ,  -1.6617612036872165     
 -0.73316024316356609      , -0.83170052098099057      ,  -1.6012170039848961     
 -0.60332062551861554      , -0.70496700230654741      ,  -1.5322206851177955     
 -0.49371522286945912      , -0.58830656487150945      ,  -1.4565410779602899     
 -0.40132708441191950      , -0.48349030064061937      ,  -1.3760153333794944     
 -0.32198000866232146      , -0.39149578312941646      ,  -1.2924539848468182     
 -0.25204299470077662      , -0.31259772590773183      ,  -1.2075617072594529     
 -0.18926079596102163      , -0.24649732083023929      ,  -1.1228778477963137     
 -0.13291403781629504      , -0.19246644036208602      ,  -1.0397377047734631     
  -8.3550304337974723E-002 , -0.14948788969210711      , -0.95925310181428824     
  -4.2485922889791375E-002 , -0.11637925082458615      , -0.88230924416551371     
  -1.1237701550070721E-002 ,  -9.1893903499562668E-002 , -0.80957411805612767     
   9.0048115256736415E-003 ,  -7.4797586472046762E-002 , -0.74151662997261869     
   1.7802077939887792E-002 ,  -6.3922072050415557E-002 , -0.67843005825751912     
   1.5739292843284292E-002 ,  -5.8199293618304448E-002 , -0.62045799615403852     
   4.5066196818452347E-003 ,  -5.6679925827361408E-002 , -0.56762064194083117     
  -1.3262856886228306E-002 ,  -5.8540348368154201E-002 , -0.51983993214592517     
  -3.4411549429478924E-002 ,  -6.3081452805168317E-002 , -0.47696256091195804     
  -5.5867321162013546E-002 ,  -6.9722116155089525E-002 , -0.43878036149152644     
  -7.5286462502047749E-002 ,  -7.7989515728857151E-002 , -0.40504784664213661     
  -9.1522058618973140E-002 ,  -8.7507878633341765E-002 , -0.37549692761449566     
 -0.10475050787278006      ,  -9.7986779594274140E-002 , -0.34984897538591037     
 -0.11620995562084531      , -0.10920972673848564      , -0.32782447175601614     
 -0.12764739609077391      , -0.12102349597512529      , -0.30915053859972014     
 -0.14066985840664753      , -0.13332847406205278      , -0.29356664452594172     
 -0.15621427679408170      , -0.14607013108359065      , -0.28082877981958682     
 -0.17429529798972432      , -0.15923164952925400      , -0.27071237047079422     
 -0.19408967128022322      , -0.17282767687931797      , -0.26301417569665608     
 -0.21430433258501003      , -0.18689913183338283      , -0.25755338429269542     
 -0.23368460791794698      , -0.20150897378470639      , -0.25417209580375427     
 -0.25147730329443591      , -0.21673883553326737      , -0.25273534436015060     
 -0.26768764747164542      , -0.23268641671678922      , -0.25313079693558804     
 -0.28305206270825001      , -0.24946353727361886      , -0.25526823416466127     
 -0.29875756658659502      , -0.26719475444867991      , -0.25907890083227025     
 -0.31602893642587726      , -0.28601645195124986      , -0.26451479464037853     
 -0.33574248163430220      , -0.30607631475629160      , -0.27154794566341145     
 -0.35820114229000871      , -0.32753310681370912      , -0.28016972472774587     
 -0.38313574156214297      , -0.35055667081892139      , -0.29039020643681313     
 -0.40991158690079854      , -0.37532806847835753      , -0.30223760130804356     
 -0.43784881076221882      , -0.40203977563750370      , -0.31575776104721937     
 -0.46653146143818491      , -0.43089583842782897      , -0.33101375087482215     
 -0.49599411994208631      , -0.46211188333042980      , -0.34808547250654798     
 -0.52672904037586066      , -0.49591485471487706      , -0.36706931029059908     
 -0.55952909323369449      , -0.53254232681396518      , -0.38807776046718501     
 -0.59524240853332744      , -0.57224120193494643      , -0.41123898881699250     
 -0.63453997268565632      , -0.61526556162170254      , -0.43669624430404413     
 -0.67778074870958804      , -0.66187338119341854      , -0.46460703482419996     
 -0.72501155351169810      , -0.71232174967747208      , -0.49514194493394065     
 -0.77608291105936578      , -0.76686015654029704      , -0.52848294357277537     
 -0.83081960682569544      , -0.82572131529877424      , -0.56482099157809673     
 -0.88917033423370095      , -0.88910889631946843      , -0.60435271386681955     
 -0.95127750211885376      , -0.95718144561732144      , -0.64727584989268017     
  -1.0174461710650162      ,  -1.0300316888973573      , -0.69378314002236041     
  -1.0880315990516054      ,  -1.1076603862467747      , -0.74405424852281254     
  -1.1632893841543221      ,  -1.1899439527310121      , -0.79824527282869806     
  -1.2432317531764792      ,  -1.2765952520927344      , -0.85647535524582685     
  -1.3275132899066815      ,  -1.3671173852263221      , -0.91880991527361622     
  -1.4153450164079260      ,  -1.4607510350535038      , -0.98524008462433921     
  -1.5054248358599676      ,  -1.5564171138177354      ,  -1.0556580887928402     
  -1.5958848582624059      ,  -1.6526582029154728      ,  -1.1298286242713289     
  -1.6842862354507218      ,  -1.7475846497656911      ,  -1.2073567810173433     
  -1.7677148526218327      ,  -1.8388341462472721      ,  -1.2876538045436170     
  -1.8430128183123677      ,  -1.9235568958115867      ,  -1.3699030094540989     
  -1.9071099045350199      ,  -1.9984414754470683      ,  -1.4530294256971485     
  -1.9573375045058834      ,  -2.0597981597360326      ,  -1.5356781714554506     
  -1.9915877336746233      ,  -2.1037152903137084      ,  -1.6162078635177315     
  -2.0082489354378179      ,  -2.1262985059202357      ,  -1.6927062008074754     
  -2.0059529603063795      ,  -2.1239908924464261      ,  -1.7630346532475247     
  -1.9832403490721111      ,  -2.0939542405694795      ,  -1.8249073791125396     
  -1.9382739895569401      ,  -2.0344698460352229      ,  -1.8760056647451384     
  -1.8687445635278999      ,  -1.9452969176045305      ,  -1.9141233645507050     
  -1.7721422278374050      ,  -1.8279153874829066      ,  -1.9373317682185185     
  -1.6465978180639844      ,  -1.6855855241203963      ,  -1.9441455890870691     
  -1.4924167709949461      ,  -1.5231832073349167      ,  -1.9336674312105187     
  -1.3140625303447684      ,  -1.3468136481388202      ,  -1.9056880830014979     
  -1.1216003226832301      ,  -1.1632561703974931      ,  -1.8607252165892612     
 -0.92982263629344430      , -0.97933229922058140      ,  -1.7999928104286804     
 -0.75374822127113816      , -0.80130503042066714      ,  -1.7253055011865772     
 -0.60248308681653806      , -0.63440384938197447      ,  -1.6389329214769353     
 -0.47653146861839729      , -0.48253394132337513      ,  -1.5434260887480573     
 -0.37042731058646611      , -0.34818283590830196      ,  -1.4414396800717835     
 -0.27720916278914554      , -0.23249812814134732      ,  -1.3355709038006018     
 -0.19145866430201983      , -0.13548555971593074      ,  -1.2282293332833776     
 -0.11046383767157292      ,  -5.6269906219155272E-002 ,  -1.1215446562215881     
  -3.4184898379815538E-002 ,   6.6318975710786821E-003 ,  -1.0173126590833490     
   3.5412638085385889E-002 ,   5.5061524558877140E-002 , -0.91697499538263172     
   9.5281174222127035E-002 ,   9.1014157251776917E-002 , -0.82162566727776609     
  0.14221947441719540      ,  0.11648438835860699      , -0.73203639435533829     
  0.17369225151621745      ,  0.13336077817771405      , -0.64869359043157415     
  0.18852700215971552      ,  0.14336166147433382      , -0.57184093095123456     
  0.18746479672497460      ,  0.14800295290998974      , -0.50152299788620158     
  0.17344099925378878      ,  0.14858893126008563      , -0.43762692591034791     
  0.15138371948054707      ,  0.14621829166196354      , -0.37992018122204974     
  0.12736839329880656      ,  0.14179943589764171      , -0.32808352909402183     
  0.10721456012897917      ,  0.13607060347492927      , -0.28173890008174274     
   9.4949143466171643E-002 ,  0.12962183015824019      , -0.24047229154001515     
   9.1742098561311852E-002 ,  0.12291679566143585      , -0.20385209363802392     
   9.5773193956819977E-002 ,  0.11631340530896644      , -0.17144335712803233     
  0.10309411363554205      ,  0.11008249150981247      , -0.14281856471464840     
  0.10914776409253682      ,  0.10442437711713656      , -0.11756546009112379     
  0.11038537083087581      ,   9.9483265975480822E-002 ,  -9.5292450698742537E-002
  0.10543254307981623      ,   9.5359557810579046E-002 ,  -7.5632046969053610E-002
   9.5443233612775638E-002 ,   9.2120256097234787E-002 ,  -5.8242741815565935E-002
   8.3559575839651054E-002 ,   8.9807670522331809E-002 ,  -4.2809675278040152E-002
   7.3695174277620290E-002 ,   8.8446624947945987E-002 ,  -2.9044373790967137E-002
   6.9098489822457823E-002 ,   8.8050377067792895E-002 ,  -1.6683803224649796E-002
   7.1228294742949866E-002 ,   8.8625443418063860E-002 ,  -5.4889303017962065E-003
   7.9335716468662928E-002 ,   9.0175506903978228E-002 ,   4.7570517042281801E-003
   9.0862895670031973E-002 ,   9.2704565893845861E-002 ,   1.4250710197358178E-002
  0.10246550366562303      ,   9.6219465629758111E-002 ,   2.3170478593267770E-002
  0.11125606469838140      ,  0.10073193503900983      ,   3.1678808289697137E-002
  0.11581150921462351      ,  0.10626023546901686      ,   3.9924315065625528E-002
  0.11660022880562922      ,  0.11283051264599034      ,   4.8043883403733036E-002
  0.11571056615438233      ,  0.12047792935848968      ,   5.6164704860415256E-002
  0.11601848538932368      ,  0.12924764397219127      ,   6.4406236612651963E-002
  0.12012713961799368      ,  0.13919568879702723      ,   7.2882074089193616E-002
  0.12947472961168052      ,  0.15038979239713457      ,   8.1701737491125151E-002
  0.14391965638253870      ,  0.16291018095003260      ,   9.0972376317400280E-002
  0.16191911899020861      ,  0.17685038546522014      ,  0.10080039897459114     
  0.18119990154255433      ,  0.19231807375030874      ,  0.11129303635303416     
  0.19965306041815939      ,  0.20943591808758993      ,  0.12255984902471209     
  0.21611914008333757      ,  0.22834250119983526      ,  0.13471418753482758     
  0.23078688259542965      ,  0.24919325368583059      ,  0.14787461413054032     
  0.24508337296947780      ,  0.27216140501006614      ,  0.16216629213985403     
  0.26112715115461604      ,  0.29743891648856235      ,  0.17772234594660688     
  0.28097348601927757      ,  0.32523734746483168      ,  0.19468518987864572     
  0.30594289258637430      ,  0.35578858369275485      ,  0.21320781800241143     
  0.33627170114320948      ,  0.38934532818804513      ,  0.23345503833546014     
  0.37118777222544747      ,  0.42618121744158366      ,  0.25560462372991749     
  0.40935365667421281      ,  0.46659037743175252      ,  0.27984833683908750     
  0.44949034801517729      ,  0.51088617139247883      ,  0.30639276713294245     
  0.49093812211996379      ,  0.55939881143258230      ,  0.33545989260639347     
  0.53394603615542724      ,  0.61247140525082377      ,  0.36728724609690205     
  0.57959714676167962      ,  0.67045388387585647      ,  0.40212752422049775     
  0.62942675026670492      ,  0.73369410400377422      ,  0.44024742390437027     
  0.68491094167105848      ,  0.80252523878664739      ,  0.48192542541007199     
  0.74704007897768099      ,  0.87724836805713469      ,  0.52744816004763362     
  0.81613494425211297      ,  0.95810896533412482      ,  0.57710490493869326     
  0.89194511195708293      ,   1.0452657805728223      ,  0.63117963775002872     
  0.97394367776769453      ,   1.1387504820354777      ,  0.68993996663175328     
   1.0616508256882267      ,   1.2384164273482181      ,  0.75362213632406572     
   1.1548117513890011      ,   1.3438752066554114      ,  0.82241122208398265     
   1.2533223433316425      ,   1.4544203201472676      ,  0.89641559472431365     
   1.3569047390556812      ,   1.5689387609178072      ,  0.97563482829485038     
   1.4646356240574412      ,   1.6858136658766292      ,   1.0599205065801458     
   1.5744945310695284      ,   1.8028248692118054      ,   1.1489299706560232     
   1.6831292193267164      ,   1.9170593339240956      ,   1.2420740599845279     
   1.7860201144194077      ,   2.0248499264203508      ,   1.3384614507544750     
   1.8781056637899896      ,   2.1217681005363196      ,   1.4368443490931841     
   1.9546769264832409      ,   2.2027020523138305      ,   1.5355729780716709     
   2.0121208671207618      ,   2.2620538223631388      ,   1.6325691829374855     
   2.0481431491315685      ,   2.2940825631095625      ,   1.7253318865775926     
   2.0614234412615948      ,   2.2934025096515773      ,   1.8109879719485740     
   2.0509428500909994      ,   2.2556108582566328      ,   1.8864000927656583     
   2.0152889836370087      ,   2.1779756365249536      ,   1.9483366994347122     
   1.9521866910308245      ,   2.0600674067786091      ,   1.9936988387326597     
   1.8584746460519499      ,   1.9041894755754216      ,   2.0197843039439829     
   1.7307954071042806      ,   1.7154692943814802      ,   2.0245557812127513     
   1.5672890336131085      ,   1.5015302430138926      ,   2.0068705581414674     
   1.3703144491739632      ,   1.2717598040209583      ,   1.9666297015238157     
   1.1493612291366433      ,   1.0362971825751546      ,   1.9048163682796677     
  0.92183526823291939      ,  0.80493991239132967      ,   1.8234138682300103     
  0.70845495755954047      ,  0.58618396610125834      ,   1.7252181534258575     
  0.52365282426199600      ,  0.38656124625243360      ,   1.6135790714816123     
  0.36947755167557489      ,  0.21034630813473335      ,   1.4921143988777912     
  0.23907027594931840      ,   5.9608695163686748E-002 ,   1.3644388805009304     
  0.12388548397105940      ,  -6.5479933137011226E-002 ,   1.2339398472094227     
   1.7978693104965623E-002 , -0.16620055027530495      ,   1.1036162944159156     
  -8.0961949388077908E-002 , -0.24481000764352695      ,  0.97598429919751772     
 -0.17208732256233872      , -0.30410886996064257      ,  0.85304136147876719     
 -0.25236269637299824      , -0.34709476490187574      ,  0.73627664433751827     
 -0.31767093176681216      , -0.37671289195006802      ,  0.62671257737338548     
 -0.36397801296846799      , -0.39569614814294074      ,  0.52496455981118595     
 -0.38861634617671353      , -0.40647782964416257      ,  0.43130818574931273     
 -0.39163530956472059      , -0.41115746707718875      ,  0.34574645755035577     
 -0.37686147453923191      , -0.41150210621487715      ,  0.26807221390270930     
 -0.35201032213308775      , -0.40896890310199524      ,  0.19792318892810590     
 -0.32725570367303780      , -0.40473875859198022      ,  0.13482868670199558     
 -0.31235534737531118      , -0.39975409662649936      ,   7.8247876867343358E-002
 -0.31343748104127378      , -0.39475651542952789      ,   2.7600314319150377E-002
 -0.33098747425981578      , -0.39032191242298492      ,  -1.7710416716385423E-002
 -0.35998147879308739      , -0.38689192741735651      ,  -5.8278932325788971E-002
 -0.39205347709458627      , -0.38480132170628584      ,  -9.4685166360762144E-002
 -0.41876519452773892      , -0.38430135678688487      , -0.12748546907213734     
 -0.43470589316867331      , -0.38557946906189577      , -0.15720688788408219     
 -0.43928101943132714      , -0.38877563790933228      , -0.18434394603443194     
 -0.43658076765769005      , -0.39399586905819672      , -0.20935734501658584     
 -0.43348092420105594      , -0.40132319833040991      , -0.23267411661505247     
 -0.43685022822951836      , -0.41082658358391927      , -0.25468883757681537     
 -0.45105966247848722      , -0.42256800707019559      , -0.27576559431625691     
 -0.47671318234081406      , -0.43660806267782115      , -0.29624044721241904     
 -0.51088890897862482      , -0.45301025559336150      , -0.31642419513785502     
 -0.54860410672141169      , -0.47184419680003337      , -0.33660528206910106     
 -0.58486008995234051      , -0.49318783156868379      , -0.35705272011539529     
 -0.61648131302145726      , -0.51712879917563415      , -0.37801892807114496     
 -0.64307900425618325      , -0.54376497977004823      , -0.39974240249018106     
 -0.66685574496134148      , -0.57320424278403181      , -0.42245014997122587     
 -0.69146877113548322      , -0.60556336871600913      , -0.44635981535506558     
 -0.72053139967272350      , -0.64096607180850518      , -0.47168144125200534     
 -0.75638454124718513      , -0.67954000459510544      , -0.49861879002709569     
 -0.79954403362326387      , -0.72141257642418488      , -0.52737015029433365     
 -0.84889708911319872      , -0.76670536747726248      , -0.55812853633776005     
 -0.90244253126403318      , -0.81552686917319506      , -0.59108117101442681     
 -0.95821425728277176      , -0.86796323453109814      , -0.62640812116689004     
  -1.0150127315447772      , -0.92406668383501045      , -0.66427993038313904     
  -1.0726933449036498      , -0.98384119101453216      , -0.70485406880495360     
  -1.1319755107182656      ,  -1.0472250883707017      , -0.74826999640014280     
  -1.1939391698203976      ,  -1.1140702913966432      , -0.79464261903395428     
  -1.2594668336566861      ,  -1.1841179882630797      , -0.84405391227026083     
  -1.3288455142269218      ,  -1.2569708943107780      , -0.89654250528706636     
  -1.4016193103086854      ,  -1.3320625811600497      , -0.95209106900782137     
  -1.4766595382497179      ,  -1.4086249955284553      ,  -1.0106114543405447     
  -1.5523486529443355      ,  -1.4856561204709910      ,  -1.0719276969676881     
  -1.6267714005518350      ,  -1.5618908147046162      ,  -1.1357572641826892     
  -1.6978546784437132      ,  -1.6357791596741007      ,  -1.2016912837629112     
  -1.7634585235301437      ,  -1.7054780339848252      ,  -1.2691749722667758     
  -1.8214537646605535      ,  -1.7688628873783263      ,  -1.3374900584707226     
  -1.8698096677313589      ,  -1.8235674200729917      ,  -1.4057416326856329     
  -1.9066767263454347      ,  -1.8670585584756816      ,  -1.4728524544807782     
  -1.9304240551926142      ,  -1.8967521385750084      ,  -1.5375681751794532     
  -1.9396000252656183      ,  -1.9101705150628026      ,  -1.5984769812271005     
  -1.9328194849331344      ,  -1.9051366868038477      ,  -1.6540466183546458     
  -1.9086177162701246      ,  -1.8799909029060546      ,  -1.7026804229180070     
  -1.8653380525493282      ,  -1.8338064567641899      ,  -1.7427917898376235     
  -1.8011411676441025      ,  -1.7665738233804884      ,  -1.7728935811366489     
  -1.7142452187530792      ,  -1.6793193399910480      ,  -1.7916957382361516     
  -1.6035124516245847      ,  -1.5741287994909499      ,  -1.7982014834472844     
  -1.4694357584143092      ,  -1.4540585711738296      ,  -1.7917907942460058     
  -1.3153627873887273      ,  -1.3229355864692047      ,  -1.7722800115972297     
  -1.1483877265329419      ,  -1.1850684983651558      ,  -1.7399488134297523     
 -0.97894126471872844      ,  -1.0449098261764556      ,  -1.6955300711564372     
 -0.81836257845769356      , -0.90671780055009554      ,  -1.6401634518064443     
 -0.67526210973921885      , -0.77426443399857336      ,  -1.5753188259838156     
 -0.55309794322909145      , -0.65062418559314306      ,  -1.5026994293425207     
 -0.45054876815509531      , -0.53805960856055846      ,  -1.4241365517228026     
 -0.36373154979138206      , -0.43800192017994610      ,  -1.3414871510683963     
 -0.28842512082948712      , -0.35111004356225739      ,  -1.2565436330226010     
 -0.22143198360959948      , -0.27738372851379317      ,  -1.1709618668190174     
 -0.16110477228446388      , -0.21630490680726164      ,  -1.0862101432000582     
 -0.10729551634099810      , -0.16698485479310698      ,  -1.0035388660824414     
  -6.0958711583710641E-002 , -0.12830075441590932      , -0.92396866930221366     
  -2.3594778935091369E-002 ,  -9.9011800828282467E-002 , -0.84829344980179178     
   3.3237782843074451E-003 ,  -7.7850703932708876E-002 , -0.77709439787087953     
   1.8852737377385138E-002 ,  -6.3590613793592488E-002 , -0.71076127246323817     
   2.2950699950477646E-002 ,  -5.5090083998159803E-002 , -0.64951768650273467     
   1.6684330517344532E-002 ,  -5.1319928652182122E-002 , -0.59344783846858606     
   2.2129853946304314E-003 ,  -5.1376111790610725E-002 , -0.54252281249798806     
  -1.7488762801604215E-002 ,  -5.4482506497482014E-002 , -0.49662518528688282     
  -3.9156834779062642E-002 ,  -5.9986771525834218E-002 , -0.45557118450738321     
  -5.9902999984142787E-002 ,  -6.7351918144290771E-002 , -0.41913003141958882     
  -7.7825469324573238E-002 ,  -7.6145498697450006E-002 , -0.38704037906701927     
  -9.2355492675603681E-002 ,  -8.6027798752510112E-002 , -0.35902394463510756     
 -0.10421290412252697      ,  -9.6739974650656230E-002 , -0.33479655016284376     
 -0.11498764354564184      , -0.10809274326090544      , -0.31407684844854894     
 -0.12649963954847093      , -0.11995598579839001      , -0.29659303637498741     
 -0.14015786899143298      , -0.13224945471734162      , -0.28208785835243927     
 -0.15652337005590411      , -0.14493465480064185      , -0.27032218738771446     
 -0.17519938313536246      , -0.15800789211005009      , -0.26107744707156139     
 -0.19505898078219225      , -0.17149443591142843      , -0.25415710912940392     
 -0.21471082816398238      , -0.18544371031143450      , -0.24938747116086327     
 -0.23302850257857011      , -0.19992541770844602      , -0.24661788975310234     
 -0.24955391751462477      , -0.21502649063002746      , -0.24572061646105828     
 -0.26463917568794199      , -0.23084876878264615      , -0.24659035883437774     
 -0.27929400253077835      , -0.24750730180244249      , -0.24914366600070298     
 -0.29481590423977505      , -0.26512918355277493      , -0.25331821830752771     
 -0.31235337296706306      , -0.28385282959556735      , -0.25907208303752821     
 -0.33256350116574251      , -0.30382761469181757      , -0.26638298299531660     
 -0.35547679997468551      , -0.32521379106320952      , -0.27524761149537930     
 -0.38059848520021705      , -0.34818260996592526      , -0.28568101558953890     
 -0.40718972196696018      , -0.37291656820932029      , -0.29771605884614949     
 -0.43461312753644532      , -0.39960969688581727      , -0.31140296518496530     
 -0.46261252886240783      , -0.42846780097640164      , -0.32680893569513642     
 -0.49143087207496439      , -0.45970854475326928      , -0.34401782048743806     
 -0.52173807496420022      , -0.49356125796539929      , -0.36312981686817919     
 -0.55441458711290903      , -0.53026631045188799      , -0.38426115281641809     
 -0.59028648715440546      , -0.57007386672513005      , -0.40754370016543978     
 -0.62991591097184585      , -0.61324178576453203      , -0.43312444421807728     
 -0.67351765844209399      , -0.66003237338925247      , -0.46116471487057925     
 -0.72101660218770713      , -0.71070762410160104      , -0.49183905773979042     
 -0.77220514849033561      , -0.76552250598750449      , -0.52533359135827784     
 -0.82692612397783294      , -0.82471574748206744      , -0.56184365743896569     
 -0.88520484331233062      , -0.88849748268377926      , -0.60157052509409392     
 -0.94728255512433557      , -0.95703301110356997      , -0.64471685702333670     
  -1.0135474169189034      ,  -1.0304218440011301      , -0.69148058764199649     
  -1.0843977140897647      ,  -1.1086711689674305      , -0.74204680358594444     
  -1.1600882200674998      ,  -1.1916629079707703      , -0.79657716295425818     
  -1.2406000977033922      ,  -1.2791137317463777      , -0.85519635278332806     
  -1.3255475429698538      ,  -1.3705278083744008      , -0.91797508300500474     
  -1.4141087056553989      ,  -1.4651428133852800      , -0.98490917658624821     
  -1.5049615068750100      ,  -1.5618709377351614      ,  -1.0558944769156287     
  -1.5962243623866945      ,  -1.6592384213378226      ,  -1.1306976022292721     
  -1.6854385250401571      ,  -1.7553295920387670      ,  -1.2089230872994532     
  -1.7696547326586718      ,  -1.8477444638281029      ,  -1.2899782167765024     
  -1.8456662125547978      ,  -1.9335823784575716      ,  -1.3730379039287575     
  -1.9103520642532068      ,  -2.0094673378281551      ,  -1.4570132840711101     
  -1.9610058529688237      ,  -2.0716324741702135      ,  -1.5405291632885045     
  -1.9955026257638382      ,  -2.1160799622598705      ,  -1.6219168435451898     
  -2.0122316460977783      ,  -2.1388267571723301      ,  -1.6992297223010837     
  -2.0098331157971483      ,  -2.1362343452227091      ,  -1.7702888766971601     
  -1.9868507744931336      ,  -2.1054020599515408      ,  -1.8327639813947796     
  -1.9414358926200597      ,  -2.0445807668991480      ,  -1.8842909353405151     
  -1.8712497553494234      ,  -1.9535423966589387      ,  -1.9226215166584080     
  -1.7737432475282313      ,  -1.8338290488603362      ,  -1.9457930344686416     
  -1.6470217102090803      ,  -1.6888114028237018      ,  -1.9522989358118306     
  -1.4914194305143242      ,  -1.5235141097589926      ,  -1.9412368422279591     
  -1.3115276935850724      ,  -1.3442120210571691      ,  -1.9124105565793181     
  -1.1176506364393193      ,  -1.1578532144471796      ,  -1.8663681352799042     
 -0.92485627138945858      , -0.97140576902449882      ,  -1.8043683566136113     
 -0.74830328410963676      , -0.79124071353522030      ,  -1.7282803210774276     
 -0.59697084384690791      , -0.62264865754680543      ,  -1.6404321365977033     
 -0.47105580266425201      , -0.46954913069346166      ,  -1.5434317569348321     
 -0.36481465110473527      , -0.33440429339267902      ,  -1.4399846537350298     
 -0.27115628614112552      , -0.21830781663064763      ,  -1.3327295467317848     
 -0.18467638020583840      , -0.12119519779513725      ,  -1.2241066936955947     
 -0.10277152573680573      ,  -4.2115597683410992E-002 ,  -1.1162655197519116     
  -2.5553451578253165E-002 ,   2.0486709436646308E-002 ,  -1.0110115465697123     
   4.4860034274935831E-002 ,   6.8517777469615099E-002 , -0.90978775496973741     
  0.10529592873881512      ,  0.10402626193743578      , -0.81368293448099915     
  0.15246899796655874      ,  0.12904874663052246      , -0.72345890814728753     
  0.18381109491875258      ,  0.14550507020936551      , -0.63958917068628618     
  0.19818051584170684      ,  0.15513562773870865      , -0.56230283043951657     
  0.19642615607008945      ,  0.15947093878374241      , -0.49162931722975295     
  0.18166935687493885      ,  0.15982416769303215      , -0.42744079806285401     
  0.15907443646246008      ,  0.15729872395344635      , -0.36949047281843572     
  0.13494030109373464      ,  0.15280484568268940      , -0.31744585488358845     
  0.11521718697500916      ,  0.14708076104513482      , -0.27091679461893292     
  0.10391128871745203      ,  0.14071543813105639      , -0.22947842460269577     
  0.10201746294656031      ,  0.13417102251796589      , -0.19268945063371956     
  0.10744441363883947      ,  0.12780384748378712      , -0.16010633292912446     
  0.11597178862812504      ,  0.12188343978152048      , -0.13129393972555115     
  0.12286290213312333      ,  0.11660929459036382      , -0.10583324203678925     
  0.12454020633684627      ,  0.11212541045637760      ,  -8.3326575815892520E-002
  0.11975628743505981      ,  0.10853270131855734      ,  -6.3400941043187109E-002
  0.10989869954752181      ,  0.10589946947631626      ,  -4.5709745725188280E-002
   9.8363239919064843E-002 ,  0.10427015253733518      ,  -2.9933342086985087E-002
   8.9244608729895605E-002 ,  0.10367256371322282      ,  -1.5778645510833335E-002
   8.5837390546106632E-002 ,  0.10412383785823971      ,  -2.9780755577153233E-003
   8.9503347190320062E-002 ,  0.10563528140448651      ,   8.7119867305855848E-003
   9.9299435600177219E-002 ,  0.10821630655474181      ,   1.9513070123515407E-002
  0.11245529022161627      ,  0.11187761099747581      ,   2.9626691293402192E-002
  0.12547666537700436      ,  0.11663374533339807      ,   3.9236545986113792E-002
  0.13544293830103812      ,  0.12250519210664432      ,   4.8510742915426050E-002
  0.14102393598447616      ,  0.12952006322130361      ,   5.7604029240280456E-002
  0.14286952938939879      ,  0.13771550677706540      ,   6.6659972083182917E-002
  0.14326925542127561      ,  0.14713890001021801      ,   7.5813073027227965E-002
  0.14524718327449510      ,  0.15784889200725963      ,   8.5190802334656729E-002
  0.15145361673827062      ,  0.16991634801598865      ,   9.4915547152699190E-002
  0.16326746909892673      ,  0.18342523629126711      ,  0.10510647354626416     
  0.18041720264763481      ,  0.19847348819084690      ,  0.11588130609579436     
  0.20121966274614922      ,  0.21517385232113451      ,  0.12735803123493067     
  0.22331167451696199      ,  0.23365475348327366      ,  0.13965653162546596     
  0.24458375310415920      ,  0.25406115644904970      ,  0.15290015875808619     
  0.26396847470610052      ,  0.27655542254615456      ,  0.16721724963564050     
  0.28180555926430251      ,  0.30131813284431563      ,  0.18274259076972924     
  0.29967530473147741      ,  0.32854883440907107      ,  0.19961882863850883     
  0.31979596173332803      ,  0.35846664439448767      ,  0.21799781994534886     
  0.34423852400348642      ,  0.39131061915952309      ,  0.23804190709181647     
  0.37426289443506844      ,  0.42733976025768178      ,  0.25992509369566286     
  0.41000975887523322      ,  0.46683248383084736      ,  0.28383408103491098     
  0.45063240070632060      ,  0.51008532201043177      ,  0.30996910807541045     
  0.49478607907950284      ,  0.55741055142552731      ,  0.33854451411498021     
  0.54126702872113786      ,  0.60913235169282998      ,  0.36978891269851522     
  0.58954832444473571      ,  0.66558098285394907      ,  0.40394482676344723     
  0.64001246728044237      ,  0.72708433304494668      ,  0.44126758626840140     
  0.69381298021901683      ,  0.79395602623684047      ,  0.48202322918040019     
  0.75245404501821800      ,  0.86647909879151963      ,  0.52648507335109662     
  0.81728620625849457      ,  0.94488406424180749      ,  0.57492854014299799     
  0.88912830414292132      ,   1.0293200115880103      ,  0.62762371220481183     
  0.96814294441321547      ,   1.1198172657769607      ,  0.68482500244872102     
   1.0539616772407852      ,   1.2162401498838087      ,  0.74675720953346603     
   1.1459381298188436      ,   1.3182286351005581      ,  0.81359715612049432     
   1.2433517753935279      ,   1.4251283035935616      ,  0.88545008151459337     
   1.3454139348198930      ,   1.5359092905780751      ,  0.96232003866968674     
   1.4510294469012319      ,   1.6490769691601981      ,   1.0440737963954980     
   1.5584022855997464      ,   1.7625803520093120      ,   1.1303982621456463     
   1.6646902012683675      ,   1.8737286770511576      ,   1.2207523257973252     
   1.7659571818477346      ,   1.9791323337539792      ,   1.3143153831750887     
   1.8575795552908072      ,   2.0746905761774594      ,   1.4099366878493840     
   1.9350106988362430      ,   2.1556539445227054      ,   1.5060920462594489     
   1.9945385744059005      ,   2.2167915023342668      ,   1.6008569537318578     
   2.0336356997520539      ,   2.2526884218042524      ,   1.6919075042317528     
   2.0507648185398955      ,   2.2581843870692953      ,   1.7765613825387028     
   2.0448097573000692      ,   2.2289354566246842      ,   1.8518697931255470     
   2.0144176505278604      ,   2.1620431645734275      ,   1.9147661847452768     
   1.9575038307743688      ,   2.0566529170936714      ,   1.9622686169821451     
   1.8711337822406204      ,   1.9143940614837531      ,   1.9917204286638490     
   1.7520285619886393      ,   1.7395340488428781      ,   2.0010411052933321     
   1.5979780431270523      ,   1.5387608201874197      ,   1.9889499507456627     
   1.4102711618261481      ,   1.3205875736851553      ,   1.9551235362441517     
   1.1965613251610263      ,   1.0944698721640391      ,   1.9002562817400708     
  0.97226906654665146      ,  0.86980197130440695      ,   1.8260108125278076     
  0.75744696387508359      ,  0.65498696600371087      ,   1.7348662255019947     
  0.56826369363998397      ,  0.45674402410833626      ,   1.6298915649064565     
  0.40968310183176004      ,  0.27974115223213653      ,   1.5144830970439576     
  0.27675440909038040      ,  0.12655500924438956      ,   1.3921050714225933     
  0.16125212464923330      ,  -2.1093609545281568E-003 ,   1.2660659784698975     
   5.6604389654341628E-002 , -0.10703999294361360      ,   1.1393497488246689     
  -4.0457755716257510E-002 , -0.19008160102014149      ,   1.0145082306768012     
 -0.13003858054286899      , -0.25371953242299472      ,  0.89361081724419855     
 -0.20989160824082254      , -0.30073129688479561      ,  0.77824067797363217     
 -0.27644317755419590      , -0.33392454246025399      ,  0.66952453904332021     
 -0.32588231607291324      , -0.35596005720225277      ,  0.56818335328088643     
 -0.35532670634979768      , -0.36924698732802863      ,  0.47459326396003948     
 -0.36405103918375087      , -0.37589322082260024      ,  0.38884895656509771     
 -0.35455013696407389      , -0.37769423707262845      ,  0.31082411065795684     
 -0.33293171952005024      , -0.37614639022080093      ,  0.24022584882287670     
 -0.30806866816522482      , -0.37247398388673925      ,  0.17664171537082027     
 -0.28936711003977295      , -0.36766269850571237      ,  0.11957883348917736     
 -0.28384544767405406      , -0.36249455027626887      ,   6.8495581330194732E-002
 -0.29383357977326663      , -0.35758150586839088      ,   2.2826506073900316E-002
 -0.31638756940636331      , -0.35339622047587044      ,  -1.7998639778078043E-002
 -0.34466045342722851      , -0.35029923678836039      ,  -5.4540824849171811E-002
 -0.37062218296060950      , -0.34856251030891594      ,  -8.7341759806201569E-002
 -0.38805191192560146      , -0.34838942264384626      , -0.11691723052267909     
 -0.39469474294539908      , -0.34993159229674742      , -0.14375306250130479     
 -0.39283001312048293      , -0.35330285041969134      , -0.16830313786135651     
 -0.38811071605143443      , -0.35859075534454887      , -0.19098898192971681     
 -0.38721518300393781      , -0.36586599856871060      , -0.21220052210168877     
 -0.39532178735233220      , -0.37519002047089617      , -0.23229769598738090     
 -0.41440315765706476      , -0.38662111437854607      , -0.25161264904947012     
 -0.44287320205091352      , -0.40021925684407017      , -0.27045231471455861     
 -0.47654336073438724      , -0.41604986199587363      , -0.28910121329269922     
 -0.51041269990247506      , -0.43418661921318441      , -0.30782434099060302     
 -0.54058384818555250      , -0.45471353602796433      , -0.32687004780146445     
 -0.56559165405428835      , -0.47772627159494169      , -0.34647282392138790     
 -0.58669106164934315      , -0.50333280959024207      , -0.36685592925790400     
 -0.60709784081644924      , -0.53165348217388397      , -0.38823381009042951     
 -0.63060297888383521      , -0.56282031778690689      , -0.41081425140154459     
 -0.66018034078144328      , -0.59697564414214421      , -0.43480021307211597     
 -0.69710984982476887      , -0.63426983296738892      , -0.46039129315319621     
 -0.74084967713261707      , -0.67485802422642949      , -0.48778475182937375     
 -0.78958034865845239      , -0.71889561443919947      , -0.51717601545449898     
 -0.84112217512208476      , -0.76653223684161209      , -0.54875856116675947     
 -0.89383522369173374      , -0.81790390218311593      , -0.58272305918769784     
 -0.94716303151046433      , -0.87312291159351063      , -0.61925562236534037     
  -1.0016620778274301      , -0.93226510369459192      , -0.65853498173058778     
  -1.0585911331810749      , -0.99535396770232754      , -0.70072837453749337     
  -1.1193026370480594      ,  -1.0623411591474730      , -0.74598590049483626     
  -1.1847071663860289      ,  -1.1330830190770358      , -0.79443307761640658     
  -1.2549855968065400      ,  -1.2073128544503686      , -0.84616131890993951     
  -1.3295773550034831      ,  -1.2846090303135032      , -0.90121606603373261     
  -1.4073539576615466      ,  -1.3643594057596606      , -0.95958237131782331     
  -1.4868372920196908      ,  -1.4457233725700702      ,  -1.0211678349887090     
  -1.5663478867761338      ,  -1.5275937779192856      ,  -1.0857830039380234     
  -1.6440460243115425      ,  -1.6085623533591964      ,  -1.1531196477268890     
  -1.7179118563528266      ,  -1.6868938939161400      ,  -1.2227277695525685     
  -1.7857502317056064      ,  -1.7605161903145281      ,  -1.2939927958138346     
  -1.8452785735685300      ,  -1.8270343129837907      ,  -1.3661151039794051     
  -1.8942841402178789      ,  -1.8837787772127064      ,  -1.4380948387112886     
  -1.9307751413680247      ,  -1.9278966816365157      ,  -1.5087257139824952     
  -1.9530432464466732      ,  -1.9564922881605553      ,  -1.5766020145148025     
  -1.9596016689003481      ,  -1.9668179842404507      ,  -1.6401430354681412     
  -1.9490246305048988      ,  -1.9565078935156675      ,  -1.6976384459203631     
  -1.9197572158572980      ,  -1.9238352622592316      ,  -1.7473162883833551     
  -1.8699870841732131      ,  -1.8679631247608479      ,  -1.7874324592804500     
  -1.7976882279251727      ,  -1.7891488963989355      ,  -1.8163767754887499     
  -1.7009698387662233      ,  -1.6888613174542515      ,  -1.8327867172578691     
  -1.5788618838630040      ,  -1.5697756537403367      ,  -1.8356565804305158     
  -1.4325613232311880      ,  -1.4356308657342878      ,  -1.8244281277482193     
  -1.2668408532314961      ,  -1.2909575812169940      ,  -1.7990497282333926     
  -1.0907829727724516      ,  -1.1407118013422741      ,  -1.7599946421626305     
 -0.91662129129064873      , -0.98986866166433762      ,  -1.7082349636031091     
 -0.75620180770954315      , -0.84303727905915227      ,  -1.6451744759519611     
 -0.61684488505586854      , -0.70414998917810345      ,  -1.5725497021054149     
