  0.72183215708199444      ,   2.1229450724483714      ,   1.4655193661558268     
   1.9273598457997432      ,   2.1929852415350255      ,   1.5610585270229873     
   2.2793967119588543      ,   2.2400776937172493      ,   1.6539053462152871     
   2.1639834219663552      ,   2.2589017442634218      ,   1.7415228812149708     
   1.8619211322024025      ,   2.2447042742917840      ,   1.8210630112943438     
   1.5955836706314210      ,   2.1939089102960634      ,   1.8894909061409448     
   1.5277354139011803      ,   2.1047402225179983      ,   1.9437656688917380     
   1.6207882386607817      ,   1.9777454803439807      ,   1.9810672081207392     
   1.5449927145566054      ,   1.8160821072783706      ,   1.9990464820024860     
   1.4456228654397154      ,   1.6254624622894605      ,   1.9960649989817625     
   1.1671595732821602      ,   1.4137129629515430      ,   1.9713841858516696     
   1.0249895795407507      ,   1.1899972664110152      ,   1.9252693066812612     
  0.83759866757135282      ,  0.96384218103004549      ,   1.8589865037522069     
  0.65159522741275966      ,  0.74415591195967179      ,   1.7746919444430655     
  0.52411781615985409      ,  0.53842131673974125      ,   1.6752329415465239     
  0.45718908803544112      ,  0.35218728446955988      ,   1.5638959838847664     
  0.26947173483062364      ,  0.18889565376218667      ,   1.4441420266186100     
  0.17800980973660813      ,   5.0001978019320249E-002 ,   1.3193650556489360     
   8.1018902175088364E-002 ,  -6.4700883798565631E-002 ,   1.1926989228874905     
  -1.6583543476784542E-002 , -0.15666063759309845      ,   1.0668841267543117     
  -7.6657914062425087E-002 , -0.22813426990100699      ,  0.94419438639734021     
 -0.12971863165569897      , -0.28180797976757588      ,  0.82641469034470127     
 -0.19425661472867853      , -0.32049834109380249      ,  0.71485843581946695     
 -0.23961035291436417      , -0.34694074961631782      ,  0.61041059040920653     
 -0.26872765073593163      , -0.36365620077566646      ,  0.51358530372947420     
 -0.30736845002751012      , -0.37288048745330526      ,  0.42458891988492709     
 -0.33238749768798076      , -0.37653861886822665      ,  0.34338204425120999     
 -0.34870150589937515      , -0.37624917459232166      ,  0.26973670639260389     
 -0.35614070690248795      , -0.37334652660465156      ,  0.20328652779630416     
 -0.37670999274840450      , -0.36891220776140959      ,  0.14356912745924336     
 -0.37313617615594019      , -0.36380958762195265      ,   9.0060855130340983E-002
 -0.39250425587493709      , -0.35871823902491112      ,   4.2204439621893741E-002
 -0.40146237330475465      , -0.35416596004674755      ,  -5.6961569239652996E-004
 -0.40713965343156039      , -0.35055746826940914      ,  -3.8826978221081797E-002
 -0.40424171420614197      , -0.34819944144875398      ,  -7.3117879548269940E-002
 -0.42575967639248252      , -0.34732196114584557      , -0.10396913675487859     
 -0.43344809821668323      , -0.34809661831423416      , -0.13187907821838246     
 -0.45874184881833668      , -0.35065163044657438      , -0.15731475324318300     
 -0.47792731252243836      , -0.35508434474769440      , -0.18071090378070817     
 -0.49711668842935280      , -0.36147149037983400      , -0.20247026648446861     
 -0.50276245954248189      , -0.36987751301508459      , -0.22296485238673353     
 -0.51069023448994899      , -0.38036128702789984      , -0.24253791924495635     
 -0.51806960338461849      , -0.39298146021187508      , -0.26150640862046931     
 -0.52566977576834995      , -0.40780064560972051      , -0.28016366693359418     
 -0.54583039677110379      , -0.42488863596647064      , -0.29878230811027573     
 -0.56277981937939991      , -0.44432477860534586      , -0.31761710598075332     
 -0.58385426008833707      , -0.46619961183729980      , -0.33690782818834025     
 -0.59991617363088912      , -0.49061582772856122      , -0.35688194075595159     
 -0.62823320865076182      , -0.51768858938690709      , -0.37775712423213165     
 -0.64688890732216886      , -0.54754519301577265      , -0.39974354894277481     
 -0.68288655580619750      , -0.58032402491292434      , -0.42304585861538374     
 -0.70795730435405091      , -0.61617272046811900      , -0.44786480869756806     
 -0.74434819719858025      , -0.65524538527947807      , -0.47439849813077212     
 -0.76932152989139502      , -0.69769868729453444      , -0.50284312115890861     
 -0.80882660332540413      , -0.74368657348523226      , -0.53339314892254241     
 -0.84227441315209994      , -0.79335330605295495      , -0.56624082914757556     
 -0.89147153527577971      , -0.84682445416439756      , -0.60157486641105617     
 -0.94239251161035076      , -0.90419542278911047      , -0.63957811587315860     
  -1.0033090050164133      , -0.96551705894731876      , -0.68042409129601356     
  -1.0662903253077238      ,  -1.0307778612015503      , -0.72427205599499500     
  -1.1366269867221037      ,  -1.0998823509037625      , -0.77126043706710912     
  -1.2120345005466391      ,  -1.1726252724491224      , -0.82149828508863920     
  -1.2888528486179578      ,  -1.2486615134322572      , -0.87505450283288311     
  -1.3742911048372926      ,  -1.3274720230237296      , -0.93194460068929952     
  -1.4554244988897409      ,  -1.4083266142620134      , -0.99211482113025040     
  -1.5440143398370421      ,  -1.4902454189606513      ,  -1.0554236320282695     
  -1.6246764907214228      ,  -1.5719619618454443      ,  -1.1216208443547895     
  -1.7131320438232891      ,  -1.6518923291820697      ,  -1.1903249890188543     
  -1.7921574992393472      ,  -1.7281166388091584      ,  -1.2610001085055818     
  -1.8773163646348447      ,  -1.7983807511966154      ,  -1.3329337815139992     
  -1.9498287716865375      ,  -1.8601274883067285      ,  -1.4052189689836077     
  -2.0194948805494604      ,  -1.9105669316404634      ,  -1.4767430611370855     
  -2.0691773982769206      ,  -1.9467938643396794      ,  -1.5461881616983577     
  -2.1044125126303341      ,  -1.9659562972366709      ,  -1.6120469374818855     
  -2.1118640506690012      ,  -1.9654717519920386      ,  -1.6726580056065574     
  -2.0958790057220500      ,  -1.9432777608327523      ,  -1.7262635486630262     
  -2.0490509989984518      ,  -1.8980912374186156      ,  -1.7710894706649931     
  -1.9747997711697434      ,  -1.8296406962393050      ,  -1.8054450031124267     
  -1.8716157908396995      ,  -1.7388294866500131      ,  -1.8278346624583925     
  -1.7433314890941634      ,  -1.6277909378168240      ,  -1.8370716452890137     
  -1.5932444721574657      ,  -1.4998095542228083      ,  -1.8323791687938058     
  -1.4270699630810291      ,  -1.3591048903602743      ,  -1.8134659116009328     
  -1.2524336762040391      ,  -1.2105014823689850      ,  -1.7805641330966038     
  -1.0757211974622181      ,  -1.0590317642324893      ,  -1.7344240464755345     
 -0.90589418584557646      , -0.90953204853726333      ,  -1.6762645840380972     
 -0.74704110088189779      , -0.76629045839720311      ,  -1.6076872838821734     
 -0.60546972243349839      , -0.63279111119684861      ,  -1.5305650890616394     
 -0.48027832620441346      , -0.51157614327258938      ,  -1.4469203331926654     
 -0.37357461639358158      , -0.40422348056081997      ,  -1.3588058440310067     
 -0.28140763719666984      , -0.31141976406450217      ,  -1.2682004526181798     
 -0.20486307395947578      , -0.23309778801163680      ,  -1.1769262441082506     
 -0.14134274973744809      , -0.16860623877588951      ,  -1.0865906987991416     
  -9.2142070104063584E-002 , -0.11688420726929609      , -0.99855328422125944     
  -5.5067958897160825E-002 ,  -7.6620826960369842E-002 , -0.91391352682143312     
  -3.0176140544820401E-002 ,  -4.6388750188870759E-002 , -0.83351620498294843     
  -1.4706750348429082E-002 ,  -2.4747247274474339E-002 , -0.75796889974055193     
  -7.7878791639867107E-003 ,  -1.0315729998428632E-002 , -0.68766743138630215     
  -6.7088882432388766E-003 ,  -1.8214478280048640E-003 , -0.62282540323619306     
  -1.0291171172946562E-002 ,   1.8736213420180853E-003 , -0.56350492439458066     
  -1.6297050055127479E-002 ,   1.7615356216361129E-003 , -0.50964642339749555     
  -2.3778016984437461E-002 ,  -1.3118115952818158E-003 , -0.46109619835676158     
  -3.1532566619261966E-002 ,  -6.6396574477651698E-003 , -0.41763093670120399     
  -3.9462867082858163E-002 ,  -1.3643028666461270E-002 , -0.37897887546563841     
  -4.7776151599365352E-002 ,  -2.1857230537399887E-002 , -0.34483757807297111     
  -5.7030886244768916E-002 ,  -3.0917647516997382E-002 , -0.31488850072089442     
  -6.7887856959226556E-002 ,  -4.0545828998756465E-002 , -0.28880863680281205     
  -8.0254753894178410E-002 ,  -5.0536458215814865E-002 , -0.26627958437632082     
  -9.4101758961116583E-002 ,  -6.0745535952676205E-002 , -0.24699439830948178     
 -0.10818589235366202      ,  -7.1079928829461902E-002 , -0.23066257968419340     
 -0.12211692667531139      ,  -8.1488312368645233E-002 , -0.21701353068754367     
 -0.13455210995277742      ,  -9.1953464011745173E-002 , -0.20579877078846398     
 -0.14572901481112915      , -0.10248581711414667      , -0.19679317430099824     
 -0.15517226518952904      , -0.11311816375377477      , -0.18979545356896593     
 -0.16410020656733207      , -0.12390138486828309      , -0.18462807785078555     
 -0.17276831474673643      , -0.13490108585741281      , -0.18113678659492613     
 -0.18255002358056335      , -0.14619502096295234      , -0.17918982768631697     
 -0.19344512932688543      , -0.15787119815256992      , -0.17867702656820605     
 -0.20593861238701400      , -0.17002656630521587      , -0.17950877083502106     
 -0.21921402096923412      , -0.18276619714175962      , -0.18161497674609636     
 -0.23289783904460440      , -0.19620288481528092      , -0.18494408884528565     
 -0.24618101540888121      , -0.21045709584136973      , -0.18946215116338330     
 -0.25890722916294545      , -0.22565721072115474      , -0.19515197798646983     
 -0.27129043615990189      , -0.24194000588268194      , -0.20201244354666020     
 -0.28378849695231795      , -0.25945133017162558      , -0.21005790288735099     
 -0.29740858146309346      , -0.27834693379168085      , -0.21931775023200070     
 -0.31263627660071358      , -0.29879340902458551      , -0.22983611610438576     
 -0.33063151928530304      , -0.32096920087564484      , -0.24167169986552495     
 -0.35153921930917259      , -0.34506564151254326      , -0.25489772989084503     
 -0.37634349522460681      , -0.37128795436713680      , -0.26960203892761031     
 -0.40457280771879406      , -0.39985616123761175      , -0.28588723682235340     
 -0.43662846031558816      , -0.43100580761439661      , -0.30387095630563832     
 -0.47143887548513208      , -0.46498839643186035      , -0.32368613929883611     
 -0.50919221041994500      , -0.50207138687697239      , -0.34548132058916198     
 -0.54910904498404556      , -0.54253757078717313      , -0.36942085189663620     
 -0.59195050765440693      , -0.58668358224765382      , -0.39568499136519159     
 -0.63781976305289056      , -0.63481722373640304      , -0.42446976021377292     
 -0.68791588147764249      , -0.68725320205339335      , -0.45598643837758396     
 -0.74275214187498328      , -0.74430675725310036      , -0.49046053302116105     
 -0.80335121335092852      , -0.80628453708180048      , -0.52813000635325302     
 -0.87036358223918986      , -0.87347191981658512      , -0.56924249093951840     
 -0.94442451910948866      , -0.94611582648685610      , -0.61405115097201413     
  -1.0258536237139622      ,  -1.0244019038421510      , -0.66280876718600912     
  -1.1140421001828174      ,  -1.1084248294944457      , -0.71575953398672687     
  -1.2081776006101714      ,  -1.1981504370039850      , -0.77312796625371349     
  -1.3064679686307028      ,  -1.2933684551491871      , -0.83510423251032928     
  -1.4080170535828096      ,  -1.3936350120537007      , -0.90182518174023896     
  -1.5115290863120880      ,  -1.4982048238685792      , -0.97335034643113805     
  -1.6171009108277978      ,  -1.6059543643073384      ,  -1.0496323335922244     
  -1.7239365182672419      ,  -1.7152995155211928      ,  -1.1304813258783022     
  -1.8318316169781081      ,  -1.8241144286973070      ,  -1.2155239907546520     
  -1.9388638666574289      ,  -1.9296626473165661      ,  -1.3041580287422825     
  -2.0428085435934982      ,  -2.0285567510694142      ,  -1.3955049591156097     
  -2.1392394781225068      ,  -2.1167681279727408      ,  -1.4883655626288721     
  -2.2228061480360686      ,  -2.1897124730225968      ,  -1.5811845732323351     
  -2.2865049954354433      ,  -2.2424368401855683      ,  -1.6720334281675850     
  -2.3234014942043335      ,  -2.2699274515027903      ,  -1.7586215675428791     
  -2.3270037667742258      ,  -2.2675410704442771      ,  -1.8383470568267553     
  -2.2925730581336921      ,  -2.2315354793862863      ,  -1.9083951718011813     
  -2.2174350314840017      ,  -2.1596393728573404      ,  -1.9658881976733313     
  -2.1015048962105380      ,  -2.0515673608482117      ,  -2.0080809159886481     
  -1.9474625466022457      ,  -1.9093654042820782      ,  -2.0325851947350984     
  -1.7607216081255563      ,  -1.7374802521795818      ,  -2.0375963442642169     
  -1.5492453070672090      ,  -1.5424908645419049      ,  -2.0220870557072868     
  -1.3228269744129075      ,  -1.3325138890316865      ,  -1.9859351503616736     
  -1.0922934167136547      ,  -1.1163770895205816      ,  -1.9299604824015189     
 -0.86806006257984591      , -0.90271463970216792      ,  -1.8558625427495614     
 -0.65908233919803216      , -0.69915333805288005      ,  -1.7660691607004873     
 -0.47169256620161404      , -0.51172455627362157      ,  -1.6635226118661581     
 -0.30882901006190699      , -0.34456902251457822      ,  -1.5514380456062040     
 -0.16946921964191733      , -0.19992742058226354      ,  -1.4330689555593126     
  -5.0492441840547742E-002 ,  -7.8353635495356427E-002 ,  -1.3115070018535810     
   5.0582425189564448E-002 ,   2.0938678205007655E-002 ,  -1.1895322925370455     
  0.13396691098649588      ,   9.9683331970804839E-002 ,  -1.0695188846258392     
  0.19866876262198685      ,  0.16018938887226788      , -0.95339135265482711     
  0.24441808417717148      ,  0.20502955102225520      , -0.84262287340932207     
  0.27275275326029874      ,  0.23680505324691808      , -0.73826321303702513     
  0.28651123967043141      ,  0.25798571518553559      , -0.64098540203572851     
  0.28905344229458052      ,  0.27081406721431378      , -0.55114169936627055     
  0.28372191105755840      ,  0.27725876812910116      , -0.46882179683512121     
  0.27348123474065766      ,  0.27900274777112255      , -0.39390850780487019     
  0.26088204454194180      ,  0.27745373025931797      , -0.32612810965688144     
  0.24818816366881230      ,  0.27376767687771925      , -0.26509396378805872     
  0.23711868349095816      ,  0.26887844999022875      , -0.21034304104239709     
  0.22832135653042429      ,  0.26352928555378896      , -0.16136561312245876     
  0.22135904170962184      ,  0.25830338361003830      , -0.11762872548202521     
  0.21516008323005076      ,  0.25365213339961845      ,  -7.8594230329419618E-002
  0.20881022591911585      ,  0.24992028571985089      ,  -4.3732198406493103E-002
  0.20229123076244307      ,  0.24736787928073103      ,  -1.2530495478973122E-002
  0.19673169738085525      ,  0.24618901419420672      ,   1.5498761649762946E-002
  0.19368292677765039      ,  0.24652771658972086      ,   4.0815242249198726E-002
  0.19432075989809591      ,  0.24849120507191619      ,   6.3848395057936713E-002
  0.19906050132967729      ,  0.25216088680275600      ,   8.4996947291091016E-002
  0.20766720277206846      ,  0.25760140041147883      ,  0.10462953672164868     
  0.21940828498535797      ,  0.26486799812752337      ,  0.12308617297080882     
  0.23332377827121412      ,  0.27401252828755540      ,  0.14068028317307485     
  0.24845277763032056      ,  0.28508824596383264      ,  0.15770114704959190     
  0.26419644015796173      ,  0.29815364605313538      ,  0.17441656789863064     
  0.28060201239105664      ,  0.31327548066923111      ,  0.19107565995241765     
  0.29836283350839821      ,  0.33053109129916319      ,  0.20791165978693618     
  0.31849428175807454      ,  0.35001015569947541      ,  0.22514469075587282     
  0.34193466186950028      ,  0.37181591944846470      ,  0.24298442539145085     
  0.36931135206886168      ,  0.39606595177792658      ,  0.26163260189036275     
  0.40086892653736111      ,  0.42289243397840254      ,  0.28128535757025835     
  0.43657753974136038      ,  0.45244195537173576      ,  0.30213534479742682     
  0.47612355776883419      ,  0.48487475552864823      ,  0.32437359347328226     
  0.51891833228617557      ,  0.52036331095555033      ,  0.34819107871969512     
  0.56416148188384074      ,  0.55909011875466963      ,  0.37377994279216353     
  0.61118294786326344      ,  0.60124447776365575      ,  0.40133430624077332     
  0.65972768061603471      ,  0.64701800872700355      ,  0.43105058462564538     
  0.71018537277476823      ,  0.69659858914627970      ,  0.46312720335904639     
  0.76339526308098649      ,  0.75016230682968776      ,  0.49776357426593426     
  0.82025577336878253      ,  0.80786296208517894      ,  0.53515816326300703     
  0.88137387164138770      ,  0.86981857845954313      ,  0.57550543970562862     
  0.94719058292738978      ,  0.93609432723212493      ,  0.61899145589766924     
   1.0182000107329194      ,   1.0066812497723858      ,  0.66578776291098896     
   1.0948731731714976      ,   1.0814702020791576      ,  0.71604333133576936     
   1.1771207942050093      ,   1.1602205871984252      ,  0.76987412117325282     
   1.2637996815746966      ,   1.2425237379106899      ,  0.82734994640491488     
   1.3528208304133540      ,   1.3277613327337383      ,  0.88847832494687062     
   1.4418972754338231      ,   1.4150600519922343      ,  0.95318511823163443     
   1.5294035697217816      ,   1.5032448850857092      ,   1.0212919774044968     
   1.6146353756926339      ,   1.5907951368249806      ,   1.0924909602993793     
   1.6973688279498398      ,   1.6758092336481305      ,   1.1663171991790231     
   1.7769952085306910      ,   1.7559867539213359      ,   1.2421212063624751     
   1.8519501755074426      ,   1.8286383484215454      ,   1.3190432973004009     
   1.9195821891740548      ,   1.8907357477549998      ,   1.3959936298273332     
   1.9763297632098855      ,   1.9390139414672936      ,   1.4716423658616045     
   2.0178407781845693      ,   1.9701347168167749      ,   1.5444252179966029     
   2.0392808626836580      ,   1.9809139931688384      ,   1.6125698074137198     
   2.0359824631785095      ,   1.9686042965658759      ,   1.6741474332865141     
   2.0044305686162787      ,   1.9312090665239734      ,   1.7271526879999526     
   1.9430878562254250      ,   1.8677898948641325      ,   1.7696097139064220     
   1.8527193492089955      ,   1.7787157727778797      ,   1.7996990584772179     
   1.7361106950261616      ,   1.6658004180897077      ,   1.8158938485468463     
   1.5975054439024610      ,   1.5322841264031259      ,   1.8170896522382194     
   1.4421068272235891      ,   1.3826410816817760      ,   1.8027103842661085     
   1.2757996905673612      ,   1.2222271300857113      ,   1.7727740487535097     
   1.1049233342561684      ,   1.0568173954948450      ,   1.7279072363722550     
  0.93586393390206846      ,  0.89210699497372936      ,   1.6693051785598141     
  0.77441652813305706      ,  0.73325371885859658      ,   1.5986429288824242     
  0.62506917472268408      ,  0.58452759738698601      ,   1.5179506812892458     
  0.49048729025474957      ,  0.44910440619877645      ,   1.4294706036630744     
  0.37149453525700660      ,  0.32900804302432490      ,   1.3355131575457599     
  0.26769850345965585      ,  0.22517975761350253      ,   1.2383281301111788     
  0.17838817084936098      ,  0.13763619500143201      ,   1.1400007631493552     
  0.10308941755059939      ,   6.5674125912785541E-002 ,   1.0423779110055031     
   4.1487465987635426E-002 ,   8.0849226673441309E-003 ,  0.94702432864755492     
  -6.9653101222411987E-003 ,  -3.6647959318350160E-002 ,  0.85520570116662220     
  -4.3304770137235021E-002 ,  -7.0183985503209742E-002 ,  0.76789306686827385     
  -6.9009881579529447E-002 ,  -9.4198889559875751E-002 ,  0.68578266487044659     
  -8.5845621582183382E-002 , -0.11029539148430681      ,  0.60932557376670549     
  -9.5726710548567281E-002 , -0.11994634888404937      ,  0.53876239312829344     
 -0.10059968508213812      , -0.12446374781749646      ,  0.47415931772987213     
 -0.10230192286420203      , -0.12498684092459350      ,  0.41544303521539272     
 -0.10238868913658045      , -0.12248351306069007      ,  0.36243281295299978     
 -0.10192981709862314      , -0.11776008759970902      ,  0.31486887817539688     
 -0.10137933170510322      , -0.11147595722127562      ,  0.27243673610220331     
 -0.10062230964460195      , -0.10416046098667439      ,  0.23478743889501760     
  -9.9205279851086597E-002 ,  -9.6230268745729916E-002 ,  0.20155404923322520     
  -9.6661780633599037E-002 ,  -8.8006169680094323E-002 ,  0.17236467135236386     
  -9.2806621627922359E-002 ,  -7.9728619465646910E-002 ,  0.14685248014890553     
  -8.7852189769639058E-002 ,  -7.1571715908854167E-002 ,  0.12466318963701144     
  -8.2304237089003779E-002 ,  -6.3655481380319207E-002 ,  0.10546038361411331     
  -7.6751838582143628E-002 ,  -5.6056462123818873E-002 ,   8.8929096525659293E-002
  -7.1675081625613105E-002 ,  -4.8816733180471229E-002 ,   7.4777989758615271E-002
  -6.7308895199045482E-002 ,  -4.1951440676735785E-002 ,   6.2740423449201291E-002
  -6.3571500876920137E-002 ,  -3.5455032936478358E-002 ,   5.2574679744355923E-002
  -6.0091020311244255E-002 ,  -2.9306336777311121E-002 ,   4.4063552248866676E-002
  -5.6334795231364802E-002 ,  -2.3472631137315080E-002 ,   3.7013479116549064E-002
  -5.1809240664263068E-002 ,  -1.7912860613176592E-002 ,   3.1253364298961861E-002
  -4.6244999498192663E-002 ,  -1.2580119031930273E-002 ,   2.6633202873642056E-002
  -3.9692468252855106E-002 ,  -7.4235194168164684E-003 ,   2.3022601941961349E-002
  -3.2488549459890249E-002 ,  -2.3895526643297050E-003 ,   2.0309267999732566E-002
  -2.5118222134663457E-002 ,   2.5769764294678002E-003 ,   1.8397514567913990E-002
  -1.8025850494346747E-002 ,   7.5323600723385788E-003 ,   1.7206829832404586E-002
  -1.1462238949308097E-002 ,   1.2533681512562971E-002 ,   1.6670532691262046E-002
  -5.4216095570475331E-003 ,   1.7638739228033853E-002 ,   1.6734536573687991E-002
   3.2867000967245997E-004 ,   2.2906157954650883E-002 ,   1.7356233333978746E-002
   6.1647640478694286E-003 ,   2.8395651775810059E-002 ,   1.8503504123173291E-002
   1.2510481310011539E-002 ,   3.4168411947193139E-002 ,   2.0153860122593532E-002
   1.9760397518163515E-002 ,   4.0287598573695890E-002 ,   2.2293713141477826E-002
   2.8222542866694705E-002 ,   4.6818920772964574E-002 ,   2.4917774122068557E-002
   3.8058117033403817E-002 ,   5.3831294641373525E-002 ,   2.8028576376258642E-002
   4.9229809354248297E-002 ,   6.1397572269541886E-002 ,   3.1636119741692989E-002
   6.1495710720662927E-002 ,   6.9595338313741359E-002 ,   3.5757631659391192E-002
   7.4473629200238436E-002 ,   7.8507773281989768E-002 ,   4.0417441327286856E-002
   8.7752052376673453E-002 ,   8.8224584786854909E-002 ,   4.5646963479192816E-002
  0.10101848344675476      ,   9.8843009576148722E-002 ,   5.1484788894276025E-002
  0.11416377455955938      ,  0.11046889017470396      ,   5.7976879384914290E-002
  0.12733281378833797      ,  0.12321783041693192      ,   6.5176865672310277E-002
  0.14089777239090806      ,  0.13721643393795990      ,   7.3146447170941875E-002
  0.15537976003929629      ,  0.15260362868110805      ,   8.1955893190802181E-002
  0.17135764052384708      ,  0.16953207845828508      ,   9.1684645344361937E-002
  0.18939107422915297      ,  0.18816967925929715      ,  0.10242202090719046     
  0.20993989509731381      ,  0.20870113291326453      ,  0.11426801639108988     
  0.23327838586089814      ,  0.23132958326445305      ,  0.12733420946757795     
  0.25943811634294905      ,  0.25627828942655712      ,  0.14174475538966241     
  0.28822425045217803      ,  0.28379229583655963      ,  0.15763747088302618     
  0.31931571835644662      ,  0.31414003829503662      ,  0.17516499368889293     
  0.35242979676900438      ,  0.34761479704822135      ,  0.19449599897351566     
  0.38750905257187129      ,  0.38453586975492132      ,  0.21581644392278115     
  0.42485304872980734      ,  0.42524928569696840      ,  0.23933079802753432     
  0.46512297070964431      ,  0.47012781380497676      ,  0.26526319755009375     
  0.50921676543611627      ,  0.51956992601299135      ,  0.29385843679191381     
  0.55811700033177880      ,  0.57399725820589576      ,  0.32538267396696935     
  0.61279414634490392      ,  0.63384995688781476      ,  0.36012368314484444     
  0.67414332818136335      ,  0.69957910375106158      ,  0.39839042277848546     
  0.74285985119134557      ,  0.77163516659707754      ,  0.44051161226904401     
  0.81925633178261825      ,  0.85045113084173762      ,  0.48683290717601213     
  0.90313131477548125      ,  0.93641862573563228      ,  0.53771213779833738     
  0.99382474129653908      ,   1.0298549921469877      ,  0.59351192318830193     
   1.0904864623809041      ,   1.1309588877514196      ,  0.65458879492291688     
   1.1924416607741160      ,   1.2397517747754763      ,  0.72127777049431474     
   1.2994228396179557      ,   1.3560026313389530      ,  0.79387112490455902     
   1.4114988458456335      ,   1.4791337050455708      ,  0.87258995955215146     
   1.5287444159514187      ,   1.6081064368808913      ,  0.95754712642466444     
   1.6508677660226370      ,   1.7412893019177593      ,   1.0487002384026967     
   1.7769148592236974      ,   1.8763138155898438      ,   1.1457940364240928     
   1.9049266939662650      ,   2.0099318942507094      ,   1.2482924930836636     
   2.0314498106356287      ,   2.1378973961878445      ,   1.3553029398616954     
   2.1511367188143078      ,   2.2549064777318151      ,   1.4654974099608737     
   2.2568670888056008      ,   2.3546433513064033      ,   1.5770403371301229     
   2.3405095622745766      ,   2.4299858367995242      ,   1.6875364451886767     
   2.3939644120123944      ,   2.4734218891438644      ,   1.7940172231606923     
   2.4100168167762805      ,   2.4777056673536721      ,   1.8929871604190438     
   2.3828889073399355      ,   2.4367331707699966      ,   1.9805495722426576     
   2.3087362947280052      ,   2.3465443731214122      ,   2.0526239233744605     
   2.1863357361936240      ,   2.2062768910334571      ,   2.1052507294668348     
   2.0178551737494601      ,   2.0188375363135775      ,   2.1349578202379615     
   1.8092384776132473      ,   1.7910618331619277      ,   2.1391383069182974     
   1.5698145360883686      ,   1.5332228917328097      ,   2.1163745456471621     
   1.3112517106181372      ,   1.2579174386146803      ,   2.0666422782241312     
   1.0461649585037425      ,  0.97854134297999718      ,   1.9913488137310020     
  0.78654355864256076      ,  0.70769136313762082      ,   1.8931943560315410     
  0.54258943992045938      ,  0.45583824664640421      ,   1.7758848688803412     
  0.32229805522834049      ,  0.23050927023430751      ,   1.6437546594339536     
  0.13032042354297524      ,   3.6050505143438528E-002 ,   1.5013681551015559     
  -3.3804666712022841E-002 , -0.12611607209068093      ,   1.3531623917873992     
 -0.17433758843612854      , -0.25691646736808738      ,   1.2031709132144586     
 -0.29484754071352032      , -0.35892099368569275      ,   1.0548452921163320     
 -0.39541909798142816      , -0.43566570606659138      ,  0.91096991287466522     
 -0.47386271196151086      , -0.49109073009665027      ,  0.77365276665340721     
 -0.52910882442431428      , -0.52913030916021508      ,  0.64436993400604248     
 -0.56316569072795186      , -0.55344944453988010      ,  0.52404215255857545     
 -0.58016422061320116      , -0.56730092427670731      ,  0.41312580382037600     
 -0.58490802061148750      , -0.57347008422848955      ,  0.31170564749703555     
 -0.58220054386975584      , -0.57427697668179878      ,  0.21958131569322537     
 -0.57611563009980693      , -0.57161183544461391      ,  0.13634331255018414     
 -0.56973270265408826      , -0.56698665329823184      ,   6.1436906494710515E-002
 -0.56554852518859056      , -0.56159171937918373      ,  -5.7860203865394491E-003
 -0.56519402891104187      , -0.55635054902165548      ,  -6.6026161440253139E-002
 -0.56863546477932436      , -0.55196980285759600      , -0.12000557659049557     
 -0.57445182453685018      , -0.54898280315761561      , -0.16844453580434451     
 -0.58102380935870124      , -0.54778643087851842      , -0.21204493240616626     
 -0.58757571879963011      , -0.54867180518917957      , -0.25147893945101157     
 -0.59485658521627727      , -0.55184942003972071      , -0.28738176978518815     
 -0.60481744086948919      , -0.55746948611134617      , -0.32034758760914694     
 -0.61898685266706566      , -0.56563819546380900      , -0.35092779030212551     
 -0.63727676611641138      , -0.57643054706452279      , -0.37963102752785310     
 -0.65841374180189793      , -0.58990027587016369      , -0.40692444907360542     
 -0.68096215944862992      , -0.60608733244994850      , -0.43323577496980942     
 -0.70397093429498236      , -0.62502327145361625      , -0.45895586375767139     
 -0.72713168428280994      , -0.64673482781757508      , -0.48444152011735980     
 -0.75062622672444979      , -0.67124588940194041      , -0.51001833407320762     
 -0.77502671761973452      , -0.69857801281065290      , -0.53598338297267722     
 -0.80120350883103442      , -0.72874957445346822      , -0.56260765637729260     
 -0.83000322986797137      , -0.76177360083665890      , -0.59013808461061679     
 -0.86195724560180709      , -0.79765428065106081      , -0.61879906548882424     
 -0.89730735499549952      , -0.83638212735544426      , -0.64879339212775489     
 -0.93611534529957430      , -0.87792773658273071      , -0.68030248910997815     
 -0.97827344997475496      , -0.92223407105529098      , -0.71348586628439714     
  -1.0235059429146340      , -0.96920721151846778      , -0.74847970091958682     
  -1.0712717803892453      ,  -1.0187055419305131      , -0.78539446213172392     
  -1.1206819928780667      ,  -1.0705273990196120      , -0.82431149933192061     
  -1.1708107105964154      ,  -1.1243973202013882      , -0.86527853247538133     
  -1.2211683404704341      ,  -1.1799511806106666      , -0.90830401053099619     
  -1.2718118088297286      ,  -1.2367207301277516      , -0.95335035097060483     
  -1.3230516961045877      ,  -1.2941183324021865      ,  -1.0003261428697443     
  -1.3749984077104986      ,  -1.3514230708375985      ,  -1.0490774950421622     
  -1.4272002777588169      ,  -1.4077698097463391      ,  -1.0993788430539364     
  -1.4786138655419074      ,  -1.4621432513207209      ,  -1.1509236968342043     
  -1.5278408160875872      ,  -1.5133794522476787      ,  -1.2033160107705185     
  -1.5732750159017390      ,  -1.5601775654106953      ,  -1.2560630796131806     
  -1.6130456044018364      ,  -1.6011246243680743      ,  -1.3085710842048905     
  -1.6450011791257799      ,  -1.6347358360637099      ,  -1.3601445955361895     
  -1.6669388107264513      ,  -1.6595119318158782      ,  -1.4099914444430315     
  -1.6770161425295764      ,  -1.6740135290221811      ,  -1.4572343171030444     
  -1.6740780478258901      ,  -1.6769501584963395      ,  -1.5009301808173732     
  -1.6576754673385881      ,  -1.6672787674971616      ,  -1.5400981306903612     
  -1.6278455465091342      ,  -1.6443034919369328      ,  -1.5737554593945751     
  -1.5848822555253730      ,  -1.6077659040101648      ,  -1.6009607280829263     
  -1.5292624875627809      ,  -1.5579135285661139      ,  -1.6208614663653091     
  -1.4617682359020543      ,  -1.4955348932514001      ,  -1.6327430334951276     
  -1.3836952025840956      ,  -1.4219521617279289      ,  -1.6360743587605571     
  -1.2969633133463458      ,  -1.3389674036710908      ,  -1.6305459717501778     
  -1.2040452811229578      ,  -1.2487650483012311      ,  -1.6160960912620492     
  -1.1077484873871124      ,  -1.1537797725597216      ,  -1.5929215969596866     
  -1.0109183666152932      ,  -1.0565444878607058      ,  -1.5614723340519292     
 -0.91613903725306201      , -0.95953593668434656      ,  -1.5224291288345679     
 -0.82551386192806786      , -0.86503506073693992      ,  -1.4766677720079291     
 -0.74057469005799625      , -0.77501596540308193      ,  -1.4252127180413876     
 -0.66231934968013484      , -0.69107193118611820      ,  -1.3691851115140485     
 -0.59133736643647550      , -0.61438085835291323      ,  -1.3097498964083438     
 -0.52795119076321806      , -0.54570708471447615      ,  -1.2480662595137457     
 -0.47230992316886411      , -0.48543260907053182      ,  -1.1852446890097597     
 -0.42442311765918683      , -0.43360875900124374      ,  -1.1223127313895014     
 -0.38415636645868001      , -0.39001913247825576      ,  -1.0601903307828902     
 -0.35121780744425918      , -0.35424575937535829      , -0.99967460534226515     
 -0.32516222159549091      , -0.32573229227028422      , -0.94143315192369736     
 -0.30542053731989127      , -0.30384011645547843      , -0.88600449845689855     
 -0.29134424156855554      , -0.28789518263124692      , -0.83380411625177198     
 -0.28225326972598691      , -0.27722489743748402      , -0.78513440532441636     
 -0.27748363303167334      , -0.27118548665555725      , -0.74019720831002611     
 -0.27643479890451200      , -0.26918090226847574      , -0.69910763092864081     
 -0.27861379826397564      , -0.27067465841662991      , -0.66190819981108051     
 -0.28366234892430015      , -0.27519604925744096      , -0.62858263694646577     
 -0.29135068817935089      , -0.28234211350831079      , -0.59906875283833150     
 -0.30153626761018487      , -0.29177653783712260      , -0.57327014725614533     
 -0.31410409832505864      , -0.30322648557970211      , -0.55106655451075470     
 -0.32891259073417423      , -0.31647813139018632      , -0.53232278152552437     
 -0.34576680066358084      , -0.33137149483996187      , -0.51689626622335638     
 -0.36442925554773620      , -0.34779500501769461      , -0.50464333648177084     
 -0.38466009569986337      , -0.36568009573819377      , -0.49542428169247349     
 -0.40626631545389263      , -0.38499602525408183      , -0.48910736481874190     
 -0.42914017884051747      , -0.40574503181382809      , -0.48557190700941305     
 -0.45327359666420730      , -0.42795787285999853      , -0.48471057270616202     
 -0.47874560015425949      , -0.45168974702394493      , -0.48643097339798735     
 -0.50568894914728690      , -0.47701656066061776      , -0.49065669468592232     
 -0.53424551319002334      , -0.50403147131716031      , -0.49732783551610799     
 -0.56452282348151961      , -0.53284161661660823      , -0.50640113126787600     
 -0.59656744995915223      , -0.56356491644376672      , -0.51784971444532857     
 -0.63036813095782107      , -0.59632681739133375      , -0.53166254835454352     
 -0.66588958273009979      , -0.63125682995497168      , -0.54784355050508726     
 -0.70312311074750855      , -0.66848469021474177      , -0.56641040358499717     
 -0.74213031424715581      , -0.70813595849571220      , -0.58739303269851206     
 -0.78305874887132154      , -0.75032684820996909      , -0.61083170811569854     
 -0.82612266700826598      , -0.79515806005460743      , -0.63677471314776146     
 -0.87155822994439136      , -0.84270738243510879      , -0.66527549721122536     
 -0.91957009873702822      , -0.89302081239096343      , -0.69638921528000819     
 -0.97028400278728988      , -0.94610195840523448      , -0.73016853783086644     
  -1.0237120939058204      ,  -1.0018995157737431      , -0.76665860183091661     
  -1.0797325772939190      ,  -1.0602926681694629      , -0.80589096597885568     
  -1.1380845755322537      ,  -1.1210743804092265      , -0.84787643615008990     
  -1.1983780170127900      ,  -1.1839327250420781      , -0.89259664507869874     
  -1.2601117852896582      ,  -1.2484306490633519      , -0.93999431056875693     
  -1.3226860326878054      ,  -1.3139849560736494      , -0.98996216730446873     
  -1.3853941457526051      ,  -1.3798457674096958      ,  -1.0423306780223585     
  -1.4473889589325590      ,  -1.4450783338110693      ,  -1.0968547897873986     
  -1.5076319719439002      ,  -1.5085497731547308      ,  -1.1532002176860552     
  -1.5648446136048564      ,  -1.5689240468697017      ,  -1.2109300134128256     
  -1.6174818456007591      ,  -1.6246691407812124      ,  -1.2694925020919510     
  -1.6637430142933538      ,  -1.6740808026929315      ,  -1.3282120238056812     
  -1.7016284380056541      ,  -1.7153270618634235      ,  -1.3862842519564700     
  -1.7290436662024620      ,  -1.7465168280709595      ,  -1.4427781088534570     
  -1.7439455923325120      ,  -1.7657938748848623      ,  -1.4966463657802502     
  -1.7445156544973699      ,  -1.7714543110066963      ,  -1.5467467920685003     
  -1.7293390616237696      ,  -1.7620813487078815      ,  -1.5918751048897211     
  -1.6975684196347087      ,  -1.7366862849086970      ,  -1.6308099101921392     
  -1.6490543706359817      ,  -1.6948400507549732      ,  -1.6623683407229719     
  -1.5844299846259398      ,  -1.6367767362150747      ,  -1.6854693344275800     
  -1.5051368091706565      ,  -1.5634504866980163      ,  -1.6991997322826975     
  -1.4133797715383853      ,  -1.4765310201841704      ,  -1.7028769857454698     
  -1.3120001711840588      ,  -1.3783307488594123      ,  -1.6961016460448777     
  -1.2042657276629471      ,  -1.2716669436537500      ,  -1.6787932562460715     
  -1.0935955284920473      ,  -1.1596733249467557      ,  -1.6512048610538417     
 -0.98326014469500933      ,  -1.0455842051320325      ,  -1.6139138845134358     
 -0.87611266452729908      , -0.93251858183882830      ,  -1.5677901395865363     
 -0.77440671444335940      , -0.82329035218042435      ,  -1.5139446234270537     
 -0.67973985230293055      , -0.72026464386512257      ,  -1.4536649478973556     
 -0.59312450539331774      , -0.62527101860698397      ,  -1.3883443792293637     
 -0.51514103375878628      , -0.53957446906770634      ,  -1.3194114175192606     
 -0.44609477112610552      , -0.46389691918436793      ,  -1.2482658107355322     
 -0.38611056791998699      , -0.39847670576091254      ,  -1.1762252245048130     
 -0.33515030673289770      , -0.34315158107041943      ,  -1.1044848893203174     
 -0.29298932142842887      , -0.29745160266351045      ,  -1.0340907775608119     
 -0.25919972857711926      , -0.26069089022894731      , -0.96592546022966486     
 -0.23316518080917492      , -0.23205059843253328      , -0.90070485909712150     
 -0.21412344484369017      , -0.21064875873199193      , -0.83898363355433903     
 -0.20122252663891821      , -0.19559537939723376      , -0.78116684156170324     
 -0.19358068761686259      , -0.18603315816078411      , -0.72752567936784129     
 -0.19034796884637536      , -0.18116536963129981      , -0.67821542530855661     
 -0.19076776611796870      , -0.18027307394903186      , -0.63329409850843954     
 -0.19422986796216143      , -0.18272393010137675      , -0.59274072934587274     
 -0.20029824121056428      , -0.18797475401396574      , -0.55647248585787767     
 -0.20869836557105070      , -0.19556967171577358      , -0.52436018980393284     
 -0.21926333101311357      , -0.20513537557731906      , -0.49624198298935779     
 -0.23185769607557213      , -0.21637465526718860      , -0.47193507244194055     
 -0.24631111226403690      , -0.22905907577723930      , -0.45124560031800964     
 -0.26239035969108004      , -0.24302142513539784      , -0.43397676066707219     
 -0.27981896404897760      , -0.25814835544495218      , -0.41993532984433485     
 -0.29833042225788786      , -0.27437348785925458      , -0.40893679872533489     
 -0.31772860398597264      , -0.29167113772052305      , -0.40080929976955437     
 -0.33793084512395749      , -0.31005073261561378      , -0.39539651574186374     
 -0.35897950998340133      , -0.32955193639568431      , -0.39255974355020584     
 -0.38101939844377680      , -0.35024045017466282      , -0.39217926911047751     
 -0.40424809514013738      , -0.37220443197803904      , -0.39415518944159794     
 -0.42885410200962526      , -0.39555145607950276      , -0.39840779768278439     
 -0.45496323911111647      , -0.42040591799337096      , -0.40487762625429907     
 -0.48261450814337536      , -0.44690677909479126      , -0.41352522341094500     
 -0.51177824380494952      , -0.47520553392195697      , -0.42433071913709575     
 -0.54241196851866702      , -0.50546427174952702      , -0.43729321766365337     
 -0.57453070441151155      , -0.53785369066681721      , -0.45243003565478301     
 -0.60826042127991431      , -0.57255090604011283      , -0.46977578700513067     
 -0.64385211174875667      , -0.60973687501055940      , -0.48938129681772835     
 -0.68165428458612731      , -0.64959323398722135      , -0.51131230806695893     
 -0.72205994055406775      , -0.69229831675282183      , -0.53564792425562802     
 -0.76544930203796646      , -0.73802208723464602      , -0.56247870966875946     
 -0.81214182385631872      , -0.78691968457225403      , -0.59190434535887448     
 -0.86236079015045508      , -0.83912324162272045      , -0.62403071376360286     
 -0.91621099757017743      , -0.89473160635231996      , -0.65896625826376010     
 -0.97367348953268273      , -0.95379757650101715      , -0.69681743709137578     
  -1.0346213240368387      ,  -1.0163122633497086      , -0.73768306581018306     
  -1.0988512478281200      ,  -1.0821862475180342      , -0.78164732251353786     
  -1.1661135657888126      ,  -1.1512273020640964      , -0.82877118020333218     
  -1.2361178152205468      ,  -1.2231146665016239      , -0.87908203927150175     
  -1.3085009837080888      ,  -1.2973701971690170      , -0.93256137033902720     
  -1.3827623454646349      ,  -1.3733272361202213      , -0.98913025796572596     
  -1.4581821784800619      ,  -1.4500987710790152      ,  -1.0486328760822481     
  -1.5337431919862472      ,  -1.5265474263521797      ,  -1.1108181454454200     
  -1.6080678998516349      ,  -1.6012610163540415      ,  -1.1753201399794371     
  -1.6793822914658689      ,  -1.6725387318242921      ,  -1.2416382341557344     
  -1.7455182410416636      ,  -1.7383943355206446      ,  -1.3091185144058646     
  -1.8039660381879259      ,  -1.7965837066088675      ,  -1.3769385845074287     
  -1.8519780022421963      ,  -1.8446642303873391      ,  -1.4440985090625240     
  -1.8867109303075951      ,  -1.8800923057294496      ,  -1.5094211411549825     
  -1.9053921349796432      ,  -1.9003620552261886      ,  -1.5715652975031595     
  -1.9055043106250684      ,  -1.9031827982302114      ,  -1.6290549666315841     
  -1.8849965151092620      ,  -1.8866851170226828      ,  -1.6803267568421569     
  -1.8425263098000619      ,  -1.8496363551116888      ,  -1.7237959816215145     
  -1.7777165476077752      ,  -1.7916380410675179      ,  -1.7579391792960299     
  -1.6913800396769503      ,  -1.7132726957006661      ,  -1.7813877595971110     
  -1.5856452726101304      ,  -1.6161684807156373      ,  -1.7930244250309093     
  -1.4639206682129977      ,  -1.5029588695350191      ,  -1.7920717886868647     
  -1.3306640575090471      ,  -1.3771305048812259      ,  -1.7781619623086107     
  -1.1909684883399037      ,  -1.2427725453127778      ,  -1.7513773102249932     
  -1.0500249190959490      ,  -1.1042599496768615      ,  -1.7122560386931081     
 -0.91256301033098752      , -0.96591582889212391      ,  -1.6617612036872165     
 -0.78238458784731324      , -0.83170052098099057      ,  -1.6012170039848961     
 -0.66209193467431082      , -0.70496700230654741      ,  -1.5322206851177955     
 -0.55308947800526065      , -0.58830656487150945      ,  -1.4565410779602899     
 -0.45586994335862602      , -0.48349030064061937      ,  -1.3760153333794944     
 -0.37045428635083877      , -0.39149578312941646      ,  -1.2924539848468182     
 -0.29674583508856023      , -0.31259772590773183      ,  -1.2075617072594529     
 -0.23463106033928477      , -0.24649732083023929      ,  -1.1228778477963137     
 -0.18386595415625809      , -0.19246644036208602      ,  -1.0397377047734631     
 -0.14392600655297488      , -0.14948788969210711      , -0.95925310181428824     
 -0.11395821665086767      , -0.11637925082458615      , -0.88230924416551371     
  -9.2842363836678862E-002 ,  -9.1893903499562668E-002 , -0.80957411805612767     
  -7.9295783394555425E-002 ,  -7.4797586472046762E-002 , -0.74151662997261869     
  -7.1972598249741809E-002 ,  -6.3922072050415557E-002 , -0.67843005825751912     
  -6.9548349114511535E-002 ,  -5.8199293618304448E-002 , -0.62045799615403852     
  -7.0805340988218210E-002 ,  -5.6679925827361408E-002 , -0.56762064194083117     
  -7.4732748043389016E-002 ,  -5.8540348368154201E-002 , -0.51983993214592517     
  -8.0621858429022530E-002 ,  -6.3081452805168317E-002 , -0.47696256091195804     
  -8.8104041799202282E-002 ,  -6.9722116155089525E-002 , -0.43878036149152644     
  -9.7090933161637277E-002 ,  -7.7989515728857151E-002 , -0.40504784664213661     
 -0.10762469551065339      ,  -8.7507878633341765E-002 , -0.37549692761449566     
 -0.11969625338435987      ,  -9.7986779594274140E-002 , -0.34984897538591037     
 -0.13311582125200994      , -0.10920972673848564      , -0.32782447175601614     
 -0.14749792047923330      , -0.12102349597512529      , -0.30915053859972014     
 -0.16235602336521404      , -0.13332847406205278      , -0.29356664452594172     
 -0.17724560341007783      , -0.14607013108359065      , -0.28082877981958682     
 -0.19188979749939303      , -0.15923164952925400      , -0.27071237047079422     
 -0.20624868524876339      , -0.17282767687931797      , -0.26301417569665608     
 -0.22051879279918513      , -0.18689913183338283      , -0.25755338429269542     
 -0.23506641140591572      , -0.20150897378470639      , -0.25417209580375427     
 -0.25031092734102850      , -0.21673883553326737      , -0.25273534436015060     
 -0.26658875700740009      , -0.23268641671678922      , -0.25313079693558804     
 -0.28404384574830255      , -0.24946353727361886      , -0.25526823416466127     
 -0.30259305506941303      , -0.26719475444867991      , -0.25907890083227025     
 -0.32199093676262530      , -0.28601645195124986      , -0.26451479464037853     
 -0.34197265090159951      , -0.30607631475629160      , -0.27154794566341145     
 -0.36241161317350329      , -0.32753310681370912      , -0.28016972472774587     
 -0.38342038211680807      , -0.35055667081892139      , -0.29039020643681313     
 -0.40535717052804432      , -0.37532806847835753      , -0.30223760130804356     
 -0.42875272209039306      , -0.40203977563750370      , -0.31575776104721937     
 -0.45420764037057842      , -0.43089583842782897      , -0.33101375087482215     
 -0.48230670577197177      , -0.46211188333042980      , -0.34808547250654798     
 -0.51356244679091034      , -0.49591485471487706      , -0.36706931029059908     
 -0.54837205393390820      , -0.53254232681396518      , -0.38807776046718501     
 -0.58697935056362316      , -0.57224120193494643      , -0.41123898881699250     
 -0.62946128708610416      , -0.61526556162170254      , -0.43669624430404413     
 -0.67576627308826132      , -0.66187338119341854      , -0.46460703482419996     
 -0.72580675252102744      , -0.71232174967747208      , -0.49514194493394065     
 -0.77957208707349346      , -0.76686015654029704      , -0.52848294357277537     
 -0.83720802280057460      , -0.82572131529877424      , -0.56482099157809673     
 -0.89902250316545096      , -0.88910889631946843      , -0.60435271386681955     
 -0.96541951365306544      , -0.95718144561732144      , -0.64727584989268017     
  -1.0368013296644711      ,  -1.0300316888973573      , -0.69378314002236041     
  -1.1134790405636203      ,  -1.1076603862467747      , -0.74405424852281254     
  -1.1955932773912552      ,  -1.1899439527310121      , -0.79824527282869806     
  -1.2830184241456095      ,  -1.2765952520927344      , -0.85647535524582685     
  -1.3752451142612054      ,  -1.3671173852263221      , -0.91880991527361622     
  -1.4712884520142873      ,  -1.4607510350535038      , -0.98524008462433921     
  -1.5696883311581116      ,  -1.5564171138177354      ,  -1.0556580887928402     
  -1.6686159068412412      ,  -1.6526582029154728      ,  -1.1298286242713289     
  -1.7660146056700232      ,  -1.7475846497656911      ,  -1.2073567810173433     
  -1.8596644427777349      ,  -1.8388341462472721      ,  -1.2876538045436170     
  -1.9471057994898902      ,  -1.9235568958115867      ,  -1.3699030094540989     
  -2.0254562721803850      ,  -1.9984414754470683      ,  -1.4530294256971485     
  -2.0912276463292980      ,  -2.0597981597360326      ,  -1.5356781714554506     
  -2.1402615061770303      ,  -2.1037152903137084      ,  -1.6162078635177315     
  -2.1678731821705575      ,  -2.1262985059202357      ,  -1.6927062008074754     
  -2.1692552214270719      ,  -2.1239908924464261      ,  -1.7630346532475247     
  -2.1401356403454557      ,  -2.0939542405694795      ,  -1.8249073791125396     
  -2.0775945217950347      ,  -2.0344698460352229      ,  -1.8760056647451384     
  -1.9808387587687002      ,  -1.9452969176045305      ,  -1.9141233645507050     
  -1.8516872007259262      ,  -1.8279153874829066      ,  -1.9373317682185185     
  -1.6945918982132060      ,  -1.6855855241203963      ,  -1.9441455890870691     
  -1.5162007344130588      ,  -1.5231832073349167      ,  -1.9336674312105187     
  -1.3246169791683386      ,  -1.3468136481388202      ,  -1.9056880830014979     
  -1.1285122434294335      ,  -1.1632561703974931      ,  -1.8607252165892612     
 -0.93619440248128927      , -0.97933229922058140      ,  -1.7999928104286804     
 -0.75474493047785041      , -0.80130503042066714      ,  -1.7253055011865772     
 -0.58929397945395889      , -0.63440384938197447      ,  -1.6389329214769353     
 -0.44247486935233010      , -0.48253394132337513      ,  -1.5434260887480573     
 -0.31443120473596886      , -0.34818283590830196      ,  -1.4414396800717835     
 -0.20382260462710000      , -0.23249812814134732      ,  -1.3355709038006018     
 -0.10935241090976089      , -0.13548555971593074      ,  -1.2282293332833776     
  -3.0623027919049660E-002 ,  -5.6269906219155272E-002 ,  -1.1215446562215881     
   3.2206589022972451E-002 ,   6.6318975710786821E-003 ,  -1.0173126590833490     
   7.9344027822780480E-002 ,   5.5061524558877140E-002 , -0.91697499538263172     
  0.11191306661457862      ,   9.1014157251776917E-002 , -0.82162566727776609     
  0.13183173186190117      ,  0.11648438835860699      , -0.73203639435533829     
  0.14142773025870609      ,  0.13336077817771405      , -0.64869359043157415     
  0.14312920361273843      ,  0.14336166147433382      , -0.57184093095123456     
  0.13926206713475492      ,  0.14800295290998974      , -0.50152299788620158     
  0.13196354316913272      ,  0.14858893126008563      , -0.43762692591034791     
  0.12311988106777985      ,  0.14621829166196354      , -0.37992018122204974     
  0.11415764827531892      ,  0.14179943589764171      , -0.32808352909402183     
  0.10578508818425388      ,  0.13607060347492927      , -0.28173890008174274     
   9.7956000196457546E-002 ,  0.12962183015824019      , -0.24047229154001515     
   9.0135171274762352E-002 ,  0.12291679566143585      , -0.20385209363802392     
   8.1764278156825437E-002 ,  0.11631340530896644      , -0.17144335712803233     
   7.2744855312245477E-002 ,  0.11008249150981247      , -0.14281856471464840     
   6.3639688521563417E-002 ,  0.10442437711713656      , -0.11756546009112379     
   5.5438244368700748E-002 ,   9.9483265975480822E-002 ,  -9.5292450698742537E-002
   4.9121125728502454E-002 ,   9.5359557810579046E-002 ,  -7.5632046969053610E-002
   4.5336834690589113E-002 ,   9.2120256097234787E-002 ,  -5.8242741815565935E-002
   4.4260488018915869E-002 ,   8.9807670522331809E-002 ,  -4.2809675278040152E-002
   4.5587637067611125E-002 ,   8.8446624947945987E-002 ,  -2.9044373790967137E-002
   4.8637635387953730E-002 ,   8.8050377067792895E-002 ,  -1.6683803224649796E-002
   5.2556280405944088E-002 ,   8.8625443418063860E-002 ,  -5.4889303017962065E-003
   5.6605666890831484E-002 ,   9.0175506903978228E-002 ,   4.7570517042281801E-003
   6.0456397181040976E-002 ,   9.2704565893845861E-002 ,   1.4250710197358178E-002
   6.4330827012932412E-002 ,   9.6219465629758111E-002 ,   2.3170478593267770E-002
   6.8910838164143520E-002 ,  0.10073193503900983      ,   3.1678808289697137E-002
   7.5059062923170036E-002 ,  0.10626023546901686      ,   3.9924315065625528E-002
   8.3495528452749476E-002 ,  0.11283051264599034      ,   4.8043883403733036E-002
   9.4578220225388671E-002 ,  0.12047792935848968      ,   5.6164704860415256E-002
  0.10825490709226748      ,  0.12924764397219127      ,   6.4406236612651963E-002
  0.12414469275935790      ,  0.13919568879702723      ,   7.2882074089193616E-002
  0.14167323298469844      ,  0.15038979239713457      ,   8.1701737491125151E-002
  0.16021463587403956      ,  0.16291018095003260      ,   9.0972376317400280E-002
  0.17921506432956164      ,  0.17685038546522014      ,  0.10080039897459114     
  0.19831072066015182      ,  0.19231807375030874      ,  0.11129303635303416     
  0.21745397034193115      ,  0.20943591808758993      ,  0.12255984902471209     
  0.23697502236257625      ,  0.22834250119983526      ,  0.13471418753482758     
  0.25749850185385953      ,  0.24919325368583059      ,  0.14787461413054032     
  0.27977506689520371      ,  0.27216140501006614      ,  0.16216629213985403     
  0.30455693309329285      ,  0.29743891648856235      ,  0.17772234594660688     
  0.33253508416451782      ,  0.32523734746483168      ,  0.19468518987864572     
  0.36425500575416409      ,  0.35578858369275485      ,  0.21320781800241143     
  0.39998497805289435      ,  0.38934532818804513      ,  0.23345503833546014     
  0.43962019647418632      ,  0.42618121744158366      ,  0.25560462372991749     
  0.48271918041934692      ,  0.46659037743175252      ,  0.27984833683908750     
  0.52869467818703619      ,  0.51088617139247883      ,  0.30639276713294245     
  0.57710537571302534      ,  0.55939881143258230      ,  0.33545989260639347     
  0.62793735861668376      ,  0.61247140525082377      ,  0.36728724609690205     
  0.68172027387589940      ,  0.67045388387585647      ,  0.40212752422049775     
  0.73938807711746835      ,  0.73369410400377422      ,  0.44024742390437027     
  0.80200839515075817      ,  0.80252523878664739      ,  0.48192542541007199     
  0.87062510170896557      ,  0.87724836805713469      ,  0.52744816004763362     
  0.94625878880716252      ,  0.95810896533412482      ,  0.57710490493869326     
   1.0298250194280922      ,   1.0452657805728223      ,  0.63117963775002872     
   1.1217774940284644      ,   1.1387504820354777      ,  0.68993996663175328     
   1.2216400542961630      ,   1.2384164273482181      ,  0.75362213632406572     
   1.3278314705729490      ,   1.3438752066554114      ,  0.82241122208398265     
   1.4380386392412241      ,   1.4544203201472676      ,  0.89641559472431365     
   1.5499672349450435      ,   1.5689387609178072      ,  0.97563482829485038     
   1.6619580655913275      ,   1.6858136658766292      ,   1.0599205065801458     
   1.7730202096431551      ,   1.8028248692118054      ,   1.1489299706560232     
   1.8822579416849567      ,   1.9170593339240956      ,   1.2420740599845279     
   1.9880925618551490      ,   2.0248499264203508      ,   1.3384614507544750     
   2.0877102658227167      ,   2.1217681005363196      ,   1.4368443490931841     
   2.1768146190631956      ,   2.2027020523138305      ,   1.5355729780716709     
   2.2495550980516597      ,   2.2620538223631388      ,   1.6325691829374855     
   2.2987198875935775      ,   2.2940825631095625      ,   1.7253318865775926     
   2.3164810920929089      ,   2.2934025096515773      ,   1.8109879719485740     
   2.2957454915248849      ,   2.2556108582566328      ,   1.8864000927656583     
   2.2317230161835058      ,   2.1779756365249536      ,   1.9483366994347122     
   2.1231288109175033      ,   2.0600674067786091      ,   1.9936988387326597     
   1.9725803581631576      ,   1.9041894755754216      ,   2.0197843039439829     
   1.7861167067563373      ,   1.7154692943814802      ,   2.0245557812127513     
   1.5722036148834648      ,   1.5015302430138926      ,   2.0068705581414674     
   1.3407553482902019      ,   1.2717598040209583      ,   1.9666297015238157     
   1.1023482728962561      ,   1.0362971825751546      ,   1.9048163682796677     
  0.86740102119998808      ,  0.80493991239132967      ,   1.8234138682300103     
  0.64529550550224934      ,  0.58618396610125834      ,   1.7252181534258575     
  0.44353064194277314      ,  0.38656124625243360      ,   1.6135790714816123     
  0.26650407763653317      ,  0.21034630813473335      ,   1.4921143988777912     
  0.11440880761712086      ,   5.9608695163686748E-002 ,   1.3644388805009304     
  -1.5705893667303315E-002 ,  -6.5479933137011226E-002 ,   1.2339398472094227     
 -0.12676098858193316      , -0.16620055027530495      ,   1.1036162944159156     
 -0.21943863927018575      , -0.24481000764352695      ,  0.97598429919751772     
 -0.29275943630064033      , -0.30410886996064257      ,  0.85304136147876719     
 -0.34627673555395122      , -0.34709476490187574      ,  0.73627664433751827     
 -0.38146165491713752      , -0.37671289195006802      ,  0.62671257737338548     
 -0.40128836757711511      , -0.39569614814294074      ,  0.52496455981118595     
 -0.40933234163066118      , -0.40647782964416257      ,  0.43130818574931273     
 -0.40930028655527950      , -0.41115746707718875      ,  0.34574645755035577     
 -0.40462465196339864      , -0.41150210621487715      ,  0.26807221390270930     
 -0.39824353099707099      , -0.40896890310199524      ,  0.19792318892810590     
 -0.39266192567234998      , -0.40473875859198022      ,  0.13482868670199558     
 -0.38964928698958518      , -0.39975409662649936      ,   7.8247876867343358E-002
 -0.38968329155474757      , -0.39475651542952789      ,   2.7600314319150377E-002
 -0.39201002452866635      , -0.39032191242298492      ,  -1.7710416716385423E-002
 -0.39533559983938238      , -0.38689192741735651      ,  -5.8278932325788971E-002
 -0.39862560921328233      , -0.38480132170628584      ,  -9.4685166360762144E-002
 -0.40180935905010695      , -0.38430135678688487      , -0.12748546907213734     
 -0.40590491634975023      , -0.38557946906189577      , -0.15720688788408219     
 -0.41222112537366451      , -0.38877563790933228      , -0.18434394603443194     
 -0.42147322162403467      , -0.39399586905819672      , -0.20935734501658584     
 -0.43365839537707185      , -0.40132319833040991      , -0.23267411661505247     
 -0.44836837914161598      , -0.41082658358391927      , -0.25468883757681537     
 -0.46503794652967390      , -0.42256800707019559      , -0.27576559431625691     
 -0.48307634429960944      , -0.43660806267782115      , -0.29624044721241904     
 -0.50196664857662154      , -0.45301025559336150      , -0.31642419513785502     
 -0.52145860681833645      , -0.47184419680003337      , -0.33660528206910106     
 -0.54176627281284484      , -0.49318783156868379      , -0.35705272011539529     
 -0.56352595223723179      , -0.51712879917563415      , -0.37801892807114496     
 -0.58755130577351877      , -0.54376497977004823      , -0.39974240249018106     
 -0.61460729387090141      , -0.57320424278403181      , -0.42245014997122587     
 -0.64526128684748973      , -0.60556336871600913      , -0.44635981535506558     
 -0.67981671258828180      , -0.64096607180850518      , -0.47168144125200534     
 -0.71835277511975104      , -0.67954000459510544      , -0.49861879002709569     
 -0.76073462579490114      , -0.72141257642418488      , -0.52737015029433365     
 -0.80654860585187105      , -0.76670536747726248      , -0.55812853633776005     
 -0.85519696991277949      , -0.81552686917319506      , -0.59108117101442681     
 -0.90619157307970422      , -0.86796323453109814      , -0.62640812116689004     
 -0.95941248448998506      , -0.92406668383501045      , -0.66427993038313904     
  -1.0151799801585224      , -0.98384119101453216      , -0.70485406880495360     
  -1.0740971128207082      ,  -1.0472250883707017      , -0.74826999640014280     
  -1.1367288736991179      ,  -1.1140702913966432      , -0.79464261903395428     
  -1.2033659242344499      ,  -1.1841179882630797      , -0.84405391227026083     
  -1.2740250320857958      ,  -1.2569708943107780      , -0.89654250528706636     
  -1.3484991810458120      ,  -1.3320625811600497      , -0.95209106900782137     
  -1.4262110713747058      ,  -1.4086249955284553      ,  -1.0106114543405447     
  -1.5059158977357638      ,  -1.4856561204709910      ,  -1.0719276969676881     
  -1.5855502480986252      ,  -1.5618908147046162      ,  -1.1357572641826892     
  -1.6624729269950063      ,  -1.6357791596741007      ,  -1.2016912837629112     
  -1.7340023592092642      ,  -1.7054780339848252      ,  -1.2691749722667758     
  -1.7978481139702138      ,  -1.7688628873783263      ,  -1.3374900584707226     
  -1.8521329937841102      ,  -1.8235674200729917      ,  -1.4057416326856329     
  -1.8950516430598203      ,  -1.8670585584756816      ,  -1.4728524544807782     
  -1.9244697522802108      ,  -1.8967521385750084      ,  -1.5375681751794532     
  -1.9377831205618532      ,  -1.9101705150628026      ,  -1.5984769812271005     
  -1.9321403777352111      ,  -1.9051366868038477      ,  -1.6540466183546458     
  -1.9049070097000658      ,  -1.8799909029060546      ,  -1.7026804229180070     
  -1.8542210115439366      ,  -1.8338064567641899      ,  -1.7427917898376235     
  -1.7795338016874769      ,  -1.7665738233804884      ,  -1.7728935811366489     
  -1.6820079755469062      ,  -1.6793193399910480      ,  -1.7916957382361516     
  -1.5646289530443378      ,  -1.5741287994909499      ,  -1.7982014834472844     
  -1.4319539775382337      ,  -1.4540585711738296      ,  -1.7917907942460058     
  -1.2895424450615369      ,  -1.3229355864692047      ,  -1.7722800115972297     
  -1.1432295834357948      ,  -1.1850684983651558      ,  -1.7399488134297523     
 -0.99844689515258023      ,  -1.0449098261764556      ,  -1.6955300711564372     
 -0.85971881925670957      , -0.90671780055009554      ,  -1.6401634518064443     
 -0.73035726116716504      , -0.77426443399857336      ,  -1.5753188259838156     
 -0.61235888677640227      , -0.65062418559314306      ,  -1.5026994293425207     
 -0.50656301431895789      , -0.53805960856055846      ,  -1.4241365517228026     
 -0.41306929291591377      , -0.43800192017994610      ,  -1.3414871510683963     
 -0.33171901651887165      , -0.35111004356225739      ,  -1.2565436330226010     
 -0.26236250770737812      , -0.27738372851379317      ,  -1.1709618668190174     
 -0.20481989309516874      , -0.21630490680726164      ,  -1.0862101432000582     
 -0.15869607408893868      , -0.16698485479310698      ,  -1.0035388660824414     
 -0.12326462684017092      , -0.12830075441590932      , -0.92396866930221366     
  -9.7487735630976818E-002 ,  -9.9011800828282467E-002 , -0.84829344980179178     
  -8.0109008791057229E-002 ,  -7.7850703932708876E-002 , -0.77709439787087953     
  -6.9755213210692835E-002 ,  -6.3590613793592488E-002 , -0.71076127246323817     
  -6.5027820880103601E-002 ,  -5.5090083998159803E-002 , -0.64951768650273467     
  -6.4588373105148006E-002 ,  -5.1319928652182122E-002 , -0.59344783846858606     
  -6.7255248568093090E-002 ,  -5.1376111790610725E-002 , -0.54252281249798806     
  -7.2116307446423791E-002 ,  -5.4482506497482014E-002 , -0.49662518528688282     
  -7.8615445258472305E-002 ,  -5.9986771525834218E-002 , -0.45557118450738321     
  -8.6551247180795349E-002 ,  -6.7351918144290771E-002 , -0.41913003141958882     
  -9.5963919641139372E-002 ,  -7.6145498697450006E-002 , -0.38704037906701927     
 -0.10694492483567831      ,  -8.6027798752510112E-002 , -0.35902394463510756     
 -0.11944945828707727      ,  -9.6739974650656230E-002 , -0.33479655016284376     
 -0.13320225523983653      , -0.10809274326090544      , -0.31407684844854894     
 -0.14773659045371129      , -0.11995598579839001      , -0.29659303637498741     
 -0.16252748705865536      , -0.13224945471734162      , -0.28208785835243927     
 -0.17714489581730641      , -0.14493465480064185      , -0.27032218738771446     
 -0.19137086633564646      , -0.15800789211005009      , -0.26107744707156139     
 -0.20525239246742499      , -0.17149443591142843      , -0.25415710912940392     
 -0.21907954876442956      , -0.18544371031143450      , -0.24938747116086327     
 -0.23329301120701118      , -0.19992541770844602      , -0.24661788975310234     
 -0.24834217578857912      , -0.21502649063002746      , -0.24572061646105828     
 -0.26453546162268488      , -0.23084876878264615      , -0.24659035883437774     
 -0.28193910022283047      , -0.24750730180244249      , -0.24914366600070298     
 -0.30037409861261527      , -0.26512918355277493      , -0.25331821830752771     
 -0.31952454723597773      , -0.28385282959556735      , -0.25907208303752821     
 -0.33911442524672858      , -0.30382761469181757      , -0.26638298299531660     
 -0.35907019840740162      , -0.32521379106320952      , -0.27524761149537930     
 -0.37959596669699897      , -0.34818260996592526      , -0.28568101558953890     
 -0.40114106713250314      , -0.37291656820932029      , -0.29771605884614949     
 -0.42429791222393887      , -0.39960969688581727      , -0.31140296518496530     
 -0.44969251023419260      , -0.42846780097640164      , -0.32680893569513642     
 -0.47790807668001634      , -0.45970854475326928      , -0.34401782048743806     
 -0.50943677456910197      , -0.49356125796539929      , -0.36312981686817919     
 -0.54463507918238074      , -0.53026631045188799      , -0.38426115281641809     
 -0.58368374208942642      , -0.57007386672513005      , -0.40754370016543978     
 -0.62658550472610297      , -0.61324178576453203      , -0.43312444421807728     
 -0.67322880910729921      , -0.66003237338925247      , -0.46116471487057925     
 -0.72350690532311901      , -0.71070762410160104      , -0.49183905773979042     
 -0.77744163977646841      , -0.76552250598750449      , -0.52533359135827784     
 -0.83524976981368459      , -0.82471574748206744      , -0.56184365743896569     
 -0.89731909204166105      , -0.88849748268377926      , -0.60157052509409392     
 -0.96411587275580624      , -0.95703301110356997      , -0.64471685702333670     
  -1.0360790729120006      ,  -1.0304218440011301      , -0.69148058764199649     
  -1.1135366962090949      ,  -1.1086711689674305      , -0.74204680358594444     
  -1.1966276267383529      ,  -1.1916629079707703      , -0.79657716295425818     
  -1.2851933338430459      ,  -1.2791137317463777      , -0.85519635278332806     
  -1.3786490195040642      ,  -1.3705278083744008      , -0.91797508300500474     
  -1.4759053115769241      ,  -1.4651428133852800      , -0.98490917658624821     
  -1.5754110871633507      ,  -1.5618709377351614      ,  -1.0558944769156287     
  -1.6753060815092615      ,  -1.6592384213378226      ,  -1.1306976022292721     
  -1.7735768341080203      ,  -1.7553295920387670      ,  -1.2089230872994532     
  -1.8680910962414412      ,  -1.8477444638281029      ,  -1.2899782167765024     
  -1.9564655749564832      ,  -1.9335823784575716      ,  -1.3730379039287575     
  -2.0358336841978346      ,  -2.0094673378281551      ,  -1.4570132840711101     
  -2.1026410086877996      ,  -2.0716324741702135      ,  -1.5405291632885045     
  -2.1525870265524056      ,  -2.1160799622598705      ,  -1.6219168435451898     
  -2.1807955957467633      ,  -2.1388267571723301      ,  -1.6992297223010837     
  -2.1822612905617609      ,  -2.1362343452227091      ,  -1.7702888766971601     
  -2.1525600919760608      ,  -2.1054020599515408      ,  -1.8327639813947796     
  -2.0887114695224871      ,  -2.0445807668991480      ,  -1.8842909353405151     
  -1.9899717136205179      ,  -1.9535423966589387      ,  -1.9226215166584080     
  -1.8583012287576681      ,  -1.8338290488603362      ,  -1.9457930344686416     
  -1.6983414228125002      ,  -1.6888114028237018      ,  -1.9522989358118306     
  -1.5169324121944270      ,  -1.5235141097589926      ,  -1.9412368422279591     
  -1.3223496535709014      ,  -1.3442120210571691      ,  -1.9124105565793181     
  -1.1234146998585175      ,  -1.1578532144471796      ,  -1.8663681352799042     
 -0.92856407605612457      , -0.97140576902449882      ,  -1.8043683566136113     
 -0.74498196471905420      , -0.79124071353522030      ,  -1.7282803210774276     
 -0.57786063235507656      , -0.62264865754680543      ,  -1.6404321365977033     
 -0.42982467024016829      , -0.46954913069346166      ,  -1.5434317569348321     
 -0.30092608307650420      , -0.33440429339267902      ,  -1.4399846537350298     
 -0.18970434748844611      , -0.21830781663064763      ,  -1.3327295467317848     
  -9.4797631566301915E-002 , -0.12119519779513725      ,  -1.2241066936955947     
  -1.5824152284417817E-002 ,  -4.2115597683410992E-002 ,  -1.1162655197519116     
   4.7009148186257413E-002 ,   2.0486709436646308E-002 ,  -1.0110115465697123     
   9.3895760302062148E-002 ,   6.8517777469615099E-002 , -0.90978775496973741     
  0.12600111676819933      ,  0.10402626193743578      , -0.81368293448099915     
  0.14531681008636607      ,  0.12904874663052246      , -0.72345890814728753     
  0.15424945831444098      ,  0.14550507020936551      , -0.63958917068628618     
  0.15529738455596664      ,  0.15513562773870865      , -0.56230283043951657     
  0.15083946632060843      ,  0.15947093878374241      , -0.49162931722975295     
  0.14305174418418268      ,  0.15982416769303215      , -0.42744079806285401     
  0.13385221146397761      ,  0.15729872395344635      , -0.36949047281843572     
  0.12468454025896211      ,  0.15280484568268940      , -0.31744585488358845     
  0.11624711940138129      ,  0.14708076104513482      , -0.27091679461893292     
  0.10846057940350004      ,  0.14071543813105639      , -0.22947842460269577     
  0.10075046715687824      ,  0.13417102251796589      , -0.19268945063371956     
   9.2534905251527744E-002 ,  0.12780384748378712      , -0.16010633292912446     
   8.3726215062763301E-002 ,  0.12188343978152048      , -0.13129393972555115     
   7.4928883915199473E-002 ,  0.11660929459036382      , -0.10583324203678925     
   6.7175462578403414E-002 ,  0.11212541045637760      ,  -8.3326575815892520E-002
   6.1464442493164566E-002 ,  0.10853270131855734      ,  -6.3400941043187109E-002
   5.8433756331413941E-002 ,  0.10589946947631626      ,  -4.5709745725188280E-002
   5.8229870921761961E-002 ,  0.10427015253733518      ,  -2.9933342086985087E-002
   6.0513770785227919E-002 ,  0.10367256371322282      ,  -1.5778645510833335E-002
   6.4574481430178410E-002 ,  0.10412383785823971      ,  -2.9780755577153233E-003
   6.9539842573605709E-002 ,  0.10563528140448651      ,   8.7119867305855848E-003
   7.4674720935908420E-002 ,  0.10821630655474181      ,   1.9513070123515407E-002
   7.9676935606757870E-002 ,  0.11187761099747581      ,   2.9626691293402192E-002
   8.4811443328522335E-002 ,  0.11663374533339807      ,   3.9236545986113792E-002
   9.0799776105108060E-002 ,  0.12250519210664432      ,   4.8510742915426050E-002
   9.8526911389645630E-002 ,  0.12952006322130361      ,   5.7604029240280456E-002
  0.10871657696974132      ,  0.13771550677706540      ,   6.6659972083182917E-002
  0.12172188390466719      ,  0.14713890001021801      ,   7.5813073027227965E-002
  0.13748892053338049      ,  0.15784889200725963      ,   8.5190802334656729E-002
  0.15564104317002034      ,  0.16991634801598865      ,   9.4915547152699190E-002
  0.17560816103566179      ,  0.18342523629126711      ,  0.10510647354626416     
  0.19676522402306446      ,  0.19847348819084690      ,  0.11588130609579436     
  0.21856163783780538      ,  0.21517385232113451      ,  0.12735803123493067     
  0.24065135419307354      ,  0.23365475348327366      ,  0.13965653162546596     
  0.26302714942114064      ,  0.25406115644904970      ,  0.15290015875808619     
  0.28607434752541921      ,  0.27655542254615456      ,  0.16721724963564050     
  0.31046579397822671      ,  0.30131813284431563      ,  0.18274259076972924     
  0.33697985314701245      ,  0.32854883440907107      ,  0.19961882863850883     
  0.36638592090474154      ,  0.35846664439448767      ,  0.21799781994534886     
  0.39940336930351517      ,  0.39131061915952309      ,  0.23804190709181647     
  0.43662404476199929      ,  0.42733976025768178      ,  0.25992509369566286     
  0.47836003209077038      ,  0.46683248383084736      ,  0.28383408103491098     
  0.52451492085290619      ,  0.51008532201043177      ,  0.30996910807541045     
  0.57460571450509346      ,  0.55741055142552731      ,  0.33854451411498021     
  0.62797703520726234      ,  0.60913235169282998      ,  0.36978891269851522     
  0.68414001751350062      ,  0.66558098285394907      ,  0.40394482676344723     
  0.74308446192288935      ,  0.72708433304494668      ,  0.44126758626840140     
  0.80537829044370179      ,  0.79395602623684047      ,  0.48202322918040019     
  0.87197616504390130      ,  0.86647909879151963      ,  0.52648507335109662     
  0.94390864639012351      ,  0.94488406424180749      ,  0.57492854014299799     
   1.0221257691411612      ,   1.0293200115880103      ,  0.62762371220481183     
   1.1075095903869721      ,   1.1198172657769607      ,  0.68482500244872102     
   1.2007600376447425      ,   1.2162401498838087      ,  0.74675720953346603     
   1.3019570046939926      ,   1.3182286351005581      ,  0.81359715612049432     
   1.4100352453171836      ,   1.4251283035935616      ,  0.88545008151459337     
   1.5226593219350821      ,   1.5359092905780751      ,  0.96232003866968674     
   1.6367410607637574      ,   1.6490769691601981      ,   1.0440737963954980     
   1.7492975573730856      ,   1.7625803520093120      ,   1.1303982621456463     
   1.8580203430048718      ,   1.8737286770511576      ,   1.2207523257973252     
   1.9611366555081156      ,   1.9791323337539792      ,   1.3143153831750887     
   2.0566856926665622      ,   2.0746905761774594      ,   1.4099366878493840     
   2.1417243169869624      ,   2.1556539445227054      ,   1.5060920462594489     
   2.2119024922605397      ,   2.2167915023342668      ,   1.6008569537318578     
   2.2614904161420166      ,   2.2526884218042524      ,   1.6919075042317528     
   2.2837840689502751      ,   2.2581843870692953      ,   1.7765613825387028     
   2.2719341577720780      ,   2.2289354566246842      ,   1.8518697931255470     
   2.2202401091051613      ,   2.1620431645734275      ,   1.9147661847452768     
   2.1256545512303742      ,   2.0566529170936714      ,   1.9622686169821451     
   1.9889300349738663      ,   1.9143940614837531      ,   1.9917204286638490     
   1.8148554114753379      ,   1.7395340488428781      ,   2.0010411052933321     
   1.6114776715092369      ,   1.5387608201874197      ,   1.9889499507456627     
   1.3887847658196835      ,   1.3205875736851553      ,   1.9551235362441517     
   1.1574410119479270      ,   1.0944698721640391      ,   1.9002562817400708     
  0.92777068220749381      ,  0.86980197130440695      ,   1.8260108125278076     
  0.70897055803028119      ,  0.65498696600371087      ,   1.7348662255019947     
  0.50847349264388519      ,  0.45674402410833626      ,   1.6298915649064565     
  0.33101019094643186      ,  0.27974115223213653      ,   1.5144830970439576     
  0.17754854021145000      ,  0.12655500924438956      ,   1.3921050714225933     
   4.5843282501615595E-002 ,  -2.1093609545281568E-003 ,   1.2660659784698975     
  -6.6908760812615306E-002 , -0.10703999294361360      ,   1.1393497488246689     
 -0.16174592424221695      , -0.19008160102014149      ,   1.0145082306768012     
 -0.23800657775354650      , -0.25371953242299472      ,  0.89361081724419855     
 -0.29515747303045514      , -0.30073129688479561      ,  0.77824067797363217     
 -0.33426318257375071      , -0.33392454246025399      ,  0.66952453904332021     
 -0.35787629284701367      , -0.35596005720225277      ,  0.56818335328088643     
 -0.36923663559343572      , -0.36924698732802863      ,  0.47459326396003948     
 -0.37179759609723684      , -0.37589322082260024      ,  0.38884895656509771     
 -0.36888287849603135      , -0.37769423707262845      ,  0.31082411065795684     
 -0.36343431895356393      , -0.37614639022080093      ,  0.24022584882287670     
 -0.35800927508056923      , -0.37247398388673925      ,  0.17664171537082027     
 -0.35454596416677420      , -0.36766269850571237      ,  0.11957883348917736     
 -0.35382586527896392      , -0.36249455027626887      ,   6.8495581330194732E-002
 -0.35538058389330840      , -0.35758150586839088      ,   2.2826506073900316E-002
 -0.35804915371552742      , -0.35339622047587044      ,  -1.7998639778078043E-002
 -0.36072858959116350      , -0.35029923678836039      ,  -5.4540824849171811E-002
 -0.36307784448085495      , -0.34856251030891594      ,  -8.7341759806201569E-002
 -0.36581056696295627      , -0.34838942264384626      , -0.11691723052267909     
 -0.37015587313651821      , -0.34993159229674742      , -0.14375306250130479     
 -0.37700826350099875      , -0.35330285041969134      , -0.16830313786135651     
 -0.38662719731345130      , -0.35859075534454887      , -0.19098898192971681     
 -0.39882008950413206      , -0.36586599856871060      , -0.21220052210168877     
 -0.41314459468345188      , -0.37519002047089617      , -0.23229769598738090     
 -0.42902620921341478      , -0.38662111437854607      , -0.25161264904947012     
 -0.44586144303653930      , -0.40021925684407017      , -0.27045231471455861     
 -0.46321584854097952      , -0.41604986199587363      , -0.28910121329269922     
 -0.48107471662829010      , -0.43418661921318441      , -0.30782434099060302     
 -0.49990879833865548      , -0.45471353602796433      , -0.32687004780146445     
 -0.52049554891869299      , -0.47772627159494169      , -0.34647282392138790     
 -0.54367316305949831      , -0.50333280959024207      , -0.36685592925790400     
 -0.57013582750360481      , -0.53165348217388397      , -0.38823381009042951     
 -0.60031005652775526      , -0.56282031778690689      , -0.41081425140154459     
 -0.63436047478338375      , -0.59697564414214421      , -0.43480021307211597     
 -0.67223122000526270      , -0.63426983296738892      , -0.46039129315319621     
 -0.71361653873385322      , -0.67485802422642949      , -0.48778475182937375     
 -0.75800843046479482      , -0.71889561443919947      , -0.51717601545449898     
 -0.80492089978607739      , -0.76653223684161209      , -0.54875856116675947     
 -0.85414451566166716      , -0.81790390218311593      , -0.58272305918769784     
 -0.90588797100073060      , -0.87312291159351063      , -0.61925562236534037     
 -0.96073208390824705      , -0.93226510369459192      , -0.65853498173058778     
  -1.0193853912348756      , -0.99535396770232754      , -0.70072837453749337     
  -1.0824212408871730      ,  -1.0623411591474730      , -0.74598590049483626     
  -1.1502057023406580      ,  -1.1330830190770358      , -0.79443307761640658     
  -1.2229418501552973      ,  -1.2073128544503686      , -0.84616131890993951     
  -1.3005810551812480      ,  -1.2846090303135032      , -0.90121606603373261     
  -1.3825319516987786      ,  -1.3643594057596606      , -0.95958237131782331     
  -1.4673878045019044      ,  -1.4457233725700702      ,  -1.0211678349887090     
  -1.5529807080956368      ,  -1.5275937779192856      ,  -1.0857830039380234     
  -1.6368352660614920      ,  -1.6085623533591964      ,  -1.1531196477268890     
  -1.7167090897710386      ,  -1.6868938939161400      ,  -1.2227277695525685     
  -1.7908132311310192      ,  -1.7605161903145281      ,  -1.2939927958138346     
  -1.8575762023964126      ,  -1.8270343129837907      ,  -1.3661151039794051     
  -1.9151579814733699      ,  -1.8837787772127064      ,  -1.4380948387112886     
  -1.9610737329572445      ,  -1.9278966816365157      ,  -1.5087257139824952     
  -1.9921499411827113      ,  -1.9564922881605553      ,  -1.5766020145148025     
  -2.0047743772936610      ,  -1.9668179842404507      ,  -1.6401430354681412     
  -1.9953307038431385      ,  -1.9565078935156675      ,  -1.6976384459203631     
  -1.9607831621493623      ,  -1.9238352622592316      ,  -1.7473162883833551     
  -1.8993532767126187      ,  -1.8679631247608479      ,  -1.7874324592804500     
  -1.8111119406370111      ,  -1.7891488963989355      ,  -1.8163767754887499     
  -1.6982592644100185      ,  -1.6888613174542515      ,  -1.8327867172578691     
  -1.5649592538270931      ,  -1.5697756537403367      ,  -1.8356565804305158     
  -1.4167918538566424      ,  -1.4356308657342878      ,  -1.8244281277482193     
  -1.2600382305411510      ,  -1.2909575812169940      ,  -1.7990497282333926     
  -1.1010018658369587      ,  -1.1407118013422741      ,  -1.7599946421626305     
 -0.94544316819572105      , -0.98986866166433762      ,  -1.7082349636031091     
 -0.79811110422625475      , -0.84303727905915227      ,  -1.6451744759519611     
 -0.66237018227510625      , -0.70414998917810345      ,  -1.5725497021054149     
