   1.2751146950578001      ,   2.1229450724483714      ,   1.4655193661558268     
   2.1920750382819518      ,   2.1929852415350255      ,   1.5610585270229873     
   2.3502861366421435      ,   2.2400776937172493      ,   1.6539053462152871     
   2.3524329862892217      ,   2.2589017442634218      ,   1.7415228812149708     
   2.2636352966056883      ,   2.2447042742917840      ,   1.8210630112943438     
   2.1735800601000324      ,   2.1939089102960634      ,   1.8894909061409448     
   2.0813744088297921      ,   2.1047402225179983      ,   1.9437656688917380     
   1.9837001765305300      ,   1.9777454803439807      ,   1.9810672081207392     
   1.8666903167385362      ,   1.8160821072783706      ,   1.9990464820024860     
   1.7223200214676262      ,   1.6254624622894605      ,   1.9960649989817625     
   1.5450108536789409      ,   1.4137129629515430      ,   1.9713841858516696     
   1.3362867870967978      ,   1.1899972664110152      ,   1.9252693066812612     
   1.1061750530872891      ,  0.96384218103004549      ,   1.8589865037522069     
  0.87366360685121480      ,  0.74415591195967179      ,   1.7746919444430655     
  0.66029643988621101      ,  0.53842131673974125      ,   1.6752329415465239     
  0.47943906942028464      ,  0.35218728446955988      ,   1.5638959838847664     
  0.33115067976320645      ,  0.18889565376218667      ,   1.4441420266186100     
  0.20735036310960148      ,   5.0001978019320249E-002 ,   1.3193650556489360     
   9.9197086444134067E-002 ,  -6.4700883798565631E-002 ,   1.1926989228874905     
   7.6762628688366308E-004 , -0.15666063759309845      ,   1.0668841267543117     
  -9.0274850915596200E-002 , -0.22813426990100699      ,  0.94419438639734021     
 -0.17322147613017860      , -0.28180797976757588      ,  0.82641469034470127     
 -0.24527730226101302      , -0.32049834109380249      ,  0.71485843581946695     
 -0.30266719456576374      , -0.34694074961631782      ,  0.61041059040920653     
 -0.34182385814386368      , -0.36365620077566646      ,  0.51358530372947420     
 -0.36065000035606215      , -0.37288048745330526      ,  0.42458891988492709     
 -0.35974152841328544      , -0.37653861886822665      ,  0.34338204425120999     
 -0.34321223200692808      , -0.37624917459232166      ,  0.26973670639260389     
 -0.31855960845449383      , -0.37334652660465156      ,  0.20328652779630416     
 -0.29515493470350324      , -0.36891220776140959      ,  0.14356912745924336     
 -0.28158880961391736      , -0.36380958762195265      ,   9.0060855130340983E-002
 -0.28290992395654957      , -0.35871823902491112      ,   4.2204439621893741E-002
 -0.29904317618244985      , -0.35416596004674755      ,  -5.6961569239652996E-004
 -0.32510379786622062      , -0.35055746826940914      ,  -3.8826978221081797E-002
 -0.35343288039260340      , -0.34819944144875398      ,  -7.3117879548269940E-002
 -0.37651339710631931      , -0.34732196114584557      , -0.10396913675487859     
 -0.38966466260430432      , -0.34809661831423416      , -0.13187907821838246     
 -0.39255437441988206      , -0.35065163044657438      , -0.15731475324318300     
 -0.38903040111682108      , -0.35508434474769440      , -0.18071090378070817     
 -0.38541401652882790      , -0.36147149037983400      , -0.20247026648446861     
 -0.38800352119359521      , -0.36987751301508459      , -0.22296485238673353     
 -0.40082209844680866      , -0.38036128702789984      , -0.24253791924495635     
 -0.42443295399702730      , -0.39298146021187508      , -0.26150640862046931     
 -0.45611489762464030      , -0.40780064560972051      , -0.28016366693359418     
 -0.49117588152453229      , -0.42488863596647064      , -0.29878230811027573     
 -0.52483918758345793      , -0.44432477860534586      , -0.31761710598075332     
 -0.55398729224726995      , -0.46619961183729980      , -0.33690782818834025     
 -0.57813377821454404      , -0.49061582772856122      , -0.35688194075595159     
 -0.59932420022770960      , -0.51768858938690709      , -0.37775712423213165     
 -0.62111731093054900      , -0.54754519301577265      , -0.39974354894277481     
 -0.64715267939977139      , -0.58032402491292434      , -0.42304585861538374     
 -0.67990462821060516      , -0.61617272046811900      , -0.44786480869756806     
 -0.72004977793512903      , -0.65524538527947807      , -0.47439849813077212     
 -0.76657249681915474      , -0.69769868729453444      , -0.50284312115890861     
 -0.81745230940877156      , -0.74368657348523226      , -0.53339314892254241     
 -0.87060038293681896      , -0.79335330605295495      , -0.56624082914757556     
 -0.92466566953522134      , -0.84682445416439756      , -0.60157486641105617     
 -0.97942370777421495      , -0.90419542278911047      , -0.63957811587315860     
  -1.0356616004126604      , -0.96551705894731876      , -0.68042409129601356     
  -1.0946901055699769      ,  -1.0307778612015503      , -0.72427205599499500     
  -1.1577407130206050      ,  -1.0998823509037625      , -0.77126043706710912     
  -1.2254935631384918      ,  -1.1726252724491224      , -0.82149828508863920     
  -1.2978671852449901      ,  -1.2486615134322572      , -0.87505450283288311     
  -1.3740618578438590      ,  -1.3274720230237296      , -0.93194460068929952     
  -1.4527505900266324      ,  -1.4083266142620134      , -0.99211482113025040     
  -1.5322850721795263      ,  -1.4902454189606513      ,  -1.0554236320282695     
  -1.6108252557162965      ,  -1.5719619618454443      ,  -1.1216208443547895     
  -1.6863803283035155      ,  -1.6518923291820697      ,  -1.1903249890188543     
  -1.7568176735564294      ,  -1.7281166388091584      ,  -1.2610001085055818     
  -1.8199121956847211      ,  -1.7983807511966154      ,  -1.3329337815139992     
  -1.8734635676443920      ,  -1.8601274883067285      ,  -1.4052189689836077     
  -1.9154408073540239      ,  -1.9105669316404634      ,  -1.4767430611370855     
  -1.9440765166671470      ,  -1.9467938643396794      ,  -1.5461881616983577     
  -1.9578526908611120      ,  -1.9659562972366709      ,  -1.6120469374818855     
  -1.9553749758720511      ,  -1.9654717519920386      ,  -1.6726580056065574     
  -1.9351837652154626      ,  -1.9432777608327523      ,  -1.7262635486630262     
  -1.8955810057662092      ,  -1.8980912374186156      ,  -1.7710894706649931     
  -1.8345713265604751      ,  -1.8296406962393050      ,  -1.8054450031124267     
  -1.7500409686957386      ,  -1.7388294866500131      ,  -1.8278346624583925     
  -1.6403204193524528      ,  -1.6277909378168240      ,  -1.8370716452890137     
  -1.5052397421841770      ,  -1.4998095542228083      ,  -1.8323791687938058     
  -1.3475793247839984      ,  -1.3591048903602743      ,  -1.8134659116009328     
  -1.1743531836664414      ,  -1.2105014823689850      ,  -1.7805641330966038     
 -0.99677789355011281      ,  -1.0590317642324893      ,  -1.7344240464755345     
 -0.82778485748184472      , -0.90953204853726333      ,  -1.6762645840380972     
 -0.67760249179531007      , -0.76629045839720311      ,  -1.6076872838821734     
 -0.55039379385686515      , -0.63279111119684861      ,  -1.5305650890616394     
 -0.44444480540606057      , -0.51157614327258938      ,  -1.4469203331926654     
 -0.35492506310230593      , -0.40422348056081997      ,  -1.3588058440310067     
 -0.27670110003349363      , -0.31141976406450217      ,  -1.2682004526181798     
 -0.20600085747232216      , -0.23309778801163680      ,  -1.1769262441082506     
 -0.14101043293277640      , -0.16860623877588951      ,  -1.0865906987991416     
  -8.1769845590331944E-002 , -0.11688420726929609      , -0.99855328422125944     
  -2.9663716606733406E-002 ,  -7.6620826960369842E-002 , -0.91391352682143312     
   1.3263975422229332E-002 ,  -4.6388750188870759E-002 , -0.83351620498294843     
   4.5000813974025229E-002 ,  -2.4747247274474339E-002 , -0.75796889974055193     
   6.4163661657799798E-002 ,  -1.0315729998428632E-002 , -0.68766743138630215     
   7.0456400555940213E-002 ,  -1.8214478280048640E-003 , -0.62282540323619306     
   6.4945367929277992E-002 ,   1.8736213420180853E-003 , -0.56350492439458066     
   5.0084031708153579E-002 ,   1.7615356216361129E-003 , -0.50964642339749555     
   2.9413252261945452E-002 ,  -1.3118115952818158E-003 , -0.46109619835676158     
   6.9259903539888208E-003 ,  -6.6396574477651698E-003 , -0.41763093670120399     
  -1.3784317443977553E-002 ,  -1.3643028666461270E-002 , -0.37897887546563841     
  -3.0340130108737484E-002 ,  -2.1857230537399887E-002 , -0.34483757807297111     
  -4.2070707241392488E-002 ,  -3.0917647516997382E-002 , -0.31488850072089442     
  -4.9989058787842343E-002 ,  -4.0545828998756465E-002 , -0.28880863680281205     
  -5.6261887550457287E-002 ,  -5.0536458215814865E-002 , -0.26627958437632082     
  -6.3367438301357146E-002 ,  -6.0745535952676205E-002 , -0.24699439830948178     
  -7.3234224354853439E-002 ,  -7.1079928829461902E-002 , -0.23066257968419340     
  -8.6637768019004094E-002 ,  -8.1488312368645233E-002 , -0.21701353068754367     
 -0.10302899791573811      ,  -9.1953464011745173E-002 , -0.20579877078846398     
 -0.12082160550498966      , -0.10248581711414667      , -0.19679317430099824     
 -0.13801815042466120      , -0.11311816375377477      , -0.18979545356896593     
 -0.15294560638251720      , -0.12390138486828309      , -0.18462807785078555     
 -0.16483880876087528      , -0.13490108585741281      , -0.18113678659492613     
 -0.17407314283561845      , -0.14619502096295234      , -0.17918982768631697     
 -0.18198385916503132      , -0.15787119815256992      , -0.17867702656820605     
 -0.19036294863143466      , -0.17002656630521587      , -0.17950877083502106     
 -0.20083442501231077      , -0.18276619714175962      , -0.18161497674609636     
 -0.21433660978772803      , -0.19620288481528092      , -0.18494408884528565     
 -0.23088370705215569      , -0.21045709584136973      , -0.18946215116338330     
 -0.24966842854908106      , -0.22565721072115474      , -0.19515197798646983     
 -0.26944577735731634      , -0.24194000588268194      , -0.20201244354666020     
 -0.28904509348244911      , -0.25945133017162558      , -0.21005790288735099     
 -0.30782157303920654      , -0.27834693379168085      , -0.21931775023200070     
 -0.32589073474526831      , -0.29879340902458551      , -0.22983611610438576     
 -0.34407714928166933      , -0.32096920087564484      , -0.24167169986552495     
 -0.36361769568824232      , -0.34506564151254326      , -0.25489772989084503     
 -0.38574670741458372      , -0.37128795436713680      , -0.26960203892761031     
 -0.41132311759363965      , -0.39985616123761175      , -0.28588723682235340     
 -0.44063014837207304      , -0.43100580761439661      , -0.30387095630563832     
 -0.47340382507493189      , -0.46498839643186035      , -0.32368613929883611     
 -0.50905933069383769      , -0.50207138687697239      , -0.34548132058916198     
 -0.54701547830880259      , -0.54253757078717313      , -0.36942085189663620     
 -0.58698961832994756      , -0.58668358224765382      , -0.39568499136519159     
 -0.62915617995883399      , -0.63481722373640304      , -0.42446976021377292     
 -0.67412245101059731      , -0.68725320205339335      , -0.45598643837758396     
 -0.72274980590053284      , -0.74430675725310036      , -0.49046053302116105     
 -0.77590574343546193      , -0.80628453708180048      , -0.52813000635325302     
 -0.83424875504595375      , -0.87347191981658512      , -0.56924249093951840     
 -0.89812078779452975      , -0.94611582648685610      , -0.61405115097201413     
 -0.96756687286408916      ,  -1.0244019038421510      , -0.66280876718600912     
  -1.0424438518588510      ,  -1.1084248294944457      , -0.71575953398672687     
  -1.1225431730364630      ,  -1.1981504370039850      , -0.77312796625371349     
  -1.2076489393974681      ,  -1.2933684551491871      , -0.83510423251032928     
  -1.2974802324095771      ,  -1.3936350120537007      , -0.90182518174023896     
  -1.3915129273509164      ,  -1.4982048238685792      , -0.97335034643113805     
  -1.4887242739620983      ,  -1.6059543643073384      ,  -1.0496323335922244     
  -1.5873432691388445      ,  -1.7152995155211928      ,  -1.1304813258783022     
  -1.6847165278843270      ,  -1.8241144286973070      ,  -1.2155239907546520     
  -1.7773983115897618      ,  -1.9296626473165661      ,  -1.3041580287422825     
  -1.8615124161151011      ,  -2.0285567510694142      ,  -1.3955049591156097     
  -1.9333002336842748      ,  -2.1167681279727408      ,  -1.4883655626288721     
  -1.9896332968017676      ,  -2.1897124730225968      ,  -1.5811845732323351     
  -2.0282555160409195      ,  -2.2424368401855683      ,  -1.6720334281675850     
  -2.0476630465001429      ,  -2.2699274515027903      ,  -1.7586215675428791     
  -2.0467077030700755      ,  -2.2675410704442771      ,  -1.8383470568267553     
  -2.0240988250294003      ,  -2.2315354793862863      ,  -1.9083951718011813     
  -1.9779808561250367      ,  -2.1596393728573404      ,  -1.9658881976733313     
  -1.9057573972847199      ,  -2.0515673608482117      ,  -2.0080809159886481     
  -1.8043704773345624      ,  -1.9093654042820782      ,  -2.0325851947350984     
  -1.6712986333206030      ,  -1.7374802521795818      ,  -2.0375963442642169     
  -1.5064570353031024      ,  -1.5424908645419049      ,  -2.0220870557072868     
  -1.3147206029201808      ,  -1.3325138890316865      ,  -1.9859351503616736     
  -1.1078221917942364      ,  -1.1163770895205816      ,  -1.9299604824015189     
 -0.90327532468017147      , -0.90271463970216792      ,  -1.8558625427495614     
 -0.71841514840678722      , -0.69915333805288005      ,  -1.7660691607004873     
 -0.56235052417866738      , -0.51172455627362157      ,  -1.6635226118661581     
 -0.43325641084624350      , -0.34456902251457822      ,  -1.5514380456062040     
 -0.32293796312575213      , -0.19992742058226354      ,  -1.4330689555593126     
 -0.22283793611545422      ,  -7.8353635495356427E-002 ,  -1.3115070018535810     
 -0.12734504189390627      ,   2.0938678205007655E-002 ,  -1.1895322925370455     
  -3.4607851397298148E-002 ,   9.9683331970804839E-002 ,  -1.0695188846258392     
   5.3971367506575753E-002 ,  0.16018938887226788      , -0.95339135265482711     
  0.13482519236263590      ,  0.20502955102225520      , -0.84262287340932207     
  0.20343903903182198      ,  0.23680505324691808      , -0.73826321303702513     
  0.25546189420991461      ,  0.25798571518553559      , -0.64098540203572851     
  0.28769585000000814      ,  0.27081406721431378      , -0.55114169936627055     
  0.29903235779951531      ,  0.27725876812910116      , -0.46882179683512121     
  0.29126623481149161      ,  0.27900274777112255      , -0.39390850780487019     
  0.26946932514591149      ,  0.27745373025931797      , -0.32612810965688144     
  0.24146644112616464      ,  0.27376767687771925      , -0.26509396378805872     
  0.21616546683699445      ,  0.26887844999022875      , -0.21034304104239709     
  0.20109364649475917      ,  0.26352928555378896      , -0.16136561312245876     
  0.20010536179336313      ,  0.25830338361003830      , -0.11762872548202521     
  0.21230082604338918      ,  0.25365213339961845      ,  -7.8594230329419618E-002
  0.23263585304169423      ,  0.24992028571985089      ,  -4.3732198406493103E-002
  0.25394827596262481      ,  0.24736787928073103      ,  -1.2530495478973122E-002
  0.26959948175784687      ,  0.24618901419420672      ,   1.5498761649762946E-002
  0.27577552281685724      ,  0.24652771658972086      ,   4.0815242249198726E-002
  0.27267782529743495      ,  0.24849120507191619      ,   6.3848395057936713E-002
  0.26423969022162852      ,  0.25216088680275600      ,   8.4996947291091016E-002
  0.25651605660734073      ,  0.25760140041147883      ,  0.10462953672164868     
  0.25538747810900292      ,  0.26486799812752337      ,  0.12308617297080882     
  0.26447949312991853      ,  0.27401252828755540      ,  0.14068028317307485     
  0.28405534177769748      ,  0.28508824596383264      ,  0.15770114704959190     
  0.31119450557759071      ,  0.29815364605313538      ,  0.17441656789863064     
  0.34108513678306190      ,  0.31327548066923111      ,  0.19107565995241765     
  0.36889983084595662      ,  0.33053109129916319      ,  0.20791165978693618     
  0.39155304491046666      ,  0.35001015569947541      ,  0.22514469075587282     
  0.40870715753587583      ,  0.37181591944846470      ,  0.24298442539145085     
  0.42270075493996206      ,  0.39606595177792658      ,  0.26163260189036275     
  0.43750416275082238      ,  0.42289243397840254      ,  0.28128535757025835     
  0.45718031979002155      ,  0.45244195537173576      ,  0.30213534479742682     
  0.48447815759484469      ,  0.48487475552864823      ,  0.32437359347328226     
  0.52006007935238241      ,  0.52036331095555033      ,  0.34819107871969512     
  0.56256505188716055      ,  0.55909011875466963      ,  0.37377994279216353     
  0.60939043109175584      ,  0.60124447776365575      ,  0.40133430624077332     
  0.65784029501351760      ,  0.64701800872700355      ,  0.43105058462564538     
  0.70618407387289628      ,  0.69659858914627970      ,  0.46312720335904639     
  0.75423071625839033      ,  0.75016230682968776      ,  0.49776357426593426     
  0.80324365980836410      ,  0.80786296208517894      ,  0.53515816326300703     
  0.85531015816607647      ,  0.86981857845954313      ,  0.57550543970562862     
  0.91249237149259010      ,  0.93609432723212493      ,  0.61899145589766924     
  0.97612633247206304      ,   1.0066812497723858      ,  0.66578776291098896     
   1.0465060103393333      ,   1.0814702020791576      ,  0.71604333133576936     
   1.1229856152606299      ,   1.1602205871984252      ,  0.76987412117325282     
   1.2043556527313435      ,   1.2425237379106899      ,  0.82734994640491488     
   1.2892597597819835      ,   1.3277613327337383      ,  0.88847832494687062     
   1.3764407589994949      ,   1.4150600519922343      ,  0.95318511823163443     
   1.4647184793315149      ,   1.5032448850857092      ,   1.0212919774044968     
   1.5527532112001430      ,   1.5907951368249806      ,   1.0924909602993793     
   1.6387625067368772      ,   1.6758092336481305      ,   1.1663171991790231     
   1.7203804418492437      ,   1.7559867539213359      ,   1.2421212063624751     
   1.7947684422586787      ,   1.8286383484215454      ,   1.3190432973004009     
   1.8589444650249183      ,   1.8907357477549998      ,   1.3959936298273332     
   1.9101704042500325      ,   1.9390139414672936      ,   1.4716423658616045     
   1.9462073012768353      ,   1.9701347168167749      ,   1.5444252179966029     
   1.9653321650336997      ,   1.9809139931688384      ,   1.6125698074137198     
   1.9661383314173724      ,   1.9686042965658759      ,   1.6741474332865141     
   1.9472267754199226      ,   1.9312090665239734      ,   1.7271526879999526     
   1.9069181668853299      ,   1.8677898948641325      ,   1.7696097139064220     
   1.8431135150317446      ,   1.7787157727778797      ,   1.7996990584772179     
   1.7534448040557455      ,   1.6658004180897077      ,   1.8158938485468463     
   1.6358846726797474      ,   1.5322841264031259      ,   1.8170896522382194     
   1.4899578979070438      ,   1.3826410816817760      ,   1.8027103842661085     
   1.3184753001364764      ,   1.2222271300857113      ,   1.7727740487535097     
   1.1291496512482722      ,   1.0568173954948450      ,   1.7279072363722550     
  0.93466466043154572      ,  0.89210699497372936      ,   1.6693051785598141     
  0.74967874824521319      ,  0.73325371885859658      ,   1.5986429288824242     
  0.58550179752520159      ,  0.58452759738698601      ,   1.5179506812892458     
  0.44644019884973657      ,  0.44910440619877645      ,   1.4294706036630744     
  0.33059953664999214      ,  0.32900804302432490      ,   1.3355131575457599     
  0.23324599361872861      ,  0.22517975761350253      ,   1.2383281301111788     
  0.14965695401841972      ,  0.13763619500143201      ,   1.1400007631493552     
   7.6523000334976721E-002 ,   6.5674125912785541E-002 ,   1.0423779110055031     
   1.2311396151680996E-002 ,   8.0849226673441309E-003 ,  0.94702432864755492     
  -4.2941289160901085E-002 ,  -3.6647959318350160E-002 ,  0.85520570116662220     
  -8.8139009239814270E-002 ,  -7.0183985503209742E-002 ,  0.76789306686827385     
 -0.12177971765306161      ,  -9.4198889559875751E-002 ,  0.68578266487044659     
 -0.14264343451741793      , -0.11029539148430681      ,  0.60932557376670549     
 -0.15042612718147422      , -0.11994634888404937      ,  0.53876239312829344     
 -0.14621684220682582      , -0.12446374781749646      ,  0.47415931772987213     
 -0.13268103414404056      , -0.12498684092459350      ,  0.41544303521539272     
 -0.11381094331129590      , -0.12248351306069007      ,  0.36243281295299978     
  -9.4196137785959796E-002 , -0.11776008759970902      ,  0.31486887817539688     
  -7.7960155084016103E-002 , -0.11147595722127562      ,  0.27243673610220331     
  -6.7708792378531599E-002 , -0.10416046098667439      ,  0.23478743889501760     
  -6.3897311301141763E-002 ,  -9.6230268745729916E-002 ,  0.20155404923322520     
  -6.4880047597921084E-002 ,  -8.8006169680094323E-002 ,  0.17236467135236386     
  -6.7632128357348290E-002 ,  -7.9728619465646910E-002 ,  0.14685248014890553     
  -6.8875875474039089E-002 ,  -7.1571715908854167E-002 ,  0.12466318963701144     
  -6.6213132595094967E-002 ,  -6.3655481380319207E-002 ,  0.10546038361411331     
  -5.8887636329596212E-002 ,  -5.6056462123818873E-002 ,   8.8929096525659293E-002
  -4.7944658062027683E-002 ,  -4.8816733180471229E-002 ,   7.4777989758615271E-002
  -3.5761585937233248E-002 ,  -4.1951440676735785E-002 ,   6.2740423449201291E-002
  -2.5134972535176322E-002 ,  -3.5455032936478358E-002 ,   5.2574679744355923E-002
  -1.8261943888259340E-002 ,  -2.9306336777311121E-002 ,   4.4063552248866676E-002
  -1.5983902848779062E-002 ,  -2.3472631137315080E-002 ,   3.7013479116549064E-002
  -1.7550022709790804E-002 ,  -1.7912860613176592E-002 ,   3.1253364298961861E-002
  -2.0956046109544896E-002 ,  -1.2580119031930273E-002 ,   2.6633202873642056E-002
  -2.3704995438699621E-002 ,  -7.4235194168164684E-003 ,   2.3022601941961349E-002
  -2.3696524123499259E-002 ,  -2.3895526643297050E-003 ,   2.0309267999732566E-002
  -1.9924673883348162E-002 ,   2.5769764294678002E-003 ,   1.8397514567913990E-002
  -1.2751050565850968E-002 ,   7.5323600723385788E-003 ,   1.7206829832404586E-002
  -3.6826541364627864E-003 ,   1.2533681512562971E-002 ,   1.6670532691262046E-002
   5.2397493253005262E-003 ,   1.7638739228033853E-002 ,   1.6734536573687991E-002
   1.2205965431096769E-002 ,   2.2906157954650883E-002 ,   1.7356233333978746E-002
   1.6275471101077684E-002 ,   2.8395651775810059E-002 ,   1.8503504123173291E-002
   1.7673419622865980E-002 ,   3.4168411947193139E-002 ,   2.0153860122593532E-002
   1.7659679735926758E-002 ,   4.0287598573695890E-002 ,   2.2293713141477826E-002
   1.8042177814762785E-002 ,   4.6818920772964574E-002 ,   2.4917774122068557E-002
   2.0526766210921411E-002 ,   5.3831294641373525E-002 ,   2.8028576376258642E-002
   2.6142284316022332E-002 ,   6.1397572269541886E-002 ,   3.1636119741692989E-002
   3.4938781550191519E-002 ,   6.9595338313741359E-002 ,   3.5757631659391192E-002
   4.6048926095506197E-002 ,   7.8507773281989768E-002 ,   4.0417441327286856E-002
   5.8070072401077880E-002 ,   8.8224584786854909E-002 ,   4.5646963479192816E-002
   6.9614600974850491E-002 ,   9.8843009576148722E-002 ,   5.1484788894276025E-002
   7.9825513383035951E-002 ,  0.11046889017470396      ,   5.7976879384914290E-002
   8.8677748181821836E-002 ,  0.12321783041693192      ,   6.5176865672310277E-002
   9.6971341710561917E-002 ,  0.13721643393795990      ,   7.3146447170941875E-002
  0.10603676846841432      ,  0.15260362868110805      ,   8.1955893190802181E-002
  0.11727368591646591      ,  0.16953207845828508      ,   9.1684645344361937E-002
  0.13169657157902004      ,  0.18816967925929715      ,  0.10242202090719046     
  0.14964803388816514      ,  0.20870113291326453      ,  0.11426801639108988     
  0.17077151155132864      ,  0.23132958326445305      ,  0.12733420946757795     
  0.19423818170656817      ,  0.25627828942655712      ,  0.14174475538966241     
  0.21913365939820026      ,  0.28379229583655963      ,  0.15763747088302618     
  0.24485847055680296      ,  0.31414003829503662      ,  0.17516499368889293     
  0.27139846393284972      ,  0.34761479704822135      ,  0.19449599897351566     
  0.29937493002118265      ,  0.38453586975492132      ,  0.21581644392278115     
  0.32986865450178432      ,  0.42524928569696840      ,  0.23933079802753432     
  0.36409550343238445      ,  0.47012781380497676      ,  0.26526319755009375     
  0.40306195869908856      ,  0.51956992601299135      ,  0.29385843679191381     
  0.44732912266890112      ,  0.57399725820589576      ,  0.32538267396696935     
  0.49696566889305127      ,  0.63384995688781476      ,  0.36012368314484444     
  0.55169479863572601      ,  0.69957910375106158      ,  0.39839042277848546     
  0.61116642646478136      ,  0.77163516659707754      ,  0.44051161226904401     
  0.67524040631063675      ,  0.85045113084173762      ,  0.48683290717601213     
  0.74416671015076274      ,  0.93641862573563228      ,  0.53771213779833738     
  0.81859481170329929      ,   1.0298549921469877      ,  0.59351192318830193     
  0.89941738940359128      ,   1.1309588877514196      ,  0.65458879492291688     
  0.98751755446187317      ,   1.2397517747754763      ,  0.72127777049431474     
   1.0835101088546915      ,   1.3560026313389530      ,  0.79387112490455902     
   1.1875338072273356      ,   1.4791337050455708      ,  0.87258995955215146     
   1.2990838536839162      ,   1.6081064368808913      ,  0.95754712642466444     
   1.4168197664950435      ,   1.7412893019177593      ,   1.0487002384026967     
   1.5383006859635473      ,   1.8763138155898438      ,   1.1457940364240928     
   1.6597228313258745      ,   2.0099318942507094      ,   1.2482924930836636     
   1.7759129535323193      ,   2.1378973961878445      ,   1.3553029398616954     
   1.8808763647912581      ,   2.2549064777318151      ,   1.4654974099608737     
   1.9688921771824315      ,   2.3546433513064033      ,   1.5770403371301229     
   2.0356313195097746      ,   2.4299858367995242      ,   1.6875364451886767     
   2.0786208590311195      ,   2.4734218891438644      ,   1.7940172231606923     
   2.0968408152034717      ,   2.4777056673536721      ,   1.8929871604190438     
   2.0897870012843160      ,   2.4367331707699966      ,   1.9805495722426576     
   2.0564782527457317      ,   2.3465443731214122      ,   2.0526239233744605     
   1.9947580852621705      ,   2.2062768910334571      ,   2.1052507294668348     
   1.9011421740740602      ,   2.0188375363135775      ,   2.1349578202379615     
   1.7715017294233371      ,   1.7910618331619277      ,   2.1391383069182974     
   1.6029321700818278      ,   1.5332228917328097      ,   2.1163745456471621     
   1.3969068149583557      ,   1.2579174386146803      ,   2.0666422782241312     
   1.1628960176434124      ,  0.97854134297999718      ,   1.9913488137310020     
  0.91992514328911479      ,  0.70769136313762082      ,   1.8931943560315410     
  0.69181268256998352      ,  0.45583824664640421      ,   1.7758848688803412     
  0.49517464560196334      ,  0.23050927023430751      ,   1.6437546594339536     
  0.33108341755483534      ,   3.6050505143438528E-002 ,   1.5013681551015559     
  0.18998002789819848      , -0.12611607209068093      ,   1.3531623917873992     
   6.1498646655449143E-002 , -0.25691646736808738      ,   1.2031709132144586     
  -6.0442429238593415E-002 , -0.35892099368569275      ,   1.0548452921163320     
 -0.17701828682362328      , -0.43566570606659138      ,  0.91096991287466522     
 -0.28552737904047226      , -0.49109073009665027      ,  0.77365276665340721     
 -0.38076227566724813      , -0.52913030916021508      ,  0.64436993400604248     
 -0.45639843131202362      , -0.55344944453988010      ,  0.52404215255857545     
 -0.50656950197906014      , -0.56730092427670731      ,  0.41312580382037600     
 -0.52785826588168960      , -0.57347008422848955      ,  0.31170564749703555     
 -0.52150920080454743      , -0.57427697668179878      ,  0.21958131569322537     
 -0.49495156263513340      , -0.57161183544461391      ,  0.13634331255018414     
 -0.46124917974052360      , -0.56698665329823184      ,   6.1436906494710515E-002
 -0.43566140675053211      , -0.56159171937918373      ,  -5.7860203865394491E-003
 -0.43036029728571162      , -0.55635054902165548      ,  -6.6026161440253139E-002
 -0.45001430951759275      , -0.55196980285759600      , -0.12000557659049557     
 -0.49050589434643710      , -0.54898280315761561      , -0.16844453580434451     
 -0.54112083366582941      , -0.54778643087851842      , -0.21204493240616626     
 -0.58903961415970618      , -0.54867180518917957      , -0.25147893945101157     
 -0.62428231827361125      , -0.55184942003972071      , -0.28738176978518815     
 -0.64317472464734271      , -0.55746948611134617      , -0.32034758760914694     
 -0.64904419351835696      , -0.56563819546380900      , -0.35092779030212551     
 -0.65009371756765144      , -0.57643054706452279      , -0.37963102752785310     
 -0.65566027738155375      , -0.58990027587016369      , -0.40692444907360542     
 -0.67264748220476034      , -0.60608733244994850      , -0.43323577496980942     
 -0.70350827735960009      , -0.62502327145361625      , -0.45895586375767139     
 -0.74617777543185060      , -0.64673482781757508      , -0.48444152011735980     
 -0.79556249630503728      , -0.67124588940194041      , -0.51001833407320762     
 -0.84581853176042454      , -0.69857801281065290      , -0.53598338297267722     
 -0.89253265626119216      , -0.72874957445346822      , -0.56260765637729260     
 -0.93402735746244558      , -0.76177360083665890      , -0.59013808461061679     
 -0.97141889544084781      , -0.79765428065106081      , -0.61879906548882424     
  -1.0076291570349700      , -0.83638212735544426      , -0.64879339212775489     
  -1.0459591056516193      , -0.87792773658273071      , -0.68030248910997815     
  -1.0888683436987125      , -0.92223407105529098      , -0.71348586628439714     
  -1.1373482451400079      , -0.96920721151846778      , -0.74847970091958682     
  -1.1909456162469303      ,  -1.0187055419305131      , -0.78539446213172392     
  -1.2482510520379779      ,  -1.0705273990196120      , -0.82431149933192061     
  -1.3075563181358854      ,  -1.1243973202013882      , -0.86527853247538133     
  -1.3673967480189888      ,  -1.1799511806106666      , -0.90830401053099619     
  -1.4268028931797592      ,  -1.2367207301277516      , -0.95335035097060483     
  -1.4852424648918052      ,  -1.2941183324021865      ,  -1.0003261428697443     
  -1.5423661104307897      ,  -1.3514230708375985      ,  -1.0490774950421622     
  -1.5977212060033705      ,  -1.4077698097463391      ,  -1.0993788430539364     
  -1.6505627841523101      ,  -1.4621432513207209      ,  -1.1509236968342043     
  -1.6998116632461984      ,  -1.5133794522476787      ,  -1.2033160107705185     
  -1.7441357220435874      ,  -1.5601775654106953      ,  -1.2560630796131806     
  -1.7820897699644276      ,  -1.6011246243680743      ,  -1.3085710842048905     
  -1.8122471076674536      ,  -1.6347358360637099      ,  -1.3601445955361895     
  -1.8332796327591514      ,  -1.6595119318158782      ,  -1.4099914444430315     
  -1.8439748843800259      ,  -1.6740135290221811      ,  -1.4572343171030444     
  -1.8432031177338042      ,  -1.6769501584963395      ,  -1.5009301808173732     
  -1.8298604370870959      ,  -1.6672787674971616      ,  -1.5400981306903612     
  -1.8028187664922362      ,  -1.6443034919369328      ,  -1.5737554593945751     
  -1.7609162327564116      ,  -1.6077659040101648      ,  -1.6009607280829263     
  -1.7030258713429625      ,  -1.5579135285661139      ,  -1.6208614663653091     
  -1.6282439709518921      ,  -1.4955348932514001      ,  -1.6327430334951276     
  -1.5362310787245457      ,  -1.4219521617279289      ,  -1.6360743587605571     
  -1.4276990025304557      ,  -1.3389674036710908      ,  -1.6305459717501778     
  -1.3049453738812955      ,  -1.2487650483012311      ,  -1.6160960912620492     
  -1.1721997547813752      ,  -1.1537797725597216      ,  -1.5929215969596866     
  -1.0354443381156577      ,  -1.0565444878607058      ,  -1.5614723340519292     
 -0.90148338305080067      , -0.95953593668434656      ,  -1.5224291288345679     
 -0.77646951235608863      , -0.86503506073693992      ,  -1.4766677720079291     
 -0.66457962524062086      , -0.77501596540308193      ,  -1.4252127180413876     
 -0.56751163834672624      , -0.69107193118611820      ,  -1.3691851115140485     
 -0.48488441073702077      , -0.61438085835291323      ,  -1.3097498964083438     
 -0.41510076839600735      , -0.54570708471447615      ,  -1.2480662595137457     
 -0.35619744727027119      , -0.48543260907053182      ,  -1.1852446890097597     
 -0.30644381422251410      , -0.43360875900124374      ,  -1.1223127313895014     
 -0.26464911803207902      , -0.39001913247825576      ,  -1.0601903307828902     
 -0.23022365727136071      , -0.35424575937535829      , -0.99967460534226515     
 -0.20306464307544597      , -0.32573229227028422      , -0.94143315192369736     
 -0.18334189356482339      , -0.30384011645547843      , -0.88600449845689855     
 -0.17125260515463356      , -0.28789518263124692      , -0.83380411625177198     
 -0.16680152294859385      , -0.27722489743748402      , -0.78513440532441636     
 -0.16964725129939207      , -0.27118548665555725      , -0.74019720831002611     
 -0.17904037423072688      , -0.26918090226847574      , -0.69910763092864081     
 -0.19386380020044189      , -0.27067465841662991      , -0.66190819981108051     
 -0.21276753738629794      , -0.27519604925744096      , -0.62858263694646577     
 -0.23436860542502097      , -0.28234211350831079      , -0.59906875283833150     
 -0.25746712313872261      , -0.29177653783712260      , -0.57327014725614533     
 -0.28122084856246171      , -0.30322648557970211      , -0.55106655451075470     
 -0.30522984964576161      , -0.31647813139018632      , -0.53232278152552437     
 -0.32951008425582390      , -0.33137149483996187      , -0.51689626622335638     
 -0.35437001924941525      , -0.34779500501769461      , -0.50464333648177084     
 -0.38023425607367090      , -0.36568009573819377      , -0.49542428169247349     
 -0.40747145907543314      , -0.38499602525408183      , -0.48910736481874190     
 -0.43627718855030967      , -0.40574503181382809      , -0.48557190700941305     
 -0.46663972302812473      , -0.42795787285999853      , -0.48471057270616202     
 -0.49838757542586093      , -0.45168974702394493      , -0.48643097339798735     
 -0.53129123626321517      , -0.47701656066061776      , -0.49065669468592232     
 -0.56517693050666484      , -0.50403147131716031      , -0.49732783551610799     
 -0.60001100321871559      , -0.53284161661660823      , -0.50640113126787600     
 -0.63592865669774401      , -0.56356491644376672      , -0.51784971444532857     
 -0.67320365777551561      , -0.59632681739133375      , -0.53166254835454352     
 -0.71217712264239197      , -0.63125682995497168      , -0.54784355050508726     
 -0.75317558129545681      , -0.66848469021474177      , -0.56641040358499717     
 -0.79644775973317883      , -0.70813595849571220      , -0.58739303269851206     
 -0.84213792047323111      , -0.75032684820996909      , -0.61083170811569854     
 -0.89029709882520347      , -0.79515806005460743      , -0.63677471314776146     
 -0.94091905697133371      , -0.84270738243510879      , -0.66527549721122536     
 -0.99398034132283553      , -0.89302081239096343      , -0.69638921528000819     
  -1.0494651280988834      , -0.94610195840523448      , -0.73016853783086644     
  -1.1073636380854193      ,  -1.0018995157737431      , -0.76665860183091661     
  -1.1676434839426917      ,  -1.0602926681694629      , -0.80589096597885568     
  -1.2302018224024749      ,  -1.1210743804092265      , -0.84787643615008990     
  -1.2948098827634871      ,  -1.1839327250420781      , -0.89259664507869874     
  -1.3610604277313609      ,  -1.2484306490633519      , -0.93999431056875693     
  -1.4283253793196493      ,  -1.3139849560736494      , -0.98996216730446873     
  -1.4957282413239872      ,  -1.3798457674096958      ,  -1.0423306780223585     
  -1.5621357649616743      ,  -1.4450783338110693      ,  -1.0968547897873986     
  -1.6261746307318958      ,  -1.5085497731547308      ,  -1.1532002176860552     
  -1.6862785028361718      ,  -1.5689240468697017      ,  -1.2109300134128256     
  -1.7407652216407068      ,  -1.6246691407812124      ,  -1.2694925020919510     
  -1.7879328763822655      ,  -1.6740808026929315      ,  -1.3282120238056812     
  -1.8261519364537238      ,  -1.7153270618634235      ,  -1.3862842519564700     
  -1.8539262860112338      ,  -1.7465168280709595      ,  -1.4427781088534570     
  -1.8699036454998241      ,  -1.7657938748848623      ,  -1.4966463657802502     
  -1.8728330649774896      ,  -1.7714543110066963      ,  -1.5467467920685003     
  -1.8614867248035829      ,  -1.7620813487078815      ,  -1.5918751048897211     
  -1.8345796058205281      ,  -1.7366862849086970      ,  -1.6308099101921392     
  -1.7907334653595874      ,  -1.6948400507549732      ,  -1.6623683407229719     
  -1.7285435970006342      ,  -1.6367767362150747      ,  -1.6854693344275800     
  -1.6468163781302272      ,  -1.5634504866980163      ,  -1.6991997322826975     
  -1.5450377367415471      ,  -1.4765310201841704      ,  -1.7028769857454698     
  -1.4240737570952209      ,  -1.3783307488594123      ,  -1.6961016460448777     
  -1.2869539523534193      ,  -1.2716669436537500      ,  -1.6787932562460715     
  -1.1393496667701408      ,  -1.1596733249467557      ,  -1.6512048610538417     
 -0.98918528911285164      ,  -1.0455842051320325      ,  -1.6139138845134358     
 -0.84505346126615044      , -0.93251858183882830      ,  -1.5677901395865363     
 -0.71394440628241829      , -0.82329035218042435      ,  -1.5139446234270537     
 -0.59958281075543340      , -0.72026464386512257      ,  -1.4536649478973556     
 -0.50229859037245239      , -0.62527101860698397      ,  -1.3883443792293637     
 -0.42013729281990825      , -0.53957446906770634      ,  -1.3194114175192606     
 -0.35027662523185876      , -0.46389691918436793      ,  -1.2482658107355322     
 -0.29010930209538854      , -0.39847670576091254      ,  -1.1762252245048130     
 -0.23783377843175771      , -0.34315158107041943      ,  -1.1044848893203174     
 -0.19262497188550531      , -0.29745160266351045      ,  -1.0340907775608119     
 -0.15450698135270166      , -0.26069089022894731      , -0.96592546022966486     
 -0.12404856322441787      , -0.23205059843253328      , -0.90070485909712150     
 -0.10198906142890375      , -0.21064875873199193      , -0.83898363355433903     
  -8.8880051931145176E-002 , -0.19559537939723376      , -0.78116684156170324     
  -8.4802247033576347E-002 , -0.18603315816078411      , -0.72752567936784129     
  -8.9197421003926081E-002 , -0.18116536963129981      , -0.67821542530855661     
 -0.10084229734312315      , -0.18027307394903186      , -0.63329409850843954     
 -0.11797652653801442      , -0.18272393010137675      , -0.59274072934587274     
 -0.13857000234759465      , -0.18797475401396574      , -0.55647248585787767     
 -0.16067582325947291      , -0.19556967171577358      , -0.52436018980393284     
 -0.18277889460776275      , -0.20513537557731906      , -0.49624198298935779     
 -0.20403861150228783      , -0.21637465526718860      , -0.47193507244194055     
 -0.22435102953408015      , -0.22905907577723930      , -0.45124560031800964     
 -0.24421477449060583      , -0.24302142513539784      , -0.43397676066707219     
 -0.26445108403958539      , -0.25814835544495218      , -0.41993532984433485     
 -0.28587409326705010      , -0.27437348785925458      , -0.40893679872533489     
 -0.30901668161476553      , -0.29167113772052305      , -0.40080929976955437     
 -0.33399055275845790      , -0.31005073261561378      , -0.39539651574186374     
 -0.36050970781780439      , -0.32955193639568431      , -0.39255974355020584     
 -0.38805183625158235      , -0.35024045017466282      , -0.39217926911047751     
 -0.41608941807941691      , -0.37220443197803904      , -0.39415518944159794     
 -0.44430452313282665      , -0.39555145607950276      , -0.39840779768278439     
 -0.47271393798895522      , -0.42040591799337096      , -0.40487762625429907     
 -0.50166922915715284      , -0.44690677909479126      , -0.41352522341094500     
 -0.53174450277575491      , -0.47520553392195697      , -0.42433071913709575     
 -0.56356384383028935      , -0.50546427174952702      , -0.43729321766365337     
 -0.59763634537298727      , -0.53785369066681721      , -0.45243003565478301     
 -0.63425567899631974      , -0.57255090604011283      , -0.46977578700513067     
 -0.67349069675264273      , -0.60973687501055940      , -0.48938129681772835     
 -0.71525726475405393      , -0.64959323398722135      , -0.51131230806695893     
 -0.75943326722501880      , -0.69229831675282183      , -0.53564792425562802     
 -0.80596778536082847      , -0.73802208723464602      , -0.56247870966875946     
 -0.85494399703232082      , -0.78691968457225403      , -0.59190434535887448     
 -0.90657800852961579      , -0.83912324162272045      , -0.62403071376360286     
 -0.96116203781504828      , -0.89473160635231996      , -0.65896625826376010     
  -1.0189789605440900      , -0.95379757650101715      , -0.69681743709137578     
  -1.0802195064900686      ,  -1.0163122633497086      , -0.73768306581018306     
  -1.1449237664257361      ,  -1.0821862475180342      , -0.78164732251353786     
  -1.2129515806359044      ,  -1.1512273020640964      , -0.82877118020333218     
  -1.2839706057374671      ,  -1.2231146665016239      , -0.87908203927150175     
  -1.3574435339101034      ,  -1.2973701971690170      , -0.93256137033902720     
  -1.4326000590310100      ,  -1.3733272361202213      , -0.98913025796572596     
  -1.5083929524247406      ,  -1.4500987710790152      ,  -1.0486328760822481     
  -1.5834551675448774      ,  -1.5265474263521797      ,  -1.1108181454454200     
  -1.6560877529233686      ,  -1.6012610163540415      ,  -1.1753201399794371     
  -1.7243076691792496      ,  -1.6725387318242921      ,  -1.2416382341557344     
  -1.7859653848159240      ,  -1.7383943355206446      ,  -1.3091185144058646     
  -1.8389091974737375      ,  -1.7965837066088675      ,  -1.3769385845074287     
  -1.8811435811759250      ,  -1.8446642303873391      ,  -1.4440985090625240     
  -1.9109226998091029      ,  -1.8800923057294496      ,  -1.5094211411549825     
  -1.9267440883364855      ,  -1.9003620552261886      ,  -1.5715652975031595     
  -1.9272475019704469      ,  -1.9031827982302114      ,  -1.6290549666315841     
  -1.9110593914244067      ,  -1.8866851170226828      ,  -1.6803267568421569     
  -1.8766456312666389      ,  -1.8496363551116888      ,  -1.7237959816215145     
  -1.8222507561130710      ,  -1.7916380410675179      ,  -1.7579391792960299     
  -1.7460211421888296      ,  -1.7132726957006661      ,  -1.7813877595971110     
  -1.6464278269508563      ,  -1.6161684807156373      ,  -1.7930244250309093     
  -1.5230844231461320      ,  -1.5029588695350191      ,  -1.7920717886868647     
  -1.3779188439950198      ,  -1.3771305048812259      ,  -1.7781619623086107     
  -1.2163269468442610      ,  -1.2427725453127778      ,  -1.7513773102249932     
  -1.0474750139887885      ,  -1.1042599496768615      ,  -1.7122560386931081     
 -0.88276980787928550      , -0.96591582889212391      ,  -1.6617612036872165     
 -0.73248231555749954      , -0.83170052098099057      ,  -1.6012170039848961     
 -0.60243383928900229      , -0.70496700230654741      ,  -1.5322206851177955     
 -0.49310755323165156      , -0.58830656487150945      ,  -1.4565410779602899     
 -0.40131883259725720      , -0.48349030064061937      ,  -1.3760153333794944     
 -0.32264980731304138      , -0.39149578312941646      ,  -1.2924539848468182     
 -0.25324539316751354      , -0.31259772590773183      ,  -1.2075617072594529     
 -0.19069350537604651      , -0.24649732083023929      ,  -1.1228778477963137     
 -0.13420419669672778      , -0.19246644036208602      ,  -1.0397377047734631     
  -8.4337971063127043E-002 , -0.14948788969210711      , -0.95925310181428824     
  -4.2489803127413496E-002 , -0.11637925082458615      , -0.88230924416551371     
  -1.0296270199450515E-002 ,  -9.1893903499562668E-002 , -0.80957411805612767     
   1.0916291997477786E-002 ,  -7.4797586472046762E-002 , -0.74151662997261869     
   2.0574911329329541E-002 ,  -6.3922072050415557E-002 , -0.67843005825751912     
   1.9152246143034877E-002 ,  -5.8199293618304448E-002 , -0.62045799615403852     
   8.2634214145804082E-003 ,  -5.6679925827361408E-002 , -0.56762064194083117     
  -9.4810595267968509E-003 ,  -5.8540348368154201E-002 , -0.51983993214592517     
  -3.0885129947695638E-002 ,  -6.3081452805168317E-002 , -0.47696256091195804     
  -5.2781533027646335E-002 ,  -6.9722116155089525E-002 , -0.43878036149152644     
  -7.2696083441876502E-002 ,  -7.7989515728857151E-002 , -0.40504784664213661     
  -8.9350936212614529E-002 ,  -8.7507878633341765E-002 , -0.37549692761449566     
 -0.10282910624135283      ,  -9.7986779594274140E-002 , -0.34984897538591037     
 -0.11434062709732211      , -0.10920972673848564      , -0.32782447175601614     
 -0.12567690125508993      , -0.12102349597512529      , -0.30915053859972014     
 -0.13854577587220618      , -0.13332847406205278      , -0.29356664452594172     
 -0.15400702468716507      , -0.14607013108359065      , -0.28082877981958682     
 -0.17217834365447424      , -0.15923164952925400      , -0.27071237047079422     
 -0.19228379631761172      , -0.17282767687931797      , -0.26301417569665608     
 -0.21300396059249130      , -0.18689913183338283      , -0.25755338429269542     
 -0.23299132293294053      , -0.20150897378470639      , -0.25417209580375427     
 -0.25136441405685361      , -0.21673883553326737      , -0.25273534436015060     
 -0.26800924269984761      , -0.23268641671678922      , -0.25313079693558804     
 -0.28359380778969528      , -0.24946353727361886      , -0.25526823416466127     
 -0.29931090913099656      , -0.26719475444867991      , -0.25907890083227025     
 -0.31646181978403726      , -0.28601645195124986      , -0.26451479464037853     
 -0.33604142799401360      , -0.30607631475629160      , -0.27154794566341145     
 -0.35847053016360936      , -0.32753310681370912      , -0.28016972472774587     
 -0.38355571906162345      , -0.35055667081892139      , -0.29039020643681313     
 -0.41067067085370479      , -0.37532806847835753      , -0.30223760130804356     
 -0.43907591681274882      , -0.40203977563750370      , -0.31575776104721937     
 -0.46825186418028419      , -0.43089583842782897      , -0.33101375087482215     
 -0.49812451112287182      , -0.46211188333042980      , -0.34808547250654798     
 -0.52911178880278031      , -0.49591485471487706      , -0.36706931029059908     
 -0.56199099684667986      , -0.53254232681396518      , -0.38807776046718501     
 -0.59765473086691712      , -0.57224120193494643      , -0.41123898881699250     
 -0.63685758625121092      , -0.61526556162170254      , -0.43669624430404413     
 -0.68004770471563081      , -0.66187338119341854      , -0.46460703482419996     
 -0.72733392949350772      , -0.71232174967747208      , -0.49514194493394065     
 -0.77858186392804607      , -0.76686015654029704      , -0.52848294357277537     
 -0.83358377268359185      , -0.82572131529877424      , -0.56482099157809673     
 -0.89222506713487248      , -0.88910889631946843      , -0.60435271386681955     
 -0.95457996915433718      , -0.95718144561732144      , -0.64727584989268017     
  -1.0209038773438857      ,  -1.0300316888973573      , -0.69378314002236041     
  -1.0915326419975193      ,  -1.1076603862467747      , -0.74405424852281254     
  -1.1667295638416628      ,  -1.1899439527310121      , -0.79824527282869806     
  -1.2465273761547322      ,  -1.2765952520927344      , -0.85647535524582685     
  -1.3305966551102322      ,  -1.3671173852263221      , -0.91880991527361622     
  -1.4181481285508297      ,  -1.4607510350535038      , -0.98524008462433921     
  -1.5078622548636591      ,  -1.5564171138177354      ,  -1.0556580887928402     
  -1.5978468866292626      ,  -1.6526582029154728      ,  -1.1298286242713289     
  -1.6856490139420932      ,  -1.7475846497656911      ,  -1.2073567810173433     
  -1.7683662524889958      ,  -1.8388341462472721      ,  -1.2876538045436170     
  -1.8428854883123353      ,  -1.9235568958115867      ,  -1.3699030094540989     
  -1.9062092400175383      ,  -1.9984414754470683      ,  -1.4530294256971485     
  -1.9557549879243417      ,  -2.0597981597360326      ,  -1.5356781714554506     
  -1.9894973781196825      ,  -2.1037152903137084      ,  -1.6162078635177315     
  -2.0058913026274880      ,  -2.1262985059202357      ,  -1.6927062008074754     
  -2.0036132405847007      ,  -2.1239908924464261      ,  -1.7630346532475247     
  -1.9812241531930366      ,  -2.0939542405694795      ,  -1.8249073791125396     
  -1.9368793699380924      ,  -2.0344698460352229      ,  -1.8760056647451384     
  -1.8682243430601173      ,  -1.9452969176045305      ,  -1.9141233645507050     
  -1.7726503480079883      ,  -1.8279153874829066      ,  -1.9373317682185185     
  -1.6481216595706443      ,  -1.6855855241203963      ,  -1.9441455890870691     
  -1.4947178299815340      ,  -1.5231832073349167      ,  -1.9336674312105187     
  -1.3166761274749152      ,  -1.3468136481388202      ,  -1.9056880830014979     
  -1.1239599456763740      ,  -1.1632561703974931      ,  -1.8607252165892612     
 -0.93152637616431588      , -0.97933229922058140      ,  -1.7999928104286804     
 -0.75482318680601013      , -0.80130503042066714      ,  -1.7253055011865772     
 -0.60338320192449391      , -0.63440384938197447      ,  -1.6389329214769353     
 -0.47783956656548210      , -0.48253394132337513      ,  -1.5434260887480573     
 -0.37254510915835132      , -0.34818283590830196      ,  -1.4414396800717835     
 -0.28022640915516950      , -0.23249812814134732      ,  -1.3355709038006018     
 -0.19517123958666305      , -0.13548555971593074      ,  -1.2282293332833776     
 -0.11446420395325901      ,  -5.6269906219155272E-002 ,  -1.1215446562215881     
  -3.7978915262656454E-002 ,   6.6318975710786821E-003 ,  -1.0173126590833490     
   3.2293280051512441E-002 ,   5.5061524558877140E-002 , -0.91697499538263172     
   9.3193154496277394E-002 ,   9.1014157251776917E-002 , -0.82162566727776609     
  0.14135669959611866      ,  0.11648438835860699      , -0.73203639435533829     
  0.17406378359329641      ,  0.13336077817771405      , -0.64869359043157415     
  0.18995529177592477      ,  0.14336166147433382      , -0.57184093095123456     
  0.18960271356446257      ,  0.14800295290998974      , -0.50152299788620158     
  0.17581555666515847      ,  0.14858893126008563      , -0.43762692591034791     
  0.15347590418022491      ,  0.14621829166196354      , -0.37992018122204974     
  0.12872581727407209      ,  0.14179943589764171      , -0.32808352909402183     
  0.10757064599087877      ,  0.13607060347492927      , -0.28173890008174274     
   9.4305224181135780E-002 ,  0.12962183015824019      , -0.24047229154001515     
   9.0373262274986280E-002 ,  0.12291679566143585      , -0.20385209363802392     
   9.4145362035895866E-002 ,  0.11631340530896644      , -0.17144335712803233     
  0.10171428352214684      ,  0.11008249150981247      , -0.14281856471464840     
  0.10839549717675792      ,  0.10442437711713656      , -0.11756546009112379     
  0.11038190996787681      ,   9.9483265975480822E-002 ,  -9.5292450698742537E-002
  0.10599333568523676      ,   9.5359557810579046E-002 ,  -7.5632046969053610E-002
   9.6134982102575928E-002 ,   9.2120256097234787E-002 ,  -5.8242741815565935E-002
   8.3849545054590913E-002 ,   8.9807670522331809E-002 ,  -4.2809675278040152E-002
   7.3145431742373188E-002 ,   8.8446624947945987E-002 ,  -2.9044373790967137E-002
   6.7535194642258031E-002 ,   8.8050377067792895E-002 ,  -1.6683803224649796E-002
   6.8820599745669314E-002 ,   8.8625443418063860E-002 ,  -5.4889303017962065E-003
   7.6550991162722154E-002 ,   9.0175506903978228E-002 ,   4.7570517042281801E-003
   8.8310807581405262E-002 ,   9.2704565893845861E-002 ,   1.4250710197358178E-002
  0.10068520931270188      ,   9.6219465629758111E-002 ,   2.3170478593267770E-002
  0.11052332589885661      ,  0.10073193503900983      ,   3.1678808289697137E-002
  0.11603696095747748      ,  0.10626023546901686      ,   3.9924315065625528E-002
  0.11735786670803074      ,  0.11283051264599034      ,   4.8043883403733036E-002
  0.11638845456158489      ,  0.12047792935848968      ,   5.6164704860415256E-002
  0.11603818502670264      ,  0.12924764397219127      ,   6.4406236612651963E-002
  0.11915161061002205      ,  0.13919568879702723      ,   7.2882074089193616E-002
  0.12752829792906981      ,  0.15038979239713457      ,   8.1701737491125151E-002
  0.14137660282168313      ,  0.16291018095003260      ,   9.0972376317400280E-002
  0.15936553536761089      ,  0.17685038546522014      ,  0.10080039897459114     
  0.17921901408965005      ,  0.19231807375030874      ,  0.11129303635303416     
  0.19861210155867809      ,  0.20943591808758993      ,  0.12255984902471209     
  0.21603585917245677      ,  0.22834250119983526      ,  0.13471418753482758     
  0.23132469972593933      ,  0.24919325368583059      ,  0.14787461413054032     
  0.24567613158189855      ,  0.27216140501006614      ,  0.16216629213985403     
  0.26118558023060146      ,  0.29743891648856235      ,  0.17772234594660688     
  0.28009519639565872      ,  0.32523734746483168      ,  0.19468518987864572     
  0.30404830608250383      ,  0.35578858369275485      ,  0.21320781800241143     
  0.33361844196559071      ,  0.38934532818804513      ,  0.23345503833546014     
  0.36826217839179232      ,  0.42618121744158366      ,  0.25560462372991749     
  0.40668272913829462      ,  0.46659037743175252      ,  0.27984833683908750     
  0.44744583778318253      ,  0.51088617139247883      ,  0.30639276713294245     
  0.48960666019239035      ,  0.55939881143258230      ,  0.33545989260639347     
  0.53311295523893021      ,  0.61247140525082377      ,  0.36728724609690205     
  0.57884574217125939      ,  0.67045388387585647      ,  0.40212752422049775     
  0.62830810706735096      ,  0.73369410400377422      ,  0.44024742390437027     
  0.68311299046496321      ,  0.80252523878664739      ,  0.48192542541007199     
  0.74448962574454847      ,  0.87724836805713469      ,  0.52744816004763362     
  0.81299870500394800      ,  0.95810896533412482      ,  0.57710490493869326     
  0.88853914134983902      ,   1.0452657805728223      ,  0.63117963775002872     
  0.97059649690538896      ,   1.1387504820354777      ,  0.68993996663175328     
   1.0585801100169583      ,   1.2384164273482181      ,  0.75362213632406572     
   1.1520621549271368      ,   1.3438752066554114      ,  0.82241122208398265     
   1.2507791393958021      ,   1.4544203201472676      ,  0.89641559472431365     
   1.3543618342667498      ,   1.5689387609178072      ,  0.97563482829485038     
   1.4618765644915288      ,   1.6858136658766292      ,   1.0599205065801458     
   1.5713500128087088      ,   1.8028248692118054      ,   1.1489299706560232     
   1.6794973352834530      ,   1.9170593339240956      ,   1.2420740599845279     
   1.7818599763599869      ,   2.0248499264203508      ,   1.3384614507544750     
   1.8734263732680270      ,   2.1217681005363196      ,   1.4368443490931841     
   1.9495370489243369      ,   2.2027020523138305      ,   1.5355729780716709     
   2.0066371990833276      ,   2.2620538223631388      ,   1.6325691829374855     
   2.0424975441755708      ,   2.2940825631095625      ,   1.7253318865775926     
   2.0558596337348027      ,   2.2934025096515773      ,   1.8109879719485740     
   2.0457533832792207      ,   2.2556108582566328      ,   1.8864000927656583     
   2.0107950487666688      ,   2.1779756365249536      ,   1.9483366994347122     
   1.9487094259178352      ,   2.0600674067786091      ,   1.9936988387326597     
   1.8562908983239002      ,   1.9041894755754216      ,   2.0197843039439829     
   1.7300717352880846      ,   1.7154692943814802      ,   2.0245557812127513     
   1.5680011919688404      ,   1.5015302430138926      ,   2.0068705581414674     
   1.3721868949509022      ,   1.2717598040209583      ,   1.9666297015238157     
   1.1518960387541761      ,   1.0362971825751546      ,   1.9048163682796677     
  0.92451382707586338      ,  0.80493991239132967      ,   1.8234138682300103     
  0.71107483191046705      ,  0.58618396610125834      ,   1.7252181534258575     
  0.52647535889371178      ,  0.38656124625243360      ,   1.6135790714816123     
  0.37295657404883575      ,  0.21034630813473335      ,   1.4921143988777912     
  0.24347723194187060      ,   5.9608695163686748E-002 ,   1.3644388805009304     
  0.12915784367895267      ,  -6.5479933137011226E-002 ,   1.2339398472094227     
   2.3763964472937785E-002 , -0.16620055027530495      ,   1.1036162944159156     
  -7.5182517835246654E-002 , -0.24481000764352695      ,  0.97598429919751772     
 -0.16685908262097557      , -0.30410886996064257      ,  0.85304136147876719     
 -0.24813960839622323      , -0.34709476490187574      ,  0.73627664433751827     
 -0.31473657023426416      , -0.37671289195006802      ,  0.62671257737338548     
 -0.36239984629433042      , -0.39569614814294074      ,  0.52496455981118595     
 -0.38821805223735500      , -0.40647782964416257      ,  0.43130818574931273     
 -0.39198489686763560      , -0.41115746707718875      ,  0.34574645755035577     
 -0.37729890631292878      , -0.41150210621487715      ,  0.26807221390270930     
 -0.35175283863978474      , -0.40896890310199524      ,  0.19792318892810590     
 -0.32559455408581706      , -0.40473875859198022      ,  0.13482868670199558     
 -0.30889393349985655      , -0.39975409662649936      ,   7.8247876867343358E-002
 -0.30826790458916797      , -0.39475651542952789      ,   2.7600314319150377E-002
 -0.32471325832266829      , -0.39032191242298492      ,  -1.7710416716385423E-002
 -0.35355788617461487      , -0.38689192741735651      ,  -5.8278932325788971E-002
 -0.38648856934912673      , -0.38480132170628584      ,  -9.4685166360762144E-002
 -0.41478089274918251      , -0.38430135678688487      , -0.12748546907213734     
 -0.43248370852351475      , -0.38557946906189577      , -0.15720688788408219     
 -0.43839758514321125      , -0.38877563790933228      , -0.18434394603443194     
 -0.43617351463703286      , -0.39399586905819672      , -0.20935734501658584     
 -0.43258925154059147      , -0.40132319833040991      , -0.23267411661505247     
 -0.43479357859114331      , -0.41082658358391927      , -0.25468883757681537     
 -0.44769739288350319      , -0.42256800707019559      , -0.27576559431625691     
 -0.47249251858412616      , -0.43660806267782115      , -0.29624044721241904     
 -0.50667631027597937      , -0.45301025559336150      , -0.31642419513785502     
 -0.54536838678291133      , -0.47184419680003337      , -0.33660528206910106     
 -0.58332428131404790      , -0.49318783156868379      , -0.35705272011539529     
 -0.61687510840302229      , -0.51712879917563415      , -0.37801892807114496     
 -0.64508692371915644      , -0.54376497977004823      , -0.39974240249018106     
 -0.66977343343016738      , -0.57320424278403181      , -0.42245014997122587     
 -0.69449046959263649      , -0.60556336871600913      , -0.44635981535506558     
 -0.72304327412681213      , -0.64096607180850518      , -0.47168144125200534     
 -0.75815223865427994      , -0.67954000459510544      , -0.49861879002709569     
 -0.80074047759765865      , -0.72141257642418488      , -0.52737015029433365     
 -0.84998225692911189      , -0.76670536747726248      , -0.55812853633776005     
 -0.90395622143996257      , -0.81552686917319506      , -0.59108117101442681     
 -0.96056655505326882      , -0.86796323453109814      , -0.62640812116689004     
  -1.0183500503818532      , -0.92406668383501045      , -0.66427993038313904     
  -1.0768806052238835      , -0.98384119101453216      , -0.70485406880495360     
  -1.1366822550562323      ,  -1.0472250883707017      , -0.74826999640014280     
  -1.1987760305308228      ,  -1.1140702913966432      , -0.79464261903395428     
  -1.2641084827675209      ,  -1.1841179882630797      , -0.84405391227026083     
  -1.3330961321348358      ,  -1.2569708943107780      , -0.89654250528706636     
  -1.4054103516902345      ,  -1.3320625811600497      , -0.95209106900782137     
  -1.4799994190081056      ,  -1.4086249955284553      ,  -1.0106114543405447     
  -1.5552591744958670      ,  -1.4856561204709910      ,  -1.0719276969676881     
  -1.6292433190386657      ,  -1.5618908147046162      ,  -1.1357572641826892     
  -1.6998387661463876      ,  -1.6357791596741007      ,  -1.2016912837629112     
  -1.7648882632902143      ,  -1.7054780339848252      ,  -1.2691749722667758     
  -1.8222821318254034      ,  -1.7688628873783263      ,  -1.3374900584707226     
  -1.8700408263717996      ,  -1.8235674200729917      ,  -1.4057416326856329     
  -1.9063814403663868      ,  -1.8670585584756816      ,  -1.4728524544807782     
  -1.9297378842679416      ,  -1.8967521385750084      ,  -1.5375681751794532     
  -1.9387096836215487      ,  -1.9101705150628026      ,  -1.5984769812271005     
  -1.9319433686034038      ,  -1.9051366868038477      ,  -1.6540466183546458     
  -1.9079835393546265      ,  -1.8799909029060546      ,  -1.7026804229180070     
  -1.8651566779867088      ,  -1.8338064567641899      ,  -1.7427917898376235     
  -1.8015733168591344      ,  -1.7665738233804884      ,  -1.7728935811366489     
  -1.7153587311959979      ,  -1.6793193399910480      ,  -1.7916957382361516     
  -1.6052344597316843      ,  -1.5741287994909499      ,  -1.7982014834472844     
  -1.4715180755007971      ,  -1.4540585711738296      ,  -1.7917907942460058     
  -1.3173961002680046      ,  -1.3229355864692047      ,  -1.7722800115972297     
  -1.1499045793735503      ,  -1.1850684983651558      ,  -1.7399488134297523     
 -0.97960870757890250      ,  -1.0449098261764556      ,  -1.6955300711564372     
 -0.81816961137494049      , -0.90671780055009554      ,  -1.6401634518064443     
 -0.67454553086141811      , -0.77426443399857336      ,  -1.5753188259838156     
 -0.55236550346601399      , -0.65062418559314306      ,  -1.5026994293425207     
 -0.45024285876008086      , -0.53805960856055846      ,  -1.4241365517228026     
 -0.36408150402433404      , -0.43800192017994610      ,  -1.3414871510683963     
 -0.28941462361910247      , -0.35111004356225739      ,  -1.2565436330226010     
 -0.22284171576975975      , -0.27738372851379317      ,  -1.1709618668190174     
 -0.16259133522240515      , -0.21630490680726164      ,  -1.0862101432000582     
 -0.10847985617721939      , -0.16698485479310698      ,  -1.0035388660824414     
  -6.1504689154700455E-002 , -0.12830075441590932      , -0.92396866930221366     
  -2.3265887064889600E-002 ,  -9.9011800828282467E-002 , -0.84829344980179178     
   4.6331062012780720E-003 ,  -7.7850703932708876E-002 , -0.77709439787087953     
   2.1108752712902329E-002 ,  -6.3590613793592488E-002 , -0.71076127246323817     
   2.5991145046037792E-002 ,  -5.5090083998159803E-002 , -0.64951768650273467     
   2.0246563729612116E-002 ,  -5.1319928652182122E-002 , -0.59344783846858606     
   5.9787942096461797E-003 ,  -5.1376111790610725E-002 , -0.54252281249798806     
  -1.3834772144966305E-002 ,  -5.4482506497482014E-002 , -0.49662518528688282     
  -3.5864623547597993E-002 ,  -5.9986771525834218E-002 , -0.45557118450738321     
  -5.7106027254287789E-002 ,  -6.7351918144290771E-002 , -0.41913003141958882     
  -7.5518241996365018E-002 ,  -7.6145498697450006E-002 , -0.38704037906701927     
  -9.0410018517971313E-002 ,  -8.6027798752510112E-002 , -0.35902394463510756     
 -0.10243145965734893      ,  -9.6739974650656230E-002 , -0.33479655016284376     
 -0.11317610648182971      , -0.10809274326090544      , -0.31407684844854894     
 -0.12453796766967681      , -0.11995598579839001      , -0.29659303637498741     
 -0.13804492837933183      , -0.13224945471734162      , -0.28208785835243927     
 -0.15438144830730946      , -0.14493465480064185      , -0.27032218738771446     
 -0.17323640948908700      , -0.15800789211005009      , -0.26107744707156139     
 -0.19350016145381482      , -0.17149443591142843      , -0.25415710912940392     
 -0.21372228512793712      , -0.18544371031143450      , -0.24938747116086327     
 -0.23265956474006050      , -0.19992541770844602      , -0.24661788975310234     
 -0.24971927444075198      , -0.21502649063002746      , -0.24572061646105828     
 -0.26514812033357588      , -0.23084876878264615      , -0.24659035883437774     
 -0.27991656821939725      , -0.24750730180244249      , -0.24914366600070298     
 -0.29536192192835631      , -0.26512918355277493      , -0.25331821830752771     
 -0.31273595060029152      , -0.28385282959556735      , -0.25907208303752821     
 -0.33282467884883893      , -0.30382761469181757      , -0.26638298299531660     
 -0.35576724786325065      , -0.32521379106320952      , -0.27524761149537930     
 -0.38111959698897291      , -0.34818260996592526      , -0.28568101558953890     
 -0.40811960882494724      , -0.37291656820932029      , -0.29771605884614949     
 -0.43604343162602571      , -0.39960969688581727      , -0.31140296518496530     
 -0.46451860010742124      , -0.42846780097640164      , -0.32680893569513642     
 -0.49368500582702407      , -0.45970854475326928      , -0.34401782048743806     
 -0.52415903166781308      , -0.49356125796539929      , -0.36312981686817919     
 -0.55683317917220598      , -0.53026631045188799      , -0.38426115281641809     
 -0.59260206288532546      , -0.57007386672513005      , -0.40754370016543978     
 -0.63212367009151149      , -0.61324178576453203      , -0.43312444421807728     
 -0.67569912181587022      , -0.66003237338925247      , -0.46116471487057925     
 -0.72329984181223850      , -0.71070762410160104      , -0.49183905773979042     
 -0.77471206134914250      , -0.76552250598750449      , -0.52533359135827784     
 -0.82972736914694001      , -0.82471574748206744      , -0.56184365743896569     
 -0.88829814260925577      , -0.88849748268377926      , -0.60157052509409392     
 -0.95059919680661575      , -0.95703301110356997      , -0.64471685702333670     
  -1.0169798541240866      ,  -1.0304218440011301      , -0.69148058764199649     
  -1.0878333972424057      ,  -1.1086711689674305      , -0.74204680358594444     
  -1.1634343102580906      ,  -1.1916629079707703      , -0.79657716295425818     
  -1.2437898996958838      ,  -1.2791137317463777      , -0.85519635278332806     
  -1.3285288706621630      ,  -1.3705278083744008      , -0.91797508300500474     
  -1.4168226189529918      ,  -1.4651428133852800      , -0.98490917658624821     
  -1.5073237623902009      ,  -1.5618709377351614      ,  -1.0558944769156287     
  -1.5981204485995704      ,  -1.6592384213378226      ,  -1.1306976022292721     
  -1.6867372798744571      ,  -1.7553295920387670      ,  -1.2089230872994532     
  -1.7702376020430213      ,  -1.8477444638281029      ,  -1.2899782167765024     
  -1.8454622970901591      ,  -1.9335823784575716      ,  -1.3730379039287575     
  -1.9093664765144076      ,  -2.0094673378281551      ,  -1.4570132840711101     
  -1.9593323419945332      ,  -2.0716324741702135      ,  -1.5405291632885045     
  -1.9933189557743780      ,  -2.1160799622598705      ,  -1.6219168435451898     
  -2.0097827596688012      ,  -2.1388267571723301      ,  -1.6992297223010837     
  -2.0074087660344286      ,  -2.1362343452227091      ,  -1.7702888766971601     
  -1.9847611913255252      ,  -2.1054020599515408      ,  -1.8327639813947796     
  -1.9399837670417770      ,  -2.0445807668991480      ,  -1.8842909353405151     
  -1.8706923205838666      ,  -1.9535423966589387      ,  -1.9226215166584080     
  -1.7742379046934122      ,  -1.8338290488603362      ,  -1.9457930344686416     
  -1.6485571345986478      ,  -1.6888114028237018      ,  -1.9522989358118306     
  -1.4937550383127665      ,  -1.5235141097589926      ,  -1.9412368422279591     
  -1.3141932468739981      ,  -1.3442120210571691      ,  -1.9124105565793181     
  -1.1200730357357538      ,  -1.1578532144471796      ,  -1.8663681352799042     
 -0.92663124912456751      , -0.97140576902449882      ,  -1.8043683566136113     
 -0.74946311073092886      , -0.79124071353522030      ,  -1.7282803210774276     
 -0.59797691637701389      , -0.62264865754680543      ,  -1.6404321365977033     
 -0.47249229822157646      , -0.46954913069346166      ,  -1.5434317569348321     
 -0.36707667829369806      , -0.33440429339267902      ,  -1.4399846537350298     
 -0.27432248188133612      , -0.21830781663064763      ,  -1.3327295467317848     
 -0.18853069489883709      , -0.12119519779513725      ,  -1.2241066936955947     
 -0.10689637479208458      ,  -4.2115597683410992E-002 ,  -1.1162655197519116     
  -2.9448398667860178E-002 ,   2.0486709436646308E-002 ,  -1.0110115465697123     
   4.1665059038058942E-002 ,   6.8517777469615099E-002 , -0.90978775496973741     
  0.10315515352794108      ,  0.10402626193743578      , -0.81368293448099915     
  0.15157049194308075      ,  0.12904874663052246      , -0.72345890814728753     
  0.18415526222047679      ,  0.14550507020936551      , -0.63958917068628618     
  0.19957844133174674      ,  0.15513562773870865      , -0.56230283043951657     
  0.19851690213127876      ,  0.15947093878374241      , -0.49162931722975295     
  0.18396517708726678      ,  0.15982416769303215      , -0.42744079806285401     
  0.16104404411342021      ,  0.15729872395344635      , -0.36949047281843572     
  0.13612631828387348      ,  0.15280484568268940      , -0.31744585488358845     
  0.11535931794378540      ,  0.14708076104513482      , -0.27091679461893292     
  0.10302904776088687      ,  0.14071543813105639      , -0.22947842460269577     
  0.10041214477959839      ,  0.13417102251796589      , -0.19268945063371956     
  0.10560877859107180      ,  0.12780384748378712      , -0.16010633292912446     
  0.11443189695850718      ,  0.12188343978152048      , -0.13129393972555115     
  0.12200313053254214      ,  0.11660929459036382      , -0.10583324203678925     
  0.12447023867744710      ,  0.11212541045637760      ,  -8.3326575815892520E-002
  0.12026704526503827      ,  0.10853270131855734      ,  -6.3400941043187109E-002
  0.11052788848349766      ,  0.10589946947631626      ,  -4.5709745725188280E-002
   9.8555759002435128E-002 ,  0.10427015253733518      ,  -2.9933342086985087E-002
   8.8556254614798935E-002 ,  0.10367256371322282      ,  -1.5778645510833335E-002
   8.4107780069369822E-002 ,  0.10412383785823971      ,  -2.9780755577153233E-003
   8.6930819207484911E-002 ,  0.10563528140448651      ,   8.7119867305855848E-003
   9.6386062837836989E-002 ,  0.10821630655474181      ,   1.9513070123515407E-002
  0.10983829209005491      ,  0.11187761099747581      ,   2.9626691293402192E-002
  0.12370510362339032      ,  0.11663374533339807      ,   3.9236545986113792E-002
  0.13478052304122853      ,  0.12250519210664432      ,   4.8510742915426050E-002
  0.14135111951980739      ,  0.12952006322130361      ,   5.7604029240280456E-002
  0.14372292577519599      ,  0.13771550677706540      ,   6.6659972083182917E-002
  0.14400640905454365      ,  0.14713890001021801      ,   7.5813073027227965E-002
  0.14527754806556772      ,  0.15784889200725963      ,   8.5190802334656729E-002
  0.15045068201156081      ,  0.16991634801598865      ,   9.4915547152699190E-002
  0.16128399325122966      ,  0.18342523629126711      ,  0.10510647354626416     
  0.17786224959758318      ,  0.19847348819084690      ,  0.11588130609579436     
  0.19870668868832539      ,  0.21517385232113451      ,  0.12735803123493067     
  0.22143307792162775      ,  0.23365475348327366      ,  0.13965653162546596     
  0.24369413719805341      ,  0.25406115644904970      ,  0.15290015875808619     
  0.26405640128882624      ,  0.27655542254615456      ,  0.16721724963564050     
  0.28250104468575227      ,  0.30131813284431563      ,  0.18274259076972924     
  0.30038899564135074      ,  0.32854883440907107      ,  0.19961882863850883     
  0.31993566978975285      ,  0.35846664439448767      ,  0.21799781994534886     
  0.34342019283247543      ,  0.39131061915952309      ,  0.23804190709181647     
  0.37243787987631172      ,  0.42733976025768178      ,  0.25992509369566286     
  0.40746491502195670      ,  0.46683248383084736      ,  0.28383408103491098     
  0.44786809915990378      ,  0.51008532201043177      ,  0.30996910807541045     
  0.49232173553188463      ,  0.55741055142552731      ,  0.33854451411498021     
  0.53944944264212158      ,  0.60913235169282998      ,  0.36978891269851522     
  0.58843584255488390      ,  0.66558098285394907      ,  0.40394482676344723     
  0.63937664384808079      ,  0.72708433304494668      ,  0.44126758626840140     
  0.69325031508596802      ,  0.79395602623684047      ,  0.48202322918040019     
  0.75155511473305558      ,  0.86647909879151963      ,  0.52648507335109662     
  0.81578927598872486      ,  0.94488406424180749      ,  0.57492854014299799     
  0.88699750156715929      ,   1.0293200115880103      ,  0.62762371220481183     
  0.96554831090833304      ,   1.1198172657769607      ,  0.68482500244872102     
   1.0511809818040094      ,   1.2162401498838087      ,  0.74675720953346603     
   1.1432299855965526      ,   1.3182286351005581      ,  0.81359715612049432     
   1.2408552054446875      ,   1.4251283035935616      ,  0.88545008151459337     
   1.3431103252686012      ,   1.5359092905780751      ,  0.96232003866968674     
   1.4487698152184714      ,   1.6490769691601981      ,   1.0440737963954980     
   1.5559743097907635      ,   1.7625803520093120      ,   1.1303982621456463     
   1.6618898200715804      ,   1.8737286770511576      ,   1.2207523257973252     
   1.7626396815562364      ,   1.9791323337539792      ,   1.3143153831750887     
   1.8536837241974686      ,   2.0746905761774594      ,   1.4099366878493840     
   1.9305634313856916      ,   2.1556539445227054      ,   1.5060920462594489     
   1.9896499983853719      ,   2.2167915023342668      ,   1.6008569537318578     
   2.0284901186531026      ,   2.2526884218042524      ,   1.6919075042317528     
   2.0456083314047517      ,   2.2581843870692953      ,   1.7765613825387028     
   2.0399345912092359      ,   2.2289354566246842      ,   1.8518697931255470     
   2.0101429680681244      ,   2.1620431645734275      ,   1.9147661847452768     
   1.9541498656709517      ,   2.0566529170936714      ,   1.9622686169821451     
   1.8689820387849398      ,   1.9143940614837531      ,   1.9917204286638490     
   1.7512609725185679      ,   1.7395340488428781      ,   2.0010411052933321     
   1.5985990431943047      ,   1.5387608201874197      ,   1.9889499507456627     
   1.4120417212549055      ,   1.3205875736851553      ,   1.9551235362441517     
   1.1990080913322525      ,   1.0944698721640391      ,   1.9002562817400708     
  0.97485177671137357      ,  0.86980197130440695      ,   1.8260108125278076     
  0.75988193911152468      ,  0.65498696600371087      ,   1.7348662255019947     
  0.57073549286688263      ,  0.45674402410833626      ,   1.6298915649064565     
  0.41265231923662171      ,  0.27974115223213653      ,   1.5144830970439576     
  0.28057320021071308      ,  0.12655500924438956      ,   1.3921050714225933     
  0.16595755367802004      ,  -2.1093609545281568E-003 ,   1.2660659784698975     
   6.1926143006954149E-002 , -0.10703999294361360      ,   1.1393497488246689     
  -3.4989823702113058E-002 , -0.19008160102014149      ,   1.0145082306768012     
 -0.12495921941713881      , -0.25371953242299472      ,  0.89361081724419855     
 -0.20567699623035934      , -0.30073129688479561      ,  0.77824067797363217     
 -0.27342215844872725      , -0.33392454246025399      ,  0.66952453904332021     
 -0.32418335968267081      , -0.35596005720225277      ,  0.56818335328088643     
 -0.35484821177955495      , -0.36924698732802863      ,  0.47459326396003948     
 -0.36444801765259527      , -0.37589322082260024      ,  0.38884895656509771     
 -0.35525091872665771      , -0.37769423707262845      ,  0.31082411065795684     
 -0.33321568092510234      , -0.37614639022080093      ,  0.24022584882287670     
 -0.30722567928231193      , -0.37247398388673925      ,  0.17664171537082027     
 -0.28691190617487144      , -0.36766269850571237      ,  0.11957883348917736     
 -0.27970562534549104      , -0.36249455027626887      ,   6.8495581330194732E-002
 -0.28841951261760224      , -0.35758150586839088      ,   2.2826506073900316E-002
 -0.31049751959683969      , -0.35339622047587044      ,  -1.7998639778078043E-002
 -0.33924016027511428      , -0.35029923678836039      ,  -5.4540824849171811E-002
 -0.36645526344510981      , -0.34856251030891594      ,  -8.7341759806201569E-002
 -0.38548993352526556      , -0.34838942264384626      , -0.11691723052267909     
 -0.39353126292124052      , -0.34993159229674742      , -0.14375306250130479     
 -0.39237852963445219      , -0.35330285041969134      , -0.16830313786135651     
 -0.38747026161856934      , -0.35859075534454887      , -0.19098898192971681     
 -0.38562359474814456      , -0.36586599856871060      , -0.21220052210168877     
 -0.39245299084773866      , -0.37519002047089617      , -0.23229769598738090     
 -0.41049312616530137      , -0.38662111437854607      , -0.25161264904947012     
 -0.43863523769386414      , -0.40021925684407017      , -0.27045231471455861     
 -0.47291035163567829      , -0.41604986199587363      , -0.28910121329269922     
 -0.50820143552251384      , -0.43418661921318441      , -0.30782434099060302     
 -0.54020629259736408      , -0.45471353602796433      , -0.32687004780146445     
 -0.56692427705014847      , -0.47772627159494169      , -0.34647282392138790     
 -0.58915053325396016      , -0.50333280959024207      , -0.36685592925790400     
 -0.60988408865567578      , -0.53165348217388397      , -0.38823381009042951     
 -0.63300249109062989      , -0.56282031778690689      , -0.41081425140154459     
 -0.66180779068734641      , -0.59697564414214421      , -0.43480021307211597     
 -0.69800548145925956      , -0.63426983296738892      , -0.46039129315319621     
 -0.74141448603691495      , -0.67485802422642949      , -0.48778475182937375     
 -0.79038998256651638      , -0.71889561443919947      , -0.51717601545449898     
 -0.84269812330664484      , -0.76653223684161209      , -0.54875856116675947     
 -0.89646124175170805      , -0.81790390218311593      , -0.58272305918769784     
 -0.95081125817282786      , -0.87312291159351063      , -0.61925562236534037     
  -1.0060433684882313      , -0.93226510369459192      , -0.65853498173058778     
  -1.0632908607490761      , -0.99535396770232754      , -0.70072837453749337     
  -1.1239336575251828      ,  -1.0623411591474730      , -0.74598590049483626     
  -1.1890172359603921      ,  -1.1330830190770358      , -0.79443307761640658     
  -1.2588875936536181      ,  -1.2073128544503686      , -0.84616131890993951     
  -1.3331077923424755      ,  -1.2846090303135032      , -0.90121606603373261     
  -1.4105924547945330      ,  -1.3643594057596606      , -0.95958237131782331     
  -1.4898288911443041      ,  -1.4457233725700702      ,  -1.0211678349887090     
  -1.5690607887627250      ,  -1.5275937779192856      ,  -1.0857830039380234     
  -1.6463758545583733      ,  -1.6085623533591964      ,  -1.1531196477268890     
  -1.7197214112915344      ,  -1.6868938939161400      ,  -1.2227277695525685     
  -1.7869214215303917      ,  -1.7605161903145281      ,  -1.2939927958138346     
  -1.8457545641225044      ,  -1.8270343129837907      ,  -1.3661151039794051     
  -1.8940901546128748      ,  -1.8837787772127064      ,  -1.4380948387112886     
  -1.9300181291269940      ,  -1.9278966816365157      ,  -1.5087257139824952     
  -1.9518976209986227      ,  -1.9564922881605553      ,  -1.5766020145148025     
  -1.9582890526260701      ,  -1.9668179842404507      ,  -1.6401430354681412     
  -1.9477921975594692      ,  -1.9565078935156675      ,  -1.6976384459203631     
  -1.9188547932190430      ,  -1.9238352622592316      ,  -1.7473162883833551     
  -1.8696396238754720      ,  -1.8679631247608479      ,  -1.7874324592804500     
  -1.7980588656240599      ,  -1.7891488963989355      ,  -1.8163767754887499     
  -1.7021114358735958      ,  -1.6888613174542515      ,  -1.8327867172578691     
  -1.5806646300897098      ,  -1.5697756537403367      ,  -1.8356565804305158     
  -1.4347218854427191      ,  -1.4356308657342878      ,  -1.8244281277482193     
  -1.2688976833530228      ,  -1.2909575812169940      ,  -1.7990497282333926     
  -1.0922593686259490      ,  -1.1407118013422741      ,  -1.7599946421626305     
 -0.91725397133318021      , -0.98986866166433762      ,  -1.7082349636031091     
 -0.75611149017625212      , -0.84303727905915227      ,  -1.6451744759519611     
 -0.61648158482164384      , -0.70414998917810345      ,  -1.5725497021054149     
