  0.70405763991616666      ,   2.1229450724483714      ,   1.4655193661558268     
   1.8963060314887361      ,   2.1929852415350255      ,   1.5610585270229873     
   2.2794065729121185      ,   2.2400776937172493      ,   1.6539053462152871     
   2.2109114162922441      ,   2.2589017442634218      ,   1.7415228812149708     
   1.9274618483861441      ,   2.2447042742917840      ,   1.8210630112943438     
   1.6353595536124361      ,   2.1939089102960634      ,   1.8894909061409448     
   1.5307504782571633      ,   2.1047402225179983      ,   1.9437656688917380     
   1.6134127614113332      ,   1.9777454803439807      ,   1.9810672081207392     
   1.5489995150145970      ,   1.8160821072783706      ,   1.9990464820024860     
   1.4676478809412523      ,   1.6254624622894605      ,   1.9960649989817625     
   1.1973462399680599      ,   1.4137129629515430      ,   1.9713841858516696     
   1.0442237966668175      ,   1.1899972664110152      ,   1.9252693066812612     
  0.84106607832067981      ,  0.96384218103004549      ,   1.8589865037522069     
  0.64256866533881096      ,  0.74415591195967179      ,   1.7746919444430655     
  0.51098275721774200      ,  0.53842131673974125      ,   1.6752329415465239     
  0.44648378459281102      ,  0.35218728446955988      ,   1.5638959838847664     
  0.26534313761587280      ,  0.18889565376218667      ,   1.4441420266186100     
  0.17448180420128293      ,   5.0001978019320249E-002 ,   1.3193650556489360     
   7.5360711956806881E-002 ,  -6.4700883798565631E-002 ,   1.1926989228874905     
  -2.5317382544595056E-002 , -0.15666063759309845      ,   1.0668841267543117     
  -8.3350588329920622E-002 , -0.22813426990100699      ,  0.94419438639734021     
 -0.13445060309174289      , -0.28180797976757588      ,  0.82641469034470127     
 -0.19331755764311348      , -0.32049834109380249      ,  0.71485843581946695     
 -0.23300825768602051      , -0.34694074961631782      ,  0.61041059040920653     
 -0.25935969275008752      , -0.36365620077566646      ,  0.51358530372947420     
 -0.29969784606463995      , -0.37288048745330526      ,  0.42458891988492709     
 -0.32538258617012289      , -0.37653861886822665      ,  0.34338204425120999     
 -0.34188896546087949      , -0.37624917459232166      ,  0.26973670639260389     
 -0.34755686675290287      , -0.37334652660465156      ,  0.20328652779630416     
 -0.36672285264672105      , -0.36891220776140959      ,  0.14356912745924336     
 -0.36197944798442694      , -0.36380958762195265      ,   9.0060855130340983E-002
 -0.38322646792385590      , -0.35871823902491112      ,   4.2204439621893741E-002
 -0.39473225312146365      , -0.35416596004674755      ,  -5.6961569239652996E-004
 -0.40221362482014417      , -0.35055746826940914      ,  -3.8826978221081797E-002
 -0.39947342397593860      , -0.34819944144875398      ,  -7.3117879548269940E-002
 -0.41939862911816161      , -0.34732196114584557      , -0.10396913675487859     
 -0.42503452293644889      , -0.34809661831423416      , -0.13187907821838246     
 -0.44978170147029822      , -0.35065163044657438      , -0.15731475324318300     
 -0.47107521199581609      , -0.35508434474769440      , -0.18071090378070817     
 -0.49306391735232941      , -0.36147149037983400      , -0.20247026648446861     
 -0.50204749151029793      , -0.36987751301508459      , -0.22296485238673353     
 -0.51100819715189794      , -0.38036128702789984      , -0.24253791924495635     
 -0.51837214636933282      , -0.39298146021187508      , -0.26150640862046931     
 -0.52442783093827527      , -0.40780064560972051      , -0.28016366693359418     
 -0.54416850388967875      , -0.42488863596647064      , -0.29878230811027573     
 -0.56083849809608532      , -0.44432477860534586      , -0.31761710598075332     
 -0.58244227480044364      , -0.46619961183729980      , -0.33690782818834025     
 -0.59808043187756932      , -0.49061582772856122      , -0.35688194075595159     
 -0.62544330292409400      , -0.51768858938690709      , -0.37775712423213165     
 -0.64275270037117083      , -0.54754519301577265      , -0.39974354894277481     
 -0.67901945485477555      , -0.58032402491292434      , -0.42304585861538374     
 -0.70584954339591954      , -0.61617272046811900      , -0.44786480869756806     
 -0.74484735549291758      , -0.65524538527947807      , -0.47439849813077212     
 -0.77263398868306543      , -0.69769868729453444      , -0.50284312115890861     
 -0.81325698095427246      , -0.74368657348523226      , -0.53339314892254241     
 -0.84683170495170013      , -0.79335330605295495      , -0.56624082914757556     
 -0.89490857917159461      , -0.84682445416439756      , -0.60157486641105617     
 -0.94571195950353881      , -0.90419542278911047      , -0.63957811587315860     
  -1.0064151323548141      , -0.96551705894731876      , -0.68042409129601356     
  -1.0702197424054345      ,  -1.0307778612015503      , -0.72427205599499500     
  -1.1405877555964512      ,  -1.0998823509037625      , -0.77126043706710912     
  -1.2164352371311722      ,  -1.1726252724491224      , -0.82149828508863920     
  -1.2933323179936713      ,  -1.2486615134322572      , -0.87505450283288311     
  -1.3801131868495389      ,  -1.3274720230237296      , -0.93194460068929952     
  -1.4628829426442667      ,  -1.4083266142620134      , -0.99211482113025040     
  -1.5534240517534714      ,  -1.4902454189606513      ,  -1.0554236320282695     
  -1.6351611021588457      ,  -1.5719619618454443      ,  -1.1216208443547895     
  -1.7232729445250776      ,  -1.6518923291820697      ,  -1.1903249890188543     
  -1.8006782613403434      ,  -1.7281166388091584      ,  -1.2610001085055818     
  -1.8832298176030222      ,  -1.7983807511966154      ,  -1.3329337815139992     
  -1.9531475765272073      ,  -1.8601274883067285      ,  -1.4052189689836077     
  -2.0204262216311202      ,  -1.9105669316404634      ,  -1.4767430611370855     
  -2.0686382974771753      ,  -1.9467938643396794      ,  -1.5461881616983577     
  -2.1027142829418373      ,  -1.9659562972366709      ,  -1.6120469374818855     
  -2.1095612011927622      ,  -1.9654717519920386      ,  -1.6726580056065574     
  -2.0927331793639126      ,  -1.9432777608327523      ,  -1.7262635486630262     
  -2.0450526827462898      ,  -1.8980912374186156      ,  -1.7710894706649931     
  -1.9694672624990912      ,  -1.8296406962393050      ,  -1.8054450031124267     
  -1.8649311243260078      ,  -1.7388294866500131      ,  -1.8278346624583925     
  -1.7351736350186950      ,  -1.6277909378168240      ,  -1.8370716452890137     
  -1.5839544827862027      ,  -1.4998095542228083      ,  -1.8323791687938058     
  -1.4169225533139915      ,  -1.3591048903602743      ,  -1.8134659116009328     
  -1.2420064405730364      ,  -1.2105014823689850      ,  -1.7805641330966038     
  -1.0654753842696276      ,  -1.0590317642324893      ,  -1.7344240464755345     
 -0.89645550503164928      , -0.90953204853726333      ,  -1.6762645840380972     
 -0.73891740081068691      , -0.76629045839720311      ,  -1.6076872838821734     
 -0.59910261064370185      , -0.63279111119684861      ,  -1.5305650890616394     
 -0.47595542125814938      , -0.51157614327258938      ,  -1.4469203331926654     
 -0.37132902510979859      , -0.40422348056081997      ,  -1.3588058440310067     
 -0.28115757650842393      , -0.31141976406450217      ,  -1.2682004526181798     
 -0.20624259220241306      , -0.23309778801163680      ,  -1.1769262441082506     
 -0.14399776463056158      , -0.16860623877588951      ,  -1.0865906987991416     
  -9.5588955992368607E-002 , -0.11688420726929609      , -0.99855328422125944     
  -5.9067520117686866E-002 ,  -7.6620826960369842E-002 , -0.91391352682143312     
  -3.4543838147842544E-002 ,  -4.6388750188870759E-002 , -0.83351620498294843     
  -1.9544926482530207E-002 ,  -2.4747247274474339E-002 , -0.75796889974055193     
  -1.3140197820511512E-002 ,  -1.0315729998428632E-002 , -0.68766743138630215     
  -1.2695683500695241E-002 ,  -1.8214478280048640E-003 , -0.62282540323619306     
  -1.6770051392432248E-002 ,   1.8736213420180853E-003 , -0.56350492439458066     
  -2.3093183095155574E-002 ,   1.7615356216361129E-003 , -0.50964642339749555     
  -3.0496915824870081E-002 ,  -1.3118115952818158E-003 , -0.46109619835676158     
  -3.7890713741292818E-002 ,  -6.6396574477651698E-003 , -0.41763093670120399     
  -4.5127675315522593E-002 ,  -1.3643028666461270E-002 , -0.37897887546563841     
  -5.2641458231261123E-002 ,  -2.1857230537399887E-002 , -0.34483757807297111     
  -6.1010545018779075E-002 ,  -3.0917647516997382E-002 , -0.31488850072089442     
  -7.1122309548222462E-002 ,  -4.0545828998756465E-002 , -0.28880863680281205     
  -8.2909731403499318E-002 ,  -5.0536458215814865E-002 , -0.26627958437632082     
  -9.6490537299986315E-002 ,  -6.0745535952676205E-002 , -0.24699439830948178     
 -0.11056744773338169      ,  -7.1079928829461902E-002 , -0.23066257968419340     
 -0.12471081966424608      ,  -8.1488312368645233E-002 , -0.21701353068754367     
 -0.13740357894233091      ,  -9.1953464011745173E-002 , -0.20579877078846398     
 -0.14871880980317265      , -0.10248581711414667      , -0.19679317430099824     
 -0.15805489701487743      , -0.11311816375377477      , -0.18979545356896593     
 -0.16655104807816953      , -0.12390138486828309      , -0.18462807785078555     
 -0.17454468767324807      , -0.13490108585741281      , -0.18113678659492613     
 -0.18349020417084916      , -0.14619502096295234      , -0.17918982768631697     
 -0.19363594489954983      , -0.15787119815256992      , -0.17867702656820605     
 -0.20557051759162606      , -0.17002656630521587      , -0.17950877083502106     
 -0.21866654977702057      , -0.18276619714175962      , -0.18161497674609636     
 -0.23246552940749288      , -0.19620288481528092      , -0.18494408884528565     
 -0.24615110119085098      , -0.21045709584136973      , -0.18946215116338330     
 -0.25932077144144394      , -0.22565721072115474      , -0.19515197798646983     
 -0.27211564270842370      , -0.24194000588268194      , -0.20201244354666020     
 -0.28479878965971284      , -0.25945133017162558      , -0.21005790288735099     
 -0.29840322570043010      , -0.27834693379168085      , -0.21931775023200070     
 -0.31337100780531019      , -0.29879340902458551      , -0.22983611610438576     
 -0.33097279673634006      , -0.32096920087564484      , -0.24167169986552495     
 -0.35142592673592982      , -0.34506564151254326      , -0.25489772989084503     
 -0.37587205457532324      , -0.37128795436713680      , -0.26960203892761031     
 -0.40399436709481856      , -0.39985616123761175      , -0.28588723682235340     
 -0.43629305182762779      , -0.43100580761439661      , -0.30387095630563832     
 -0.47176354710144597      , -0.46498839643186035      , -0.32368613929883611     
 -0.51046941908505450      , -0.50207138687697239      , -0.34548132058916198     
 -0.55153231689904858      , -0.54253757078717313      , -0.36942085189663620     
 -0.59544055840261989      , -0.58668358224765382      , -0.39568499136519159     
 -0.64222270311171326      , -0.63481722373640304      , -0.42446976021377292     
 -0.69290198844348783      , -0.68725320205339335      , -0.45598643837758396     
 -0.74807173249549064      , -0.74430675725310036      , -0.49046053302116105     
 -0.80866796481002368      , -0.80628453708180048      , -0.52813000635325302     
 -0.87547039097617774      , -0.87347191981658512      , -0.56924249093951840     
 -0.94912073844294431      , -0.94611582648685610      , -0.61405115097201413     
  -1.0302078448089185      ,  -1.0244019038421510      , -0.66280876718600912     
  -1.1182839826757929      ,  -1.1084248294944457      , -0.71575953398672687     
  -1.2127379182674722      ,  -1.1981504370039850      , -0.77312796625371349     
  -1.3116750434543356      ,  -1.2933684551491871      , -0.83510423251032928     
  -1.4139340795102529      ,  -1.3936350120537007      , -0.90182518174023896     
  -1.5178179774655580      ,  -1.4982048238685792      , -0.97335034643113805     
  -1.6230945484303974      ,  -1.6059543643073384      ,  -1.0496323335922244     
  -1.7288736932990802      ,  -1.7152995155211928      ,  -1.1304813258783022     
  -1.8349960698427252      ,  -1.8241144286973070      ,  -1.2155239907546520     
  -1.9397937549415292      ,  -1.9296626473165661      ,  -1.3041580287422825     
  -2.0412736867526964      ,  -2.0285567510694142      ,  -1.3955049591156097     
  -2.1353992575573457      ,  -2.1167681279727408      ,  -1.4883655626288721     
  -2.2170956266046482      ,  -2.1897124730225968      ,  -1.5811845732323351     
  -2.2796094900227617      ,  -2.2424368401855683      ,  -1.6720334281675850     
  -2.3159377526232658      ,  -2.2699274515027903      ,  -1.7586215675428791     
  -2.3194129192966195      ,  -2.2675410704442771      ,  -1.8383470568267553     
  -2.2850004866264046      ,  -2.2315354793862863      ,  -1.9083951718011813     
  -2.2099051890871149      ,  -2.1596393728573404      ,  -1.9658881976733313     
  -2.0940411999145825      ,  -2.0515673608482117      ,  -2.0080809159886481     
  -1.9402355812140135      ,  -1.9093654042820782      ,  -2.0325851947350984     
  -1.7539867465737271      ,  -1.7374802521795818      ,  -2.0375963442642169     
  -1.5432443052237188      ,  -1.5424908645419049      ,  -2.0220870557072868     
  -1.3176501524169895      ,  -1.3325138890316865      ,  -1.9859351503616736     
  -1.0878862703538186      ,  -1.1163770895205816      ,  -1.9299604824015189     
 -0.86433687976349460      , -0.90271463970216792      ,  -1.8558625427495614     
 -0.65608655816094952      , -0.69915333805288005      ,  -1.7660691607004873     
 -0.46963322994607887      , -0.51172455627362157      ,  -1.6635226118661581     
 -0.30796221086430992      , -0.34456902251457822      ,  -1.5514380456062040     
 -0.16995769765775467      , -0.19992742058226354      ,  -1.4330689555593126     
  -5.2276040756879326E-002 ,  -7.8353635495356427E-002 ,  -1.3115070018535810     
   4.7839236730594994E-002 ,   2.0938678205007655E-002 ,  -1.1895322925370455     
  0.13084457541257849      ,   9.9683331970804839E-002 ,  -1.0695188846258392     
  0.19579391017806913      ,  0.16018938887226788      , -0.95339135265482711     
  0.24222168201417021      ,  0.20502955102225520      , -0.84262287340932207     
  0.27126311845970053      ,  0.23680505324691808      , -0.73826321303702513     
  0.28536370628910529      ,  0.25798571518553559      , -0.64098540203572851     
  0.28767949500825912      ,  0.27081406721431378      , -0.55114169936627055     
  0.28162654767753104      ,  0.27725876812910116      , -0.46882179683512121     
  0.27042667426994904      ,  0.27900274777112255      , -0.39390850780487019     
  0.25694952140920430      ,  0.27745373025931797      , -0.32612810965688144     
  0.24368605117515493      ,  0.27376767687771925      , -0.26509396378805872     
  0.23245728112961098      ,  0.26887844999022875      , -0.21034304104239709     
  0.22391255456538231      ,  0.26352928555378896      , -0.16136561312245876     
  0.21757852768957950      ,  0.25830338361003830      , -0.11762872548202521     
  0.21228665296414634      ,  0.25365213339961845      ,  -7.8594230329419618E-002
  0.20695387811502441      ,  0.24992028571985089      ,  -4.3732198406493103E-002
  0.20131715037146422      ,  0.24736787928073103      ,  -1.2530495478973122E-002
  0.19626838761562035      ,  0.24618901419420672      ,   1.5498761649762946E-002
  0.19325200847931398      ,  0.24652771658972086      ,   4.0815242249198726E-002
  0.19355704641353844      ,  0.24849120507191619      ,   6.3848395057936713E-002
  0.19788769763402397      ,  0.25216088680275600      ,   8.4996947291091016E-002
  0.20634114489215002      ,  0.25760140041147883      ,  0.10462953672164868     
  0.21842840396130100      ,  0.26486799812752337      ,  0.12308617297080882     
  0.23325837857358717      ,  0.27401252828755540      ,  0.14068028317307485     
  0.24975186119890017      ,  0.28508824596383264      ,  0.15770114704959190     
  0.26702503171405723      ,  0.29815364605313538      ,  0.17441656789863064     
  0.28476928810715008      ,  0.31327548066923111      ,  0.19107565995241765     
  0.30338292252960070      ,  0.33053109129916319      ,  0.20791165978693618     
  0.32377614944280619      ,  0.35001015569947541      ,  0.22514469075587282     
  0.34695649991534633      ,  0.37181591944846470      ,  0.24298442539145085     
  0.37371814545252430      ,  0.39606595177792658      ,  0.26163260189036275     
  0.40449139024828967      ,  0.42289243397840254      ,  0.28128535757025835     
  0.43945166696212301      ,  0.45244195537173576      ,  0.30213534479742682     
  0.47849318914663569      ,  0.48487475552864823      ,  0.32437359347328226     
  0.52120615203875542      ,  0.52036331095555033      ,  0.34819107871969512     
  0.56685168631266647      ,  0.55909011875466963      ,  0.37377994279216353     
  0.61463073195670670      ,  0.60124447776365575      ,  0.40133430624077332     
  0.66396583146650701      ,  0.64701800872700355      ,  0.43105058462564538     
  0.71486569401431821      ,  0.69659858914627970      ,  0.46312720335904639     
  0.76793617557549443      ,  0.75016230682968776      ,  0.49776357426593426     
  0.82409724785518434      ,  0.80786296208517894      ,  0.53515816326300703     
  0.88414133520715954      ,  0.86981857845954313      ,  0.57550543970562862     
  0.94866065295383339      ,  0.93609432723212493      ,  0.61899145589766924     
   1.0182229893741490      ,   1.0066812497723858      ,  0.66578776291098896     
   1.0934362248820688      ,   1.0814702020791576      ,  0.71604333133576936     
   1.1745656055221934      ,   1.1602205871984252      ,  0.76987412117325282     
   1.2609262797397545      ,   1.2425237379106899      ,  0.82734994640491488     
   1.3506772735178094      ,   1.3277613327337383      ,  0.88847832494687062     
   1.4412971125010670      ,   1.4150600519922343      ,  0.95318511823163443     
   1.5305190127067358      ,   1.5032448850857092      ,   1.0212919774044968     
   1.6169483483624358      ,   1.5907951368249806      ,   1.0924909602993793     
   1.7000293932968356      ,   1.6758092336481305      ,   1.1663171991790231     
   1.7793153455448081      ,   1.7559867539213359      ,   1.2421212063624751     
   1.8537136863747821      ,   1.8286383484215454      ,   1.3190432973004009     
   1.9210512743016102      ,   1.8907357477549998      ,   1.3959936298273332     
   1.9781122660594235      ,   1.9390139414672936      ,   1.4716423658616045     
   2.0207744606566100      ,   1.9701347168167749      ,   1.5444252179966029     
   2.0443007680376248      ,   1.9809139931688384      ,   1.6125698074137198     
   2.0438684079060407      ,   1.9686042965658759      ,   1.6741474332865141     
   2.0154787319657514      ,   1.9312090665239734      ,   1.7271526879999526     
   1.9569035742954171      ,   1.8677898948641325      ,   1.7696097139064220     
   1.8682813588806553      ,   1.7787157727778797      ,   1.7996990584772179     
   1.7520867479788045      ,   1.6658004180897077      ,   1.8158938485468463     
   1.6126271350838803      ,   1.5322841264031259      ,   1.8170896522382194     
   1.4554142441777846      ,   1.3826410816817760      ,   1.8027103842661085     
   1.2866997007984848      ,   1.2222271300857113      ,   1.7727740487535097     
   1.1131580811880228      ,   1.0568173954948450      ,   1.7279072363722550     
  0.94149237018468435      ,  0.89210699497372936      ,   1.6693051785598141     
  0.77782326922057576      ,  0.73325371885859658      ,   1.5986429288824242     
  0.62692357612832683      ,  0.58452759738698601      ,   1.5179506812892458     
  0.49160055577714329      ,  0.44910440619877645      ,   1.4294706036630744     
  0.37260330513453155      ,  0.32900804302432490      ,   1.3355131575457599     
  0.26927280067981879      ,  0.22517975761350253      ,   1.2383281301111788     
  0.18055452288241050      ,  0.13763619500143201      ,   1.1400007631493552     
  0.10569818728703420      ,   6.5674125912785541E-002 ,   1.0423779110055031     
   4.4276492460074396E-002 ,   8.0849226673441309E-003 ,  0.94702432864755492     
  -4.1942091819429789E-003 ,  -3.6647959318350160E-002 ,  0.85520570116662220     
  -4.0569616020488530E-002 ,  -7.0183985503209742E-002 ,  0.76789306686827385     
  -6.6133020728566722E-002 ,  -9.4198889559875751E-002 ,  0.68578266487044659     
  -8.2535906694669786E-002 , -0.11029539148430681      ,  0.60932557376670549     
  -9.1718172993398239E-002 , -0.11994634888404937      ,  0.53876239312829344     
  -9.5782605023894948E-002 , -0.12446374781749646      ,  0.47415931772987213     
  -9.6794807760711227E-002 , -0.12498684092459350      ,  0.41544303521539272     
  -9.6525531320323321E-002 , -0.12248351306069007      ,  0.36243281295299978     
  -9.6173912125382399E-002 , -0.11776008759970902      ,  0.31486887817539688     
  -9.6202786844494598E-002 , -0.11147595722127562      ,  0.27243673610220331     
  -9.6396196779768378E-002 , -0.10416046098667439      ,  0.23478743889501760     
  -9.6117518898206383E-002 ,  -9.6230268745729916E-002 ,  0.20155404923322520     
  -9.4670537889779610E-002 ,  -8.8006169680094323E-002 ,  0.17236467135236386     
  -9.1642907362420090E-002 ,  -7.9728619465646910E-002 ,  0.14685248014890553     
  -8.7086820686020069E-002 ,  -7.1571715908854167E-002 ,  0.12466318963701144     
  -8.1468128870314876E-002 ,  -6.3655481380319207E-002 ,  0.10546038361411331     
  -7.5476411488326095E-002 ,  -5.6056462123818873E-002 ,   8.8929096525659293E-002
  -6.9804500081494511E-002 ,  -4.8816733180471229E-002 ,   7.4777989758615271E-002
  -6.4941799861837804E-002 ,  -4.1951440676735785E-002 ,   6.2740423449201291E-002
  -6.1013697069653185E-002 ,  -3.5455032936478358E-002 ,   5.2574679744355923E-002
  -5.7738595798793715E-002 ,  -2.9306336777311121E-002 ,   4.4063552248866676E-002
  -5.4531019411393183E-002 ,  -2.3472631137315080E-002 ,   3.7013479116549064E-002
  -5.0723809416342136E-002 ,  -1.7912860613176592E-002 ,   3.1253364298961861E-002
  -4.5815392665005540E-002 ,  -1.2580119031930273E-002 ,   2.6633202873642056E-002
  -3.9647887706302405E-002 ,  -7.4235194168164684E-003 ,   2.3022601941961349E-002
  -3.2448433451422690E-002 ,  -2.3895526643297050E-003 ,   2.0309267999732566E-002
  -2.4723275784705116E-002 ,   2.5769764294678002E-003 ,   1.8397514567913990E-002
  -1.7049704417449109E-002 ,   7.5323600723385788E-003 ,   1.7206829832404586E-002
  -9.8688121110993877E-003 ,   1.2533681512562971E-002 ,   1.6670532691262046E-002
  -3.3640472160557512E-003 ,   1.7638739228033853E-002 ,   1.6734536573687991E-002
   2.5553417796354383E-003 ,   2.2906157954650883E-002 ,   1.7356233333978746E-002
   8.1931464838062486E-003 ,   2.8395651775810059E-002 ,   1.8503504123173291E-002
   1.3972178636540719E-002 ,   3.4168411947193139E-002 ,   2.0153860122593532E-002
   2.0350195826297744E-002 ,   4.0287598573695890E-002 ,   2.2293713141477826E-002
   2.7758716196187316E-002 ,   4.6818920772964574E-002 ,   2.4917774122068557E-002
   3.6528332519702479E-002 ,   5.3831294641373525E-002 ,   2.8028576376258642E-002
   4.6798422968560550E-002 ,   6.1397572269541886E-002 ,   3.1636119741692989E-002
   5.8456427544585673E-002 ,   6.9595338313741359E-002 ,   3.5757631659391192E-002
   7.1162533073415538E-002 ,   7.8507773281989768E-002 ,   4.0417441327286856E-002
   8.4452403616051441E-002 ,   8.8224584786854909E-002 ,   4.5646963479192816E-002
   9.7883085452945329E-002 ,   9.8843009576148722E-002 ,   5.1484788894276025E-002
  0.11117152230879374      ,  0.11046889017470396      ,   5.7976879384914290E-002
  0.12429168026104594      ,  0.12321783041693192      ,   6.5176865672310277E-002
  0.13749470482577145      ,  0.13721643393795990      ,   7.3146447170941875E-002
  0.15125472836131065      ,  0.15260362868110805      ,   8.1955893190802181E-002
  0.16617732335011232      ,  0.16953207845828508      ,   9.1684645344361937E-002
  0.18291665418230912      ,  0.18816967925929715      ,  0.10242202090719046     
  0.20209709689228822      ,  0.20870113291326453      ,  0.11426801639108988     
  0.22421361363087083      ,  0.23132958326445305      ,  0.12733420946757795     
  0.24952560149286343      ,  0.25627828942655712      ,  0.14174475538966241     
  0.27800091863112714      ,  0.28379229583655963      ,  0.15763747088302618     
  0.30935741708632897      ,  0.31414003829503662      ,  0.17516499368889293     
  0.34320057841133733      ,  0.34761479704822135      ,  0.19449599897351566     
  0.37923011305723320      ,  0.38453586975492132      ,  0.21581644392278115     
  0.41744751018570114      ,  0.42524928569696840      ,  0.23933079802753432     
  0.45827217525939279      ,  0.47012781380497676      ,  0.26526319755009375     
  0.50248975191833534      ,  0.51956992601299135      ,  0.29385843679191381     
  0.55108581938926149      ,  0.57399725820589576      ,  0.32538267396696935     
  0.60509720234834208      ,  0.63384995688781476      ,  0.36012368314484444     
  0.66554928550816694      ,  0.69957910375106158      ,  0.39839042277848546     
  0.73338305164873352      ,  0.77163516659707754      ,  0.44051161226904401     
  0.80927428188544481      ,  0.85045113084173762      ,  0.48683290717601213     
  0.89338798174756229      ,  0.93641862573563228      ,  0.53771213779833738     
  0.98524131532930881      ,   1.0298549921469877      ,  0.59351192318830193     
   1.0838204559829989      ,   1.1309588877514196      ,  0.65458879492291688     
   1.1879537934162097      ,   1.2397517747754763      ,  0.72127777049431474     
   1.2967468129441366      ,   1.3560026313389530      ,  0.79387112490455902     
   1.4097911095530598      ,   1.4791337050455708      ,  0.87258995955215146     
   1.5269946514690975      ,   1.6081064368808913      ,  0.95754712642466444     
   1.6481589900352145      ,   1.7412893019177593      ,   1.0487002384026967     
   1.7725663727504557      ,   1.8763138155898438      ,   1.1457940364240928     
   1.8986390205104589      ,   2.0099318942507094      ,   1.2482924930836636     
   2.0235126138807731      ,   2.1378973961878445      ,   1.3553029398616954     
   2.1425177613423747      ,   2.2549064777318151      ,   1.4654974099608737     
   2.2489529269285868      ,   2.3546433513064033      ,   1.5770403371301229     
   2.3345500122572678      ,   2.4299858367995242      ,   1.6875364451886767     
   2.3905758111857645      ,   2.4734218891438644      ,   1.7940172231606923     
   2.4090754229952456      ,   2.4777056673536721      ,   1.8929871604190438     
   2.3838378957359181      ,   2.4367331707699966      ,   1.9805495722426576     
   2.3110470372066221      ,   2.3465443731214122      ,   2.0526239233744605     
   2.1898054611039930      ,   2.2062768910334571      ,   2.1052507294668348     
   2.0225758397133258      ,   2.0188375363135775      ,   2.1349578202379615     
   1.8153056795804765      ,   1.7910618331619277      ,   2.1391383069182974     
   1.5770022676082225      ,   1.5332228917328097      ,   2.1163745456471621     
   1.3188693925174217      ,   1.2579174386146803      ,   2.0666422782241312     
   1.0532014442762827      ,  0.97854134297999718      ,   1.9913488137310020     
  0.79205374159679542      ,  0.70769136313762082      ,   1.8931943560315410     
  0.54610193554973396      ,  0.45583824664640421      ,   1.7758848688803412     
  0.32397904014141610      ,  0.23050927023430751      ,   1.6437546594339536     
  0.13084070138445367      ,   3.6050505143438528E-002 ,   1.5013681551015559     
  -3.3606572763407096E-002 , -0.12611607209068093      ,   1.3531623917873992     
 -0.17391696733466619      , -0.25691646736808738      ,   1.2031709132144586     
 -0.29430704635646043      , -0.35892099368569275      ,   1.0548452921163320     
 -0.39545978259236303      , -0.43566570606659138      ,  0.91096991287466522     
 -0.47534211830697143      , -0.49109073009665027      ,  0.77365276665340721     
 -0.53250200146628968      , -0.52913030916021508      ,  0.64436993400604248     
 -0.56825269435043868      , -0.55344944453988010      ,  0.52404215255857545     
 -0.58608181592475728      , -0.56730092427670731      ,  0.41312580382037600     
 -0.59049617715343794      , -0.57347008422848955      ,  0.31170564749703555     
 -0.58645531292090980      , -0.57427697668179878      ,  0.21958131569322537     
 -0.57850451264457692      , -0.57161183544461391      ,  0.13634331255018414     
 -0.57024636477512225      , -0.56698665329823184      ,   6.1436906494710515E-002
 -0.56458121896470193      , -0.56159171937918373      ,  -5.7860203865394491E-003
 -0.56339441946876556      , -0.55635054902165548      ,  -6.6026161440253139E-002
 -0.56677646270781623      , -0.55196980285759600      , -0.12000557659049557     
 -0.57328966372810830      , -0.54898280315761561      , -0.16844453580434451     
 -0.58111303120348889      , -0.54778643087851842      , -0.21204493240616626     
 -0.58906746145766609      , -0.54867180518917957      , -0.25147893945101157     
 -0.59740370746651483      , -0.55184942003972071      , -0.28738176978518815     
 -0.60772938259099529      , -0.55746948611134617      , -0.32034758760914694     
 -0.62159703601549421      , -0.56563819546380900      , -0.35092779030212551     
 -0.63927085308218612      , -0.57643054706452279      , -0.37963102752785310     
 -0.65992416700140910      , -0.58990027587016369      , -0.40692444907360542     
 -0.68243538866935083      , -0.60608733244994850      , -0.43323577496980942     
 -0.70591927280843081      , -0.62502327145361625      , -0.45895586375767139     
 -0.72990327760495377      , -0.64673482781757508      , -0.48444152011735980     
 -0.75426479524624634      , -0.67124588940194041      , -0.51001833407320762     
 -0.77924248014599717      , -0.69857801281065290      , -0.53598338297267722     
 -0.80548130525138739      , -0.72874957445346822      , -0.56260765637729260     
 -0.83381182185487379      , -0.76177360083665890      , -0.59013808461061679     
 -0.86492482455290121      , -0.79765428065106081      , -0.61879906548882424     
 -0.89926109743351346      , -0.83638212735544426      , -0.64879339212775489     
 -0.93702952447438015      , -0.87792773658273071      , -0.68030248910997815     
 -0.97824232987898063      , -0.92223407105529098      , -0.71348586628439714     
  -1.0227838392285684      , -0.96920721151846778      , -0.74847970091958682     
  -1.0703073075903962      ,  -1.0187055419305131      , -0.78539446213172392     
  -1.1200244140517128      ,  -1.0705273990196120      , -0.82431149933192061     
  -1.1708732723372537      ,  -1.1243973202013882      , -0.86527853247538133     
  -1.2220013152222990      ,  -1.1799511806106666      , -0.90830401053099619     
  -1.2730665272951185      ,  -1.2367207301277516      , -0.95335035097060483     
  -1.3241797527908614      ,  -1.2941183324021865      ,  -1.0003261428697443     
  -1.3755517652765079      ,  -1.3514230708375985      ,  -1.0490774950421622     
  -1.4270230444824756      ,  -1.4077698097463391      ,  -1.0993788430539364     
  -1.4778204121029068      ,  -1.4621432513207209      ,  -1.1509236968342043     
  -1.5266740248732269      ,  -1.5133794522476787      ,  -1.2033160107705185     
  -1.5720189381443368      ,  -1.5601775654106953      ,  -1.2560630796131806     
  -1.6120384312915725      ,  -1.6011246243680743      ,  -1.3085710842048905     
  -1.6446324107950567      ,  -1.6347358360637099      ,  -1.3601445955361895     
  -1.6675290646183556      ,  -1.6595119318158782      ,  -1.4099914444430315     
  -1.6786336994063276      ,  -1.6740135290221811      ,  -1.4572343171030444     
  -1.6764497824116118      ,  -1.6769501584963395      ,  -1.5009301808173732     
  -1.6602865231371680      ,  -1.6672787674971616      ,  -1.5400981306903612     
  -1.6301698187573190      ,  -1.6443034919369328      ,  -1.5737554593945751     
  -1.5865939269532252      ,  -1.6077659040101648      ,  -1.6009607280829263     
  -1.5303119606454316      ,  -1.5579135285661139      ,  -1.6208614663653091     
  -1.4623119675503371      ,  -1.4955348932514001      ,  -1.6327430334951276     
  -1.3839577801790617      ,  -1.4219521617279289      ,  -1.6360743587605571     
  -1.2971243106146164      ,  -1.3389674036710908      ,  -1.6305459717501778     
  -1.2041970683826015      ,  -1.2487650483012311      ,  -1.6160960912620492     
  -1.1079171135553394      ,  -1.1537797725597216      ,  -1.5929215969596866     
  -1.0111141486830750      ,  -1.0565444878607058      ,  -1.5614723340519292     
 -0.91640394308976481      , -0.95953593668434656      ,  -1.5224291288345679     
 -0.82594136174693678      , -0.86503506073693992      ,  -1.4766677720079291     
 -0.74129233468878353      , -0.77501596540308193      ,  -1.4252127180413876     
 -0.66344574393363143      , -0.69107193118611820      ,  -1.3691851115140485     
 -0.59294043278853970      , -0.61438085835291323      ,  -1.3097498964083438     
 -0.53002980030129487      , -0.54570708471447615      ,  -1.2480662595137457     
 -0.47480305974204595      , -0.48543260907053182      ,  -1.1852446890097597     
 -0.42723634752096545      , -0.43360875900124374      ,  -1.1223127313895014     
 -0.38719203303845501      , -0.39001913247825576      ,  -1.0601903307828902     
 -0.35439757771247860      , -0.35424575937535829      , -0.99967460534226515     
 -0.32843486064933552      , -0.32573229227028422      , -0.94143315192369736     
 -0.30875455974017041      , -0.30384011645547843      , -0.88600449845689855     
 -0.29471244505714300      , -0.28789518263124692      , -0.83380411625177198     
 -0.28561807266015715      , -0.27722489743748402      , -0.78513440532441636     
 -0.28078822701229594      , -0.27118548665555725      , -0.74019720831002611     
 -0.27960088853986814      , -0.26918090226847574      , -0.69910763092864081     
 -0.28154636947321993      , -0.27067465841662991      , -0.66190819981108051     
 -0.28626282590829766      , -0.27519604925744096      , -0.62858263694646577     
 -0.29353783318407173      , -0.28234211350831079      , -0.59906875283833150     
 -0.30326943461239736      , -0.29177653783712260      , -0.57327014725614533     
 -0.31540006247044700      , -0.30322648557970211      , -0.55106655451075470     
 -0.32984793403240437      , -0.31647813139018632      , -0.53232278152552437     
 -0.34646248037547328      , -0.33137149483996187      , -0.51689626622335638     
 -0.36502076903065395      , -0.34779500501769461      , -0.50464333648177084     
 -0.38526284930543231      , -0.36568009573819377      , -0.49542428169247349     
 -0.40694820375961965      , -0.38499602525408183      , -0.48910736481874190     
 -0.42991019248253221      , -0.40574503181382809      , -0.48557190700941305     
 -0.45408848229717247      , -0.42795787285999853      , -0.48471057270616202     
 -0.47953027418023880      , -0.45168974702394493      , -0.48643097339798735     
 -0.50636358201975495      , -0.47701656066061776      , -0.49065669468592232     
 -0.53475207141794079      , -0.50403147131716031      , -0.49732783551610799     
 -0.56484407821948512      , -0.53284161661660823      , -0.50640113126787600     
 -0.59673172025223087      , -0.56356491644376672      , -0.51784971444532857     
 -0.63043598659343325      , -0.59632681739133375      , -0.53166254835454352     
 -0.66592547813178882      , -0.63125682995497168      , -0.54784355050508726     
 -0.70316258478403448      , -0.66848469021474177      , -0.56641040358499717     
 -0.74215669688502151      , -0.70813595849571220      , -0.58739303269851206     
 -0.78299947945731341      , -0.75032684820996909      , -0.61083170811569854     
 -0.82586621252709935      , -0.79515806005460743      , -0.63677471314776146     
 -0.87098365077725726      , -0.84270738243510879      , -0.66527549721122536     
 -0.91857757262933248      , -0.89302081239096343      , -0.69638921528000819     
 -0.96881699243431696      , -0.94610195840523448      , -0.73016853783086644     
  -1.0217667959133250      ,  -1.0018995157737431      , -0.76665860183091661     
  -1.0773537665814714      ,  -1.0602926681694629      , -0.80589096597885568     
  -1.1353487327635201      ,  -1.1210743804092265      , -0.84787643615008990     
  -1.1953671975312656      ,  -1.1839327250420781      , -0.89259664507869874     
  -1.2568859810103827      ,  -1.2484306490633519      , -0.93999431056875693     
  -1.3192647316499615      ,  -1.3139849560736494      , -0.98996216730446873     
  -1.3817557098605655      ,  -1.3798457674096958      ,  -1.0423306780223585     
  -1.4434889610878394      ,  -1.4450783338110693      ,  -1.0968547897873986     
  -1.5034330661883935      ,  -1.5085497731547308      ,  -1.1532002176860552     
  -1.5603460011509593      ,  -1.5689240468697017      ,  -1.2109300134128256     
  -1.6127378981717897      ,  -1.6246691407812124      ,  -1.2694925020919510     
  -1.6588656566218221      ,  -1.6740808026929315      ,  -1.3282120238056812     
  -1.6967731139788247      ,  -1.7153270618634235      ,  -1.3862842519564700     
  -1.7243828397954641      ,  -1.7465168280709595      ,  -1.4427781088534570     
  -1.7396371938265758      ,  -1.7657938748848623      ,  -1.4966463657802502     
  -1.7406759729333896      ,  -1.7714543110066963      ,  -1.5467467920685003     
  -1.7260282928263218      ,  -1.7620813487078815      ,  -1.5918751048897211     
  -1.6947917754181459      ,  -1.7366862849086970      ,  -1.6308099101921392     
  -1.6467749565293168      ,  -1.6948400507549732      ,  -1.6623683407229719     
  -1.5825857506505552      ,  -1.6367767362150747      ,  -1.6854693344275800     
  -1.5036551039902837      ,  -1.5634504866980163      ,  -1.6991997322826975     
  -1.4121880266061182      ,  -1.4765310201841704      ,  -1.7028769857454698     
  -1.3110359022349833      ,  -1.3783307488594123      ,  -1.6961016460448777     
  -1.2034896020718495      ,  -1.2716669436537500      ,  -1.6787932562460715     
  -1.0930070344929914      ,  -1.1596733249467557      ,  -1.6512048610538417     
 -0.98290960185954535      ,  -1.0455842051320325      ,  -1.6139138845134358     
 -0.87610074686250128      , -0.93251858183882830      ,  -1.5677901395865363     
 -0.77486613469563648      , -0.82329035218042435      ,  -1.5139446234270537     
 -0.68080185940391635      , -0.72026464386512257      ,  -1.4536649478973556     
 -0.59488080647557340      , -0.62527101860698397      ,  -1.3883443792293637     
 -0.51761519807790057      , -0.53957446906770634      ,  -1.3194114175192606     
 -0.44923415319944887      , -0.46389691918436793      ,  -1.2482658107355322     
 -0.38980152481536112      , -0.39847670576091254      ,  -1.1762252245048130     
 -0.33924985422245812      , -0.34315158107041943      ,  -1.1044848893203174     
 -0.29735997667285446      , -0.29745160266351045      ,  -1.0340907775608119     
 -0.26373403617109525      , -0.26069089022894731      , -0.96592546022966486     
 -0.23779213729506099      , -0.23205059843253328      , -0.90070485909712150     
 -0.21879767610371040      , -0.21064875873199193      , -0.83898363355433903     
 -0.20590425624218611      , -0.19559537939723376      , -0.78116684156170324     
 -0.19821696509092429      , -0.18603315816078411      , -0.72752567936784129     
 -0.19486298562175650      , -0.18116536963129981      , -0.67821542530855661     
 -0.19506485985896463      , -0.18027307394903186      , -0.63329409850843954     
 -0.19820329293514477      , -0.18272393010137675      , -0.59274072934587274     
 -0.20385078559994493      , -0.18797475401396574      , -0.55647248585787767     
 -0.21176085747525125      , -0.19556967171577358      , -0.52436018980393284     
 -0.22181212079259599      , -0.20513537557731906      , -0.49624198298935779     
 -0.23392544584780409      , -0.21637465526718860      , -0.47193507244194055     
 -0.24798586008176915      , -0.22905907577723930      , -0.45124560031800964     
 -0.26379989396005266      , -0.24302142513539784      , -0.43397676066707219     
 -0.28110254102861026      , -0.25814835544495218      , -0.41993532984433485     
 -0.29960565228720698      , -0.27437348785925458      , -0.40893679872533489     
 -0.31906441843782329      , -0.29167113772052305      , -0.40080929976955437     
 -0.33933569971494792      , -0.31005073261561378      , -0.39539651574186374     
 -0.36040832628347846      , -0.32955193639568431      , -0.39255974355020584     
 -0.38239634089298030      , -0.35024045017466282      , -0.39217926911047751     
 -0.40549777136678422      , -0.37220443197803904      , -0.39415518944159794     
 -0.42993165253988452      , -0.39555145607950276      , -0.39840779768278439     
 -0.45587351327865594      , -0.42040591799337096      , -0.40487762625429907     
 -0.48341265111505249      , -0.44690677909479126      , -0.41352522341094500     
 -0.51254975327305341      , -0.47520553392195697      , -0.42433071913709575     
 -0.54323866731330184      , -0.50546427174952702      , -0.43729321766365337     
 -0.57545595528125504      , -0.53785369066681721      , -0.45243003565478301     
 -0.60926778450172947      , -0.57255090604011283      , -0.46977578700513067     
 -0.64486548112949782      , -0.60973687501055940      , -0.48938129681772835     
 -0.68255779470077715      , -0.64959323398722135      , -0.51131230806695893     
 -0.72272834998564839      , -0.69229831675282183      , -0.53564792425562802     
 -0.76577806217668010      , -0.73802208723464602      , -0.56247870966875946     
 -0.81206967547657938      , -0.78691968457225403      , -0.59190434535887448     
 -0.86188178470278343      , -0.83912324162272045      , -0.62403071376360286     
 -0.91537405488017543      , -0.89473160635231996      , -0.65896625826376010     
 -0.97256759907028234      , -0.95379757650101715      , -0.69681743709137578     
  -1.0333471995065571      ,  -1.0163122633497086      , -0.73768306581018306     
  -1.0974864268486006      ,  -1.0821862475180342      , -0.78164732251353786     
  -1.1646834718347392      ,  -1.1512273020640964      , -0.82877118020333218     
  -1.2345848598090183      ,  -1.2231146665016239      , -0.87908203927150175     
  -1.3067761742512194      ,  -1.2973701971690170      , -0.93256137033902720     
  -1.3807336917894273      ,  -1.3733272361202213      , -0.98913025796572596     
  -1.4557482472931780      ,  -1.4500987710790152      ,  -1.0486328760822481     
  -1.5308413357545954      ,  -1.5265474263521797      ,  -1.1108181454454200     
  -1.6046915759607290      ,  -1.6012610163540415      ,  -1.1753201399794371     
  -1.6755852210581392      ,  -1.6725387318242921      ,  -1.2416382341557344     
  -1.7414041962329727      ,  -1.7383943355206446      ,  -1.3091185144058646     
  -1.7996656841161498      ,  -1.7965837066088675      ,  -1.3769385845074287     
  -1.8476203096204789      ,  -1.8446642303873391      ,  -1.4440985090625240     
  -1.8824017063758087      ,  -1.8800923057294496      ,  -1.5094211411549825     
  -1.9012097688614304      ,  -1.9003620552261886      ,  -1.5715652975031595     
  -1.9015124182864489      ,  -1.9031827982302114      ,  -1.6290549666315841     
  -1.8812618425368808      ,  -1.8866851170226828      ,  -1.6803267568421569     
  -1.8391264154408800      ,  -1.8496363551116888      ,  -1.7237959816215145     
  -1.7747282802688491      ,  -1.7916380410675179      ,  -1.7579391792960299     
  -1.6888524468138670      ,  -1.7132726957006661      ,  -1.7813877595971110     
  -1.5835717708966195      ,  -1.6161684807156373      ,  -1.7930244250309093     
  -1.4622289799668728      ,  -1.5029588695350191      ,  -1.7920717886868647     
  -1.3292364947192681      ,  -1.3771305048812259      ,  -1.7781619623086107     
  -1.1896915949643179      ,  -1.2427725453127778      ,  -1.7513773102249932     
  -1.0488512211310488      ,  -1.1042599496768615      ,  -1.7122560386931081     
 -0.91155635081014486      , -0.96591582889212391      ,  -1.6617612036872165     
 -0.78172288895645237      , -0.83170052098099057      ,  -1.6012170039848961     
 -0.66201980490045609      , -0.70496700230654741      ,  -1.5322206851177955     
 -0.55383804755770616      , -0.58830656487150945      ,  -1.4565410779602899     
 -0.45757722295923048      , -0.48349030064061937      ,  -1.3760153333794944     
 -0.37311873945921242      , -0.39149578312941646      ,  -1.2924539848468182     
 -0.30023126167247161      , -0.31259772590773183      ,  -1.2075617072594529     
 -0.23871899725534199      , -0.24649732083023929      ,  -1.1228778477963137     
 -0.18833178524120342      , -0.19246644036208602      ,  -1.0397377047734631     
 -0.14860589998630042      , -0.14948788969210711      , -0.95925310181428824     
 -0.11877982826753086      , -0.11637925082458615      , -0.88230924416551371     
  -9.7810370517490461E-002 ,  -9.1893903499562668E-002 , -0.80957411805612767     
  -8.4444760375716812E-002 ,  -7.4797586472046762E-002 , -0.74151662997261869     
  -7.7312704136384386E-002 ,  -6.3922072050415557E-002 , -0.67843005825751912     
  -7.5027769002980582E-002 ,  -5.8199293618304448E-002 , -0.62045799615403852     
  -7.6301325505159640E-002 ,  -5.6679925827361408E-002 , -0.56762064194083117     
  -8.0069110575635441E-002 ,  -5.8540348368154201E-002 , -0.51983993214592517     
  -8.5602472686623854E-002 ,  -6.3081452805168317E-002 , -0.47696256091195804     
  -9.2551768937279649E-002 ,  -6.9722116155089525E-002 , -0.43878036149152644     
 -0.10088539323021371      ,  -7.7989515728857151E-002 , -0.40504784664213661     
 -0.11073366928492197      ,  -8.7507878633341765E-002 , -0.37549692761449566     
 -0.12219255368006594      ,  -9.7986779594274140E-002 , -0.34984897538591037     
 -0.13516927945788026      , -0.10920972673848564      , -0.32782447175601614     
 -0.14933695816739381      , -0.12102349597512529      , -0.30915053859972014     
 -0.16420589839843841      , -0.13332847406205278      , -0.29356664452594172     
 -0.17926365705311981      , -0.14607013108359065      , -0.28082877981958682     
 -0.19412199794297452      , -0.15923164952925400      , -0.27071237047079422     
 -0.20862306697718228      , -0.17282767687931797      , -0.26301417569665608     
 -0.22287622153030456      , -0.18689913183338283      , -0.25755338429269542     
 -0.23721705718424141      , -0.20150897378470639      , -0.25417209580375427     
 -0.25209993285559618      , -0.21673883553326737      , -0.25273534436015060     
 -0.26795322950201189      , -0.23268641671678922      , -0.25313079693558804     
 -0.28504240879685550      , -0.24946353727361886      , -0.25526823416466127     
 -0.30339334328905576      , -0.26719475444867991      , -0.25907890083227025     
 -0.32281500478868219      , -0.28601645195124986      , -0.26451479464037853     
 -0.34301993058156810      , -0.30607631475629160      , -0.27154794566341145     
 -0.36379057935181203      , -0.32753310681370912      , -0.28016972472774587     
 -0.38511580513964766      , -0.35055667081892139      , -0.29039020643681313     
 -0.40724251696264302      , -0.37532806847835753      , -0.30223760130804356     
 -0.43063637081783240      , -0.40203977563750370      , -0.31575776104721937     
 -0.45588949053987349      , -0.43089583842782897      , -0.33101375087482215     
 -0.48362614142296545      , -0.46211188333042980      , -0.34808547250654798     
 -0.51443273276183410      , -0.49591485471487706      , -0.36706931029059908     
 -0.54880372226289797      , -0.53254232681396518      , -0.38807776046718501     
 -0.58708951035896717      , -0.57224120193494643      , -0.41123898881699250     
 -0.62945824105678738      , -0.61526556162170254      , -0.43669624430404413     
 -0.67590281689959575      , -0.66187338119341854      , -0.46460703482419996     
 -0.72631095167698911      , -0.71232174967747208      , -0.49514194493394065     
 -0.78057980821411843      , -0.76686015654029704      , -0.52848294357277537     
 -0.83872519525424705      , -0.82572131529877424      , -0.56482099157809673     
 -0.90093183247633746      , -0.88910889631946843      , -0.60435271386681955     
 -0.96752256094739364      , -0.95718144561732144      , -0.64727584989268017     
  -1.0388702974545221      ,  -1.0300316888973573      , -0.69378314002236041     
  -1.1152981831876274      ,  -1.1076603862467747      , -0.74405424852281254     
  -1.1969905864972470      ,  -1.1899439527310121      , -0.79824527282869806     
  -1.2838984304040058      ,  -1.2765952520927344      , -0.85647535524582685     
  -1.3756183965214850      ,  -1.3671173852263221      , -0.91880991527361622     
  -1.4712700452302141      ,  -1.4607510350535038      , -0.98524008462433921     
  -1.5694388771772645      ,  -1.5564171138177354      ,  -1.0556580887928402     
  -1.6682364849907030      ,  -1.6526582029154728      ,  -1.1298286242713289     
  -1.7654494537899812      ,  -1.7475846497656911      ,  -1.2073567810173433     
  -1.8586738307168753      ,  -1.8388341462472721      ,  -1.2876538045436170     
  -1.9453331356540200      ,  -1.9235568958115867      ,  -1.3699030094540989     
  -2.0225589889320412      ,  -1.9984414754470683      ,  -1.4530294256971485     
  -2.0870112761266819      ,  -2.0597981597360326      ,  -1.5356781714554506     
  -2.1347647157872474      ,  -2.1037152903137084      ,  -1.6162078635177315     
  -2.1613793686416218      ,  -2.1262985059202357      ,  -1.6927062008074754     
  -2.1622308034190270      ,  -2.1239908924464261      ,  -1.7630346532475247     
  -2.1331133389503751      ,  -2.0939542405694795      ,  -1.8249073791125396     
  -2.0710371354505224      ,  -2.0344698460352229      ,  -1.8760056647451384     
  -1.9750300152583642      ,  -1.9452969176045305      ,  -1.9141233645507050     
  -1.8466889970349905      ,  -1.8279153874829066      ,  -1.9373317682185185     
  -1.6902788571130600      ,  -1.6855855241203963      ,  -1.9441455890870691     
  -1.5123487216976181      ,  -1.5231832073349167      ,  -1.9336674312105187     
  -1.3210068030795192      ,  -1.3468136481388202      ,  -1.9056880830014979     
  -1.1250217562538025      ,  -1.1632561703974931      ,  -1.8607252165892612     
 -0.93286671532016652      , -0.97933229922058140      ,  -1.7999928104286804     
 -0.75181106568403822      , -0.80130503042066714      ,  -1.7253055011865772     
 -0.58711999838928641      , -0.63440384938197447      ,  -1.6389329214769353     
 -0.44143904401781031      , -0.48253394132337513      ,  -1.5434260887480573     
 -0.31478416244085095      , -0.34818283590830196      ,  -1.4414396800717835     
 -0.20558529285177027      , -0.23249812814134732      ,  -1.3355709038006018     
 -0.11228727058867476      , -0.13548555971593074      ,  -1.2282293332833776     
  -3.4298917381472761E-002 ,  -5.6269906219155272E-002 ,  -1.1215446562215881     
   2.8269704163809840E-002 ,   6.6318975710786821E-003 ,  -1.0173126590833490     
   7.5505238247179488E-002 ,   5.5061524558877140E-002 , -0.91697499538263172     
  0.10828826405354378      ,   9.1014157251776917E-002 , -0.82162566727776609     
  0.12828079789787200      ,  0.11648438835860699      , -0.73203639435533829     
  0.13765961996135406      ,  0.13336077817771405      , -0.64869359043157415     
  0.13886450196108435      ,  0.14336166147433382      , -0.57184093095123456     
  0.13436978637140523      ,  0.14800295290998974      , -0.50152299788620158     
  0.12651849052458689      ,  0.14858893126008563      , -0.43762692591034791     
  0.11737361129223485      ,  0.14621829166196354      , -0.37992018122204974     
  0.10845744593323683      ,  0.14179943589764171      , -0.32808352909402183     
  0.10048909867473653      ,  0.13607060347492927      , -0.28173890008174274     
   9.3367162897353112E-002 ,  0.12962183015824019      , -0.24047229154001515     
   8.6446950492765157E-002 ,  0.12291679566143585      , -0.20385209363802392     
   7.9012143157459996E-002 ,  0.11631340530896644      , -0.17144335712803233     
   7.0778063872879118E-002 ,  0.11008249150981247      , -0.14281856471464840     
   6.2143248399610468E-002 ,  0.10442437711713656      , -0.11756546009112379     
   5.4024604365181153E-002 ,   9.9483265975480822E-002 ,  -9.5292450698742537E-002
   4.7468929583952622E-002 ,   9.5359557810579046E-002 ,  -7.5632046969053610E-002
   4.3315573127005146E-002 ,   9.2120256097234787E-002 ,  -5.8242741815565935E-002
   4.1984494706908460E-002 ,   8.9807670522331809E-002 ,  -4.2809675278040152E-002
   4.3381435956360903E-002 ,   8.8446624947945987E-002 ,  -2.9044373790967137E-002
   4.6932407402946359E-002 ,   8.8050377067792895E-002 ,  -1.6683803224649796E-002
   5.1752567377121125E-002 ,   8.8625443418063860E-002 ,  -5.4889303017962065E-003
   5.6936975803999465E-002 ,   9.0175506903978228E-002 ,   4.7570517042281801E-003
   6.1894798666294826E-002 ,   9.2704565893845861E-002 ,   1.4250710197358178E-002
   6.6581118497096275E-002 ,   9.6219465629758111E-002 ,   2.3170478593267770E-002
   7.1507275147783531E-002 ,  0.10073193503900983      ,   3.1678808289697137E-002
   7.7517737016300298E-002 ,  0.10626023546901686      ,   3.9924315065625528E-002
   8.5450784983244335E-002 ,  0.11283051264599034      ,   4.8043883403733036E-002
   9.5861321281296222E-002 ,  0.12047792935848968      ,   5.6164704860415256E-002
  0.10890861348488450      ,  0.12924764397219127      ,   6.4406236612651963E-002
  0.12438419377618805      ,  0.13919568879702723      ,   7.2882074089193616E-002
  0.14181523563951040      ,  0.15038979239713457      ,   8.1701737491125151E-002
  0.16059773020180823      ,  0.16291018095003260      ,   9.0972376317400280E-002
  0.18011706082595311      ,  0.17685038546522014      ,  0.10080039897459114     
  0.19986087051032322      ,  0.19231807375030874      ,  0.11129303635303416     
  0.21956507271847805      ,  0.20943591808758993      ,  0.12255984902471209     
  0.23934393214004465      ,  0.22834250119983526      ,  0.13471418753482758     
  0.25968803618465958      ,  0.24919325368583059      ,  0.14787461413054032     
  0.28132578654934015      ,  0.27216140501006614      ,  0.16216629213985403     
  0.30507041640106008      ,  0.29743891648856235      ,  0.17772234594660688     
  0.33172778145344067      ,  0.32523734746483168      ,  0.19468518987864572     
  0.36201529719614872      ,  0.35578858369275485      ,  0.21320781800241143     
  0.39643156222448572      ,  0.38934532818804513      ,  0.23345503833546014     
  0.43511824762547258      ,  0.42618121744158366      ,  0.25560462372991749     
  0.47781811860195750      ,  0.46659037743175252      ,  0.27984833683908750     
  0.52398703378487532      ,  0.51088617139247883      ,  0.30639276713294245     
  0.57304160044675190      ,  0.55939881143258230      ,  0.33545989260639347     
  0.62466934047583500      ,  0.61247140525082377      ,  0.36728724609690205     
  0.67906470798108509      ,  0.67045388387585647      ,  0.40212752422049775     
  0.73694084531382853      ,  0.73369410400377422      ,  0.44024742390437027     
  0.79931646528855405      ,  0.80252523878664739      ,  0.48192542541007199     
  0.86728126192605781      ,  0.87724836805713469      ,  0.52744816004763362     
  0.94191493610687893      ,  0.95810896533412482      ,  0.57710490493869326     
   1.0242592644087625      ,   1.0452657805728223      ,  0.63117963775002872     
   1.1150872694877927      ,   1.1387504820354777      ,  0.68993996663175328     
   1.2144297714195527      ,   1.2384164273482181      ,  0.75362213632406572     
   1.3211672323327555      ,   1.3438752066554114      ,  0.82241122208398265     
   1.4330764738455679      ,   1.4544203201472676      ,  0.89641559472431365     
   1.5474252729448417      ,   1.5689387609178072      ,  0.97563482829485038     
   1.6617655046668356      ,   1.6858136658766292      ,   1.0599205065801458     
   1.7743777883449998      ,   1.8028248692118054      ,   1.1489299706560232     
   1.8840580223782397      ,   1.9170593339240956      ,   1.2420740599845279     
   1.9894073903073992      ,   2.0248499264203508      ,   1.3384614507544750     
   2.0880857176670364      ,   2.1217681005363196      ,   1.4368443490931841     
   2.1763530748670790      ,   2.2027020523138305      ,   1.5355729780716709     
   2.2489051679717824      ,   2.2620538223631388      ,   1.6325691829374855     
   2.2989807196750385      ,   2.2940825631095625      ,   1.7253318865775926     
   2.3189254295595663      ,   2.2934025096515773      ,   1.8109879719485740     
   2.3013722658352074      ,   2.2556108582566328      ,   1.8864000927656583     
   2.2408380599405402      ,   2.1779756365249536      ,   1.9483366994347122     
   2.1351913599709089      ,   2.0600674067786091      ,   1.9936988387326597     
   1.9864008669469726      ,   1.9041894755754216      ,   2.0197843039439829     
   1.8002681653366632      ,   1.7154692943814802      ,   2.0245557812127513     
   1.5853873247122579      ,   1.5015302430138926      ,   2.0068705581414674     
   1.3519631381732282      ,   1.2717598040209583      ,   1.9666297015238157     
   1.1108876145983040      ,   1.0362971825751546      ,   1.9048163682796677     
  0.87294527720271531      ,  0.80493991239132967      ,   1.8234138682300103     
  0.64799517490361913      ,  0.58618396610125834      ,   1.7252181534258575     
  0.44406321155909950      ,  0.38656124625243360      ,   1.6135790714816123     
  0.26592890203339259      ,  0.21034630813473335      ,   1.4921143988777912     
  0.11379563072885736      ,   5.9608695163686748E-002 ,   1.3644388805009304     
  -1.5727158360570183E-002 ,  -6.5479933137011226E-002 ,   1.2339398472094227     
 -0.12623765911821874      , -0.16620055027530495      ,   1.1036162944159156     
 -0.21894626657157948      , -0.24481000764352695      ,  0.97598429919751772     
 -0.29298595989092890      , -0.30410886996064257      ,  0.85304136147876719     
 -0.34761463031126943      , -0.34709476490187574      ,  0.73627664433751827     
 -0.38379296053342216      , -0.37671289195006802      ,  0.62671257737338548     
 -0.40399599260061275      , -0.39569614814294074      ,  0.52496455981118595     
 -0.41152399073967300      , -0.40647782964416257      ,  0.43130818574931273     
 -0.41016045471512952      , -0.41115746707718875      ,  0.34574645755035577     
 -0.40370113285026465      , -0.41150210621487715      ,  0.26807221390270930     
 -0.39554915272939400      , -0.40896890310199524      ,  0.19792318892810590     
 -0.38862751021946773      , -0.40473875859198022      ,  0.13482868670199558     
 -0.38497933359019071      , -0.39975409662649936      ,   7.8247876867343358E-002
 -0.38516202520669263      , -0.39475651542952789      ,   2.7600314319150377E-002
 -0.38832717902200226      , -0.39032191242298492      ,  -1.7710416716385423E-002
 -0.39294693836043526      , -0.38689192741735651      ,  -5.8278932325788971E-002
 -0.39762951294310711      , -0.38480132170628584      ,  -9.4685166360762144E-002
 -0.40189962022131087      , -0.38430135678688487      , -0.12748546907213734     
 -0.40648478288896084      , -0.38557946906189577      , -0.15720688788408219     
 -0.41264845956122442      , -0.38877563790933228      , -0.18434394603443194     
 -0.42130990208033936      , -0.39399586905819672      , -0.20935734501658584     
 -0.43282359266449133      , -0.40132319833040991      , -0.23267411661505247     
 -0.44715163756909454      , -0.41082658358391927      , -0.25468883757681537     
 -0.46397622857081128      , -0.42256800707019559      , -0.27576559431625691     
 -0.48275181044036142      , -0.43660806267782115      , -0.29624044721241904     
 -0.50279087873016959      , -0.45301025559336150      , -0.31642419513785502     
 -0.52351058306483222      , -0.47184419680003337      , -0.33660528206910106     
 -0.54475950227971637      , -0.49318783156868379      , -0.35705272011539529     
 -0.56693150097111455      , -0.51712879917563415      , -0.37801892807114496     
 -0.59080655213380040      , -0.54376497977004823      , -0.39974240249018106     
 -0.61728582397964193      , -0.57320424278403181      , -0.42245014997122587     
 -0.64713323194425876      , -0.60556336871600913      , -0.44635981535506558     
 -0.68083913069940705      , -0.64096607180850518      , -0.47168144125200534     
 -0.71866774885191642      , -0.67954000459510544      , -0.49861879002709569     
 -0.76068831344630894      , -0.72141257642418488      , -0.52737015029433365     
 -0.80666207595398698      , -0.76670536747726248      , -0.55812853633776005     
 -0.85602847028238116      , -0.81552686917319506      , -0.59108117101442681     
 -0.90811965551087792      , -0.86796323453109814      , -0.62640812116689004     
 -0.96245565096269992      , -0.92406668383501045      , -0.66427993038313904     
  -1.0189820088773114      , -0.98384119101453216      , -0.70485406880495360     
  -1.0781058027489374      ,  -1.0472250883707017      , -0.74826999640014280     
  -1.1404397414082494      ,  -1.1140702913966432      , -0.79464261903395428     
  -1.2064543625117892      ,  -1.1841179882630797      , -0.84405391227026083     
  -1.2763232014640729      ,  -1.2569708943107780      , -0.89654250528706636     
  -1.3499461843523362      ,  -1.3320625811600497      , -0.95209106900782137     
  -1.4269096535765260      ,  -1.4086249955284553      ,  -1.0106114543405447     
  -1.5062482678925213      ,  -1.4856561204709910      ,  -1.0719276969676881     
  -1.5861597033174242      ,  -1.5618908147046162      ,  -1.1357572641826892     
  -1.6640060616837280      ,  -1.6357791596741007      ,  -1.2016912837629112     
  -1.7367534077336320      ,  -1.7054780339848252      ,  -1.2691749722667758     
  -1.8015722251629582      ,  -1.7688628873783263      ,  -1.3374900584707226     
  -1.8561737661955544      ,  -1.8235674200729917      ,  -1.4057416326856329     
  -1.8986936712097930      ,  -1.8670585584756816      ,  -1.4728524544807782     
  -1.9272822609323319      ,  -1.8967521385750084      ,  -1.5375681751794532     
  -1.9397654711792527      ,  -1.9101705150628026      ,  -1.5984769812271005     
  -1.9336463118824743      ,  -1.9051366868038477      ,  -1.6540466183546458     
  -1.9064460207407585      ,  -1.8799909029060546      ,  -1.7026804229180070     
  -1.8562431340117613      ,  -1.8338064567641899      ,  -1.7427917898376235     
  -1.7822589101851398      ,  -1.7665738233804884      ,  -1.7728935811366489     
  -1.6853331174267232      ,  -1.6793193399910480      ,  -1.7916957382361516     
  -1.5681431187478585      ,  -1.5741287994909499      ,  -1.7982014834472844     
  -1.4350718019444988      ,  -1.4540585711738296      ,  -1.7917907942460058     
  -1.2917181557591946      ,  -1.3229355864692047      ,  -1.7722800115972297     
  -1.1441616414939586      ,  -1.1850684983651558      ,  -1.7399488134297523     
 -0.99818289586419140      ,  -1.0449098261764556      ,  -1.6955300711564372     
 -0.85862711371791434      , -0.90671780055009554      ,  -1.6401634518064443     
 -0.72899832488319571      , -0.77426443399857336      ,  -1.5753188259838156     
 -0.61131750388017714      , -0.65062418559314306      ,  -1.5026994293425207     
 -0.50629612968755899      , -0.53805960856055846      ,  -1.4241365517228026     
 -0.41381242124392192      , -0.43800192017994610      ,  -1.3414871510683963     
 -0.33347779187713794      , -0.35111004356225739      ,  -1.2565436330226010     
 -0.26498210719465465      , -0.27738372851379317      ,  -1.1709618668190174     
 -0.20808926132865344      , -0.21630490680726164      ,  -1.0862101432000582     
 -0.16243699585261240      , -0.16698485479310698      ,  -1.0035388660824414     
 -0.12737948254946430      , -0.12830075441590932      , -0.92396866930221366     
 -0.10196337308010570      ,  -9.9011800828282467E-002 , -0.84829344980179178     
  -8.4982587665350884E-002 ,  -7.7850703932708876E-002 , -0.77709439787087953     
  -7.5056014188426806E-002 ,  -6.3590613793592488E-002 , -0.71076127246323817     
  -7.0720768007192458E-002 ,  -5.5090083998159803E-002 , -0.64951768650273467     
  -7.0544540122972094E-002 ,  -5.1319928652182122E-002 , -0.59344783846858606     
  -7.3259211359521292E-002 ,  -5.1376111790610725E-002 , -0.54252281249798806     
  -7.7903610992120176E-002 ,  -5.4482506497482014E-002 , -0.49662518528688282     
  -8.3925461234378329E-002 ,  -5.9986771525834218E-002 , -0.45557118450738321     
  -9.1181489375925212E-002 ,  -6.7351918144290771E-002 , -0.41913003141958882     
  -9.9815574344030156E-002 ,  -7.6145498697450006E-002 , -0.38704037906701927     
 -0.11004982710647962      ,  -8.6027798752510112E-002 , -0.35902394463510756     
 -0.12196757675580655      ,  -9.6739974650656230E-002 , -0.33479655016284376     
 -0.13538351288821970      , -0.10809274326090544      , -0.31407684844854894     
 -0.14985316874925556      , -0.11995598579839001      , -0.29659303637498741     
 -0.16479600996219054      , -0.13224945471734162      , -0.28208785835243927     
 -0.17966443782940622      , -0.14493465480064185      , -0.27032218738771446     
 -0.19409852845517483      , -0.15800789211005009      , -0.26107744707156139     
 -0.20802403714769649      , -0.17149443591142843      , -0.25415710912940392     
 -0.22166709640984877      , -0.18544371031143450      , -0.24938747116086327     
 -0.23548016407980354      , -0.19992541770844602      , -0.24661788975310234     
 -0.24999819026684211      , -0.21502649063002746      , -0.24572061646105828     
 -0.26566605684995426      , -0.23084876878264615      , -0.24659035883437774     
 -0.28269448008890907      , -0.24750730180244249      , -0.24914366600070298     
 -0.30100427788666961      , -0.26512918355277493      , -0.25331821830752771     
 -0.32029445280899999      , -0.28385282959556735      , -0.25907208303752821     
 -0.34021255408626982      , -0.30382761469181757      , -0.26638298299531660     
 -0.36054860491666740      , -0.32521379106320952      , -0.27524761149537930     
 -0.38136335618963457      , -0.34818260996592526      , -0.28568101558953890     
 -0.40300489173293369      , -0.37291656820932029      , -0.29771605884614949     
 -0.42603020872628561      , -0.39960969688581727      , -0.31140296518496530     
 -0.45109091219770281      , -0.42846780097640164      , -0.32680893569513642     
 -0.47883896122740938      , -0.45970854475326928      , -0.34401782048743806     
 -0.50986423935430225      , -0.49356125796539929      , -0.36312981686817919     
 -0.54463931295891632      , -0.53026631045188799      , -0.38426115281641809     
 -0.58345974564955538      , -0.57007386672513005      , -0.40754370016543978     
 -0.62640843631755849      , -0.61324178576453203      , -0.43312444421807728     
 -0.67338512257099836      , -0.66003237338925247      , -0.46116471487057925     
 -0.72421147712090539      , -0.71070762410160104      , -0.49183905773979042     
 -0.77877417725691334      , -0.76552250598750449      , -0.52533359135827784     
 -0.83713835190243457      , -0.82471574748206744      , -0.56184365743896569     
 -0.89957466076968295      , -0.88849748268377926      , -0.60157052509409392     
 -0.96649366026620132      , -0.95703301110356997      , -0.64471685702333670     
  -1.0383344956815750      ,  -1.0304218440011301      , -0.69148058764199649     
  -1.1154626253389532      ,  -1.1086711689674305      , -0.74204680358594444     
  -1.1980850883677792      ,  -1.1916629079707703      , -0.79657716295425818     
  -1.2861469652572828      ,  -1.2791137317463777      , -0.85519635278332806     
  -1.3791900518349816      ,  -1.3705278083744008      , -0.91797508300500474     
  -1.4762235585331993      ,  -1.4651428133852800      , -0.98490917658624821     
  -1.5756978504904200      ,  -1.5618709377351614      ,  -1.0558944769156287     
  -1.6756238109060440      ,  -1.6592384213378226      ,  -1.1306976022292721     
  -1.7737707517036301      ,  -1.7553295920387670      ,  -1.2089230872994532     
  -1.8678029775843923      ,  -1.8477444638281029      ,  -1.2899782167765024     
  -1.9552498180742313      ,  -1.9335823784575716      ,  -1.3730379039287575     
  -2.0333186243434609      ,  -2.0094673378281551      ,  -1.4570132840711101     
  -2.0986642947151664      ,  -2.0716324741702135      ,  -1.5405291632885045     
  -2.1472599122688689      ,  -2.1160799622598705      ,  -1.6219168435451898     
  -2.1744845167970999      ,  -2.1388267571723301      ,  -1.6992297223010837     
  -2.1754964793129545      ,  -2.1362343452227091      ,  -1.7702888766971601     
  -2.1458971594449405      ,  -2.1054020599515408      ,  -1.8327639813947796     
  -2.0825891529475906      ,  -2.0445807668991480      ,  -1.8842909353405151     
  -1.9846161478688851      ,  -1.9535423966589387      ,  -1.9226215166584080     
  -1.8537104818008403      ,  -1.8338290488603362      ,  -1.9457930344686416     
  -1.6943469989717574      ,  -1.6888114028237018      ,  -1.9522989358118306     
  -1.5132999637104079      ,  -1.5235141097589926      ,  -1.9412368422279591     
  -1.3188759944522717      ,  -1.3442120210571691      ,  -1.9124105565793181     
  -1.1200033450453839      ,  -1.1578532144471796      ,  -1.8663681352799042     
 -0.92528056917584889      , -0.97140576902449882      ,  -1.8043683566136113     
 -0.74207314520349732      , -0.79124071353522030      ,  -1.7282803210774276     
 -0.57570305076584638      , -0.62264865754680543      ,  -1.6404321365977033     
 -0.42880173251046233      , -0.46954913069346166      ,  -1.5434317569348321     
 -0.30128712007685693      , -0.33440429339267902      ,  -1.4399846537350298     
 -0.19146286170126214      , -0.21830781663064763      ,  -1.3327295467317848     
  -9.7704546442066262E-002 , -0.12119519779513725      ,  -1.2241066936955947     
  -1.9436334450818632E-002 ,  -4.2115597683410992E-002 ,  -1.1162655197519116     
   4.3179776462226170E-002 ,   2.0486709436646308E-002 ,  -1.0110115465697123     
   9.0207912353742273E-002 ,   6.8517777469615099E-002 , -0.90978775496973741     
  0.12255891556398410      ,  0.10402626193743578      , -0.81368293448099915     
  0.14195886114105560      ,  0.12904874663052246      , -0.72345890814728753     
  0.15066131619010026      ,  0.14550507020936551      , -0.63958917068628618     
  0.15118236166255306      ,  0.15513562773870865      , -0.56230283043951657     
  0.14605985744598765      ,  0.15947093878374241      , -0.49162931722975295     
  0.13768575199426281      ,  0.15982416769303215      , -0.42744079806285401     
  0.12816089012865556      ,  0.15729872395344635      , -0.36949047281843572     
  0.11902589964063937      ,  0.15280484568268940      , -0.31744585488358845     
  0.11098844131768008      ,  0.14708076104513482      , -0.27091679461893292     
  0.10391185147815106      ,  0.14071543813105639      , -0.22947842460269577     
   9.7109756330246544E-002 ,  0.13417102251796589      , -0.19268945063371956     
   8.9838503544575066E-002 ,  0.12780384748378712      , -0.16010633292912446     
   8.1819202280482645E-002 ,  0.12188343978152048      , -0.13129393972555115     
   7.3487984929726913E-002 ,  0.11660929459036382      , -0.10583324203678925     
   6.5804836240917791E-002 ,  0.11212541045637760      ,  -8.3326575815892520E-002
   5.9840047924086370E-002 ,  0.10853270131855734      ,  -6.3400941043187109E-002
   5.6431583040292700E-002 ,  0.10589946947631626      ,  -4.5709745725188280E-002
   5.5979265054765324E-002 ,  0.10427015253733518      ,  -2.9933342086985087E-002
   5.8358345110219555E-002 ,  0.10367256371322282      ,  -1.5778645510833335E-002
   6.2962414490157409E-002 ,  0.10412383785823971      ,  -2.9780755577153233E-003
   6.8880682919836428E-002 ,  0.10563528140448651      ,   8.7119867305855848E-003
   7.5199023485819957E-002 ,  0.10821630655474181      ,   1.9513070123515407E-002
   8.1342040543440380E-002 ,  0.11187761099747581      ,   2.9626691293402192E-002
   8.7301507568147474E-002 ,  0.11663374533339807      ,   3.9236545986113792E-002
   9.3631374447636181E-002 ,  0.12250519210664432      ,   4.8510742915426050E-002
  0.10120703735021749      ,  0.12952006322130361      ,   5.7604029240280456E-002
  0.11087830862679955      ,  0.13771550677706540      ,   6.6659972083182917E-002
  0.12319908012567546      ,  0.14713890001021801      ,   7.5813073027227965E-002
  0.13832826701844975      ,  0.15784889200725963      ,   8.5190802334656729E-002
  0.15606329899203078      ,  0.16991634801598865      ,   9.4915547152699190E-002
  0.17593857930805515      ,  0.18342523629126711      ,  0.10510647354626416     
  0.19735294260986821      ,  0.19847348819084690      ,  0.11588130609579436     
  0.21969159094200372      ,  0.21517385232113451      ,  0.12735803123493067     
  0.24244915688259563      ,  0.23365475348327366      ,  0.13965653162546596     
  0.26538896912435372      ,  0.25406115644904970      ,  0.15290015875808619     
  0.28867482883982082      ,  0.27655542254615456      ,  0.16721724963564050     
  0.31285219192770869      ,  0.30131813284431563      ,  0.18274259076972924     
  0.33868993087017024      ,  0.32854883440907107      ,  0.19961882863850883     
  0.36702623616365160      ,  0.35846664439448767      ,  0.21799781994534886     
  0.39869438785194400      ,  0.39131061915952309      ,  0.23804190709181647     
  0.43445645631390806      ,  0.42733976025768178      ,  0.25992509369566286     
  0.47486332854062568      ,  0.46683248383084736      ,  0.28383408103491098     
  0.52008479285188247      ,  0.51008532201043177      ,  0.30996910807541045     
  0.56983951698303492      ,  0.55741055142552731      ,  0.33854451411498021     
  0.62351127570443143      ,  0.60913235169282998      ,  0.36978891269851522     
  0.68043727150693267      ,  0.66558098285394907      ,  0.40394482676344723     
  0.74026552493121434      ,  0.72708433304494668      ,  0.44126758626840140     
  0.80320294153436500      ,  0.79395602623684047      ,  0.48202322918040019     
  0.86999060923579852      ,  0.86647909879151963      ,  0.52648507335109662     
  0.94163790296479799      ,  0.94488406424180749      ,  0.57492854014299799     
   1.0191630031426113      ,   1.0293200115880103      ,  0.62762371220481183     
   1.1035166384236754      ,   1.1198172657769607      ,  0.68482500244872102     
   1.1955414273188651      ,   1.2162401498838087      ,  0.74675720953346603     
   1.2956760648244861      ,   1.3182286351005581      ,  0.81359715612049432     
   1.4034014161645325      ,   1.4251283035935616      ,  0.88545008151459337     
   1.5168273252930078      ,   1.5359092905780751      ,  0.96232003866968674     
   1.6328574220102923      ,   1.6490769691601981      ,   1.0440737963954980     
   1.7479438132960141      ,   1.7625803520093120      ,   1.1303982621456463     
   1.8589312144738144      ,   1.8737286770511576      ,   1.2207523257973252     
   1.9633864273426094      ,   1.9791323337539792      ,   1.3143153831750887     
   2.0592039773694379      ,   2.0746905761774594      ,   1.4099366878493840     
   2.1438021705813433      ,   2.1556539445227054      ,   1.5060920462594489     
   2.2134411892152603      ,   2.2167915023342668      ,   1.6008569537318578     
   2.2629889404989885      ,   2.2526884218042524      ,   1.6919075042317528     
   2.2861709790052158      ,   2.2581843870692953      ,   1.7765613825387028     
   2.2762898320429481      ,   2.2289354566246842      ,   1.8518697931255470     
   2.2274230935642616      ,   2.1620431645734275      ,   1.9147661847452768     
   2.1359274610595906      ,   2.0566529170936714      ,   1.9622686169821451     
   2.0017610902180332      ,   1.9143940614837531      ,   1.9917204286638490     
   1.8290214157055829      ,   1.7395340488428781      ,   2.0010411052933321     
   1.6254216138315982      ,   1.5387608201874197      ,   1.9889499507456627     
   1.4010351123116878      ,   1.3205875736851553      ,   1.9551235362441517     
   1.1669239365690458      ,   1.0944698721640391      ,   1.9002562817400708     
  0.93398062077048993      ,  0.86980197130440695      ,   1.8260108125278076     
  0.71203227887875742      ,  0.65498696600371087      ,   1.7348662255019947     
  0.50910397392736206      ,  0.45674402410833626      ,   1.6298915649064565     
  0.33034238327090004      ,  0.27974115223213653      ,   1.5144830970439576     
  0.17676635793611695      ,  0.12655500924438956      ,   1.3921050714225933     
   4.5717677304632678E-002 ,  -2.1093609545281568E-003 ,   1.2660659784698975     
  -6.6297457940958704E-002 , -0.10703999294361360      ,   1.1393497488246689     
 -0.16089624540020614      , -0.19008160102014149      ,   1.0145082306768012     
 -0.23759643529252178      , -0.25371953242299472      ,  0.89361081724419855     
 -0.29563858551391958      , -0.30073129688479561      ,  0.77824067797363217     
 -0.33564129572506651      , -0.33392454246025399      ,  0.66952453904332021     
 -0.35968816039940571      , -0.35596005720225277      ,  0.56818335328088643     
 -0.37070564672571793      , -0.36924698732802863      ,  0.47459326396003948     
 -0.37213604397926148      , -0.37589322082260024      ,  0.38884895656509771     
 -0.36758570041402844      , -0.37769423707262845      ,  0.31082411065795684     
 -0.36041940094912656      , -0.37614639022080093      ,  0.24022584882287670     
 -0.35361179367297013      , -0.37247398388673925      ,  0.17664171537082027     
 -0.34941257406717474      , -0.36766269850571237      ,  0.11957883348917736     
 -0.34873592006385484      , -0.36249455027626887      ,   6.8495581330194732E-002
 -0.35105586304439124      , -0.35758150586839088      ,   2.2826506073900316E-002
 -0.35499694496988310      , -0.35339622047587044      ,  -1.7998639778078043E-002
 -0.35911316884620093      , -0.35029923678836039      ,  -5.4540824849171811E-002
 -0.36265921961273290      , -0.34856251030891594      ,  -8.7341759806201569E-002
 -0.36603002050079747      , -0.34838942264384626      , -0.11691723052267909     
 -0.37035872052696284      , -0.34993159229674742      , -0.14375306250130479     
 -0.37669191854731932      , -0.35330285041969134      , -0.16830313786135651     
 -0.38561348616673086      , -0.35859075534454887      , -0.19098898192971681     
 -0.39730333020341085      , -0.36586599856871060      , -0.21220052210168877     
 -0.41160689884116608      , -0.37519002047089617      , -0.23229769598738090     
 -0.42806082272129448      , -0.38662111437854607      , -0.25161264904947012     
 -0.44596227896860713      , -0.40021925684407017      , -0.27045231471455861     
 -0.46459290352136068      , -0.41604986199587363      , -0.28910121329269922     
 -0.48356966727951067      , -0.43418661921318441      , -0.30782434099060302     
 -0.50306052441681970      , -0.45471353602796433      , -0.32687004780146445     
 -0.52372366028224582      , -0.47772627159494169      , -0.34647282392138790     
 -0.54647323591692964      , -0.50333280959024207      , -0.36685592925790400     
 -0.57218987625465889      , -0.53165348217388397      , -0.38823381009042951     
 -0.60150794913616701      , -0.56282031778690689      , -0.41081425140154459     
 -0.63479515616937998      , -0.59697564414214421      , -0.43480021307211597     
 -0.67220355752058825      , -0.63426983296738892      , -0.46039129315319621     
 -0.71361267615136670      , -0.67485802422642949      , -0.48778475182937375     
 -0.75859521135269625      , -0.71889561443919947      , -0.51717601545449898     
 -0.80656059603552577      , -0.76653223684161209      , -0.54875856116675947     
 -0.85700350916032886      , -0.81790390218311593      , -0.58272305918769784     
 -0.90975719279393330      , -0.87312291159351063      , -0.61925562236534037     
 -0.96513026974482785      , -0.93226510369459192      , -0.65853498173058778     
  -1.0237783409299637      , -0.99535396770232754      , -0.70072837453749337     
  -1.0863923366680377      ,  -1.0623411591474730      , -0.74598590049483626     
  -1.1534823372286516      ,  -1.1330830190770358      , -0.79443307761640658     
  -1.2253542828728161      ,  -1.2073128544503686      , -0.84616131890993951     
  -1.3021008644161165      ,  -1.2846090303135032      , -0.90121606603373261     
  -1.3834068959826691      ,  -1.3643594057596606      , -0.95958237131782331     
  -1.4682058634103212      ,  -1.4457233725700702      ,  -1.0211678349887090     
  -1.5544911058452660      ,  -1.5275937779192856      ,  -1.0857830039380234     
  -1.6395715794285055      ,  -1.6085623533591964      ,  -1.1531196477268890     
  -1.7206697830043429      ,  -1.6868938939161400      ,  -1.2227277695525685     
  -1.7954359604948564      ,  -1.7605161903145281      ,  -1.2939927958138346     
  -1.8620248724924675      ,  -1.8270343129837907      ,  -1.3661151039794051     
  -1.9187253466987442      ,  -1.8837787772127064      ,  -1.4380948387112886     
  -1.9634568507838750      ,  -1.9278966816365157      ,  -1.5087257139824952     
  -1.9934956742898295      ,  -1.9564922881605553      ,  -1.5766020145148025     
  -2.0055560826571766      ,  -1.9668179842404507      ,  -1.6401430354681412     
  -1.9961587428692624      ,  -1.9565078935156675      ,  -1.6976384459203631     
  -1.9622026930449248      ,  -1.9238352622592316      ,  -1.7473162883833551     
  -1.9016550991999450      ,  -1.8679631247608479      ,  -1.7874324592804500     
  -1.8142077756849329      ,  -1.7891488963989355      ,  -1.8163767754887499     
  -1.7016891747036291      ,  -1.6888613174542515      ,  -1.8327867172578691     
  -1.5680523054400985      ,  -1.5697756537403367      ,  -1.8356565804305158     
  -1.4189145539355184      ,  -1.4356308657342878      ,  -1.8244281277482193     
  -1.2608138694267355      ,  -1.2909575812169940      ,  -1.7990497282333926     
  -1.1004134084317170      ,  -1.1407118013422741      ,  -1.7599946421626305     
 -0.94381008781401732      , -0.98986866166433762      ,  -1.7082349636031091     
 -0.79598396720334352      , -0.84303727905915227      ,  -1.6451744759519611     
 -0.66038669026776631      , -0.70414998917810345      ,  -1.5725497021054149     
