  0.65986847980793861      ,   2.1229450724483714      ,   1.4655193661558268     
   1.8140771062070544      ,   2.1929852415350255      ,   1.5610585270229873     
   2.2579438991249052      ,   2.2400776937172493      ,   1.6539053462152871     
   2.3013416605813584      ,   2.2589017442634218      ,   1.7415228812149708     
   2.0825471309159371      ,   2.2447042742917840      ,   1.8210630112943438     
   1.7500642992967892      ,   2.1939089102960634      ,   1.8894909061409448     
   1.5618546305408367      ,   2.1047402225179983      ,   1.9437656688917380     
   1.6069436201577583      ,   1.9777454803439807      ,   1.9810672081207392     
   1.5558584601048886      ,   1.8160821072783706      ,   1.9990464820024860     
   1.5148017811676904      ,   1.6254624622894605      ,   1.9960649989817625     
   1.2714654813816768      ,   1.4137129629515430      ,   1.9713841858516696     
   1.1015757703088800      ,   1.1899972664110152      ,   1.9252693066812612     
  0.85875831464278019      ,  0.96384218103004549      ,   1.8589865037522069     
  0.62323090180189600      ,  0.74415591195967179      ,   1.7746919444430655     
  0.46864220296483883      ,  0.53842131673974125      ,   1.6752329415465239     
  0.40210096683109392      ,  0.35218728446955988      ,   1.5638959838847664     
  0.23962976979845824      ,  0.18889565376218667      ,   1.4441420266186100     
  0.16010629002413607      ,   5.0001978019320249E-002 ,   1.3193650556489360     
   6.5031339469239599E-002 ,  -6.4700883798565631E-002 ,   1.1926989228874905     
  -3.9024810416223681E-002 , -0.15666063759309845      ,   1.0668841267543117     
  -9.8864431306042125E-002 , -0.22813426990100699      ,  0.94419438639734021     
 -0.15116820677916865      , -0.28180797976757588      ,  0.82641469034470127     
 -0.20078813137414966      , -0.32049834109380249      ,  0.71485843581946695     
 -0.22616056446658697      , -0.34694074961631782      ,  0.61041059040920653     
 -0.23974722124670789      , -0.36365620077566646      ,  0.51358530372947420     
 -0.27540789637803859      , -0.37288048745330526      ,  0.42458891988492709     
 -0.29874455111524484      , -0.37653861886822665      ,  0.34338204425120999     
 -0.31444112736335794      , -0.37624917459232166      ,  0.26973670639260389     
 -0.31656056579466257      , -0.37334652660465156      ,  0.20328652779630416     
 -0.33237770020516377      , -0.36891220776140959      ,  0.14356912745924336     
 -0.32421807232611732      , -0.36380958762195265      ,   9.0060855130340983E-002
 -0.34714013428598084      , -0.35871823902491112      ,   4.2204439621893741E-002
 -0.36385404804340338      , -0.35416596004674755      ,  -5.6961569239652996E-004
 -0.37896887752231451      , -0.35055746826940914      ,  -3.8826978221081797E-002
 -0.38042658530925755      , -0.34819944144875398      ,  -7.3117879548269940E-002
 -0.39874174423584541      , -0.34732196114584557      , -0.10396913675487859     
 -0.39864560606596189      , -0.34809661831423416      , -0.13187907821838246     
 -0.41701800671075767      , -0.35065163044657438      , -0.15731475324318300     
 -0.43673255570299724      , -0.35508434474769440      , -0.18071090378070817     
 -0.46249612392060779      , -0.36147149037983400      , -0.20247026648446861     
 -0.48010560130151814      , -0.36987751301508459      , -0.22296485238673353     
 -0.49699828209458596      , -0.38036128702789984      , -0.24253791924495635     
 -0.51050077331907839      , -0.39298146021187508      , -0.26150640862046931     
 -0.51866235613809131      , -0.40780064560972051      , -0.28016366693359418     
 -0.53892538467225548      , -0.42488863596647064      , -0.29878230811027573     
 -0.55625266537342133      , -0.44432477860534586      , -0.31761710598075332     
 -0.58026673086232960      , -0.46619961183729980      , -0.33690782818834025     
 -0.59780476191492493      , -0.49061582772856122      , -0.35688194075595159     
 -0.62519679336852207      , -0.51768858938690709      , -0.37775712423213165     
 -0.64026001852838721      , -0.54754519301577265      , -0.39974354894277481     
 -0.67480533322819103      , -0.58032402491292434      , -0.42304585861538374     
 -0.70307857323549827      , -0.61617272046811900      , -0.44786480869756806     
 -0.74739279612543763      , -0.65524538527947807      , -0.47439849813077212     
 -0.78458366353811837      , -0.69769868729453444      , -0.50284312115890861     
 -0.83405758085540305      , -0.74368657348523226      , -0.53339314892254241     
 -0.87466311110193218      , -0.79335330605295495      , -0.56624082914757556     
 -0.92507097255950488      , -0.84682445416439756      , -0.60157486641105617     
 -0.97666203083163694      , -0.90419542278911047      , -0.63957811587315860     
  -1.0364992233796764      , -0.96551705894731876      , -0.68042409129601356     
  -1.1004417028165192      ,  -1.0307778612015503      , -0.72427205599499500     
  -1.1699268294059126      ,  -1.0998823509037625      , -0.77126043706710912     
  -1.2447336729752461      ,  -1.1726252724491224      , -0.82149828508863920     
  -1.3190750153766408      ,  -1.2486615134322572      , -0.87505450283288311     
  -1.4041677536929136      ,  -1.3274720230237296      , -0.93194460068929952     
  -1.4868026481789343      ,  -1.4083266142620134      , -0.99211482113025040     
  -1.5793164310945889      ,  -1.4902454189606513      ,  -1.0554236320282695     
  -1.6643154944015062      ,  -1.5719619618454443      ,  -1.1216208443547895     
  -1.7538471231908181      ,  -1.6518923291820697      ,  -1.1903249890188543     
  -1.8300853603048639      ,  -1.7281166388091584      ,  -1.2610001085055818     
  -1.9069940346511880      ,  -1.7983807511966154      ,  -1.3329337815139992     
  -1.9689710001747476      ,  -1.8601274883067285      ,  -1.4052189689836077     
  -2.0266736352784287      ,  -1.9105669316404634      ,  -1.4767430611370855     
  -2.0666071779845296      ,  -1.9467938643396794      ,  -1.5461881616983577     
  -2.0937264122491692      ,  -1.9659562972366709      ,  -1.6120469374818855     
  -2.0960846824979527      ,  -1.9654717519920386      ,  -1.6726580056065574     
  -2.0760044086913596      ,  -1.9432777608327523      ,  -1.7262635486630262     
  -2.0263324880178231      ,  -1.8980912374186156      ,  -1.7710894706649931     
  -1.9489343730712021      ,  -1.8296406962393050      ,  -1.8054450031124267     
  -1.8429222872780608      ,  -1.7388294866500131      ,  -1.8278346624583925     
  -1.7118805692253729      ,  -1.6277909378168240      ,  -1.8370716452890137     
  -1.5599546469357191      ,  -1.4998095542228083      ,  -1.8323791687938058     
  -1.3928689022716558      ,  -1.3591048903602743      ,  -1.8134659116009328     
  -1.2188082381254945      ,  -1.2105014823689850      ,  -1.7805641330966038     
  -1.0439409534724249      ,  -1.0590317642324893      ,  -1.7344240464755345     
 -0.87752129601810369      , -0.90953204853726333      ,  -1.6762645840380972     
 -0.72351009322087445      , -0.76629045839720311      ,  -1.6076872838821734     
 -0.58795778275169208      , -0.63279111119684861      ,  -1.5305650890616394     
 -0.46969517345655581      , -0.51157614327258938      ,  -1.4469203331926654     
 -0.37003883929366638      , -0.40422348056081997      ,  -1.3588058440310067     
 -0.28480385065427266      , -0.31141976406450217      ,  -1.2682004526181798     
 -0.21415581485597504      , -0.23309778801163680      ,  -1.1769262441082506     
 -0.15539338058969354      , -0.16860623877588951      ,  -1.0865906987991416     
 -0.10929025032751767      , -0.11688420726929609      , -0.99855328422125944     
  -7.4146504226221752E-002 ,  -7.6620826960369842E-002 , -0.91391352682143312     
  -5.0184039157848477E-002 ,  -4.6388750188870759E-002 , -0.83351620498294843     
  -3.5418773596667071E-002 ,  -2.4747247274474339E-002 , -0.75796889974055193     
  -2.8998179109003840E-002 ,  -1.0315729998428632E-002 , -0.68766743138630215     
  -2.8503991032903922E-002 ,  -1.8214478280048640E-003 , -0.62282540323619306     
  -3.2284937750169933E-002 ,   1.8736213420180853E-003 , -0.56350492439458066     
  -3.8055334801514656E-002 ,   1.7615356216361129E-003 , -0.50964642339749555     
  -4.4466590003584272E-002 ,  -1.3118115952818158E-003 , -0.46109619835676158     
  -5.0568117419917791E-002 ,  -6.6396574477651698E-003 , -0.41763093670120399     
  -5.6228707856628729E-002 ,  -1.3643028666461270E-002 , -0.37897887546563841     
  -6.2076646692518903E-002 ,  -2.1857230537399887E-002 , -0.34483757807297111     
  -6.8666255892608094E-002 ,  -3.0917647516997382E-002 , -0.31488850072089442     
  -7.6984477794825382E-002 ,  -4.0545828998756465E-002 , -0.28880863680281205     
  -8.7021866903753492E-002 ,  -5.0536458215814865E-002 , -0.26627958437632082     
  -9.9141229751111240E-002 ,  -6.0745535952676205E-002 , -0.24699439830948178     
 -0.11232294222904421      ,  -7.1079928829461902E-002 , -0.23066257968419340     
 -0.12632161645464363      ,  -8.1488312368645233E-002 , -0.21701353068754367     
 -0.13966105386964975      ,  -9.1953464011745173E-002 , -0.20579877078846398     
 -0.15210262034323030      , -0.10248581711414667      , -0.19679317430099824     
 -0.16264564251070870      , -0.11311816375377477      , -0.18979545356896593     
 -0.17186028866903802      , -0.12390138486828309      , -0.18462807785078555     
 -0.17978605231276421      , -0.13490108585741281      , -0.18113678659492613     
 -0.18768651537685643      , -0.14619502096295234      , -0.17918982768631697     
 -0.19608378743736429      , -0.15787119815256992      , -0.17867702656820605     
 -0.20594267447009471      , -0.17002656630521587      , -0.17950877083502106     
 -0.21730167531970399      , -0.18276619714175962      , -0.18161497674609636     
 -0.23014597269545006      , -0.19620288481528092      , -0.18494408884528565     
 -0.24399986881405489      , -0.21045709584136973      , -0.18946215116338330     
 -0.25836134392329768      , -0.22565721072115474      , -0.19515197798646983     
 -0.27308329277987858      , -0.24194000588268194      , -0.20201244354666020     
 -0.28792230295231919      , -0.25945133017162558      , -0.21005790288735099     
 -0.30343051878298261      , -0.27834693379168085      , -0.21931775023200070     
 -0.31968816485992069      , -0.29879340902458551      , -0.22983611610438576     
 -0.33772293059417241      , -0.32096920087564484      , -0.24167169986552495     
 -0.35775635962852270      , -0.34506564151254326      , -0.25489772989084503     
 -0.38104631750977602      , -0.37128795436713680      , -0.26960203892761031     
 -0.40776826703689945      , -0.39985616123761175      , -0.28588723682235340     
 -0.43892299765389231      , -0.43100580761439661      , -0.30387095630563832     
 -0.47418536065080569      , -0.46498839643186035      , -0.32368613929883611     
 -0.51388309193568060      , -0.50207138687697239      , -0.34548132058916198     
 -0.55726018483007311      , -0.54253757078717313      , -0.36942085189663620     
 -0.60433593373111283      , -0.58668358224765382      , -0.39568499136519159     
 -0.65464064727602456      , -0.63481722373640304      , -0.42446976021377292     
 -0.70846511858308581      , -0.68725320205339335      , -0.45598643837758396     
 -0.76599879491549561      , -0.74430675725310036      , -0.49046053302116105     
 -0.82778488719834820      , -0.80628453708180048      , -0.52813000635325302     
 -0.89448250835303245      , -0.87347191981658512      , -0.56924249093951840     
 -0.96666450721081054      , -0.94611582648685610      , -0.61405115097201413     
  -1.0452163678223669      ,  -1.0244019038421510      , -0.66280876718600912     
  -1.1303313689083823      ,  -1.1084248294944457      , -0.71575953398672687     
  -1.2222893213448280      ,  -1.1981504370039850      , -0.77312796625371349     
  -1.3199928357771868      ,  -1.2933684551491871      , -0.83510423251032928     
  -1.4224470316194939      ,  -1.3936350120537007      , -0.90182518174023896     
  -1.5275024755775968      ,  -1.4982048238685792      , -0.97335034643113805     
  -1.6338148751968236      ,  -1.6059543643073384      ,  -1.0496323335922244     
  -1.7394875614610337      ,  -1.7152995155211928      ,  -1.1304813258783022     
  -1.8435370650568532      ,  -1.8241144286973070      ,  -1.2155239907546520     
  -1.9441895629182877      ,  -1.9296626473165661      ,  -1.3041580287422825     
  -2.0396935130078595      ,  -2.0285567510694142      ,  -1.3955049591156097     
  -2.1268630932263473      ,  -2.1167681279727408      ,  -1.4883655626288721     
  -2.2016597757933556      ,  -2.1897124730225968      ,  -1.5811845732323351     
  -2.2585421266990471      ,  -2.2424368401855683      ,  -1.6720334281675850     
  -2.2912924589182704      ,  -2.2699274515027903      ,  -1.7586215675428791     
  -2.2934910988114781      ,  -2.2675410704442771      ,  -1.8383470568267553     
  -2.2597052613407720      ,  -2.2315354793862863      ,  -1.9083951718011813     
  -2.1864923077140834      ,  -2.1596393728573404      ,  -1.9658881976733313     
  -2.0731830089700853      ,  -2.0515673608482117      ,  -2.0080809159886481     
  -1.9223147787383430      ,  -1.9093654042820782      ,  -2.0325851947350984     
  -1.7392898791286340      ,  -1.7374802521795818      ,  -2.0375963442642169     
  -1.5319148652533723      ,  -1.5424908645419049      ,  -2.0220870557072868     
  -1.3094879002574911      ,  -1.3325138890316865      ,  -1.9859351503616736     
  -1.0822592221314888      ,  -1.1163770895205816      ,  -1.9299604824015189     
 -0.86043691898526786      , -0.90271463970216792      ,  -1.8558625427495614     
 -0.65336551806499699      , -0.69915333805288005      ,  -1.7660691607004873     
 -0.46811162130435890      , -0.51172455627362157      ,  -1.6635226118661581     
 -0.30820316127032027      , -0.34456902251457822      ,  -1.5514380456062040     
 -0.17284057392524066      , -0.19992742058226354      ,  -1.4330689555593126     
  -5.8507995493306431E-002 ,  -7.8353635495356427E-002 ,  -1.3115070018535810     
   3.8242695701026883E-002 ,   2.0938678205007655E-002 ,  -1.1895322925370455     
  0.11880241014678036      ,   9.9683331970804839E-002 ,  -1.0695188846258392     
  0.18284843718030025      ,  0.16018938887226788      , -0.95339135265482711     
  0.22989450983168319      ,  0.20502955102225520      , -0.84262287340932207     
  0.26042382495776478      ,  0.23680505324691808      , -0.73826321303702513     
  0.27599099660323345      ,  0.25798571518553559      , -0.64098540203572851     
  0.27906575097610425      ,  0.27081406721431378      , -0.55114169936627055     
  0.27287751495862750      ,  0.27725876812910116      , -0.46882179683512121     
  0.26094382698388496      ,  0.27900274777112255      , -0.39390850780487019     
  0.24665144150170562      ,  0.27745373025931797      , -0.32612810965688144     
  0.23290486953074588      ,  0.27376767687771925      , -0.26509396378805872     
  0.22170487022504332      ,  0.26887844999022875      , -0.21034304104239709     
  0.21372653724338603      ,  0.26352928555378896      , -0.16136561312245876     
  0.20851673862584522      ,  0.25830338361003830      , -0.11762872548202521     
  0.20496796027652239      ,  0.25365213339961845      ,  -7.8594230329419618E-002
  0.20197874831439616      ,  0.24992028571985089      ,  -4.3732198406493103E-002
  0.19899520403576559      ,  0.24736787928073103      ,  -1.2530495478973122E-002
  0.19632229528301381      ,  0.24618901419420672      ,   1.5498761649762946E-002
  0.19477677929268525      ,  0.24652771658972086      ,   4.0815242249198726E-002
  0.19529471090880385      ,  0.24849120507191619      ,   6.3848395057936713E-002
  0.19869047577285187      ,  0.25216088680275600      ,   8.4996947291091016E-002
  0.20561222148303995      ,  0.25760140041147883      ,  0.10462953672164868     
  0.21637524504336506      ,  0.26486799812752337      ,  0.12308617297080882     
  0.23084732472201105      ,  0.27401252828755540      ,  0.14068028317307485     
  0.24839109240708146      ,  0.28508824596383264      ,  0.15770114704959190     
  0.26804745203041030      ,  0.29815364605313538      ,  0.17441656789863064     
  0.28889865700786499      ,  0.31327548066923111      ,  0.19107565995241765     
  0.31041945478171035      ,  0.33053109129916319      ,  0.20791165978693618     
  0.33267843666781532      ,  0.35001015569947541      ,  0.22514469075587282     
  0.35623622680422745      ,  0.37181591944846470      ,  0.24298442539145085     
  0.38187711294511589      ,  0.39606595177792658      ,  0.26163260189036275     
  0.41029770272840455      ,  0.42289243397840254      ,  0.28128535757025835     
  0.44207499513737225      ,  0.45244195537173576      ,  0.30213534479742682     
  0.47764754150758915      ,  0.48487475552864823      ,  0.32437359347328226     
  0.51732146875664597      ,  0.52036331095555033      ,  0.34819107871969512     
  0.56114015283167162      ,  0.55909011875466963      ,  0.37377994279216353     
  0.60886377614534670      ,  0.60124447776365575      ,  0.40133430624077332     
  0.65994274356704941      ,  0.64701800872700355      ,  0.43105058462564538     
  0.71375079622367299      ,  0.69659858914627970      ,  0.46312720335904639     
  0.76985748517775809      ,  0.75016230682968776      ,  0.49776357426593426     
  0.82825709267041225      ,  0.80786296208517894      ,  0.53515816326300703     
  0.88931321015052722      ,  0.86981857845954313      ,  0.57550543970562862     
  0.95360625927253118      ,  0.93609432723212493      ,  0.61899145589766924     
   1.0217987067492496      ,   1.0066812497723858      ,  0.66578776291098896     
   1.0946084028911707      ,   1.0814702020791576      ,  0.71604333133576936     
   1.1727273291755731      ,   1.1602205871984252      ,  0.76987412117325282     
   1.2564839107479069      ,   1.2425237379106899      ,  0.82734994640491488     
   1.3453973779260717      ,   1.3277613327337383      ,  0.88847832494687062     
   1.4379004151374772      ,   1.4150600519922343      ,  0.95318511823163443     
   1.5315842615710749      ,   1.5032448850857092      ,   1.0212919774044968     
   1.6237728481291120      ,   1.5907951368249806      ,   1.0924909602993793     
   1.7121566953519021      ,   1.6758092336481305      ,   1.1663171991790231     
   1.7949840848320187      ,   1.7559867539213359      ,   1.2421212063624751     
   1.8708443953794081      ,   1.8286383484215454      ,   1.3190432973004009     
   1.9381362320758959      ,   1.8907357477549998      ,   1.3959936298273332     
   1.9946401587988132      ,   1.9390139414672936      ,   1.4716423658616045     
   2.0372813431177295      ,   1.9701347168167749      ,   1.5444252179966029     
   2.0622028647075732      ,   1.9809139931688384      ,   1.6125698074137198     
   2.0650668964721119      ,   1.9686042965658759      ,   1.6741474332865141     
   2.0416778265792024      ,   1.9312090665239734      ,   1.7271526879999526     
   1.9888308408462954      ,   1.8677898948641325      ,   1.7696097139064220     
   1.9051810233400346      ,   1.7787157727778797      ,   1.7996990584772179     
   1.7917799247912198      ,   1.6658004180897077      ,   1.8158938485468463     
   1.6520988236639726      ,   1.5322841264031259      ,   1.8170896522382194     
   1.4915956218739126      ,   1.3826410816817760      ,   1.8027103842661085     
   1.3170877326689736      ,   1.2222271300857113      ,   1.7727740487535097     
   1.1361578214473866      ,   1.0568173954948450      ,   1.7279072363722550     
  0.95658688429389138      ,  0.89210699497372936      ,   1.6693051785598141     
  0.78566632680244441      ,  0.73325371885859658      ,   1.5986429288824242     
  0.62927679997547281      ,  0.58452759738698601      ,   1.5179506812892458     
  0.49096035538675020      ,  0.44910440619877645      ,   1.4294706036630744     
  0.37153221221026261      ,  0.32900804302432490      ,   1.3355131575457599     
  0.26970872803544171      ,  0.22517975761350253      ,   1.2383281301111788     
  0.18343515332570512      ,  0.13763619500143201      ,   1.1400007631493552     
  0.11102297681842493      ,   6.5674125912785541E-002 ,   1.0423779110055031     
   5.1467146519106020E-002 ,   8.0849226673441309E-003 ,  0.94702432864755492     
   4.1381095856429170E-003 ,  -3.6647959318350160E-002 ,  0.85520570116662220     
  -3.1604269656094100E-002 ,  -7.0183985503209742E-002 ,  0.76789306686827385     
  -5.6618770968272780E-002 ,  -9.4198889559875751E-002 ,  0.68578266487044659     
  -7.2145124552056961E-002 , -0.11029539148430681      ,  0.60932557376670549     
  -7.9938729014463306E-002 , -0.11994634888404937      ,  0.53876239312829344     
  -8.2232490829111993E-002 , -0.12446374781749646      ,  0.47415931772987213     
  -8.1476577028127051E-002 , -0.12498684092459350      ,  0.41544303521539272     
  -7.9919501307993246E-002 , -0.12248351306069007      ,  0.36243281295299978     
  -7.9135185045551754E-002 , -0.11776008759970902      ,  0.31486887817539688     
  -7.9723880061580044E-002 , -0.11147595722127562      ,  0.27243673610220331     
  -8.1369058698433944E-002 , -0.10416046098667439      ,  0.23478743889501760     
  -8.3174156325765275E-002 ,  -9.6230268745729916E-002 ,  0.20155404923322520     
  -8.4089542424008706E-002 ,  -8.8006169680094323E-002 ,  0.17236467135236386     
  -8.3294252754812947E-002 ,  -7.9728619465646910E-002 ,  0.14685248014890553     
  -8.0425358738327457E-002 ,  -7.1571715908854167E-002 ,  0.12466318963701144     
  -7.5603268644335836E-002 ,  -6.3655481380319207E-002 ,  0.10546038361411331     
  -6.9345314876622002E-002 ,  -5.6056462123818873E-002 ,   8.8929096525659293E-002
  -6.2448823177437510E-002 ,  -4.8816733180471229E-002 ,   7.4777989758615271E-002
  -5.5819444840011750E-002 ,  -4.1951440676735785E-002 ,   6.2740423449201291E-002
  -5.0218855809023494E-002 ,  -3.5455032936478358E-002 ,   5.2574679744355923E-002
  -4.6018750273881491E-002 ,  -2.9306336777311121E-002 ,   4.4063552248866676E-002
  -4.3076102995057930E-002 ,  -2.3472631137315080E-002 ,   3.7013479116549064E-002
  -4.0803831882022704E-002 ,  -1.7912860613176592E-002 ,   3.1253364298961861E-002
  -3.8400387810907523E-002 ,  -1.2580119031930273E-002 ,   2.6633202873642056E-002
  -3.5136516245517418E-002 ,  -7.4235194168164684E-003 ,   2.3022601941961349E-002
  -3.0593593912007881E-002 ,  -2.3895526643297050E-003 ,   2.0309267999732566E-002
  -2.4771534576429662E-002 ,   2.5769764294678002E-003 ,   1.8397514567913990E-002
  -1.8021181748776826E-002 ,   7.5323600723385788E-003 ,   1.7206829832404586E-002
  -1.0856536106111019E-002 ,   1.2533681512562971E-002 ,   1.6670532691262046E-002
  -3.7651921221981723E-003 ,   1.7638739228033853E-002 ,   1.6734536573687991E-002
   2.9096170544771899E-003 ,   2.2906157954650883E-002 ,   1.7356233333978746E-002
   9.0092306382175864E-003 ,   2.8395651775810059E-002 ,   1.8503504123173291E-002
   1.4550834722493699E-002 ,   3.4168411947193139E-002 ,   2.0153860122593532E-002
   1.9708320791825430E-002 ,   4.0287598573695890E-002 ,   2.2293713141477826E-002
   2.4813374052040475E-002 ,   4.6818920772964574E-002 ,   2.4917774122068557E-002
   3.0344938273198761E-002 ,   5.3831294641373525E-002 ,   2.8028576376258642E-002
   3.6861060713262318E-002 ,   6.1397572269541886E-002 ,   3.1636119741692989E-002
   4.4860321720511499E-002 ,   6.9595338313741359E-002 ,   3.5757631659391192E-002
   5.4631993401637415E-002 ,   7.8507773281989768E-002 ,   4.0417441327286856E-002
   6.6172607476439924E-002 ,   8.8224584786854909E-002 ,   4.5646963479192816E-002
   7.9216470371020364E-002 ,   9.8843009576148722E-002 ,   5.1484788894276025E-002
   9.3348005463118458E-002 ,  0.11046889017470396      ,   5.7976879384914290E-002
  0.10814254694922792      ,  0.12321783041693192      ,   6.5176865672310277E-002
  0.12329292306379455      ,  0.13721643393795990      ,   7.3146447170941875E-002
  0.13869835416866524      ,  0.15260362868110805      ,   8.1955893190802181E-002
  0.15449743877686040      ,  0.16953207845828508      ,   9.1684645344361937E-002
  0.17105692998458386      ,  0.18816967925929715      ,  0.10242202090719046     
  0.18894465349725184      ,  0.20870113291326453      ,  0.11426801639108988     
  0.20888911712583802      ,  0.23132958326445305      ,  0.12733420946757795     
  0.23169527139818696      ,  0.25627828942655712      ,  0.14174475538966241     
  0.25809414264069896      ,  0.28379229583655963      ,  0.15763747088302618     
  0.28857315152982088      ,  0.31414003829503662      ,  0.17516499368889293     
  0.32326852473276563      ,  0.34761479704822135      ,  0.19449599897351566     
  0.36197957968534361      ,  0.38453586975492132      ,  0.21581644392278115     
  0.40430285775705954      ,  0.42524928569696840      ,  0.23933079802753432     
  0.44985503078057953      ,  0.47012781380497676      ,  0.26526319755009375     
  0.49849990784047227      ,  0.51956992601299135      ,  0.29385843679191381     
  0.55047455420480806      ,  0.57399725820589576      ,  0.32538267396696935     
  0.60636120983119179      ,  0.63384995688781476      ,  0.36012368314484444     
  0.66698489034588626      ,  0.69957910375106158      ,  0.39839042277848546     
  0.73334233661821768      ,  0.77163516659707754      ,  0.44051161226904401     
  0.80655825929172176      ,  0.85045113084173762      ,  0.48683290717601213     
  0.88774706189844210      ,  0.93641862573563228      ,  0.53771213779833738     
  0.97771298799579509      ,   1.0298549921469877      ,  0.59351192318830193     
   1.0765857972566066      ,   1.1309588877514196      ,  0.65458879492291688     
   1.1836050039250239      ,   1.2397517747754763      ,  0.72127777049431474     
   1.2972277787323900      ,   1.3560026313389530      ,  0.79387112490455902     
   1.4155457885375144      ,   1.4791337050455708      ,  0.87258995955215146     
   1.5367777175459691      ,   1.6081064368808913      ,  0.95754712642466444     
   1.6595267490024841      ,   1.7412893019177593      ,   1.0487002384026967     
   1.7826529401914268      ,   1.8763138155898438      ,   1.1457940364240928     
   1.9048553981225891      ,   2.0099318942507094      ,   1.2482924930836636     
   2.0241665662932768      ,   2.1378973961878445      ,   1.3553029398616954     
   2.1374452088477720      ,   2.2549064777318151      ,   1.4654974099608737     
   2.2399032231551339      ,   2.3546433513064033      ,   1.5770403371301229     
   2.3248568938018379      ,   2.4299858367995242      ,   1.6875364451886767     
   2.3840314077961358      ,   2.4734218891438644      ,   1.7940172231606923     
   2.4085635352952783      ,   2.4777056673536721      ,   1.8929871604190438     
   2.3904897210772069      ,   2.4367331707699966      ,   1.9805495722426576     
   2.3242955290118799      ,   2.3465443731214122      ,   2.0526239233744605     
   2.2081274763850289      ,   2.2062768910334571      ,   2.1052507294668348     
   2.0443430139840744      ,   2.0188375363135775      ,   2.1349578202379615     
   1.8391926220862123      ,   1.7910618331619277      ,   2.1391383069182974     
   1.6017826223205951      ,   1.5332228917328097      ,   2.1163745456471621     
   1.3429161022816438      ,   1.2579174386146803      ,   2.0666422782241312     
   1.0742946057586336      ,  0.97854134297999718      ,   1.9913488137310020     
  0.80791074353954762      ,  0.70769136313762082      ,   1.8931943560315410     
  0.55536129505022636      ,  0.45583824664640421      ,   1.7758848688803412     
  0.32694111570202367      ,  0.23050927023430751      ,   1.6437546594339536     
  0.12958103439589441      ,   3.6050505143438528E-002 ,   1.5013681551015559     
  -3.5933665960171328E-002 , -0.12611607209068093      ,   1.3531623917873992     
 -0.17456411153189985      , -0.25691646736808738      ,   1.2031709132144586     
 -0.29234040247355592      , -0.35892099368569275      ,   1.0548452921163320     
 -0.39203052394910165      , -0.43566570606659138      ,  0.91096991287466522     
 -0.47270408640429340      , -0.49109073009665027      ,  0.77365276665340721     
 -0.53256859920152444      , -0.52913030916021508      ,  0.64436993400604248     
 -0.57161434767590291      , -0.55344944453988010      ,  0.52404215255857545     
 -0.59176417568893358      , -0.56730092427670731      ,  0.41312580382037600     
 -0.59638754367432523      , -0.57347008422848955      ,  0.31170564749703555     
 -0.59028014577109666      , -0.57427697668179878      ,  0.21958131569322537     
 -0.57876455440351804      , -0.57161183544461391      ,  0.13634331255018414     
 -0.56654943550809111      , -0.56698665329823184      ,   6.1436906494710515E-002
 -0.55748480450511417      , -0.56159171937918373      ,  -5.7860203865394491E-003
 -0.55411166589285621      , -0.55635054902165548      ,  -6.6026161440253139E-002
 -0.55685882224955197      , -0.55196980285759600      , -0.12000557659049557     
 -0.56434941457526311      , -0.54898280315761561      , -0.16844453580434451     
 -0.57458688151499004      , -0.54778643087851842      , -0.21204493240616626     
 -0.58585487134273606      , -0.54867180518917957      , -0.25147893945101157     
 -0.59744237551099089      , -0.55184942003972071      , -0.28738176978518815     
 -0.60996326100991527      , -0.55746948611134617      , -0.32034758760914694     
 -0.62450878413480870      , -0.56563819546380900      , -0.35092779030212551     
 -0.64155502571521139      , -0.57643054706452279      , -0.37963102752785310     
 -0.66092021044797300      , -0.58990027587016369      , -0.40692444907360542     
 -0.68225774018149787      , -0.60608733244994850      , -0.43323577496980942     
 -0.70531375749216541      , -0.62502327145361625      , -0.45895586375767139     
 -0.72994626007071073      , -0.64673482781757508      , -0.48444152011735980     
 -0.75597660168988801      , -0.67124588940194041      , -0.51001833407320762     
 -0.78315575918087343      , -0.69857801281065290      , -0.53598338297267722     
 -0.81136987851204045      , -0.72874957445346822      , -0.56260765637729260     
 -0.84078407356598894      , -0.76177360083665890      , -0.59013808461061679     
 -0.87181363762270514      , -0.79765428065106081      , -0.61879906548882424     
 -0.90503309498408335      , -0.83638212735544426      , -0.64879339212775489     
 -0.94099017743549196      , -0.87792773658273071      , -0.68030248910997815     
 -0.98003439896444855      , -0.92223407105529098      , -0.71348586628439714     
  -1.0223655226810278      , -0.96920721151846778      , -0.74847970091958682     
  -1.0680772474224338      ,  -1.0187055419305131      , -0.78539446213172392     
  -1.1169590701825425      ,  -1.0705273990196120      , -0.82431149933192061     
  -1.1683829443447462      ,  -1.1243973202013882      , -0.86527853247538133     
  -1.2214501699376041      ,  -1.1799511806106666      , -0.90830401053099619     
  -1.2752067321043798      ,  -1.2367207301277516      , -0.95335035097060483     
  -1.3288589194303095      ,  -1.2941183324021865      ,  -1.0003261428697443     
  -1.3818930085876753      ,  -1.3514230708375985      ,  -1.0490774950421622     
  -1.4339322132454619      ,  -1.4077698097463391      ,  -1.0993788430539364     
  -1.4844498940466271      ,  -1.4621432513207209      ,  -1.1509236968342043     
  -1.5325957455624124      ,  -1.5133794522476787      ,  -1.2033160107705185     
  -1.5771711739506189      ,  -1.5601775654106953      ,  -1.2560630796131806     
  -1.6166611120738310      ,  -1.6011246243680743      ,  -1.3085710842048905     
  -1.6492631396684128      ,  -1.6347358360637099      ,  -1.3601445955361895     
  -1.6729272598283458      ,  -1.6595119318158782      ,  -1.4099914444430315     
  -1.6855078819833631      ,  -1.6740135290221811      ,  -1.4572343171030444     
  -1.6850904598273719      ,  -1.6769501584963395      ,  -1.5009301808173732     
  -1.6703581843672530      ,  -1.6672787674971616      ,  -1.5400981306903612     
  -1.6408213100280278      ,  -1.6443034919369328      ,  -1.5737554593945751     
  -1.5968231653211045      ,  -1.6077659040101648      ,  -1.6009607280829263     
  -1.5393579988789667      ,  -1.5579135285661139      ,  -1.6208614663653091     
  -1.4698576030708681      ,  -1.4955348932514001      ,  -1.6327430334951276     
  -1.3900855548373783      ,  -1.4219521617279289      ,  -1.6360743587605571     
  -1.3021241565050303      ,  -1.3389674036710908      ,  -1.6305459717501778     
  -1.2083705818785437      ,  -1.2487650483012311      ,  -1.6160960912620492     
  -1.1114750964987221      ,  -1.1537797725597216      ,  -1.5929215969596866     
  -1.0141831593952766      ,  -1.0565444878607058      ,  -1.5614723340519292     
 -0.91910092669222321      , -0.95953593668434656      ,  -1.5224291288345679     
 -0.82845555084637512      , -0.86503506073693992      ,  -1.4766677720079291     
 -0.74391849608433891      , -0.77501596540308193      ,  -1.4252127180413876     
 -0.66653957425069887      , -0.69107193118611820      ,  -1.3691851115140485     
 -0.59681612653349658      , -0.61438085835291323      ,  -1.3097498964083438     
 -0.53485788642739340      , -0.54570708471447615      ,  -1.2480662595137457     
 -0.48056148118932812      , -0.48543260907053182      ,  -1.1852446890097597     
 -0.43373052981297833      , -0.43360875900124374      ,  -1.1223127313895014     
 -0.39412496125129270      , -0.39001913247825576      ,  -1.0601903307828902     
 -0.36145371927050718      , -0.35424575937535829      , -0.99967460534226515     
 -0.33534436784521099      , -0.32573229227028422      , -0.94143315192369736     
 -0.31532015121930079      , -0.30384011645547843      , -0.88600449845689855     
 -0.30080204468196697      , -0.28789518263124692      , -0.83380411625177198     
 -0.29114112887966076      , -0.27722489743748402      , -0.78513440532441636     
 -0.28567424481280018      , -0.27118548665555725      , -0.74019720831002611     
 -0.28378668919793759      , -0.26918090226847574      , -0.69910763092864081     
 -0.28496866850620706      , -0.27067465841662991      , -0.66190819981108051     
 -0.28885389111388748      , -0.27519604925744096      , -0.62858263694646577     
 -0.29522841911862518      , -0.28234211350831079      , -0.59906875283833150     
 -0.30400508352579730      , -0.29177653783712260      , -0.57327014725614533     
 -0.31517148320527333      , -0.30322648557970211      , -0.55106655451075470     
 -0.32872655202534085      , -0.31647813139018632      , -0.53232278152552437     
 -0.34462387109762199      , -0.33137149483996187      , -0.51689626622335638     
 -0.36273853924424865      , -0.34779500501769461      , -0.50464333648177084     
 -0.38286560572040346      , -0.36568009573819377      , -0.49542428169247349     
 -0.40474861531730727      , -0.38499602525408183      , -0.48910736481874190     
 -0.42812924910889977      , -0.40574503181382809      , -0.48557190700941305     
 -0.45280156828608076      , -0.42795787285999853      , -0.48471057270616202     
 -0.47865241898912803      , -0.45168974702394493      , -0.48643097339798735     
 -0.50567686388960309      , -0.47701656066061776      , -0.49065669468592232     
 -0.53396623317429148      , -0.50403147131716031      , -0.49732783551610799     
 -0.56367431033327220      , -0.53284161661660823      , -0.50640113126787600     
 -0.59497319581670916      , -0.56356491644376672      , -0.51784971444532857     
 -0.62801316427713905      , -0.59632681739133375      , -0.53166254835454352     
 -0.66289850206672596      , -0.63125682995497168      , -0.54784355050508726     
 -0.69968645465742285      , -0.66848469021474177      , -0.56641040358499717     
 -0.73840761407479083      , -0.70813595849571220      , -0.58739303269851206     
 -0.77909707817461449      , -0.75032684820996909      , -0.61083170811569854     
 -0.82182166808206147      , -0.79515806005460743      , -0.63677471314776146     
 -0.86669119870273570      , -0.84270738243510879      , -0.66527549721122536     
 -0.91384811647503972      , -0.89302081239096343      , -0.69638921528000819     
 -0.96343791454014283      , -0.94610195840523448      , -0.73016853783086644     
  -1.0155679113315856      ,  -1.0018995157737431      , -0.76665860183091661     
  -1.0702621280143894      ,  -1.0602926681694629      , -0.80589096597885568     
  -1.1274185278584419      ,  -1.1210743804092265      , -0.84787643615008990     
  -1.1867742300274078      ,  -1.1839327250420781      , -0.89259664507869874     
  -1.2478839008706741      ,  -1.2484306490633519      , -0.93999431056875693     
  -1.3101141253525632      ,  -1.3139849560736494      , -0.98996216730446873     
  -1.3726516597507261      ,  -1.3798457674096958      ,  -1.0423306780223585     
  -1.4345171081884376      ,  -1.4450783338110693      ,  -1.0968547897873986     
  -1.4945734705406273      ,  -1.5085497731547308      ,  -1.1532002176860552     
  -1.5515234345356645      ,  -1.5689240468697017      ,  -1.2109300134128256     
  -1.6038984407754004      ,  -1.6246691407812124      ,  -1.2694925020919510     
  -1.6500511251824426      ,  -1.6740808026929315      ,  -1.3282120238056812     
  -1.6881676804765147      ,  -1.7153270618634235      ,  -1.3862842519564700     
  -1.7163156696762916      ,  -1.7465168280709595      ,  -1.4427781088534570     
  -1.7325374565339409      ,  -1.7657938748848623      ,  -1.4966463657802502     
  -1.7349907045975128      ,  -1.7714543110066963      ,  -1.5467467920685003     
  -1.7221262200887388      ,  -1.7620813487078815      ,  -1.5918751048897211     
  -1.6928814687701303      ,  -1.7366862849086970      ,  -1.6308099101921392     
  -1.6468595569602660      ,  -1.6948400507549732      ,  -1.6623683407229719     
  -1.5844617743494769      ,  -1.6367767362150747      ,  -1.6854693344275800     
  -1.5069480630824226      ,  -1.5634504866980163      ,  -1.6991997322826975     
  -1.4164112520558054      ,  -1.4765310201841704      ,  -1.7028769857454698     
  -1.3156623480334284      ,  -1.3783307488594123      ,  -1.6961016460448777     
  -1.2080325850505342      ,  -1.2716669436537500      ,  -1.6787932562460715     
  -1.0971054652858534      ,  -1.1596733249467557      ,  -1.6512048610538417     
 -0.98640390461629313      ,  -1.0455842051320325      ,  -1.6139138845134358     
 -0.87907528103373500      , -0.93251858183882830      ,  -1.5677901395865363     
 -0.77763437268519475      , -0.82329035218042435      ,  -1.5139446234270537     
 -0.68382681307675808      , -0.72026464386512257      ,  -1.4536649478973556     
 -0.59864912251364244      , -0.62527101860698397      ,  -1.3883443792293637     
 -0.52250541312943199      , -0.53957446906770634      ,  -1.3194114175192606     
 -0.45542453046034559      , -0.46389691918436793      ,  -1.2482658107355322     
 -0.39724624069676739      , -0.39847670576091254      ,  -1.1762252245048130     
 -0.34772288132789669      , -0.34315158107041943      ,  -1.1044848893203174     
 -0.30653986793389132      , -0.29745160266351045      ,  -1.0340907775608119     
 -0.27329186847189035      , -0.26069089022894731      , -0.96592546022966486     
 -0.24745114980065369      , -0.23205059843253328      , -0.90070485909712150     
 -0.22835096686671882      , -0.21064875873199193      , -0.83898363355433903     
 -0.21519715251229821      , -0.19559537939723376      , -0.78116684156170324     
 -0.20711408382286459      , -0.18603315816078411      , -0.72752567936784129     
 -0.20322120870379470      , -0.18116536963129981      , -0.67821542530855661     
 -0.20272428556350885      , -0.18027307394903186      , -0.63329409850843954     
 -0.20499620719759248      , -0.18272393010137675      , -0.59274072934587274     
 -0.20962151356929323      , -0.18797475401396574      , -0.55647248585787767     
 -0.21638985638972374      , -0.19556967171577358      , -0.52436018980393284     
 -0.22524208859596492      , -0.20513537557731906      , -0.49624198298935779     
 -0.23618858242553481      , -0.21637465526718860      , -0.47193507244194055     
 -0.24922652646465954      , -0.22905907577723930      , -0.45124560031800964     
 -0.26428017412590993      , -0.24302142513539784      , -0.43397676066707219     
 -0.28117745653463450      , -0.25814835544495218      , -0.41993532984433485     
 -0.29966387134150063      , -0.27437348785925458      , -0.40893679872533489     
 -0.31944572635001772      , -0.29167113772052305      , -0.40080929976955437     
 -0.34024982318723090      , -0.31005073261561378      , -0.39539651574186374     
 -0.36188306591463848      , -0.32955193639568431      , -0.39255974355020584     
 -0.38427432818600582      , -0.35024045017466282      , -0.39217926911047751     
 -0.40748520077738359      , -0.37220443197803904      , -0.39415518944159794     
 -0.43168604244272063      , -0.39555145607950276      , -0.39840779768278439     
 -0.45710538454389749      , -0.42040591799337096      , -0.40487762625429907     
 -0.48396991361687758      , -0.44690677909479126      , -0.41352522341094500     
 -0.51245613816060076      , -0.47520553392195697      , -0.42433071913709575     
 -0.54267145519942805      , -0.50546427174952702      , -0.43729321766365337     
 -0.57467094865761470      , -0.53785369066681721      , -0.45243003565478301     
 -0.60850077108668776      , -0.57255090604011283      , -0.46977578700513067     
 -0.64424772961495402      , -0.60973687501055940      , -0.48938129681772835     
 -0.68207410697204174      , -0.64959323398722135      , -0.51131230806695893     
 -0.72222599649972108      , -0.69229831675282183      , -0.53564792425562802     
 -0.76501583624085301      , -0.73802208723464602      , -0.56247870966875946     
 -0.81078795659895431      , -0.78691968457225403      , -0.59190434535887448     
 -0.85987641732768960      , -0.83912324162272045      , -0.62403071376360286     
 -0.91256020617659273      , -0.89473160635231996      , -0.65896625826376010     
 -0.96901834995964020      , -0.95379757650101715      , -0.69681743709137578     
  -1.0292898539665543      ,  -1.0163122633497086      , -0.73768306581018306     
  -1.0932471774873223      ,  -1.0821862475180342      , -0.78164732251353786     
  -1.1605907366039048      ,  -1.1512273020640964      , -0.82877118020333218     
  -1.2308632153094592      ,  -1.2231146665016239      , -0.87908203927150175     
  -1.3034711201646163      ,  -1.2973701971690170      , -0.93256137033902720     
  -1.3776952958065529      ,  -1.3733272361202213      , -0.98913025796572596     
  -1.4526765664918888      ,  -1.4500987710790152      ,  -1.0486328760822481     
  -1.5273743969740547      ,  -1.5265474263521797      ,  -1.1108181454454200     
  -1.6005081762569360      ,  -1.6012610163540415      ,  -1.1753201399794371     
  -1.6704972012742014      ,  -1.6725387318242921      ,  -1.2416382341557344     
  -1.7354172278352102      ,  -1.7383943355206446      ,  -1.3091185144058646     
  -1.7929919169443262      ,  -1.7965837066088675      ,  -1.3769385845074287     
  -1.8406369451857427      ,  -1.8446642303873391      ,  -1.4440985090625240     
  -1.8755693992216369      ,  -1.8800923057294496      ,  -1.5094211411549825     
  -1.8949833789084485      ,  -1.9003620552261886      ,  -1.5715652975031595     
  -1.8962784546345950      ,  -1.9031827982302114      ,  -1.6290549666315841     
  -1.8773173962364991      ,  -1.8866851170226828      ,  -1.6803267568421569     
  -1.8366859635265727      ,  -1.8496363551116888      ,  -1.7237959816215145     
  -1.7739272303513811      ,  -1.7916380410675179      ,  -1.7579391792960299     
  -1.6897219844970894      ,  -1.7132726957006661      ,  -1.7813877595971110     
  -1.5859856690846310      ,  -1.6161684807156373      ,  -1.7930244250309093     
  -1.4658543279868164      ,  -1.5029588695350191      ,  -1.7920717886868647     
  -1.3335375712748816      ,  -1.3771305048812259      ,  -1.7781619623086107     
  -1.1940245690350637      ,  -1.2427725453127778      ,  -1.7513773102249932     
  -1.0526448244366560      ,  -1.1042599496768615      ,  -1.7122560386931081     
 -0.91451846091349787      , -0.96591582889212391      ,  -1.6617612036872165     
 -0.78398018432403349      , -0.83170052098099057      ,  -1.6012170039848961     
 -0.66411373574435795      , -0.70496700230654741      ,  -1.5322206851177955     
 -0.55656044431371643      , -0.58830656487150945      ,  -1.4565410779602899     
 -0.46170407347935316      , -0.48349030064061937      ,  -1.3760153333794944     
 -0.37915406135676005      , -0.39149578312941646      ,  -1.2924539848468182     
 -0.30827049412637464      , -0.31259772590773183      ,  -1.2075617072594529     
 -0.24847823773633451      , -0.24649732083023929      ,  -1.1228778477963137     
 -0.19930601699144099      , -0.19246644036208602      ,  -1.0397377047734631     
 -0.16026823097064935      , -0.14948788969210711      , -0.95925310181428824     
 -0.13073407801072684      , -0.11637925082458615      , -0.88230924416551371     
 -0.10984616884787249      ,  -9.1893903499562668E-002 , -0.80957411805612767     
  -9.6494639356080630E-002 ,  -7.4797586472046762E-002 , -0.74151662997261869     
  -8.9353967644745902E-002 ,  -6.3922072050415557E-002 , -0.67843005825751912     
  -8.6988458029144275E-002 ,  -5.8199293618304448E-002 , -0.62045799615403852     
  -8.8012553881860855E-002 ,  -5.6679925827361408E-002 , -0.56762064194083117     
  -9.1271578652910662E-002 ,  -5.8540348368154201E-002 , -0.51983993214592517     
  -9.5987388003330967E-002 ,  -6.3081452805168317E-002 , -0.47696256091195804     
 -0.10181002019261819      ,  -6.9722116155089525E-002 , -0.43878036149152644     
 -0.10875301214498484      ,  -7.7989515728857151E-002 , -0.40504784664213661     
 -0.11704025452820077      ,  -8.7507878633341765E-002 , -0.37549692761449566     
 -0.12692044847368725      ,  -9.7986779594274140E-002 , -0.34984897538591037     
 -0.13851042763137342      , -0.10920972673848564      , -0.32782447175601614     
 -0.15171256964242799      , -0.12102349597512529      , -0.30915053859972014     
 -0.16621514627413919      , -0.13332847406205278      , -0.29356664452594172     
 -0.18155534359120634      , -0.14607013108359065      , -0.28082877981958682     
 -0.19722209771336036      , -0.15923164952925400      , -0.27071237047079422     
 -0.21277870876042651      , -0.17282767687931797      , -0.26301417569665608     
 -0.22797586929234884      , -0.18689913183338283      , -0.25755338429269542     
 -0.24281843435420519      , -0.20150897378470639      , -0.25417209580375427     
 -0.25755955602548380      , -0.21673883553326737      , -0.25273534436015060     
 -0.27262115940475862      , -0.23268641671678922      , -0.25313079693558804     
 -0.28846651879238822      , -0.24946353727361886      , -0.25526823416466127     
 -0.30546787927395397      , -0.26719475444867991      , -0.25907890083227025     
 -0.32381724509554927      , -0.28601645195124986      , -0.26451479464037853     
 -0.34351642299652663      , -0.30607631475629160      , -0.27154794566341145     
 -0.36444826572822742      , -0.32753310681370912      , -0.28016972472774587     
 -0.38649189258532235      , -0.35055667081892139      , -0.29039020643681313     
 -0.40962907405039506      , -0.37532806847835753      , -0.30223760130804356     
 -0.43400392107275637      , -0.40203977563750370      , -0.31575776104721937     
 -0.45992747741661405      , -0.43089583842782897      , -0.33101375087482215     
 -0.48784459336114705      , -0.46211188333042980      , -0.34808547250654798     
 -0.51828867841512372      , -0.49591485471487706      , -0.36706931029059908     
 -0.55183664272616229      , -0.53254232681396518      , -0.38807776046718501     
 -0.58905769798811591      , -0.57224120193494643      , -0.41123898881699250     
 -0.63044813467364569      , -0.61526556162170254      , -0.43669624430404413     
 -0.67636233368495913      , -0.66187338119341854      , -0.46460703482419996     
 -0.72696875957776563      , -0.71232174967747208      , -0.49514194493394065     
 -0.78225798105183231      , -0.76686015654029704      , -0.52848294357277537     
 -0.84210557667064323      , -0.82572131529877424      , -0.56482099157809673     
 -0.90636291076408837      , -0.88910889631946843      , -0.60435271386681955     
 -0.97493359564807924      , -0.95718144561732144      , -0.64727584989268017     
  -1.0478025983079129      ,  -1.0300316888973573      , -0.69378314002236041     
  -1.1250116400990533      ,  -1.1076603862467747      , -0.74405424852281254     
  -1.2065980738433870      ,  -1.1899439527310121      , -0.79824527282869806     
  -1.2925152140458103      ,  -1.2765952520927344      , -0.85647535524582685     
  -1.3825338892864867      ,  -1.3671173852263221      , -0.91880991527361622     
  -1.4761158163671351      ,  -1.4607510350535038      , -0.98524008462433921     
  -1.5722706507403248      ,  -1.5564171138177354      ,  -1.0556580887928402     
  -1.6694451547278772      ,  -1.6526582029154728      ,  -1.1298286242713289     
  -1.7655024352183477      ,  -1.7475846497656911      ,  -1.2073567810173433     
  -1.8578072730882189      ,  -1.8388341462472721      ,  -1.2876538045436170     
  -1.9433674570848658      ,  -1.9235568958115867      ,  -1.3699030094540989     
  -2.0189476273279188      ,  -1.9984414754470683      ,  -1.4530294256971485     
  -2.0811028235356881      ,  -2.0597981597360326      ,  -1.5356781714554506     
  -2.1261532722570031      ,  -2.1037152903137084      ,  -1.6162078635177315     
  -2.1501906299811813      ,  -2.1262985059202357      ,  -1.6927062008074754     
  -2.1492299997021420      ,  -2.1239908924464261      ,  -1.7630346532475247     
  -2.1195892998096690      ,  -2.0939542405694795      ,  -1.8249073791125396     
  -2.0584931856667903      ,  -2.0344698460352229      ,  -1.8760056647451384     
  -1.9647825078236405      ,  -1.9452969176045305      ,  -1.9141233645507050     
  -1.8395124035201207      ,  -1.8279153874829066      ,  -1.9373317682185185     
  -1.6862180907119737      ,  -1.6855855241203963      ,  -1.9441455890870691     
  -1.5107512625755057      ,  -1.5231832073349167      ,  -1.9336674312105187     
  -1.3207548434111525      ,  -1.3468136481388202      ,  -1.9056880830014979     
  -1.1249057877059128      ,  -1.1632561703974931      ,  -1.8607252165892612     
 -0.93201103214204117      , -0.97933229922058140      ,  -1.7999928104286804     
 -0.75001010593635886      , -0.80130503042066714      ,  -1.7253055011865772     
 -0.58494042320070461      , -0.63440384938197447      ,  -1.6389329214769353     
 -0.44003591885292453      , -0.48253394132337513      ,  -1.5434260887480573     
 -0.31548395909375798      , -0.34818283590830196      ,  -1.4414396800717835     
 -0.20936866777311086      , -0.23249812814134732      ,  -1.3355709038006018     
 -0.11939498065113430      , -0.13548555971593074      ,  -1.2282293332833776     
  -4.4172604365818331E-002 ,  -5.6269906219155272E-002 ,  -1.1215446562215881     
   1.6691668323032004E-002 ,   6.6318975710786821E-003 ,  -1.0173126590833490     
   6.3322643793557440E-002 ,   5.5061524558877140E-002 , -0.91697499538263172     
   9.6239898981437672E-002 ,   9.1014157251776917E-002 , -0.82162566727776609     
  0.11656538549171407      ,  0.11648438835860699      , -0.73203639435533829     
  0.12602008440575341      ,  0.13336077817771405      , -0.64869359043157415     
  0.12686564528612790      ,  0.14336166147433382      , -0.57184093095123456     
  0.12170625631322032      ,  0.14800295290998974      , -0.50152299788620158     
  0.11319420895924284      ,  0.14858893126008563      , -0.43762692591034791     
  0.10370277099943856      ,  0.14621829166196354      , -0.37992018122204974     
   9.4948137990464559E-002 ,  0.14179943589764171      , -0.32808352909402183     
   8.7710895573057265E-002 ,  0.13607060347492927      , -0.28173890008174274     
   8.1871876896402532E-002 ,  0.12962183015824019      , -0.24047229154001515     
   7.6732585095021205E-002 ,  0.12291679566143585      , -0.20385209363802392     
   7.1455354397601256E-002 ,  0.11631340530896644      , -0.17144335712803233     
   6.5492246982479116E-002 ,  0.11008249150981247      , -0.14281856471464840     
   5.8829401435270122E-002 ,  0.10442437711713656      , -0.11756546009112379     
   5.1938712788892755E-002 ,   9.9483265975480822E-002 ,  -9.5292450698742537E-002
   4.5573508666885365E-002 ,   9.5359557810579046E-002 ,  -7.5632046969053610E-002
   4.0586255391350121E-002 ,   9.2120256097234787E-002 ,  -5.8242741815565935E-002
   3.7764463798825046E-002 ,   8.9807670522331809E-002 ,  -4.2809675278040152E-002
   3.7639884979000400E-002 ,   8.8446624947945987E-002 ,  -2.9044373790967137E-002
   4.0316998234105811E-002 ,   8.8050377067792895E-002 ,  -1.6683803224649796E-002
   4.5407665831546984E-002 ,   8.8625443418063860E-002 ,  -5.4889303017962065E-003
   5.2137566959944780E-002 ,   9.0175506903978228E-002 ,   4.7570517042281801E-003
   5.9606989000090191E-002 ,   9.2704565893845861E-002 ,   1.4250710197358178E-002
   6.7105146411006580E-002 ,   9.6219465629758111E-002 ,   2.3170478593267770E-002
   7.4355439764165504E-002 ,  0.10073193503900983      ,   3.1678808289697137E-002
   8.1579860504173762E-002 ,  0.10626023546901686      ,   3.9924315065625528E-002
   8.9347779972263397E-002 ,  0.11283051264599034      ,   4.8043883403733036E-002
   9.8318324564955567E-002 ,  0.12047792935848968      ,   5.6164704860415256E-002
  0.10903591849812685      ,  0.12924764397219127      ,   6.4406236612651963E-002
  0.12183803186154651      ,  0.13919568879702723      ,   7.2882074089193616E-002
  0.13684279652109099      ,  0.15038979239713457      ,   8.1701737491125151E-002
  0.15397771456950601      ,  0.16291018095003260      ,   9.0972376317400280E-002
  0.17300812341142430      ,  0.17685038546522014      ,  0.10080039897459114     
  0.19354945091773693      ,  0.19231807375030874      ,  0.11129303635303416     
  0.21511672245866603      ,  0.20943591808758993      ,  0.12255984902471209     
  0.23726007022231599      ,  0.22834250119983526      ,  0.13471418753482758     
  0.25974222008977482      ,  0.24919325368583059      ,  0.14787461413054032     
  0.28265998190402042      ,  0.27216140501006614      ,  0.16216629213985403     
  0.30645363179001761      ,  0.29743891648856235      ,  0.17772234594660688     
  0.33183061386837737      ,  0.32523734746483168      ,  0.19468518987864572     
  0.35966262987840819      ,  0.35578858369275485      ,  0.21320781800241143     
  0.39087324454306482      ,  0.38934532818804513      ,  0.23345503833546014     
  0.42629683906510774      ,  0.42618121744158366      ,  0.25560462372991749     
  0.46652289434049421      ,  0.46659037743175252      ,  0.27984833683908750     
  0.51178459878903249      ,  0.51088617139247883      ,  0.30639276713294245     
  0.56194314050922900      ,  0.55939881143258230      ,  0.33545989260639347     
  0.61659016935485977      ,  0.61247140525082377      ,  0.36728724609690205     
  0.67525610224926991      ,  0.67045388387585647      ,  0.40212752422049775     
  0.73765653412151277      ,  0.73369410400377422      ,  0.44024742390437027     
  0.80386589262191510      ,  0.80252523878664739      ,  0.48192542541007199     
  0.87434040201352059      ,  0.87724836805713469      ,  0.52744816004763362     
  0.94982324063161983      ,  0.95810896533412482      ,  0.57710490493869326     
   1.0312361602733222      ,   1.0452657805728223      ,  0.63117963775002872     
   1.1195735432628156      ,   1.1387504820354777      ,  0.68993996663175328     
   1.2156786241479143      ,   1.2384164273482181      ,  0.75362213632406572     
   1.3198289435179382      ,   1.3438752066554114      ,  0.82241122208398265     
   1.4312791016593007      ,   1.4544203201472676      ,  0.89641559472431365     
   1.5480552414859472      ,   1.5689387609178072      ,  0.97563482829485038     
   1.6671998755663473      ,   1.6858136658766292      ,   1.0599205065801458     
   1.7853718316394593      ,   1.8028248692118054      ,   1.1489299706560232     
   1.8994362583050177      ,   1.9170593339240956      ,   1.2420740599845279     
   2.0066740096838962      ,   2.0248499264203508      ,   1.3384614507544750     
   2.1045027680653496      ,   2.1217681005363196      ,   1.4368443490931841     
   2.1899075157807735      ,   2.2027020523138305      ,   1.5355729780716709     
   2.2588993267880171      ,   2.2620538223631388      ,   1.6325691829374855     
   2.3062453822170883      ,   2.2940825631095625      ,   1.7253318865775926     
   2.3256205077200094      ,   2.2934025096515773      ,   1.8109879719485740     
   2.3102993187618752      ,   2.2556108582566328      ,   1.8864000927656583     
   2.2543990061660160      ,   2.1779756365249536      ,   1.9483366994347122     
   2.1544167975784005      ,   2.0600674067786091      ,   1.9936988387326597     
   2.0105233220661454      ,   1.9041894755754216      ,   2.0197843039439829     
   1.8270241966130789      ,   1.7154692943814802      ,   2.0245557812127513     
   1.6117822670386366      ,   1.5015302430138926      ,   2.0068705581414674     
   1.3750261235843777      ,   1.2717598040209583      ,   1.9666297015238157     
   1.1281945232500710      ,   1.0362971825751546      ,   1.9048163682796677     
  0.88303254515331409      ,  0.80493991239132967      ,   1.8234138682300103     
  0.65076273330076073      ,  0.58618396610125834      ,   1.7252181534258575     
  0.44100571810990746      ,  0.38656124625243360      ,   1.6135790714816123     
  0.25991142394138478      ,  0.21034630813473335      ,   1.4921143988777912     
  0.10816867714446898      ,   5.9608695163686748E-002 ,   1.3644388805009304     
  -1.8436927962992275E-002 ,  -6.5479933137011226E-002 ,   1.2339398472094227     
 -0.12527234588593969      , -0.16620055027530495      ,   1.1036162944159156     
 -0.21526675158721639      , -0.24481000764352695      ,  0.97598429919751772     
 -0.28837291526491360      , -0.30410886996064257      ,  0.85304136147876719     
 -0.34362813515778090      , -0.34709476490187574      ,  0.73627664433751827     
 -0.38112487152425895      , -0.37671289195006802      ,  0.62671257737338548     
 -0.40224250650528759      , -0.39569614814294074      ,  0.52496455981118595     
 -0.40937948212375641      , -0.40647782964416257      ,  0.43130818574931273     
 -0.40605282785815128      , -0.41115746707718875      ,  0.34574645755035577     
 -0.39649726673867947      , -0.41150210621487715      ,  0.26807221390270930     
 -0.38492291572371734      , -0.40896890310199524      ,  0.19792318892810590     
 -0.37509380032606915      , -0.40473875859198022      ,  0.13482868670199558     
 -0.36969915194817410      , -0.39975409662649936      ,   7.8247876867343358E-002
 -0.36958379365943955      , -0.39475651542952789      ,   2.7600314319150377E-002
 -0.37385283886016529      , -0.39032191242298492      ,  -1.7710416716385423E-002
 -0.38074032303338634      , -0.38689192741735651      ,  -5.8278932325788971E-002
 -0.38843612680061940      , -0.38480132170628584      ,  -9.4685166360762144E-002
 -0.39582175937992142      , -0.38430135678688487      , -0.12748546907213734     
 -0.40290913929775035      , -0.38557946906189577      , -0.15720688788408219     
 -0.41044327566492328      , -0.38877563790933228      , -0.18434394603443194     
 -0.41917228519363631      , -0.39399586905819672      , -0.20935734501658584     
 -0.42966314680499978      , -0.40132319833040991      , -0.23267411661505247     
 -0.44244705026066616      , -0.41082658358391927      , -0.25468883757681537     
 -0.45798713292881221      , -0.42256800707019559      , -0.27576559431625691     
 -0.47648948279477193      , -0.43660806267782115      , -0.29624044721241904     
 -0.49770203757308940      , -0.45301025559336150      , -0.31642419513785502     
 -0.52093668833505424      , -0.47184419680003337      , -0.33660528206910106     
 -0.54540739840558217      , -0.49318783156868379      , -0.35705272011539529     
 -0.57062145145647369      , -0.51712879917563415      , -0.37801892807114496     
 -0.59660833955108961      , -0.54376497977004823      , -0.39974240249018106     
 -0.62393145185289833      , -0.57320424278403181      , -0.42245014997122587     
 -0.65343417264487325      , -0.60556336871600913      , -0.44635981535506558     
 -0.68590108852205611      , -0.64096607180850518      , -0.47168144125200534     
 -0.72194250318214448      , -0.67954000459510544      , -0.49861879002709569     
 -0.76205125449001776      , -0.72141257642418488      , -0.52737015029433365     
 -0.80656910593484088      , -0.76670536747726248      , -0.55812853633776005     
 -0.85559729043950206      , -0.81552686917319506      , -0.59108117101442681     
 -0.90894408982336772      , -0.86796323453109814      , -0.62640812116689004     
 -0.96610610317375600      , -0.92406668383501045      , -0.66427993038313904     
  -1.0263982703754220      , -0.98384119101453216      , -0.70485406880495360     
  -1.0892397830569878      ,  -1.0472250883707017      , -0.74826999640014280     
  -1.1543582833657584      ,  -1.1140702913966432      , -0.79464261903395428     
  -1.2217733329166789      ,  -1.1841179882630797      , -0.84405391227026083     
  -1.2916362826792509      ,  -1.2569708943107780      , -0.89654250528706636     
  -1.3640365095906397      ,  -1.3320625811600497      , -0.95209106900782137     
  -1.4388472601118392      ,  -1.4086249955284553      ,  -1.0106114543405447     
  -1.5155905891112860      ,  -1.4856561204709910      ,  -1.0719276969676881     
  -1.5932310034762671      ,  -1.5618908147046162      ,  -1.1357572641826892     
  -1.6699389019501478      ,  -1.6357791596741007      ,  -1.2016912837629112     
  -1.7430556740087035      ,  -1.7054780339848252      ,  -1.2691749722667758     
  -1.8093906352980853      ,  -1.7688628873783263      ,  -1.3374900584707226     
  -1.8657226441402599      ,  -1.8235674200729917      ,  -1.4057416326856329     
  -1.9092210224366457      ,  -1.8670585584756816      ,  -1.4728524544807782     
  -1.9375660369966887      ,  -1.8967521385750084      ,  -1.5375681751794532     
  -1.9487954504432610      ,  -1.9101705150628026      ,  -1.5984769812271005     
  -1.9411000830133920      ,  -1.9051366868038477      ,  -1.6540466183546458     
  -1.9127717196973419      ,  -1.8799909029060546      ,  -1.7026804229180070     
  -1.8623963334016811      ,  -1.8338064567641899      ,  -1.7427917898376235     
  -1.7892602171841792      ,  -1.7665738233804884      ,  -1.7728935811366489     
  -1.6938202067108286      ,  -1.6793193399910480      ,  -1.7916957382361516     
  -1.5780622360207781      ,  -1.5741287994909499      ,  -1.7982014834472844     
  -1.4456219750061958      ,  -1.4540585711738296      ,  -1.7917907942460058     
  -1.3015959330766396      ,  -1.3229355864692047      ,  -1.7722800115972297     
  -1.1520350765935117      ,  -1.1850684983651558      ,  -1.7399488134297523     
  -1.0032032615066555      ,  -1.0449098261764556      ,  -1.6955300711564372     
 -0.86075478173534370      , -0.90671780055009554      ,  -1.6401634518064443     
 -0.72901482070045087      , -0.77426443399857336      ,  -1.5753188259838156     
 -0.61054798634350527      , -0.65062418559314306      ,  -1.5026994293425207     
 -0.50617435217619311      , -0.53805960856055846      ,  -1.4241365517228026     
 -0.41545814520410052      , -0.43800192017994610      ,  -1.3414871510683963     
 -0.33744164847111985      , -0.35111004356225739      ,  -1.2565436330226010     
 -0.27123537057787728      , -0.27738372851379317      ,  -1.1709618668190174     
 -0.21621516569016602      , -0.21630490680726164      ,  -1.0862101432000582     
 -0.17189410604292610      , -0.16698485479310698      ,  -1.0035388660824414     
 -0.13771335995571904      , -0.12830075441590932      , -0.92396866930221366     
 -0.11290861612649924      ,  -9.9011800828282467E-002 , -0.84829344980179178     
  -9.6453213634797863E-002 ,  -7.7850703932708876E-002 , -0.77709439787087953     
  -8.7051902596553557E-002 ,  -6.3590613793592488E-002 , -0.71076127246323817     
  -8.3202097782776999E-002 ,  -5.5090083998159803E-002 , -0.64951768650273467     
  -8.3336367225584629E-002 ,  -5.1319928652182122E-002 , -0.59344783846858606     
  -8.6026673510495283E-002 ,  -5.1376111790610725E-002 , -0.54252281249798806     
  -9.0197673878728304E-002 ,  -5.4482506497482014E-002 , -0.49662518528688282     
  -9.5266329122300403E-002 ,  -5.9986771525834218E-002 , -0.45557118450738321     
 -0.10114164425014441      ,  -6.7351918144290771E-002 , -0.41913003141958882     
 -0.10808688444076443      ,  -7.6145498697450006E-002 , -0.38704037906701927     
 -0.11650293916316748      ,  -8.6027798752510112E-002 , -0.35902394463510756     
 -0.12670762059893301      ,  -9.6739974650656230E-002 , -0.33479655016284376     
 -0.13878113149337051      , -0.10809274326090544      , -0.31407684844854894     
 -0.15251589983372230      , -0.11995598579839001      , -0.29659303637498741     
 -0.16745874995703167      , -0.13224945471734162      , -0.28208785835243927     
 -0.18301162775610566      , -0.14493465480064185      , -0.27032218738771446     
 -0.19856925027066194      , -0.15800789211005009      , -0.26107744707156139     
 -0.21367172869424683      , -0.17149443591142843      , -0.25415710912940392     
 -0.22813095009127538      , -0.18544371031143450      , -0.24938747116086327     
 -0.24208332396426349      , -0.19992541770844602      , -0.24661788975310234     
 -0.25594484503025877      , -0.21502649063002746      , -0.24572061646105828     
 -0.27028236671061107      , -0.23084876878264615      , -0.24659035883437774     
 -0.28564397120069429      , -0.24750730180244249      , -0.24914366600070298     
 -0.30240430541827101      , -0.26512918355277493      , -0.25331821830752771     
 -0.32068265769418530      , -0.28385282959556735      , -0.25907208303752821     
 -0.34036953276901971      , -0.30382761469181757      , -0.26638298299531660     
 -0.36124621132889112      , -0.32521379106320952      , -0.27524761149537930     
 -0.38313608160457735      , -0.34818260996592526      , -0.28568101558953890     
 -0.40602152333090918      , -0.37291656820932029      , -0.29771605884614949     
 -0.43009080298747532      , -0.39960969688581727      , -0.31140296518496530     
 -0.45571937279035052      , -0.42846780097640164      , -0.32680893569513642     
 -0.48341852216953546      , -0.45970854475326928      , -0.34401782048743806     
 -0.51378345763067812      , -0.49356125796539929      , -0.36312981686817919     
 -0.54744557663799631      , -0.53026631045188799      , -0.38426115281641809     
 -0.58501090613880535      , -0.57007386672513005      , -0.40754370016543978     
 -0.62697632685396376      , -0.61324178576453203      , -0.43312444421807728     
 -0.67364694963778216      , -0.66003237338925247      , -0.46116471487057925     
 -0.72509844733086870      , -0.71070762410160104      , -0.49183905773979042     
 -0.78121368099231192      , -0.76552250598750449      , -0.52533359135827784     
 -0.84178347474718584      , -0.82471574748206744      , -0.56184365743896569     
 -0.90662535277021383      , -0.88849748268377926      , -0.60157052509409392     
 -0.97566519977588329      , -0.95703301110356997      , -0.64471685702333670     
  -1.0489502710228846      ,  -1.0304218440011301      , -0.69148058764199649     
  -1.1266016032400283      ,  -1.1086711689674305      , -0.74204680358594444     
  -1.2087374772261308      ,  -1.1916629079707703      , -0.79657716295425818     
  -1.2953859684414548      ,  -1.2791137317463777      , -0.85519635278332806     
  -1.3863734245727544      ,  -1.3705278083744008      , -0.91797508300500474     
  -1.4811717475989301      ,  -1.4651428133852800      , -0.98490917658624821     
  -1.5787297903496584      ,  -1.5618709377351614      ,  -1.0558944769156287     
  -1.6773642006020315      ,  -1.6592384213378226      ,  -1.1306976022292721     
  -1.7747809616600503      ,  -1.7553295920387670      ,  -1.2089230872994532     
  -1.8682242490152703      ,  -1.8477444638281029      ,  -1.2899782167765024     
  -1.9546627478498835      ,  -1.9335823784575716      ,  -1.3730379039287575     
  -2.0309008753459166      ,  -2.0094673378281551      ,  -1.4570132840711101     
  -2.0935647003076423      ,  -2.0716324741702135      ,  -1.5405291632885045     
  -2.1390129490487082      ,  -2.1160799622598705      ,  -1.6219168435451898     
  -2.1632972096108891      ,  -2.1388267571723301      ,  -1.6992297223010837     
  -2.1623066079308875      ,  -2.1362343452227091      ,  -1.7702888766971601     
  -2.1321817321772834      ,  -2.1054020599515408      ,  -1.8327639813947796     
  -2.0699824572357488      ,  -2.0445807668991480      ,  -1.8842909353405151     
  -1.9744657229900195      ,  -1.9535423966589387      ,  -1.9226215166584080     
  -1.8467264518738056      ,  -1.8338290488603362      ,  -1.9457930344686416     
  -1.6904602979905845      ,  -1.6888114028237018      ,  -1.9522989358118306     
  -1.5117550630028509      ,  -1.5235141097589926      ,  -1.9412368422279591     
  -1.3185057245638594      ,  -1.3442120210571691      ,  -1.9124105565793181     
  -1.1196111642263966      ,  -1.1578532144471796      ,  -1.8663681352799042     
 -0.92404825036573457      , -0.97140576902449882      ,  -1.8043683566136113     
 -0.73987041665147113      , -0.79124071353522030      ,  -1.7282803210774276     
 -0.57316654670249922      , -0.62264865754680543      ,  -1.6404321365977033     
 -0.42713546969042987      , -0.46954913069346166      ,  -1.5434317569348321     
 -0.30183610646234943      , -0.33440429339267902      ,  -1.4399846537350298     
 -0.19519283632012002      , -0.21830781663064763      ,  -1.3327295467317848     
 -0.10481466811437037      , -0.12119519779513725      ,  -1.2241066936955947     
  -2.9316481332787345E-002 ,  -4.2115597683410992E-002 ,  -1.1162655197519116     
   3.1634824612991871E-002 ,   2.0486709436646308E-002 ,  -1.0110115465697123     
   7.8121197555137842E-002 ,   6.8517777469615099E-002 , -0.90978775496973741     
  0.11066714882401738      ,  0.10402626193743578      , -0.81368293448099915     
  0.13043524696435660      ,  0.12904874663052246      , -0.72345890814728753     
  0.13921085601122057      ,  0.14550507020936551      , -0.63958917068628618     
  0.13933654364110137      ,  0.15513562773870865      , -0.56230283043951657     
  0.13349740017786230      ,  0.15947093878374241      , -0.49162931722975295     
  0.12441398152547213      ,  0.15982416769303215      , -0.42744079806285401     
  0.11450986513163774      ,  0.15729872395344635      , -0.36949047281843572     
  0.10552239255555607      ,  0.15280484568268940      , -0.31744585488358845     
   9.8217091368568668E-002 ,  0.14708076104513482      , -0.27091679461893292     
   9.2435560270818215E-002 ,  0.14071543813105639      , -0.22947842460269577     
   8.7436358469991191E-002 ,  0.13417102251796589      , -0.19268945063371956     
   8.2352759269857162E-002 ,  0.12780384748378712      , -0.16010633292912446     
   7.6635535164820703E-002 ,  0.12188343978152048      , -0.13129393972555115     
   7.0296905946464219E-002 ,  0.11660929459036382      , -0.10583324203678925     
   6.3842814655835883E-002 ,  0.11212541045637760      ,  -8.3326575815892520E-002
   5.8050203250557680E-002 ,  0.10853270131855734      ,  -6.3400941043187109E-002
   5.3781485489216976E-002 ,  0.10589946947631626      ,  -4.5709745725188280E-002
   5.1823171386376779E-002 ,  0.10427015253733518      ,  -2.9933342086985087E-002
   5.2695785253302430E-002 ,  0.10367256371322282      ,  -1.5778645510833335E-002
   5.6482462034417105E-002 ,  0.10412383785823971      ,  -2.9780755577153233E-003
   6.2766084449219203E-002 ,  0.10563528140448651      ,   8.7119867305855848E-003
   7.0743922468829920E-002 ,  0.10821630655474181      ,   1.9513070123515407E-002
   7.9500336659740004E-002 ,  0.11187761099747581      ,   2.9626691293402192E-002
   8.8329786781217362E-002 ,  0.11663374533339807      ,   3.9236545986113792E-002
   9.6982419914280138E-002 ,  0.12250519210664432      ,   4.8510742915426050E-002
  0.10571836583324253      ,  0.12952006322130361      ,   5.7604029240280456E-002
  0.11514084777862127      ,  0.13771550677706540      ,   6.6659972083182917E-002
  0.12592983981265166      ,  0.14713890001021801      ,   7.5813073027227965E-002
  0.13864214104501810      ,  0.15784889200725963      ,   8.5190802334656729E-002
  0.15362818802261530      ,  0.16991634801598865      ,   9.4915547152699190E-002
  0.17102302800369557      ,  0.18342523629126711      ,  0.10510647354626416     
  0.19077219272672735      ,  0.19847348819084690      ,  0.11588130609579436     
  0.21265417585584365      ,  0.21517385232113451      ,  0.12735803123493067     
  0.23628898347355931      ,  0.23365475348327366      ,  0.13965653162546596     
  0.26119345329360327      ,  0.25406115644904970      ,  0.15290015875808619     
  0.28692984758027890      ,  0.27655542254615456      ,  0.16721724963564050     
  0.31329139124358740      ,  0.30131813284431563      ,  0.18274259076972924     
  0.34041933240983063      ,  0.32854883440907107      ,  0.19961882863850883     
  0.36880096017994696      ,  0.35846664439448767      ,  0.21799781994534886     
  0.39918706899737971      ,  0.39131061915952309      ,  0.23804190709181647     
  0.43249320173365408      ,  0.42733976025768178      ,  0.25992509369566286     
  0.46969309245535890      ,  0.46683248383084736      ,  0.28383408103491098     
  0.51167098657287835      ,  0.51008532201043177      ,  0.30996910807541045     
  0.55904375314358734      ,  0.55741055142552731      ,  0.33854451411498021     
  0.61202483512931272      ,  0.60913235169282998      ,  0.36978891269851522     
  0.67040108229218165      ,  0.66558098285394907      ,  0.40394482676344723     
  0.73365616240439879      ,  0.72708433304494668      ,  0.44126758626840140     
  0.80121723719311466      ,  0.79395602623684047      ,  0.48202322918040019     
  0.87272856582041625      ,  0.86647909879151963      ,  0.52648507335109662     
  0.94822008759279430      ,  0.94488406424180749      ,  0.57492854014299799     
   1.0280987833399438      ,   1.0293200115880103      ,  0.62762371220481183     
   1.1130195970932786      ,   1.1198172657769607      ,  0.68482500244872102     
   1.2037519632456626      ,   1.2162401498838087      ,  0.74675720953346603     
   1.3010396384611571      ,   1.3182286351005581      ,  0.81359715612049432     
   1.4053128528626053      ,   1.4251283035935616      ,  0.88545008151459337     
   1.5162033174587422      ,   1.5359092905780751      ,  0.96232003866968674     
   1.6320777086136435      ,   1.6490769691601981      ,   1.0440737963954980     
   1.7499311189043336      ,   1.7625803520093120      ,   1.1303982621456463     
   1.8657954397201004      ,   1.8737286770511576      ,   1.2207523257973252     
   1.9754483561331513      ,   1.9791323337539792      ,   1.3143153831750887     
   2.0749751387838091      ,   2.0746905761774594      ,   1.4099366878493840     
   2.1608514435309023      ,   2.1556539445227054      ,   1.5060920462594489     
   2.2295656329936158      ,   2.2167915023342668      ,   1.6008569537318578     
   2.2770937174479231      ,   2.2526884218042524      ,   1.6919075042317528     
   2.2986021752517525      ,   2.2581843870692953      ,   1.7765613825387028     
   2.2886341636820466      ,   2.2289354566246842      ,   1.8518697931255470     
   2.2418689438965851      ,   2.1620431645734275      ,   1.9147661847452768     
   2.1543550248704935      ,   2.0566529170936714      ,   1.9622686169821451     
   2.0248694679424251      ,   1.9143940614837531      ,   1.9917204286638490     
   1.8558609747972239      ,   1.7395340488428781      ,   2.0010411052933321     
   1.6535376908069428      ,   1.5387608201874197      ,   1.9889499507456627     
   1.4271261221230365      ,   1.3205875736851553      ,   1.9551235362441517     
   1.1877402675236020      ,   1.0944698721640391      ,   1.9002562817400708     
  0.94722021738964191      ,  0.86980197130440695      ,   1.8260108125278076     
  0.71702047981118688      ,  0.65498696600371087      ,   1.7348662255019947     
  0.50706100915193075      ,  0.45674402410833626      ,   1.6298915649064565     
  0.32413140207926056      ,  0.27974115223213653      ,   1.5144830970439576     
  0.17002630367251120      ,  0.12655500924438956      ,   1.3921050714225933     
   4.1498476591851623E-002 ,  -2.1093609545281568E-003 ,   1.2660659784698975     
  -6.6683765583844146E-002 , -0.10703999294361360      ,   1.1393497488246689     
 -0.15803668082158212      , -0.19008160102014149      ,   1.0145082306768012     
 -0.23314886764536180      , -0.25371953242299472      ,  0.89361081724419855     
 -0.29122270024212776      , -0.30073129688479561      ,  0.77824067797363217     
 -0.33212283911651247      , -0.33392454246025399      ,  0.66952453904332021     
 -0.35693078864434263      , -0.35596005720225277      ,  0.56818335328088643     
 -0.36767080715028772      , -0.36924698732802863      ,  0.47459326396003948     
 -0.36737833419259386      , -0.37589322082260024      ,  0.38884895656509771     
 -0.35992684452945756      , -0.37769423707262845      ,  0.31082411065795684     
 -0.34938102067148608      , -0.37614639022080093      ,  0.24022584882287670     
 -0.33952059132882195      , -0.37247398388673925      ,  0.17664171537082027     
 -0.33328278542262901      , -0.36766269850571237      ,  0.11957883348917736     
 -0.33196986478234070      , -0.36249455027626887      ,   6.8495581330194732E-002
 -0.33509592048875697      , -0.35758150586839088      ,   2.2826506073900316E-002
 -0.34108727698154445      , -0.35339622047587044      ,  -1.7998639778078043E-002
 -0.34811283647670699      , -0.35029923678836039      ,  -5.4540824849171811E-002
 -0.35481987382668839      , -0.34856251030891594      ,  -8.7341759806201569E-002
 -0.36088234992566276      , -0.34838942264384626      , -0.11691723052267909     
 -0.36685244886092672      , -0.34993159229674742      , -0.14375306250130479     
 -0.37350990465957001      , -0.35330285041969134      , -0.16830313786135651     
 -0.38154603944083548      , -0.35859075534454887      , -0.19098898192971681     
 -0.39162933299446107      , -0.36586599856871060      , -0.21220052210168877     
 -0.40436924717947420      , -0.37519002047089617      , -0.23229769598738090     
 -0.42011707496247669      , -0.38662111437854607      , -0.25161264904947012     
 -0.43874596621221063      , -0.40021925684407017      , -0.27045231471455861     
 -0.45961381964780323      , -0.41604986199587363      , -0.28910121329269922     
 -0.48184946412307222      , -0.43418661921318441      , -0.30782434099060302     
 -0.50476897984409119      , -0.45471353602796433      , -0.32687004780146445     
 -0.52817597760372159      , -0.47772627159494169      , -0.34647282392138790     
 -0.55245899087518302      , -0.50333280959024207      , -0.36685592925790400     
 -0.57841463030691509      , -0.53165348217388397      , -0.38823381009042951     
 -0.60689963929247193      , -0.56282031778690689      , -0.41081425140154459     
 -0.63862352068652695      , -0.59697564414214421      , -0.43480021307211597     
 -0.67416056623409004      , -0.63426983296738892      , -0.46039129315319621     
 -0.71395269635139025      , -0.67485802422642949      , -0.48778475182937375     
 -0.75824411579988271      , -0.71889561443919947      , -0.51717601545449898     
 -0.80702396283315792      , -0.76653223684161209      , -0.54875856116675947     
 -0.85997253949883934      , -0.81790390218311593      , -0.58272305918769784     
 -0.91651280476401764      , -0.87312291159351063      , -0.61925562236534037     
 -0.97605565764203839      , -0.93226510369459192      , -0.65853498173058778     
  -1.0382703845506964      , -0.99535396770232754      , -0.70072837453749337     
  -1.1031792275986063      ,  -1.0623411591474730      , -0.74598590049483626     
  -1.1710681110838896      ,  -1.1330830190770358      , -0.79443307761640658     
  -1.2423050109546832      ,  -1.2073128544503686      , -0.84616131890993951     
  -1.3171709448598901      ,  -1.2846090303135032      , -0.90121606603373261     
  -1.3957302773155995      ,  -1.3643594057596606      , -0.95958237131782331     
  -1.4776429504175999      ,  -1.4457233725700702      ,  -1.0211678349887090     
  -1.5618706691510629      ,  -1.5275937779192856      ,  -1.0857830039380234     
  -1.6464637348930764      ,  -1.6085623533591964      ,  -1.1531196477268890     
  -1.7286592288458127      ,  -1.6868938939161400      ,  -1.2227277695525685     
  -1.8053049036446236      ,  -1.7605161903145281      ,  -1.2939927958138346     
  -1.8733693386477406      ,  -1.8270343129837907      ,  -1.3661151039794051     
  -1.9302270455171713      ,  -1.8837787772127064      ,  -1.4380948387112886     
  -1.9735931068176147      ,  -1.9278966816365157      ,  -1.5087257139824952     
  -2.0012481899433912      ,  -1.9564922881605553      ,  -1.5766020145148025     
  -2.0107925469360302      ,  -1.9668179842404507      ,  -1.6401430354681412     
  -1.9996178065346688      ,  -1.9565078935156675      ,  -1.6976384459203631     
  -1.9651810562059062      ,  -1.9238352622592316      ,  -1.7473162883833551     
  -1.9055291582878171      ,  -1.8679631247608479      ,  -1.7874324592804500     
  -1.8199241471551353      ,  -1.7891488963989355      ,  -1.8163767754887499     
  -1.7093854920017777      ,  -1.6888613174542515      ,  -1.8327867172578691     
  -1.5769660304914164      ,  -1.5697756537403367      ,  -1.8356565804305158     
  -1.4276401846038471      ,  -1.4356308657342878      ,  -1.8244281277482193     
  -1.2678129061066408      ,  -1.2909575812169940      ,  -1.7990497282333926     
  -1.1045651426856964      ,  -1.1407118013422741      ,  -1.7599946421626305     
 -0.94478975241062602      , -0.98986866166433762      ,  -1.7082349636031091     
 -0.79435693108605476      , -0.84303727905915227      ,  -1.6451744759519611     
 -0.65742755225928362      , -0.70414998917810345      ,  -1.5725497021054149     
