  0.56251698790716620      ,   2.1229450724483714      ,   1.4655193661558268     
   1.6118337471088664      ,   2.1929852415350255      ,   1.5610585270229873     
   2.1404411958517744      ,   2.2400776937172493      ,   1.6539053462152871     
   2.4237356206483547      ,   2.2589017442634218      ,   1.7415228812149708     
   2.4188367017633903      ,   2.2447042742917840      ,   1.8210630112943438     
   2.0852665672178059      ,   2.1939089102960634      ,   1.8894909061409448     
   1.7323896078399696      ,   2.1047402225179983      ,   1.9437656688917380     
   1.6356803694463609      ,   1.9777454803439807      ,   1.9810672081207392     
   1.5372719538494464      ,   1.8160821072783706      ,   1.9990464820024860     
   1.5533843318907929      ,   1.6254624622894605      ,   1.9960649989817625     
   1.3931805003544919      ,   1.4137129629515430      ,   1.9713841858516696     
   1.2545636455827791      ,   1.1899972664110152      ,   1.9252693066812612     
  0.97033266893820358      ,  0.96384218103004549      ,   1.8589865037522069     
  0.66571055685981750      ,  0.74415591195967179      ,   1.7746919444430655     
  0.42302156846916678      ,  0.53842131673974125      ,   1.6752329415465239     
  0.30723725699873755      ,  0.35218728446955988      ,   1.5638959838847664     
  0.15422887446240000      ,  0.18889565376218667      ,   1.4441420266186100     
  0.10666008014612398      ,   5.0001978019320249E-002 ,   1.3193650556489360     
   5.2667744371344805E-002 ,  -6.4700883798565631E-002 ,   1.1926989228874905     
  -2.1832828877921890E-002 , -0.15666063759309845      ,   1.0668841267543117     
  -8.5462341376516759E-002 , -0.22813426990100699      ,  0.94419438639734021     
 -0.16307972432951534      , -0.28180797976757588      ,  0.82641469034470127     
 -0.23636280582099650      , -0.32049834109380249      ,  0.71485843581946695     
 -0.27135985336449175      , -0.34694074961631782      ,  0.61041059040920653     
 -0.27116038003593118      , -0.36365620077566646      ,  0.51358530372947420     
 -0.28980199101950527      , -0.37288048745330526      ,  0.42458891988492709     
 -0.29873799722917704      , -0.37653861886822665      ,  0.34338204425120999     
 -0.30945446523577264      , -0.37624917459232166      ,  0.26973670639260389     
 -0.30891839957285738      , -0.37334652660465156      ,  0.20328652779630416     
 -0.32388545058694684      , -0.36891220776140959      ,  0.14356912745924336     
 -0.30853802359752203      , -0.36380958762195265      ,   9.0060855130340983E-002
 -0.32217981070131629      , -0.35871823902491112      ,   4.2204439621893741E-002
 -0.32901667102342097      , -0.35416596004674755      ,  -5.6961569239652996E-004
 -0.34550380283427146      , -0.35055746826940914      ,  -3.8826978221081797E-002
 -0.35020872978196449      , -0.34819944144875398      ,  -7.3117879548269940E-002
 -0.37105291472589702      , -0.34732196114584557      , -0.10396913675487859     
 -0.36882330550225101      , -0.34809661831423416      , -0.13187907821838246     
 -0.37583583114865271      , -0.35065163044657438      , -0.15731475324318300     
 -0.38051868207232575      , -0.35508434474769440      , -0.18071090378070817     
 -0.39458525349534768      , -0.36147149037983400      , -0.20247026648446861     
 -0.40837732325319864      , -0.36987751301508459      , -0.22296485238673353     
 -0.42774981125320422      , -0.38036128702789984      , -0.24253791924495635     
 -0.44889652005960695      , -0.39298146021187508      , -0.26150640862046931     
 -0.46429626092549198      , -0.40780064560972051      , -0.28016366693359418     
 -0.49012483341649571      , -0.42488863596647064      , -0.29878230811027573     
 -0.51074480231269115      , -0.44432477860534586      , -0.31761710598075332     
 -0.54173514186716742      , -0.46619961183729980      , -0.33690782818834025     
 -0.56931403916718959      , -0.49061582772856122      , -0.35688194075595159     
 -0.60968521082514660      , -0.51768858938690709      , -0.37775712423213165     
 -0.63518748566406258      , -0.54754519301577265      , -0.39974354894277481     
 -0.67454428156977675      , -0.58032402491292434      , -0.42304585861538374     
 -0.70166588320624879      , -0.61617272046811900      , -0.44786480869756806     
 -0.74219721071996581      , -0.65524538527947807      , -0.47439849813077212     
 -0.77833770124192014      , -0.69769868729453444      , -0.50284312115890861     
 -0.83223379797526387      , -0.74368657348523226      , -0.53339314892254241     
 -0.88318647502545822      , -0.79335330605295495      , -0.56624082914757556     
 -0.94480950699887123      , -0.84682445416439756      , -0.60157486641105617     
  -1.0068962072147316      , -0.90419542278911047      , -0.63957811587315860     
  -1.0730599785943808      , -0.96551705894731876      , -0.68042409129601356     
  -1.1413605581008353      ,  -1.0307778612015503      , -0.72427205599499500     
  -1.2124446251560781      ,  -1.0998823509037625      , -0.77126043706710912     
  -1.2886865754566534      ,  -1.1726252724491224      , -0.82149828508863920     
  -1.3617558043500866      ,  -1.2486615134322572      , -0.87505450283288311     
  -1.4426376804079766      ,  -1.3274720230237296      , -0.93194460068929952     
  -1.5171439364983108      ,  -1.4083266142620134      , -0.99211482113025040     
  -1.5998866907946998      ,  -1.4902454189606513      ,  -1.0554236320282695     
  -1.6759753942533500      ,  -1.5719619618454443      ,  -1.1216208443547895     
  -1.7590833096684377      ,  -1.6518923291820697      ,  -1.1903249890188543     
  -1.8321141281677451      ,  -1.7281166388091584      ,  -1.2610001085055818     
  -1.9064322383951084      ,  -1.7983807511966154      ,  -1.3329337815139992     
  -1.9652370268712631      ,  -1.8601274883067285      ,  -1.4052189689836077     
  -2.0167254995981341      ,  -1.9105669316404634      ,  -1.4767430611370855     
  -2.0489956448949713      ,  -1.9467938643396794      ,  -1.5461881616983577     
  -2.0676439436055762      ,  -1.9659562972366709      ,  -1.6120469374818855     
  -2.0635463092971462      ,  -1.9654717519920386      ,  -1.6726580056065574     
  -2.0395809921714743      ,  -1.9432777608327523      ,  -1.7262635486630262     
  -1.9896281205933988      ,  -1.8980912374186156      ,  -1.7710894706649931     
  -1.9142420033744472      ,  -1.8296406962393050      ,  -1.8054450031124267     
  -1.8120158054658249      ,  -1.7388294866500131      ,  -1.8278346624583925     
  -1.6851351174027194      ,  -1.6277909378168240      ,  -1.8370716452890137     
  -1.5372806369794247      ,  -1.4998095542228083      ,  -1.8323791687938058     
  -1.3732908397953878      ,  -1.3591048903602743      ,  -1.8134659116009328     
  -1.2014369270071572      ,  -1.2105014823689850      ,  -1.7805641330966038     
  -1.0276660659732959      ,  -1.0590317642324893      ,  -1.7344240464755345     
 -0.86194405883581116      , -0.90953204853726333      ,  -1.6762645840380972     
 -0.70887123636172333      , -0.76629045839720311      ,  -1.6076872838821734     
 -0.57549872907027377      , -0.63279111119684861      ,  -1.5305650890616394     
 -0.46131158011249102      , -0.51157614327258938      ,  -1.4469203331926654     
 -0.36764261238837148      , -0.40422348056081997      ,  -1.3588058440310067     
 -0.28980554637903683      , -0.31141976406450217      ,  -1.2682004526181798     
 -0.22649256773908366      , -0.23309778801163680      ,  -1.1769262441082506     
 -0.17368816310563762      , -0.16860623877588951      ,  -1.0865906987991416     
 -0.13077509065229964      , -0.11688420726929609      , -0.99855328422125944     
  -9.5715586476683698E-002 ,  -7.6620826960369842E-002 , -0.91391352682143312     
  -6.8841493445026047E-002 ,  -4.6388750188870759E-002 , -0.83351620498294843     
  -4.9227410268900762E-002 ,  -2.4747247274474339E-002 , -0.75796889974055193     
  -3.7021891419341660E-002 ,  -1.0315729998428632E-002 , -0.68766743138630215     
  -3.1157779780638349E-002 ,  -1.8214478280048640E-003 , -0.62282540323619306     
  -3.0666701207284049E-002 ,   1.8736213420180853E-003 , -0.56350492439458066     
  -3.3943471176302240E-002 ,   1.7615356216361129E-003 , -0.50964642339749555     
  -3.9561371065989684E-002 ,  -1.3118115952818158E-003 , -0.46109619835676158     
  -4.6633008783539515E-002 ,  -6.6396574477651698E-003 , -0.41763093670120399     
  -5.4547788160318966E-002 ,  -1.3643028666461270E-002 , -0.37897887546563841     
  -6.3708948663246390E-002 ,  -2.1857230537399887E-002 , -0.34483757807297111     
  -7.3971316459817346E-002 ,  -3.0917647516997382E-002 , -0.31488850072089442     
  -8.5795416303740310E-002 ,  -4.0545828998756465E-002 , -0.28880863680281205     
  -9.8381071614016713E-002 ,  -5.0536458215814865E-002 , -0.26627958437632082     
 -0.11174176562014565      ,  -6.0745535952676205E-002 , -0.24699439830948178     
 -0.12479624832898145      ,  -7.1079928829461902E-002 , -0.23066257968419340     
 -0.13785016439452175      ,  -8.1488312368645233E-002 , -0.21701353068754367     
 -0.15029730941389091      ,  -9.1953464011745173E-002 , -0.20579877078846398     
 -0.16270338335260909      , -0.10248581711414667      , -0.19679317430099824     
 -0.17450742835229593      , -0.11311816375377477      , -0.18979545356896593     
 -0.18596732042370856      , -0.12390138486828309      , -0.18462807785078555     
 -0.19642170117067889      , -0.13490108585741281      , -0.18113678659492613     
 -0.20603680807830085      , -0.14619502096295234      , -0.17918982768631697     
 -0.21463162875321889      , -0.15787119815256992      , -0.17867702656820605     
 -0.22273502752061375      , -0.17002656630521587      , -0.17950877083502106     
 -0.23080516348401542      , -0.18276619714175962      , -0.18161497674609636     
 -0.23949832950606920      , -0.19620288481528092      , -0.18494408884528565     
 -0.24948048991460900      , -0.21045709584136973      , -0.18946215116338330     
 -0.26107454220161974      , -0.22565721072115474      , -0.19515197798646983     
 -0.27487544259446839      , -0.24194000588268194      , -0.20201244354666020     
 -0.29082009386931001      , -0.25945133017162558      , -0.21005790288735099     
 -0.30939453153902063      , -0.27834693379168085      , -0.21931775023200070     
 -0.33019546486018658      , -0.29879340902458551      , -0.22983611610438576     
 -0.35355410092971884      , -0.32096920087564484      , -0.24167169986552495     
 -0.37884936899471067      , -0.34506564151254326      , -0.25489772989084503     
 -0.40645006465608408      , -0.37128795436713680      , -0.26960203892761031     
 -0.43598993595938190      , -0.39985616123761175      , -0.28588723682235340     
 -0.46822231510294987      , -0.43100580761439661      , -0.30387095630563832     
 -0.50329331374902730      , -0.46498839643186035      , -0.32368613929883611     
 -0.54217330523192908      , -0.50207138687697239      , -0.34548132058916198     
 -0.58514065933076620      , -0.54253757078717313      , -0.36942085189663620     
 -0.63279540397785017      , -0.58668358224765382      , -0.39568499136519159     
 -0.68515511586013189      , -0.63481722373640304      , -0.42446976021377292     
 -0.74226025249912675      , -0.68725320205339335      , -0.45598643837758396     
 -0.80397728593036133      , -0.74430675725310036      , -0.49046053302116105     
 -0.87006008086931885      , -0.80628453708180048      , -0.52813000635325302     
 -0.94052941420281011      , -0.87347191981658512      , -0.56924249093951840     
  -1.0151216895303337      , -0.94611582648685610      , -0.61405115097201413     
  -1.0941510643760497      ,  -1.0244019038421510      , -0.66280876718600912     
  -1.1774335825661419      ,  -1.1084248294944457      , -0.71575953398672687     
  -1.2654443528250814      ,  -1.1981504370039850      , -0.77312796625371349     
  -1.3578449472027923      ,  -1.2933684551491871      , -0.83510423251032928     
  -1.4547231349241982      ,  -1.3936350120537007      , -0.90182518174023896     
  -1.5550210119866976      ,  -1.4982048238685792      , -0.97335034643113805     
  -1.6578287933861995      ,  -1.6059543643073384      ,  -1.0496323335922244     
  -1.7611042693713335      ,  -1.7152995155211928      ,  -1.1304813258783022     
  -1.8629165825275398      ,  -1.8241144286973070      ,  -1.2155239907546520     
  -1.9605380502298200      ,  -1.9296626473165661      ,  -1.3041580287422825     
  -2.0513104708129046      ,  -2.0285567510694142      ,  -1.3955049591156097     
  -2.1319559388866338      ,  -2.1167681279727408      ,  -1.4883655626288721     
  -2.1989376171120307      ,  -2.1897124730225968      ,  -1.5811845732323351     
  -2.2480743093515634      ,  -2.2424368401855683      ,  -1.6720334281675850     
  -2.2747313297754337      ,  -2.2699274515027903      ,  -1.7586215675428791     
  -2.2740311855568458      ,  -2.2675410704442771      ,  -1.8383470568267553     
  -2.2413065338237574      ,  -2.2315354793862863      ,  -1.9083951718011813     
  -2.1729507371783408      ,  -2.1596393728573404      ,  -1.9658881976733313     
  -2.0670856878696164      ,  -2.0515673608482117      ,  -2.0080809159886481     
  -1.9244512389279866      ,  -1.9093654042820782      ,  -2.0325851947350984     
  -1.7485098279990181      ,  -1.7374802521795818      ,  -2.0375963442642169     
  -1.5455128968116794      ,  -1.5424908645419049      ,  -2.0220870557072868     
  -1.3238603959085968      ,  -1.3325138890316865      ,  -1.9859351503616736     
  -1.0938223974397436      ,  -1.1163770895205816      ,  -1.9299604824015189     
 -0.86669723383507735      , -0.90271463970216792      ,  -1.8558625427495614     
 -0.65383916582394375      , -0.69915333805288005      ,  -1.7660691607004873     
 -0.46465610882727654      , -0.51172455627362157      ,  -1.6635226118661581     
 -0.30458968487835408      , -0.34456902251457822      ,  -1.5514380456062040     
 -0.17372692743920318      , -0.19992742058226354      ,  -1.4330689555593126     
  -6.7867089814453330E-002 ,  -7.8353635495356427E-002 ,  -1.3115070018535810     
   1.8642377643226141E-002 ,   2.0938678205007655E-002 ,  -1.1895322925370455     
   9.0146113963820995E-002 ,   9.9683331970804839E-002 ,  -1.0695188846258392     
  0.14877187742893946      ,  0.16018938887226788      , -0.95339135265482711     
  0.19516061698431991      ,  0.20502955102225520      , -0.84262287340932207     
  0.22946491398151717      ,  0.23680505324691808      , -0.73826321303702513     
  0.25190204851540920      ,  0.25798571518553559      , -0.64098540203572851     
  0.26315389431465014      ,  0.27081406721431378      , -0.55114169936627055     
  0.26480069019274777      ,  0.27725876812910116      , -0.46882179683512121     
  0.25923272452418838      ,  0.27900274777112255      , -0.39390850780487019     
  0.24934804923089843      ,  0.27745373025931797      , -0.32612810965688144     
  0.23806792778476144      ,  0.27376767687771925      , -0.26509396378805872     
  0.22770136121653750      ,  0.26887844999022875      , -0.21034304104239709     
  0.21923199633583357      ,  0.26352928555378896      , -0.16136561312245876     
  0.21238420852356885      ,  0.25830338361003830      , -0.11762872548202521     
  0.20621896251246799      ,  0.25365213339961845      ,  -7.8594230329419618E-002
  0.19997970193403769      ,  0.24992028571985089      ,  -4.3732198406493103E-002
  0.19362544976897539      ,  0.24736787928073103      ,  -1.2530495478973122E-002
  0.18799197878624965      ,  0.24618901419420672      ,   1.5498761649762946E-002
  0.18424095987342329      ,  0.24652771658972086      ,   4.0815242249198726E-002
  0.18320773049376560      ,  0.24849120507191619      ,   6.3848395057936713E-002
  0.18508812905986893      ,  0.25216088680275600      ,   8.4996947291091016E-002
  0.18968077762394536      ,  0.25760140041147883      ,  0.10462953672164868     
  0.19677162485562094      ,  0.26486799812752337      ,  0.12308617297080882     
  0.20644443938605656      ,  0.27401252828755540      ,  0.14068028317307485     
  0.21907510838503821      ,  0.28508824596383264      ,  0.15770114704959190     
  0.23507063141607420      ,  0.29815364605313538      ,  0.17441656789863064     
  0.25458027522496451      ,  0.31327548066923111      ,  0.19107565995241765     
  0.27732417719395980      ,  0.33053109129916319      ,  0.20791165978693618     
  0.30271036036508353      ,  0.35001015569947541      ,  0.22514469075587282     
  0.33010300827531758      ,  0.37181591944846470      ,  0.24298442539145085     
  0.35914808444063889      ,  0.39606595177792658      ,  0.26163260189036275     
  0.38985958496478312      ,  0.42289243397840254      ,  0.28128535757025835     
  0.42260788851118070      ,  0.45244195537173576      ,  0.30213534479742682     
  0.45791596861267259      ,  0.48487475552864823      ,  0.32437359347328226     
  0.49631972080891368      ,  0.52036331095555033      ,  0.34819107871969512     
  0.53825617753425037      ,  0.55909011875466963      ,  0.37377994279216353     
  0.58413221658063519      ,  0.60124447776365575      ,  0.40133430624077332     
  0.63430599342291172      ,  0.64701800872700355      ,  0.43105058462564538     
  0.68906157786616806      ,  0.69659858914627970      ,  0.46312720335904639     
  0.74849956613643487      ,  0.75016230682968776      ,  0.49776357426593426     
  0.81247540802278650      ,  0.80786296208517894      ,  0.53515816326300703     
  0.88059675351044542      ,  0.86981857845954313      ,  0.57550543970562862     
  0.95236601576429503      ,  0.93609432723212493      ,  0.61899145589766924     
   1.0273852448057379      ,   1.0066812497723858      ,  0.66578776291098896     
   1.1054827687136626      ,   1.0814702020791576      ,  0.71604333133576936     
   1.1867156105990784      ,   1.1602205871984252      ,  0.76987412117325282     
   1.2711812406231957      ,   1.2425237379106899      ,  0.82734994640491488     
   1.3587855062007073      ,   1.3277613327337383      ,  0.88847832494687062     
   1.4489909027669114      ,   1.4150600519922343      ,  0.95318511823163443     
   1.5407419794981914      ,   1.5032448850857092      ,   1.0212919774044968     
   1.6324705546200753      ,   1.5907951368249806      ,   1.0924909602993793     
   1.7222388869267398      ,   1.6758092336481305      ,   1.1663171991790231     
   1.8078236460331962      ,   1.7559867539213359      ,   1.2421212063624751     
   1.8868027930780451      ,   1.8286383484215454      ,   1.3190432973004009     
   1.9565472009008682      ,   1.8907357477549998      ,   1.3959936298273332     
   2.0142228866743768      ,   1.9390139414672936      ,   1.4716423658616045     
   2.0567613162463281      ,   1.9701347168167749      ,   1.5444252179966029     
   2.0809079985016576      ,   1.9809139931688384      ,   1.6125698074137198     
   2.0833383083542878      ,   1.9686042965658759      ,   1.6741474332865141     
   2.0609041387667721      ,   1.9312090665239734      ,   1.7271526879999526     
   2.0109998358146211      ,   1.8677898948641325      ,   1.7696097139064220     
   1.9320286543118308      ,   1.7787157727778797      ,   1.7996990584772179     
   1.8238701672626088      ,   1.6658004180897077      ,   1.8158938485468463     
   1.6882357816484330      ,   1.5322841264031259      ,   1.8170896522382194     
   1.5288424724620331      ,   1.3826410816817760      ,   1.8027103842661085     
   1.3513917594398295      ,   1.2222271300857113      ,   1.7727740487535097     
   1.1633839506245562      ,   1.0568173954948450      ,   1.7279072363722550     
  0.97368072886752888      ,  0.89210699497372936      ,   1.6693051785598141     
  0.79165219545102428      ,  0.73325371885859658      ,   1.5986429288824242     
  0.62578159554133006      ,  0.58452759738698601      ,   1.5179506812892458     
  0.48199674962759420      ,  0.44910440619877645      ,   1.4294706036630744     
  0.36244959528690340      ,  0.32900804302432490      ,   1.3355131575457599     
  0.26558743796504447      ,  0.22517975761350253      ,   1.2383281301111788     
  0.18757970815029731      ,  0.13763619500143201      ,   1.1400007631493552     
  0.12419763600768155      ,   6.5674125912785541E-002 ,   1.0423779110055031     
   7.2060942102979364E-002 ,   8.0849226673441309E-003 ,  0.94702432864755492     
   2.8951435794398850E-002 ,  -3.6647959318350160E-002 ,  0.85520570116662220     
  -6.3641548700795296E-003 ,  -7.0183985503209742E-002 ,  0.76789306686827385     
  -3.4373021672181620E-002 ,  -9.4198889559875751E-002 ,  0.68578266487044659     
  -5.5164012886386678E-002 , -0.11029539148430681      ,  0.60932557376670549     
  -6.8932190487883807E-002 , -0.11994634888404937      ,  0.53876239312829344     
  -7.6395511510794378E-002 , -0.12446374781749646      ,  0.47415931772987213     
  -7.8927927976117335E-002 , -0.12498684092459350      ,  0.41544303521539272     
  -7.8368522564555204E-002 , -0.12248351306069007      ,  0.36243281295299978     
  -7.6515408951381605E-002 , -0.11776008759970902      ,  0.31486887817539688     
  -7.4536143251662620E-002 , -0.11147595722127562      ,  0.27243673610220331     
  -7.2712054412087654E-002 , -0.10416046098667439      ,  0.23478743889501760     
  -7.0662840413636158E-002 ,  -9.6230268745729916E-002 ,  0.20155404923322520     
  -6.7841044577148624E-002 ,  -8.8006169680094323E-002 ,  0.17236467135236386     
  -6.3992359617610656E-002 ,  -7.9728619465646910E-002 ,  0.14685248014890553     
  -5.9346465117597426E-002 ,  -7.1571715908854167E-002 ,  0.12466318963701144     
  -5.4423818347933667E-002 ,  -6.3655481380319207E-002 ,  0.10546038361411331     
  -4.9638245406679507E-002 ,  -5.6056462123818873E-002 ,   8.8929096525659293E-002
  -4.5041213806504415E-002 ,  -4.8816733180471229E-002 ,   7.4777989758615271E-002
  -4.0393247773213514E-002 ,  -4.1951440676735785E-002 ,   6.2740423449201291E-002
  -3.5454727224586813E-002 ,  -3.5455032936478358E-002 ,   5.2574679744355923E-002
  -3.0267681406069898E-002 ,  -2.9306336777311121E-002 ,   4.4063552248866676E-002
  -2.5228804925846934E-002 ,  -2.3472631137315080E-002 ,   3.7013479116549064E-002
  -2.0922682319237225E-002 ,  -1.7912860613176592E-002 ,   3.1253364298961861E-002
  -1.7841736528575985E-002 ,  -1.2580119031930273E-002 ,   2.6633202873642056E-002
  -1.6157038159628850E-002 ,  -7.4235194168164684E-003 ,   2.3022601941961349E-002
  -1.5643749653940338E-002 ,  -2.3895526643297050E-003 ,   2.0309267999732566E-002
  -1.5773445227071879E-002 ,   2.5769764294678002E-003 ,   1.8397514567913990E-002
  -1.5895123260445575E-002 ,   7.5323600723385788E-003 ,   1.7206829832404586E-002
  -1.5398974303216358E-002 ,   1.2533681512562971E-002 ,   1.6670532691262046E-002
  -1.3810317204337529E-002 ,   1.7638739228033853E-002 ,   1.6734536573687991E-002
  -1.0812710154068570E-002 ,   2.2906157954650883E-002 ,   1.7356233333978746E-002
  -6.2452493321052023E-003 ,   2.8395651775810059E-002 ,   1.8503504123173291E-002
  -1.2339496555139771E-004 ,   3.4168411947193139E-002 ,   2.0153860122593532E-002
   7.3141497137168467E-003 ,   4.0287598573695890E-002 ,   2.2293713141477826E-002
   1.5607948348669649E-002 ,   4.6818920772964574E-002 ,   2.4917774122068557E-002
   2.4181560732355282E-002 ,   5.3831294641373525E-002 ,   2.8028576376258642E-002
   3.2536867705337195E-002 ,   6.1397572269541886E-002 ,   3.1636119741692989E-002
   4.0465434259910345E-002 ,   6.9595338313741359E-002 ,   3.5757631659391192E-002
   4.8176481490713775E-002 ,   7.8507773281989768E-002 ,   4.0417441327286856E-002
   5.6260401398265929E-002 ,   8.8224584786854909E-002 ,   4.5646963479192816E-002
   6.5502432576726805E-002 ,   9.8843009576148722E-002 ,   5.1484788894276025E-002
   7.6638800496613937E-002 ,  0.11046889017470396      ,   5.7976879384914290E-002
   9.0161844462006757E-002 ,  0.12321783041693192      ,   6.5176865672310277E-002
  0.10623495807597230      ,  0.13721643393795990      ,   7.3146447170941875E-002
  0.12471997592906180      ,  0.15260362868110805      ,   8.1955893190802181E-002
  0.14527768584130937      ,  0.16953207845828508      ,   9.1684645344361937E-002
  0.16749037025099464      ,  0.18816967925929715      ,  0.10242202090719046     
  0.19097961964824431      ,  0.20870113291326453      ,  0.11426801639108988     
  0.21551296228084432      ,  0.23132958326445305      ,  0.12733420946757795     
  0.24110759445791916      ,  0.25627828942655712      ,  0.14174475538966241     
  0.26811019921738899      ,  0.28379229583655963      ,  0.15763747088302618     
  0.29721289334633533      ,  0.31414003829503662      ,  0.17516499368889293     
  0.32936528754314204      ,  0.34761479704822135      ,  0.19449599897351566     
  0.36559206357805007      ,  0.38453586975492132      ,  0.21581644392278115     
  0.40676361747987005      ,  0.42524928569696840      ,  0.23933079802753432     
  0.45340651915696700      ,  0.47012781380497676      ,  0.26526319755009375     
  0.50562848782459280      ,  0.51956992601299135      ,  0.29385843679191381     
  0.56319052579505169      ,  0.57399725820589576      ,  0.32538267396696935     
  0.62569072087111111      ,  0.63384995688781476      ,  0.36012368314484444     
  0.69278914549937365      ,  0.69957910375106158      ,  0.39839042277848546     
  0.76439639335180487      ,  0.77163516659707754      ,  0.44051161226904401     
  0.84077349273015578      ,  0.85045113084173762      ,  0.48683290717601213     
  0.92252289283034028      ,  0.93641862573563228      ,  0.53771213779833738     
   1.0104684871485876      ,   1.0298549921469877      ,  0.59351192318830193     
   1.1054372710880136      ,   1.1309588877514196      ,  0.65458879492291688     
   1.2079755498732492      ,   1.2397517747754763      ,  0.72127777049431474     
   1.3180697454133423      ,   1.3560026313389530      ,  0.79387112490455902     
   1.4349527021576050      ,   1.4791337050455708      ,  0.87258995955215146     
   1.5570644746550180      ,   1.6081064368808913      ,  0.95754712642466444     
   1.6821763656343260      ,   1.7412893019177593      ,   1.0487002384026967     
   1.8076212499856166      ,   1.8763138155898438      ,   1.1457940364240928     
   1.9305095323967771      ,   2.0099318942507094      ,   1.2482924930836636     
   2.0478087003380838      ,   2.1378973961878445      ,   1.3553029398616954     
   2.1562155453719352      ,   2.2549064777318151      ,   1.4654974099608737     
   2.2518575354651249      ,   2.3546433513064033      ,   1.5770403371301229     
   2.3299631437011765      ,   2.4299858367995242      ,   1.6875364451886767     
   2.3847051713379157      ,   2.4734218891438644      ,   1.7940172231606923     
   2.4093971558218135      ,   2.4777056673536721      ,   1.8929871604190438     
   2.3971280807777711      ,   2.4367331707699966      ,   1.9805495722426576     
   2.3417984315820357      ,   2.3465443731214122      ,   2.0526239233744605     
   2.2393978043122948      ,   2.2062768910334571      ,   2.1052507294668348     
   2.0892004281314795      ,   2.0188375363135775      ,   2.1349578202379615     
   1.8943945663174644      ,   1.7910618331619277      ,   2.1391383069182974     
   1.6618117242229578      ,   1.5332228917328097      ,   2.1163745456471621     
   1.4010667989413519      ,   1.2579174386146803      ,   2.0666422782241312     
   1.1238848032373157      ,  0.97854134297999718      ,   1.9913488137310020     
  0.84382939473739171      ,  0.70769136313762082      ,   1.8931943560315410     
  0.57573022655842621      ,  0.45583824664640421      ,   1.7758848688803412     
  0.33400341950663259      ,  0.23050927023430751      ,   1.6437546594339536     
  0.12939387210219228      ,   3.6050505143438528E-002 ,   1.5013681551015559     
  -3.4963652412134880E-002 , -0.12611607209068093      ,   1.3531623917873992     
 -0.16444346500217222      , -0.25691646736808738      ,   1.2031709132144586     
 -0.26863110236064486      , -0.35892099368569275      ,   1.0548452921163320     
 -0.35547563606074645      , -0.43566570606659138      ,  0.91096991287466522     
 -0.42838750972207484      , -0.49109073009665027      ,  0.77365276665340721     
 -0.48736508912087001      , -0.52913030916021508      ,  0.64436993400604248     
 -0.53169923788155005      , -0.55344944453988010      ,  0.52404215255857545     
 -0.56114144198081051      , -0.56730092427670731      ,  0.41312580382037600     
 -0.57636008779984138      , -0.57347008422848955      ,  0.31170564749703555     
 -0.57989538844926369      , -0.57427697668179878      ,  0.21958131569322537     
 -0.57591958005825772      , -0.57161183544461391      ,  0.13634331255018414     
 -0.56889399802616314      , -0.56698665329823184      ,   6.1436906494710515E-002
 -0.56294591328950361      , -0.56159171937918373      ,  -5.7860203865394491E-003
 -0.56125952992761308      , -0.55635054902165548      ,  -6.6026161440253139E-002
 -0.56484980792986039      , -0.55196980285759600      , -0.12000557659049557     
 -0.57242320303224470      , -0.54898280315761561      , -0.16844453580434451     
 -0.58173976979038444      , -0.54778643087851842      , -0.21204493240616626     
 -0.59094978165091183      , -0.54867180518917957      , -0.25147893945101157     
 -0.59943035333527228      , -0.55184942003972071      , -0.28738176978518815     
 -0.60817215525854940      , -0.55746948611134617      , -0.32034758760914694     
 -0.61902710394794291      , -0.56563819546380900      , -0.35092779030212551     
 -0.63321213258238529      , -0.57643054706452279      , -0.37963102752785310     
 -0.65064854503718828      , -0.58990027587016369      , -0.40692444907360542     
 -0.67042081114222118      , -0.60608733244994850      , -0.43323577496980942     
 -0.69157366140427767      , -0.62502327145361625      , -0.45895586375767139     
 -0.71380196227611958      , -0.64673482781757508      , -0.48444152011735980     
 -0.73760157958344075      , -0.67124588940194041      , -0.51001833407320762     
 -0.76381695505644165      , -0.69857801281065290      , -0.53598338297267722     
 -0.79307985203783704      , -0.72874957445346822      , -0.56260765637729260     
 -0.82547627573063909      , -0.76177360083665890      , -0.59013808461061679     
 -0.86058798465980124      , -0.79765428065106081      , -0.61879906548882424     
 -0.89792459519667756      , -0.83638212735544426      , -0.64879339212775489     
 -0.93734377051030981      , -0.87792773658273071      , -0.68030248910997815     
 -0.97911712014585039      , -0.92223407105529098      , -0.71348586628439714     
  -1.0237625503623116      , -0.96920721151846778      , -0.74847970091958682     
  -1.0717713305441967      ,  -1.0187055419305131      , -0.78539446213172392     
  -1.1232367980836737      ,  -1.0705273990196120      , -0.82431149933192061     
  -1.1776965472224736      ,  -1.1243973202013882      , -0.86527853247538133     
  -1.2343449227297041      ,  -1.1799511806106666      , -0.90830401053099619     
  -1.2922806742427488      ,  -1.2367207301277516      , -0.95335035097060483     
  -1.3506135589427986      ,  -1.2941183324021865      ,  -1.0003261428697443     
  -1.4084882417123947      ,  -1.3514230708375985      ,  -1.0490774950421622     
  -1.4649879393886929      ,  -1.4077698097463391      ,  -1.0993788430539364     
  -1.5189939694437171      ,  -1.4621432513207209      ,  -1.1509236968342043     
  -1.5691952722532698      ,  -1.5133794522476787      ,  -1.2033160107705185     
  -1.6142204681690193      ,  -1.5601775654106953      ,  -1.2560630796131806     
  -1.6527401434240110      ,  -1.6011246243680743      ,  -1.3085710842048905     
  -1.6834745974229388      ,  -1.6347358360637099      ,  -1.3601445955361895     
  -1.7051303595080125      ,  -1.6595119318158782      ,  -1.4099914444430315     
  -1.7163336191079279      ,  -1.6740135290221811      ,  -1.4572343171030444     
  -1.7156612630190970      ,  -1.6769501584963395      ,  -1.5009301808173732     
  -1.7017908089491947      ,  -1.6672787674971616      ,  -1.5400981306903612     
  -1.6737222834733172      ,  -1.6443034919369328      ,  -1.5737554593945751     
  -1.6309981372470759      ,  -1.6077659040101648      ,  -1.6009607280829263     
  -1.5738349384167314      ,  -1.5579135285661139      ,  -1.6208614663653091     
  -1.5031479029992230      ,  -1.4955348932514001      ,  -1.6327430334951276     
  -1.4205267209338446      ,  -1.4219521617279289      ,  -1.6360743587605571     
  -1.3281846605247014      ,  -1.3389674036710908      ,  -1.6305459717501778     
  -1.2288707581095957      ,  -1.2487650483012311      ,  -1.6160960912620492     
  -1.1257398665205232      ,  -1.1537797725597216      ,  -1.5929215969596866     
  -1.0221486493792427      ,  -1.0565444878607058      ,  -1.5614723340519292     
 -0.92135484951251123      , -0.95953593668434656      ,  -1.5224291288345679     
 -0.82617218221313282      , -0.86503506073693992      ,  -1.4766677720079291     
 -0.73867851923272476      , -0.77501596540308193      ,  -1.4252127180413876     
 -0.66005963113355559      , -0.69107193118611820      ,  -1.3691851115140485     
 -0.59064052380827559      , -0.61438085835291323      ,  -1.3097498964083438     
 -0.53008986955218595      , -0.54570708471447615      ,  -1.2480662595137457     
 -0.47770836841777059      , -0.48543260907053182      ,  -1.1852446890097597     
 -0.43269818273010086      , -0.43360875900124374      ,  -1.1223127313895014     
 -0.39435028319129833      , -0.39001913247825576      ,  -1.0601903307828902     
 -0.36212554001932912      , -0.35424575937535829      , -0.99967460534226515     
 -0.33564360822284006      , -0.32573229227028422      , -0.94143315192369736     
 -0.31461670980827511      , -0.30384011645547843      , -0.88600449845689855     
 -0.29876834322970347      , -0.28789518263124692      , -0.83380411625177198     
 -0.28777166793563397      , -0.27722489743748402      , -0.78513440532441636     
 -0.28123060890894153      , -0.27118548665555725      , -0.74019720831002611     
 -0.27870440495747595      , -0.26918090226847574      , -0.69910763092864081     
 -0.27975822912732107      , -0.27067465841662991      , -0.66190819981108051     
 -0.28401281300876058      , -0.27519604925744096      , -0.62858263694646577     
 -0.29116687281101400      , -0.28234211350831079      , -0.59906875283833150     
 -0.30098289344589457      , -0.29177653783712260      , -0.57327014725614533     
 -0.31325067846336868      , -0.30322648557970211      , -0.55106655451075470     
 -0.32775383077768899      , -0.31647813139018632      , -0.53232278152552437     
 -0.34425815754560823      , -0.33137149483996187      , -0.51689626622335638     
 -0.36252666581718090      , -0.34779500501769461      , -0.50464333648177084     
 -0.38234806319834563      , -0.36568009573819377      , -0.49542428169247349     
 -0.40355813860053241      , -0.38499602525408183      , -0.48910736481874190     
 -0.42604276667018959      , -0.40574503181382809      , -0.48557190700941305     
 -0.44972646099473751      , -0.42795787285999853      , -0.48471057270616202     
 -0.47455834042007577      , -0.45168974702394493      , -0.48643097339798735     
 -0.50050811494123404      , -0.47701656066061776      , -0.49065669468592232     
 -0.52757639289590585      , -0.50403147131716031      , -0.49732783551610799     
 -0.55581300570095882      , -0.53284161661660823      , -0.50640113126787600     
 -0.58533229858313385      , -0.56356491644376672      , -0.51784971444532857     
 -0.61631737221156158      , -0.59632681739133375      , -0.53166254835454352     
 -0.64901019551206129      , -0.63125682995497168      , -0.54784355050508726     
 -0.68369023606958856      , -0.66848469021474177      , -0.56641040358499717     
 -0.72064749559185015      , -0.70813595849571220      , -0.58739303269851206     
 -0.76015489144244652      , -0.75032684820996909      , -0.61083170811569854     
 -0.80244237297167109      , -0.79515806005460743      , -0.63677471314776146     
 -0.84767415947258118      , -0.84270738243510879      , -0.66527549721122536     
 -0.89593023773613134      , -0.89302081239096343      , -0.69638921528000819     
 -0.94719391491328586      , -0.94610195840523448      , -0.73016853783086644     
  -1.0013477884397279      ,  -1.0018995157737431      , -0.76665860183091661     
  -1.0581776993081626      ,  -1.0602926681694629      , -0.80589096597885568     
  -1.1173801626803626      ,  -1.1210743804092265      , -0.84787643615008990     
  -1.1785660337003792      ,  -1.1839327250420781      , -0.89259664507869874     
  -1.2412536477797786      ,  -1.2484306490633519      , -0.93999431056875693     
  -1.3048483879870190      ,  -1.3139849560736494      , -0.98996216730446873     
  -1.3686124633676409      ,  -1.3798457674096958      ,  -1.0423306780223585     
  -1.4316338061949241      ,  -1.4450783338110693      ,  -1.0968547897873986     
  -1.4928043001628644      ,  -1.5085497731547308      ,  -1.1532002176860552     
  -1.5508146414567838      ,  -1.5689240468697017      ,  -1.2109300134128256     
  -1.6041681720556582      ,  -1.6246691407812124      ,  -1.2694925020919510     
  -1.6512112067808280      ,  -1.6740808026929315      ,  -1.3282120238056812     
  -1.6901762996705323      ,  -1.7153270618634235      ,  -1.3862842519564700     
  -1.7192372237563516      ,  -1.7465168280709595      ,  -1.4427781088534570     
  -1.7365783242688990      ,  -1.7657938748848623      ,  -1.4966463657802502     
  -1.7404838693332465      ,  -1.7714543110066963      ,  -1.5467467920685003     
  -1.7294526253002385      ,  -1.7620813487078815      ,  -1.5918751048897211     
  -1.7023377597752929      ,  -1.7366862849086970      ,  -1.6308099101921392     
  -1.6585034270631243      ,  -1.6948400507549732      ,  -1.6623683407229719     
  -1.5979797522745998      ,  -1.6367767362150747      ,  -1.6854693344275800     
  -1.5215907269547715      ,  -1.5634504866980163      ,  -1.6991997322826975     
  -1.4310277386083137      ,  -1.4765310201841704      ,  -1.7028769857454698     
  -1.3288444660842511      ,  -1.3783307488594123      ,  -1.6961016460448777     
  -1.2183538695541585      ,  -1.2716669436537500      ,  -1.6787932562460715     
  -1.1034140943988777      ,  -1.1596733249467557      ,  -1.6512048610538417     
 -0.98810302704509301      ,  -1.0455842051320325      ,  -1.6139138845134358     
 -0.87630897030466082      , -0.93251858183882830      ,  -1.5677901395865363     
 -0.77130668626547727      , -0.82329035218042435      ,  -1.5139446234270537     
 -0.67542370719727618      , -0.72026464386512257      ,  -1.4536649478973556     
 -0.58989894017615974      , -0.62527101860698397      ,  -1.3883443792293637     
 -0.51497582343163462      , -0.53957446906770634      ,  -1.3194114175192606     
 -0.45017976447809904      , -0.46389691918436793      ,  -1.2482658107355322     
 -0.39466297332688238      , -0.39847670576091254      ,  -1.1762252245048130     
 -0.34750133726107663      , -0.34315158107041943      ,  -1.1044848893203174     
 -0.30788224180711299      , -0.29745160266351045      ,  -1.0340907775608119     
 -0.27517801919814161      , -0.26069089022894731      , -0.96592546022966486     
 -0.24892680281101967      , -0.23205059843253328      , -0.90070485909712150     
 -0.22875199735919638      , -0.21064875873199193      , -0.83898363355433903     
 -0.21426130917715294      , -0.19559537939723376      , -0.78116684156170324     
 -0.20497160398590125      , -0.18603315816078411      , -0.72752567936784129     
 -0.20029405795200175      , -0.18116536963129981      , -0.67821542530855661     
 -0.19958567983036243      , -0.18027307394903186      , -0.63329409850843954     
 -0.20224001595800176      , -0.18272393010137675      , -0.59274072934587274     
 -0.20776823680038231      , -0.18797475401396574      , -0.55647248585787767     
 -0.21582762377262951      , -0.19556967171577358      , -0.52436018980393284     
 -0.22618696381352096      , -0.20513537557731906      , -0.49624198298935779     
 -0.23865555414333495      , -0.21637465526718860      , -0.47193507244194055     
 -0.25302021420935339      , -0.22905907577723930      , -0.45124560031800964     
 -0.26902454883089716      , -0.24302142513539784      , -0.43397676066707219     
 -0.28639496600154324      , -0.25814835544495218      , -0.41993532984433485     
 -0.30488823033311929      , -0.27437348785925458      , -0.40893679872533489     
 -0.32432598399550949      , -0.29167113772052305      , -0.40080929976955437     
 -0.34459755861156555      , -0.31005073261561378      , -0.39539651574186374     
 -0.36563822585955152      , -0.32955193639568431      , -0.39255974355020584     
 -0.38740580185077178      , -0.35024045017466282      , -0.39217926911047751     
 -0.40987577284637972      , -0.37220443197803904      , -0.39415518944159794     
 -0.43305960401715909      , -0.39555145607950276      , -0.39840779768278439     
 -0.45703497727547243      , -0.42040591799337096      , -0.40487762625429907     
 -0.48196994965659634      , -0.44690677909479126      , -0.41352522341094500     
 -0.50812738800340573      , -0.47520553392195697      , -0.42433071913709575     
 -0.53584706415056860      , -0.50546427174952702      , -0.43729321766365337     
 -0.56551324257294622      , -0.53785369066681721      , -0.45243003565478301     
 -0.59751953990903750      , -0.57255090604011283      , -0.46977578700513067     
 -0.63223943465485066      , -0.60973687501055940      , -0.48938129681772835     
 -0.67000425797172058      , -0.64959323398722135      , -0.51131230806695893     
 -0.71108627339127628      , -0.69229831675282183      , -0.53564792425562802     
 -0.75568515828710048      , -0.73802208723464602      , -0.56247870966875946     
 -0.80391997995635767      , -0.78691968457225403      , -0.59190434535887448     
 -0.85583079314703470      , -0.83912324162272045      , -0.62403071376360286     
 -0.91139103064432325      , -0.89473160635231996      , -0.65896625826376010     
 -0.97052521253343271      , -0.95379757650101715      , -0.69681743709137578     
  -1.0331207623738867      ,  -1.0163122633497086      , -0.73768306581018306     
  -1.0990223020995682      ,  -1.0821862475180342      , -0.78164732251353786     
  -1.1680031466669609      ,  -1.1512273020640964      , -0.82877118020333218     
  -1.2397188531482586      ,  -1.2231146665016239      , -0.87908203927150175     
  -1.3136558264005855      ,  -1.2973701971690170      , -0.93256137033902720     
  -1.3890895700355819      ,  -1.3733272361202213      , -0.98913025796572596     
  -1.4650617661201633      ,  -1.4500987710790152      ,  -1.0486328760822481     
  -1.5403764942358535      ,  -1.5265474263521797      ,  -1.1108181454454200     
  -1.6136085941157390      ,  -1.6012610163540415      ,  -1.1753201399794371     
  -1.6831150216379129      ,  -1.6725387318242921      ,  -1.2416382341557344     
  -1.7470434684455578      ,  -1.7383943355206446      ,  -1.3091185144058646     
  -1.8033394175834587      ,  -1.7965837066088675      ,  -1.3769385845074287     
  -1.8497603330277097      ,  -1.8446642303873391      ,  -1.4440985090625240     
  -1.8839115807947413      ,  -1.8800923057294496      ,  -1.5094211411549825     
  -1.9033213543528666      ,  -1.9003620552261886      ,  -1.5715652975031595     
  -1.9055698425205922      ,  -1.9031827982302114      ,  -1.6290549666315841     
  -1.8884797156873780      ,  -1.8866851170226828      ,  -1.6803267568421569     
  -1.8503605095105999      ,  -1.8496363551116888      ,  -1.7237959816215145     
  -1.7902810686891713      ,  -1.7916380410675179      ,  -1.7579391792960299     
  -1.7083279255758443      ,  -1.7132726957006661      ,  -1.7813877595971110     
  -1.6058016288897803      ,  -1.6161684807156373      ,  -1.7930244250309093     
  -1.4853119876549936      ,  -1.5029588695350191      ,  -1.7920717886868647     
  -1.3507491430612344      ,  -1.3771305048812259      ,  -1.7781619623086107     
  -1.2071126581935083      ,  -1.2427725453127778      ,  -1.7513773102249932     
  -1.0601695731344376      ,  -1.1042599496768615      ,  -1.7122560386931081     
 -0.91591163616191817      , -0.96591582889212391      ,  -1.6617612036872165     
 -0.77983487946613872      , -0.83170052098099057      ,  -1.6012170039848961     
 -0.65617926462343157      , -0.70496700230654741      ,  -1.5322206851177955     
 -0.54737888078988950      , -0.58830656487150945      ,  -1.4565410779602899     
 -0.45396845168397126      , -0.48349030064061937      ,  -1.3760153333794944     
 -0.37500109666053422      , -0.39149578312941646      ,  -1.2924539848468182     
 -0.30876126289869782      , -0.31259772590773183      ,  -1.2075617072594529     
 -0.25343310499593086      , -0.24649732083023929      ,  -1.1228778477963137     
 -0.20750367746847820      , -0.19246644036208602      ,  -1.0397377047734631     
 -0.16989382593422581      , -0.14948788969210711      , -0.95925310181428824     
 -0.13991477083516837      , -0.11637925082458615      , -0.88230924416551371     
 -0.11712095398895420      ,  -9.1893903499562668E-002 , -0.80957411805612767     
 -0.10110243851205111      ,  -7.4797586472046762E-002 , -0.74151662997261869     
  -9.1289672424438653E-002 ,  -6.3922072050415557E-002 , -0.67843005825751912     
  -8.6856034567770204E-002 ,  -5.8199293618304448E-002 , -0.62045799615403852     
  -8.6764381412377495E-002 ,  -5.6679925827361408E-002 , -0.56762064194083117     
  -8.9943796225847791E-002 ,  -5.8540348368154201E-002 , -0.51983993214592517     
  -9.5514639958507175E-002 ,  -6.3081452805168317E-002 , -0.47696256091195804     
 -0.10293670871902137      ,  -6.9722116155089525E-002 , -0.43878036149152644     
 -0.11199584692767733      ,  -7.7989515728857151E-002 , -0.40504784664213661     
 -0.12264906024884273      ,  -8.7507878633341765E-002 , -0.37549692761449566     
 -0.13482870671723812      ,  -9.7986779594274140E-002 , -0.34984897538591037     
 -0.14831737086887292      , -0.10920972673848564      , -0.32782447175601614     
 -0.16275498653284370      , -0.12102349597512529      , -0.30915053859972014     
 -0.17775231752125295      , -0.13332847406205278      , -0.29356664452594172     
 -0.19301512215546721      , -0.14607013108359065      , -0.28082877981958682     
 -0.20839124339280268      , -0.15923164952925400      , -0.27071237047079422     
 -0.22382583971326930      , -0.17282767687931797      , -0.26301417569665608     
 -0.23927776558108751      , -0.18689913183338283      , -0.25755338429269542     
 -0.25466677311335678      , -0.20150897378470639      , -0.25417209580375427     
 -0.26988902040236984      , -0.21673883553326737      , -0.25273534436015060     
 -0.28488812491497478      , -0.23268641671678922      , -0.25313079693558804     
 -0.29973601323181714      , -0.24946353727361886      , -0.25526823416466127     
 -0.31467705093552417      , -0.26719475444867991      , -0.25907890083227025     
 -0.33011341630678537      , -0.28601645195124986      , -0.26451479464037853     
 -0.34654315663304353      , -0.30607631475629160      , -0.27154794566341145     
 -0.36448443407004083      , -0.32753310681370912      , -0.28016972472774587     
 -0.38441721672439444      , -0.35055667081892139      , -0.29039020643681313     
 -0.40675388806451268      , -0.37532806847835753      , -0.30223760130804356     
 -0.43183034686775135      , -0.40203977563750370      , -0.31575776104721937     
 -0.45990208564596613      , -0.43089583842782897      , -0.33101375087482215     
 -0.49113921977706471      , -0.46211188333042980      , -0.34808547250654798     
 -0.52563074043332014      , -0.49591485471487706      , -0.36706931029059908     
 -0.56341309565596964      , -0.53254232681396518      , -0.38807776046718501     
 -0.60452540595196547      , -0.57224120193494643      , -0.41123898881699250     
 -0.64907391043886098      , -0.61526556162170254      , -0.43669624430404413     
 -0.69727527953104618      , -0.66187338119341854      , -0.46460703482419996     
 -0.74945195965683697      , -0.71232174967747208      , -0.49514194493394065     
 -0.80597412512504563      , -0.76686015654029704      , -0.52848294357277537     
 -0.86716944983812849      , -0.82572131529877424      , -0.56482099157809673     
 -0.93323608953759807      , -0.88910889631946843      , -0.60435271386681955     
  -1.0041888514469792      , -0.95718144561732144      , -0.64727584989268017     
  -1.0798494720085838      ,  -1.0300316888973573      , -0.69378314002236041     
  -1.1598711780348849      ,  -1.1076603862467747      , -0.74405424852281254     
  -1.2437761413796145      ,  -1.1899439527310121      , -0.79824527282869806     
  -1.3309853207925484      ,  -1.2765952520927344      , -0.85647535524582685     
  -1.4208279315551424      ,  -1.3671173852263221      , -0.91880991527361622     
  -1.5125244394518267      ,  -1.4607510350535038      , -0.98524008462433921     
  -1.6051395177941237      ,  -1.5564171138177354      ,  -1.0556580887928402     
  -1.6975042690340576      ,  -1.6526582029154728      ,  -1.1298286242713289     
  -1.7881161904105274      ,  -1.7475846497656911      ,  -1.2073567810173433     
  -1.8750390339869578      ,  -1.8388341462472721      ,  -1.2876538045436170     
  -1.9558334270852755      ,  -1.9235568958115867      ,  -1.3699030094540989     
  -2.0275452051580065      ,  -1.9984414754470683      ,  -1.4530294256971485     
  -2.0867629010713955      ,  -2.0597981597360326      ,  -1.5356781714554506     
  -2.1297391864795512      ,  -2.1037152903137084      ,  -1.6162078635177315     
  -2.1525667824173547      ,  -2.1262985059202357      ,  -1.6927062008074754     
  -2.1514119849257294      ,  -2.1239908924464261      ,  -1.7630346532475247     
  -2.1228263715019913      ,  -2.0939542405694795      ,  -1.8249073791125396     
  -2.0641556600761479      ,  -2.0344698460352229      ,  -1.8760056647451384     
  -1.9740249380916621      ,  -1.9452969176045305      ,  -1.9141233645507050     
  -1.8528112671226684      ,  -1.8279153874829066      ,  -1.9373317682185185     
  -1.7029714679073999      ,  -1.6855855241203963      ,  -1.9441455890870691     
  -1.5291348319306790      ,  -1.5231832073349167      ,  -1.9336674312105187     
  -1.3379707505054563      ,  -1.3468136481388202      ,  -1.9056880830014979     
  -1.1378666092796295      ,  -1.1632561703974931      ,  -1.8607252165892612     
 -0.93833810238640669      , -0.97933229922058140      ,  -1.7999928104286804     
 -0.74900138601009858      , -0.80130503042066714      ,  -1.7253055011865772     
 -0.57807106307398837      , -0.63440384938197447      ,  -1.6389329214769353     
 -0.43073053796138022      , -0.48253394132337513      ,  -1.5434260887480573     
 -0.30816852129192895      , -0.34818283590830196      ,  -1.4414396800717835     
 -0.20806107356097592      , -0.23249812814134732      ,  -1.3355709038006018     
 -0.12636883277068162      , -0.13548555971593074      ,  -1.2282293332833776     
  -5.9294103946213067E-002 ,  -5.6269906219155272E-002 ,  -1.1215446562215881     
  -4.2942941067156612E-003 ,   6.6318975710786821E-003 ,  -1.0173126590833490     
   3.9981597272371300E-002 ,   5.5061524558877140E-002 , -0.91697499538263172     
   7.4180705142642300E-002 ,   9.1014157251776917E-002 , -0.82162566727776609     
   9.8648998148147066E-002 ,  0.11648438835860699      , -0.73203639435533829     
  0.11380039927434199      ,  0.13336077817771405      , -0.64869359043157415     
  0.12049376907759175      ,  0.14336166147433382      , -0.57184093095123456     
  0.12020673906220426      ,  0.14800295290998974      , -0.50152299788620158     
  0.11494121517135424      ,  0.14858893126008563      , -0.43762692591034791     
  0.10691512878886458      ,  0.14621829166196354      , -0.37992018122204974     
   9.8044112998172561E-002 ,  0.14179943589764171      , -0.32808352909402183     
   8.9427791845370322E-002 ,  0.13607060347492927      , -0.28173890008174274     
   8.1223536350381959E-002 ,  0.12962183015824019      , -0.24047229154001515     
   7.2991712914116325E-002 ,  0.12291679566143585      , -0.20385209363802392     
   6.4249291569395628E-002 ,  0.11631340530896644      , -0.17144335712803233     
   5.4934928650178440E-002 ,  0.11008249150981247      , -0.14281856471464840     
   4.5556054043468901E-002 ,  0.10442437711713656      , -0.11756546009112379     
   3.6927952617224043E-002 ,   9.9483265975480822E-002 ,  -9.5292450698742537E-002
   2.9726976032753184E-002 ,   9.5359557810579046E-002 ,  -7.5632046969053610E-002
   2.4232929628352301E-002 ,   9.2120256097234787E-002 ,  -5.8242741815565935E-002
   2.0402576361281777E-002 ,   8.9807670522331809E-002 ,  -4.2809675278040152E-002
   1.8133615622506486E-002 ,   8.8446624947945987E-002 ,  -2.9044373790967137E-002
   1.7497789344302427E-002 ,   8.8050377067792895E-002 ,  -1.6683803224649796E-002
   1.8783026338235413E-002 ,   8.8625443418063860E-002 ,  -5.4889303017962065E-003
   2.2336867435396934E-002 ,   9.0175506903978228E-002 ,   4.7570517042281801E-003
   2.8337242831071217E-002 ,   9.2704565893845861E-002 ,   1.4250710197358178E-002
   3.6636082162226198E-002 ,   9.6219465629758111E-002 ,   2.3170478593267770E-002
   4.6767284259174362E-002 ,  0.10073193503900983      ,   3.1678808289697137E-002
   5.8114056779813079E-002 ,  0.10626023546901686      ,   3.9924315065625528E-002
   7.0127158490241315E-002 ,  0.11283051264599034      ,   4.8043883403733036E-002
   8.2472171387720408E-002 ,  0.12047792935848968      ,   5.6164704860415256E-002
   9.5060133693791765E-002 ,  0.12924764397219127      ,   6.4406236612651963E-002
  0.10798796186809223      ,  0.13919568879702723      ,   7.2882074089193616E-002
  0.12145405349682344      ,  0.15038979239713457      ,   8.1701737491125151E-002
  0.13572071430773780      ,  0.16291018095003260      ,   9.0972376317400280E-002
  0.15112886412612089      ,  0.17685038546522014      ,  0.10080039897459114     
  0.16809812514424377      ,  0.19231807375030874      ,  0.11129303635303416     
  0.18706494627438006      ,  0.20943591808758993      ,  0.12255984902471209     
  0.20837190642288325      ,  0.22834250119983526      ,  0.13471418753482758     
  0.23215955702232408      ,  0.24919325368583059      ,  0.14787461413054032     
  0.25833266782473446      ,  0.27216140501006614      ,  0.16216629213985403     
  0.28664693492778159      ,  0.29743891648856235      ,  0.17772234594660688     
  0.31688313539184915      ,  0.32523734746483168      ,  0.19468518987864572     
  0.34901894893496838      ,  0.35578858369275485      ,  0.21320781800241143     
  0.38331948913264485      ,  0.38934532818804513      ,  0.23345503833546014     
  0.42031710428819197      ,  0.42618121744158366      ,  0.25560462372991749     
  0.46070329904799007      ,  0.46659037743175252      ,  0.27984833683908750     
  0.50519195910575432      ,  0.51088617139247883      ,  0.30639276713294245     
  0.55441048865359999      ,  0.55939881143258230      ,  0.33545989260639347     
  0.60884195791219642      ,  0.61247140525082377      ,  0.36728724609690205     
  0.66880520386638864      ,  0.67045388387585647      ,  0.40212752422049775     
  0.73444838509334598      ,  0.73369410400377422      ,  0.44024742390437027     
  0.80575216334776367      ,  0.80252523878664739      ,  0.48192542541007199     
  0.88256037568949308      ,  0.87724836805713469      ,  0.52744816004763362     
  0.96464734157641263      ,  0.95810896533412482      ,  0.57710490493869326     
   1.0518068291046796      ,   1.0452657805728223      ,  0.63117963775002872     
   1.1439252643958981      ,   1.1387504820354777      ,  0.68993996663175328     
   1.2409851450087133      ,   1.2384164273482181      ,  0.75362213632406572     
   1.3429570365833678      ,   1.3438752066554114      ,  0.82241122208398265     
   1.4495914344964045      ,   1.4544203201472676      ,  0.89641559472431365     
   1.5601789627962033      ,   1.5689387609178072      ,  0.97563482829485038     
   1.6733669015930497      ,   1.6858136658766292      ,   1.0599205065801458     
   1.7870961866426884      ,   1.8028248692118054      ,   1.1489299706560232     
   1.8986648651557965      ,   1.9170593339240956      ,   1.2420740599845279     
   2.0048604569681667      ,   2.0248499264203508      ,   1.3384614507544750     
   2.1020763058442418      ,   2.1217681005363196      ,   1.4368443490931841     
   2.1863525575943776      ,   2.2027020523138305      ,   1.5355729780716709     
   2.2533414883440774      ,   2.2620538223631388      ,   1.6325691829374855     
   2.2982633206078393      ,   2.2940825631095625      ,   1.7253318865775926     
   2.3159664161189388      ,   2.2934025096515773      ,   1.8109879719485740     
   2.3012151165455133      ,   2.2556108582566328      ,   1.8864000927656583     
   2.2492845520123477      ,   2.1779756365249536      ,   1.9483366994347122     
   2.1568321811793272      ,   2.0600674067786091      ,   1.9936988387326597     
   2.0228478687696829      ,   1.9041894755754216      ,   2.0197843039439829     
   1.8493408351580742      ,   1.7154692943814802      ,   2.0245557812127513     
   1.6414868103564224      ,   1.5015302430138926      ,   2.0068705581414674     
   1.4073129122575370      ,   1.2717598040209583      ,   1.9666297015238157     
   1.1572865934188947      ,   1.0362971825751546      ,   1.9048163682796677     
  0.90391881055222445      ,  0.80493991239132967      ,   1.8234138682300103     
  0.66094098301603055      ,  0.58618396610125834      ,   1.7252181534258575     
  0.44148328231619011      ,  0.38656124625243360      ,   1.6135790714816123     
  0.25511640029643562      ,  0.21034630813473335      ,   1.4921143988777912     
  0.10483433797755501      ,   5.9608695163686748E-002 ,   1.3644388805009304     
  -1.3444673864442747E-002 ,  -6.5479933137011226E-002 ,   1.2339398472094227     
 -0.10760835998986969      , -0.16620055027530495      ,   1.1036162944159156     
 -0.18478940670965338      , -0.24481000764352695      ,  0.97598429919751772     
 -0.24886620853119998      , -0.30410886996064257      ,  0.85304136147876719     
 -0.30095984321030245      , -0.34709476490187574      ,  0.73627664433751827     
 -0.34116676464914242      , -0.37671289195006802      ,  0.62671257737338548     
 -0.36945990834465658      , -0.39569614814294074      ,  0.52496455981118595     
 -0.38613105826395960      , -0.40647782964416257      ,  0.43130818574931273     
 -0.39253988904575576      , -0.41115746707718875      ,  0.34574645755035577     
 -0.39127826130587967      , -0.41150210621487715      ,  0.26807221390270930     
 -0.38560915514374661      , -0.40896890310199524      ,  0.19792318892810590     
 -0.37901147125294699      , -0.40473875859198022      ,  0.13482868670199558     
 -0.37449880521449441      , -0.39975409662649936      ,   7.8247876867343358E-002
 -0.37353937943431181      , -0.39475651542952789      ,   2.7600314319150377E-002
 -0.37572030749442042      , -0.39032191242298492      ,  -1.7710416716385423E-002
 -0.37955859602099945      , -0.38689192741735651      ,  -5.8278932325788971E-002
 -0.38358668599521939      , -0.38480132170628584      ,  -9.4685166360762144E-002
 -0.38719492436719027      , -0.38430135678688487      , -0.12748546907213734     
 -0.39102936933041277      , -0.38557946906189577      , -0.15720688788408219     
 -0.39649329117375320      , -0.38877563790933228      , -0.18434394603443194     
 -0.40463853367526775      , -0.39399586905819672      , -0.20935734501658584     
 -0.41554251648121948      , -0.40132319833040991      , -0.23267411661505247     
 -0.42855759733623122      , -0.41082658358391927      , -0.25468883757681537     
 -0.44296627611966294      , -0.42256800707019559      , -0.27576559431625691     
 -0.45858419765345593      , -0.43660806267782115      , -0.29624044721241904     
 -0.47592524460697039      , -0.45301025559336150      , -0.31642419513785502     
 -0.49585469161833151      , -0.47184419680003337      , -0.33660528206910106     
 -0.51908752385308454      , -0.49318783156868379      , -0.35705272011539529     
 -0.54585076293174772      , -0.51712879917563415      , -0.37801892807114496     
 -0.57586111809274998      , -0.54376497977004823      , -0.39974240249018106     
 -0.60862992237938507      , -0.57320424278403181      , -0.42245014997122587     
 -0.64383446832516034      , -0.60556336871600913      , -0.44635981535506558     
 -0.68148423385134071      , -0.64096607180850518      , -0.47168144125200534     
 -0.72188177230783834      , -0.67954000459510544      , -0.49861879002709569     
 -0.76546022637434363      , -0.72141257642418488      , -0.52737015029433365     
 -0.81255075710169766      , -0.76670536747726248      , -0.55812853633776005     
 -0.86328040575463605      , -0.81552686917319506      , -0.59108117101442681     
 -0.91769810180957923      , -0.86796323453109814      , -0.62640812116689004     
 -0.97590575830521642      , -0.92406668383501045      , -0.66427993038313904     
  -1.0380413333334713      , -0.98384119101453216      , -0.70485406880495360     
  -1.1041575566996460      ,  -1.0472250883707017      , -0.74826999640014280     
  -1.1740417548547495      ,  -1.1140702913966432      , -0.79464261903395428     
  -1.2470843166317722      ,  -1.1841179882630797      , -0.84405391227026083     
  -1.3223444658286230      ,  -1.2569708943107780      , -0.89654250528706636     
  -1.3987713476866590      ,  -1.3320625811600497      , -0.95209106900782137     
  -1.4753984101835378      ,  -1.4086249955284553      ,  -1.0106114543405447     
  -1.5513860863673945      ,  -1.4856561204709910      ,  -1.0719276969676881     
  -1.6258969169833084      ,  -1.5618908147046162      ,  -1.1357572641826892     
  -1.6978673483747226      ,  -1.6357791596741007      ,  -1.2016912837629112     
  -1.7658098330040244      ,  -1.7054780339848252      ,  -1.2691749722667758     
  -1.8277473827223234      ,  -1.7688628873783263      ,  -1.3374900584707226     
  -1.8812938723509647      ,  -1.8235674200729917      ,  -1.4057416326856329     
  -1.9238236619873228      ,  -1.8670585584756816      ,  -1.4728524544807782     
  -1.9526408076250434      ,  -1.8967521385750084      ,  -1.5375681751794532     
  -1.9651062285421266      ,  -1.9101705150628026      ,  -1.5984769812271005     
  -1.9587624434218913      ,  -1.9051366868038477      ,  -1.6540466183546458     
  -1.9314998417328457      ,  -1.8799909029060546      ,  -1.7026804229180070     
  -1.8817832796692517      ,  -1.8338064567641899      ,  -1.7427917898376235     
  -1.8089376983238143      ,  -1.7665738233804884      ,  -1.7728935811366489     
  -1.7134380574619659      ,  -1.6793193399910480      ,  -1.7916957382361516     
  -1.5971208024460020      ,  -1.5741287994909499      ,  -1.7982014834472844     
  -1.4632675663413690      ,  -1.4540585711738296      ,  -1.7917907942460058     
  -1.3165442944664587      ,  -1.3229355864692047      ,  -1.7722800115972297     
  -1.1627676605044881      ,  -1.1850684983651558      ,  -1.7399488134297523     
  -1.0084521910288398      ,  -1.0449098261764556      ,  -1.6955300711564372     
 -0.86010554049529386      , -0.90671780055009554      ,  -1.6401634518064443     
 -0.72333092005461253      , -0.77426443399857336      ,  -1.5753188259838156     
 -0.60196241319112553      , -0.65062418559314306      ,  -1.5026994293425207     
 -0.49758553382756976      , -0.53805960856055846      ,  -1.4241365517228026     
 -0.40970178925158707      , -0.43800192017994610      ,  -1.3414871510683963     
 -0.33646333344679619      , -0.35111004356225739      ,  -1.2565436330226010     
 -0.27558492122705874      , -0.27738372851379317      ,  -1.1709618668190174     
 -0.22502230711704499      , -0.21630490680726164      ,  -1.0862101432000582     
 -0.18326882744742429      , -0.16698485479310698      ,  -1.0035388660824414     
 -0.14937264720846657      , -0.12830075441590932      , -0.92396866930221366     
 -0.12280781418494592      ,  -9.9011800828282467E-002 , -0.84829344980179178     
 -0.10325054793050049      ,  -7.7850703932708876E-002 , -0.77709439787087953     
  -9.0313432518435488E-002 ,  -6.3590613793592488E-002 , -0.71076127246323817     
  -8.3341586301152695E-002 ,  -5.5090083998159803E-002 , -0.64951768650273467     
  -8.1360361669015127E-002 ,  -5.1319928652182122E-002 , -0.59344783846858606     
  -8.3201094976457085E-002 ,  -5.1376111790610725E-002 , -0.54252281249798806     
  -8.7757902181412856E-002 ,  -5.4482506497482014E-002 , -0.49662518528688282     
  -9.4244236490186289E-002 ,  -5.9986771525834218E-002 , -0.45557118450738321     
 -0.10229674480615479      ,  -6.7351918144290771E-002 , -0.41913003141958882     
 -0.11187197348061104      ,  -7.6145498697450006E-002 , -0.38704037906701927     
 -0.12301518354600263      ,  -8.6027798752510112E-002 , -0.35902394463510756     
 -0.13564296918180352      ,  -9.6739974650656230E-002 , -0.33479655016284376     
 -0.14945950432417843      , -0.10809274326090544      , -0.31407684844854894     
 -0.16403912186584238      , -0.11995598579839001      , -0.29659303637498741     
 -0.17899438989145772      , -0.13224945471734162      , -0.28208785835243927     
 -0.19409604339576730      , -0.14493465480064185      , -0.27032218738771446     
 -0.20926947721121558      , -0.15800789211005009      , -0.26107744707156139     
 -0.22449726813867626      , -0.17149443591142843      , -0.25415710912940392     
 -0.23971746122931473      , -0.18544371031143450      , -0.24938747116086327     
 -0.25479424658285676      , -0.19992541770844602      , -0.24661788975310234     
 -0.26957753542450014      , -0.21502649063002746      , -0.24572061646105828     
 -0.28400933182319027      , -0.23084876878264615      , -0.24659035883437774     
 -0.29821316259815289      , -0.24750730180244249      , -0.24914366600070298     
 -0.31251967919918794      , -0.26512918355277493      , -0.25331821830752771     
 -0.32742033253309982      , -0.28385282959556735      , -0.25907208303752821     
 -0.34347945711306793      , -0.30382761469181757      , -0.26638298299531660     
 -0.36124895157025999      , -0.32521379106320952      , -0.27524761149537930     
 -0.38121435780956991      , -0.34818260996592526      , -0.28568101558953890     
 -0.40377374093737789      , -0.37291656820932029      , -0.29771605884614949     
 -0.42923191045798381      , -0.39960969688581727      , -0.31140296518496530     
 -0.45779321623294844      , -0.42846780097640164      , -0.32680893569513642     
 -0.48955573120475709      , -0.45970854475326928      , -0.34401782048743806     
 -0.52452706749918121      , -0.49356125796539929      , -0.36312981686817919     
 -0.56267719290739715      , -0.53026631045188799      , -0.38426115281641809     
 -0.60402002212658845      , -0.57007386672513005      , -0.40754370016543978     
 -0.64869198191273358      , -0.61324178576453203      , -0.43312444421807728     
 -0.69698696718577824      , -0.66003237338925247      , -0.46116471487057925     
 -0.74932248326626583      , -0.71070762410160104      , -0.49183905773979042     
 -0.80614548733771507      , -0.76552250598750449      , -0.52533359135827784     
 -0.86781627011365114      , -0.82471574748206744      , -0.56184365743896569     
 -0.93451571715325676      , -0.88849748268377926      , -0.60157052509409392     
  -1.0062047671793495      , -0.95703301110356997      , -0.64471685702333670     
  -1.0826377199361132      ,  -1.0304218440011301      , -0.69148058764199649     
  -1.1634087147108283      ,  -1.1086711689674305      , -0.74204680358594444     
  -1.2480037447498489      ,  -1.1916629079707703      , -0.79657716295425818     
  -1.3358371070065993      ,  -1.2791137317463777      , -0.85519635278332806     
  -1.4262614960596225      ,  -1.3705278083744008      , -0.91797508300500474     
  -1.5185457178144934      ,  -1.4651428133852800      , -0.98490917658624821     
  -1.6118142417290697      ,  -1.5618709377351614      ,  -1.0558944769156287     
  -1.7049476884029886      ,  -1.6592384213378226      ,  -1.1306976022292721     
  -1.7964590524828676      ,  -1.7553295920387670      ,  -1.2089230872994532     
  -1.8843785784874441      ,  -1.8477444638281029      ,  -1.2899782167765024     
  -1.9661867846593390      ,  -1.9335823784575716      ,  -1.3730379039287575     
  -2.0388225694449988      ,  -2.0094673378281551      ,  -1.4570132840711101     
  -2.0987678272373578      ,  -2.0716324741702135      ,  -1.5405291632885045     
  -2.1421890109009447      ,  -2.1160799622598705      ,  -1.6219168435451898     
  -2.1651170136369657      ,  -2.1388267571723301      ,  -1.6992297223010837     
  -2.1636705496512487      ,  -2.1362343452227091      ,  -1.7702888766971601     
  -2.1343552839952475      ,  -2.1054020599515408      ,  -1.8327639813947796     
  -2.0744713021883787      ,  -2.0445807668991480      ,  -1.8842909353405151     
  -1.9826139189840981      ,  -1.9535423966589387      ,  -1.9226215166584080     
  -1.8591713597916091      ,  -1.8338290488603362      ,  -1.9457930344686416     
  -1.7066710600538415      ,  -1.6888114028237018      ,  -1.9522989358118306     
  -1.5298733181248205      ,  -1.5235141097589926      ,  -1.9412368422279591     
  -1.3356257002073646      ,  -1.3442120210571691      ,  -1.9124105565793181     
  -1.1325234786204625      ,  -1.1578532144471796      ,  -1.8663681352799042     
 -0.93029908481841805      , -0.97140576902449882      ,  -1.8043683566136113     
 -0.73876175349175144      , -0.79124071353522030      ,  -1.7282803210774276     
 -0.56624743880157102      , -0.62264865754680543      ,  -1.6404321365977033     
 -0.41793801688200283      , -0.46954913069346166      ,  -1.5434317569348321     
 -0.29488318000951769      , -0.33440429339267902      ,  -1.4399846537350298     
 -0.19454432799978566      , -0.21830781663064763      ,  -1.3327295467317848     
 -0.11270194078572532      , -0.12119519779513725      ,  -1.2241066936955947     
  -4.5486298922475729E-002 ,  -4.2115597683410992E-002 ,  -1.1162655197519116     
   9.6186904372593911E-003 ,   2.0486709436646308E-002 ,  -1.0110115465697123     
   5.3901248175117475E-002 ,   6.8517777469615099E-002 , -0.90978775496973741     
   8.7959530743295850E-002 ,  0.10402626193743578      , -0.81368293448099915     
  0.11211947550063797      ,  0.12904874663052246      , -0.72345890814728753     
  0.12681071149647616      ,  0.14550507020936551      , -0.63958917068628618     
  0.13294675053216859      ,  0.15513562773870865      , -0.56230283043951657     
  0.13208370166475819      ,  0.15947093878374241      , -0.49162931722975295     
  0.12630500797617356      ,  0.15982416769303215      , -0.42744079806285401     
  0.11789771703776150      ,  0.15729872395344635      , -0.36949047281843572     
  0.10881454155053646      ,  0.15280484568268940      , -0.31744585488358845     
  0.10014616887964817      ,  0.14708076104513482      , -0.27091679461893292     
   9.2007012306483935E-002 ,  0.14071543813105639      , -0.22947842460269577     
   8.3909714732429100E-002 ,  0.13417102251796589      , -0.19268945063371956     
   7.5343334706663823E-002 ,  0.12780384748378712      , -0.16010633292912446     
   6.6250463539281670E-002 ,  0.12188343978152048      , -0.13129393972555115     
   5.7169061913452675E-002 ,  0.11660929459036382      , -0.10583324203678925     
   4.8947879749849647E-002 ,  0.11212541045637760      ,  -8.3326575815892520E-002
   4.2276704061106861E-002 ,  0.10853270131855734      ,  -6.3400941043187109E-002
   3.7426787206945901E-002 ,  0.10589946947631626      ,  -4.5709745725188280E-002
   3.4338689078006024E-002 ,  0.10427015253733518      ,  -2.9933342086985087E-002
   3.2901284839292846E-002 ,  0.10367256371322282      ,  -1.5778645510833335E-002
   3.3191239850128083E-002 ,  0.10412383785823971      ,  -2.9780755577153233E-003
   3.5509917284805681E-002 ,  0.10563528140448651      ,   8.7119867305855848E-003
   4.0215504549115336E-002 ,  0.10821630655474181      ,   1.9513070123515407E-002
   4.7485412113174530E-002 ,  0.11187761099747581      ,   2.9626691293402192E-002
   5.7159219467380909E-002 ,  0.11663374533339807      ,   3.9236545986113792E-002
   6.8754743306385799E-002 ,  0.12250519210664432      ,   4.8510742915426050E-002
   8.1648256121397825E-002 ,  0.12952006322130361      ,   5.7604029240280456E-002
   9.5301610563783806E-002 ,  0.13771550677706540      ,   6.6659972083182917E-002
  0.10940951712950285      ,  0.14713890001021801      ,   7.5813073027227965E-002
  0.12392368001765665      ,  0.15784889200725963      ,   8.5190802334656729E-002
  0.13898419412354157      ,  0.16991634801598865      ,   9.4915547152699190E-002
  0.15482745496629746      ,  0.18342523629126711      ,  0.10510647354626416     
  0.17174645144217868      ,  0.19847348819084690      ,  0.11588130609579436     
  0.19010750488178146      ,  0.21517385232113451      ,  0.12735803123493067     
  0.21035127270127374      ,  0.23365475348327366      ,  0.13965653162546596     
  0.23292985078379916      ,  0.25406115644904970      ,  0.15290015875808619     
  0.25819531567124449      ,  0.27655542254615456      ,  0.16721724963564050     
  0.28629239031120302      ,  0.30131813284431563      ,  0.18274259076972924     
  0.31712873224971116      ,  0.32854883440907107      ,  0.19961882863850883     
  0.35046892716994210      ,  0.35846664439448767      ,  0.21799781994534886     
  0.38611513493216232      ,  0.39131061915952309      ,  0.23804190709181647     
  0.42408015605997512      ,  0.42733976025768178      ,  0.25992509369566286     
  0.46467276482300968      ,  0.46683248383084736      ,  0.28383408103491098     
  0.50846732401464667      ,  0.51008532201043177      ,  0.30996910807541045     
  0.55618338310891380      ,  0.55741055142552731      ,  0.33854451411498021     
  0.60853818008044258      ,  0.60913235169282998      ,  0.36978891269851522     
  0.66613116468000311      ,  0.66558098285394907      ,  0.40394482676344723     
  0.72938405194166400      ,  0.72708433304494668      ,  0.44126758626840140     
  0.79852205392451703      ,  0.79395602623684047      ,  0.48202322918040019     
  0.87357011118752359      ,  0.86647909879151963      ,  0.52648507335109662     
  0.95435945636774444      ,  0.94488406424180749      ,  0.57492854014299799     
   1.0405612697572690      ,   1.0293200115880103      ,  0.62762371220481183     
   1.1317534055882994      ,   1.1198172657769607      ,  0.68482500244872102     
   1.2275011565838900      ,   1.2162401498838087      ,  0.74675720953346603     
   1.3274113980342668      ,   1.3182286351005581      ,  0.81359715612049432     
   1.4311059471599630      ,   1.4251283035935616      ,  0.88545008151459337     
   1.5380798346547562      ,   1.5359092905780751      ,  0.96232003866968674     
   1.6474709557407414      ,   1.6490769691601981      ,   1.0440737963954980     
   1.7578244625393167      ,   1.7625803520093120      ,   1.1303982621456463     
   1.8669438996176000      ,   1.8737286770511576      ,   1.2207523257973252     
   1.9718816698079491      ,   1.9791323337539792      ,   1.3143153831750887     
   2.0690528879312362      ,   2.0746905761774594      ,   1.4099366878493840     
   2.1543983758602057      ,   2.1556539445227054      ,   1.5060920462594489     
   2.2235172126586189      ,   2.2167915023342668      ,   1.6008569537318578     
   2.2717423261961538      ,   2.2526884218042524      ,   1.6919075042317528     
   2.2942099501127875      ,   2.2581843870692953      ,   1.7765613825387028     
   2.2860361020229854      ,   2.2289354566246842      ,   1.8518697931255470     
   2.2427218657565913      ,   2.1620431645734275      ,   1.9147661847452768     
   2.1608364554640405      ,   2.0566529170936714      ,   1.9622686169821451     
   2.0388716065374237      ,   1.9143940614837531      ,   1.9917204286638490     
   1.8779889507232201      ,   1.7395340488428781      ,   2.0010411052933321     
   1.6823584716651072      ,   1.5387608201874197      ,   1.9889499507456627     
   1.4590370804766133      ,   1.3205875736851553      ,   1.9551235362441517     
   1.2176434180798086      ,   1.0944698721640391      ,   1.9002562817400708     
  0.96999038725664422      ,  0.86980197130440695      ,   1.8260108125278076     
  0.72936821537007335      ,  0.65498696600371087      ,   1.7348662255019947     
  0.50894573311891700      ,  0.45674402410833626      ,   1.6298915649064565     
  0.31907841306529378      ,  0.27974115223213653      ,   1.5144830970439576     
  0.16428692201335021      ,  0.12655500924438956      ,   1.3921050714225933     
   4.2103285613433093E-002 ,  -2.1093609545281568E-003 ,   1.2660659784698975     
  -5.4547140048975803E-002 , -0.10703999294361360      ,   1.1393497488246689     
 -0.13302831417317335      , -0.19008160102014149      ,   1.0145082306768012     
 -0.19800068217077693      , -0.25371953242299472      ,  0.89361081724419855     
 -0.25124876263994211      , -0.30073129688479561      ,  0.77824067797363217     
 -0.29316594187208694      , -0.33392454246025399      ,  0.66952453904332021     
 -0.32379901392859839      , -0.35596005720225277      ,  0.56818335328088643     
 -0.34327274675992048      , -0.36924698732802863      ,  0.47459326396003948     
 -0.35247761572182512      , -0.37589322082260024      ,  0.38884895656509771     
 -0.35347838078629934      , -0.37769423707262845      ,  0.31082411065795684     
 -0.34916793447600614      , -0.37614639022080093      ,  0.24022584882287670     
 -0.34283249705836905      , -0.37247398388673925      ,  0.17664171537082027     
 -0.33758008273178952      , -0.36766269850571237      ,  0.11957883348917736     
 -0.33530944030018245      , -0.36249455027626887      ,   6.8495581330194732E-002
 -0.33611334785488312      , -0.35758150586839088      ,   2.2826506073900316E-002
 -0.33880154464061035      , -0.35339622047587044      ,  -1.7998639778078043E-002
 -0.34192431019593122      , -0.35029923678836039      ,  -5.4540824849171811E-002
 -0.34465612771731402      , -0.34856251030891594      ,  -8.7341759806201569E-002
 -0.34731817354070588      , -0.34838942264384626      , -0.11691723052267909     
 -0.35112915456194593      , -0.34993159229674742      , -0.14375306250130479     
 -0.35722835498019923      , -0.35330285041969134      , -0.16830313786135651     
 -0.36591190113129729      , -0.35859075534454887      , -0.19098898192971681     
 -0.37668862724163865      , -0.36586599856871060      , -0.21220052210168877     
 -0.38885264132758440      , -0.37519002047089617      , -0.23229769598738090     
 -0.40210445355330260      , -0.38662111437854607      , -0.25161264904947012     
 -0.41682886373283878      , -0.40021925684407017      , -0.27045231471455861     
 -0.43385758320428830      , -0.41604986199587363      , -0.28910121329269922     
 -0.45398582463176623      , -0.43418661921318441      , -0.30782434099060302     
 -0.47758492553260201      , -0.45471353602796433      , -0.32687004780146445     
 -0.50449045523873226      , -0.47772627159494169      , -0.34647282392138790     
 -0.53422133324819787      , -0.50333280959024207      , -0.36685592925790400     
 -0.56634709740266287      , -0.53165348217388397      , -0.38823381009042951     
 -0.60071962233473786      , -0.56282031778690689      , -0.41081425140154459     
 -0.63749864439976434      , -0.59697564414214421      , -0.43480021307211597     
 -0.67704091617301809      , -0.63426983296738892      , -0.46039129315319621     
 -0.71970311256502728      , -0.67485802422642949      , -0.48778475182937375     
 -0.76571440078807651      , -0.71889561443919947      , -0.51717601545449898     
 -0.81525862817307160      , -0.76653223684161209      , -0.54875856116675947     
 -0.86860823929352071      , -0.81790390218311593      , -0.58272305918769784     
 -0.92611993297252726      , -0.87312291159351063      , -0.61925562236534037     
 -0.98810416019557246      , -0.93226510369459192      , -0.65853498173058778     
  -1.0546278371757551      , -0.99535396770232754      , -0.70072837453749337     
  -1.1253469208085014      ,  -1.0623411591474730      , -0.74598590049483626     
  -1.1995256346899486      ,  -1.1330830190770358      , -0.79443307761640658     
  -1.2762524406073499      ,  -1.2073128544503686      , -0.84616131890993951     
  -1.3546847170125287      ,  -1.2846090303135032      , -0.90121606603373261     
  -1.4341653076655325      ,  -1.3643594057596606      , -0.95958237131782331     
  -1.5141590730624135      ,  -1.4457233725700702      ,  -1.0211678349887090     
  -1.5940429426220488      ,  -1.5275937779192856      ,  -1.0857830039380234     
  -1.6728617726629988      ,  -1.6085623533591964      ,  -1.1531196477268890     
  -1.7491722273933132      ,  -1.6868938939161400      ,  -1.2227277695525685     
  -1.8210233535207601      ,  -1.7605161903145281      ,  -1.2939927958138346     
  -1.8860488367327550      ,  -1.8270343129837907      ,  -1.3661151039794051     
  -1.9415943735876895      ,  -1.8837787772127064      ,  -1.4380948387112886     
  -1.9848193797178235      ,  -1.9278966816365157      ,  -1.5087257139824952     
  -2.0127841775395896      ,  -1.9564922881605553      ,  -1.5766020145148025     
  -2.0225610857826424      ,  -1.9668179842404507      ,  -1.6401430354681412     
  -2.0113969266161229      ,  -1.9565078935156675      ,  -1.6976384459203631     
  -1.9769563229385119      ,  -1.9238352622592316      ,  -1.7473162883833551     
  -1.9176410080595916      ,  -1.8679631247608479      ,  -1.7874324592804500     
  -1.8329305140219079      ,  -1.7891488963989355      ,  -1.8163767754887499     
  -1.7236783681596575      ,  -1.6888613174542515      ,  -1.8327867172578691     
  -1.5923107726811421      ,  -1.5697756537403367      ,  -1.8356565804305158     
  -1.4428871076309375      ,  -1.4356308657342878      ,  -1.8244281277482193     
  -1.2809982183475532      ,  -1.2909575812169940      ,  -1.7990497282333926     
  -1.1134655132736033      ,  -1.1407118013422741      ,  -1.7599946421626305     
 -0.94776427849559586      , -0.98986866166433762      ,  -1.7082349636031091     
 -0.79112044655816738      , -0.84303727905915227      ,  -1.6451744759519611     
 -0.64939186095936818      , -0.70414998917810345      ,  -1.5725497021054149     
