  0.50593324983360033      ,   2.1229450724483714      ,   1.4655193661558268     
   1.4821644212551233      ,   2.1929852415350255      ,   1.5610585270229873     
   2.0304005868092614      ,   2.2400776937172493      ,   1.6539053462152871     
   2.4364476087942668      ,   2.2589017442634218      ,   1.7415228812149708     
   2.5821970728475763      ,   2.2447042742917840      ,   1.8210630112943438     
   2.3059135980458114      ,   2.1939089102960634      ,   1.8894909061409448     
   1.8970277362289361      ,   2.1047402225179983      ,   1.9437656688917380     
   1.7035881400914350      ,   1.9777454803439807      ,   1.9810672081207392     
   1.5332585062160382      ,   1.8160821072783706      ,   1.9990464820024860     
   1.5422173631459957      ,   1.6254624622894605      ,   1.9960649989817625     
   1.4228322363483983      ,   1.4137129629515430      ,   1.9713841858516696     
   1.3378272749741935      ,   1.1899972664110152      ,   1.9252693066812612     
   1.0866613115783392      ,  0.96384218103004549      ,   1.8589865037522069     
  0.78209750374642317      ,  0.74415591195967179      ,   1.7746919444430655     
  0.49145700731245334      ,  0.53842131673974125      ,   1.6752329415465239     
  0.32129701840463709      ,  0.35218728446955988      ,   1.5638959838847664     
  0.13088071271986898      ,  0.18889565376218667      ,   1.4441420266186100     
   7.0838149226590652E-002 ,   5.0001978019320249E-002 ,   1.3193650556489360     
   3.4677941383033768E-002 ,  -6.4700883798565631E-002 ,   1.1926989228874905     
  -3.0294199959474966E-003 , -0.15666063759309845      ,   1.0668841267543117     
  -4.3695024467899898E-002 , -0.22813426990100699      ,  0.94419438639734021     
 -0.12000511464113678      , -0.28180797976757588      ,  0.82641469034470127     
 -0.21661174028562508      , -0.32049834109380249      ,  0.71485843581946695     
 -0.28719979281547381      , -0.34694074961631782      ,  0.61041059040920653     
 -0.30636082636465023      , -0.36365620077566646      ,  0.51358530372947420     
 -0.33010876645890008      , -0.37288048745330526      ,  0.42458891988492709     
 -0.33181084484567869      , -0.37653861886822665      ,  0.34338204425120999     
 -0.33211489147934403      , -0.37624917459232166      ,  0.26973670639260389     
 -0.32170872615945217      , -0.37334652660465156      ,  0.20328652779630416     
 -0.33382206310795665      , -0.36891220776140959      ,  0.14356912745924336     
 -0.31829473873467706      , -0.36380958762195265      ,   9.0060855130340983E-002
 -0.33208645777599932      , -0.35871823902491112      ,   4.2204439621893741E-002
 -0.33531186874228813      , -0.35416596004674755      ,  -5.6961569239652996E-004
 -0.34985493449395361      , -0.35055746826940914      ,  -3.8826978221081797E-002
 -0.35006937549656070      , -0.34819944144875398      ,  -7.3117879548269940E-002
 -0.36745718413807643      , -0.34732196114584557      , -0.10396913675487859     
 -0.36336446974488135      , -0.34809661831423416      , -0.13187907821838246     
 -0.36825299067989015      , -0.35065163044657438      , -0.15731475324318300     
 -0.37037033869250752      , -0.35508434474769440      , -0.18071090378070817     
 -0.38147854644246737      , -0.36147149037983400      , -0.20247026648446861     
 -0.39327826662810034      , -0.36987751301508459      , -0.22296485238673353     
 -0.41128873671317628      , -0.38036128702789984      , -0.24253791924495635     
 -0.43205524939660106      , -0.39298146021187508      , -0.26150640862046931     
 -0.44621168480947004      , -0.40780064560972051      , -0.28016366693359418     
 -0.47164477888833545      , -0.42488863596647064      , -0.29878230811027573     
 -0.48957024232675284      , -0.44432477860534586      , -0.31761710598075332     
 -0.51859765888985465      , -0.46619961183729980      , -0.33690782818834025     
 -0.54423548257389942      , -0.49061582772856122      , -0.35688194075595159     
 -0.58707424157815946      , -0.51768858938690709      , -0.37775712423213165     
 -0.61753360415029557      , -0.54754519301577265      , -0.39974354894277481     
 -0.66388193809101614      , -0.58032402491292434      , -0.42304585861538374     
 -0.69708435340387298      , -0.61617272046811900      , -0.44786480869756806     
 -0.74110793948181586      , -0.65524538527947807      , -0.47439849813077212     
 -0.77673256924702649      , -0.69769868729453444      , -0.50284312115890861     
 -0.82836536746257183      , -0.74368657348523226      , -0.53339314892254241     
 -0.87732287439369694      , -0.79335330605295495      , -0.56624082914757556     
 -0.93841720918477578      , -0.84682445416439756      , -0.60157486641105617     
  -1.0023012719033730      , -0.90419542278911047      , -0.63957811587315860     
  -1.0708747292794289      , -0.96551705894731876      , -0.68042409129601356     
  -1.1422216035249750      ,  -1.0307778612015503      , -0.72427205599499500     
  -1.2147167586691425      ,  -1.0998823509037625      , -0.77126043706710912     
  -1.2924687865443929      ,  -1.1726252724491224      , -0.82149828508863920     
  -1.3665009291599344      ,  -1.2486615134322572      , -0.87505450283288311     
  -1.4492071686112307      ,  -1.3274720230237296      , -0.93194460068929952     
  -1.5248671459182535      ,  -1.4083266142620134      , -0.99211482113025040     
  -1.6081912729193089      ,  -1.4902454189606513      ,  -1.0554236320282695     
  -1.6827995463031804      ,  -1.5719619618454443      ,  -1.1216208443547895     
  -1.7631161718397994      ,  -1.6518923291820697      ,  -1.1903249890188543     
  -1.8322363465634048      ,  -1.7281166388091584      ,  -1.2610001085055818     
  -1.9033217594460283      ,  -1.7983807511966154      ,  -1.3329337815139992     
  -1.9602427894175207      ,  -1.8601274883067285      ,  -1.4052189689836077     
  -2.0112537819648972      ,  -1.9105669316404634      ,  -1.4767430611370855     
  -2.0441224688129394      ,  -1.9467938643396794      ,  -1.5461881616983577     
  -2.0636952294325845      ,  -1.9659562972366709      ,  -1.6120469374818855     
  -2.0606519064548174      ,  -1.9654717519920386      ,  -1.6726580056065574     
  -2.0376902272209145      ,  -1.9432777608327523      ,  -1.7262635486630262     
  -1.9893420221780160      ,  -1.8980912374186156      ,  -1.7710894706649931     
  -1.9160192602828667      ,  -1.8296406962393050      ,  -1.8054450031124267     
  -1.8164100771778608      ,  -1.7388294866500131      ,  -1.8278346624583925     
  -1.6917108613441716      ,  -1.6277909378168240      ,  -1.8370716452890137     
  -1.5451986217992271      ,  -1.4998095542228083      ,  -1.8323791687938058     
  -1.3808052240077062      ,  -1.3591048903602743      ,  -1.8134659116009328     
  -1.2070932684560176      ,  -1.2105014823689850      ,  -1.7805641330966038     
  -1.0302648443689084      ,  -1.0590317642324893      ,  -1.7344240464755345     
 -0.86149939232759132      , -0.90953204853726333      ,  -1.6762645840380972     
 -0.70618224685986353      , -0.76629045839720311      ,  -1.6076872838821734     
 -0.57221386793969009      , -0.63279111119684861      ,  -1.5305650890616394     
 -0.45912824980977379      , -0.51157614327258938      ,  -1.4469203331926654     
 -0.36792871905073321      , -0.40422348056081997      ,  -1.3588058440310067     
 -0.29313416372847639      , -0.31141976406450217      ,  -1.2682004526181798     
 -0.23251744432056520      , -0.23309778801163680      ,  -1.1769262441082506     
 -0.18144753730041363      , -0.16860623877588951      ,  -1.0865906987991416     
 -0.13889434308073559      , -0.11688420726929609      , -0.99855328422125944     
 -0.10302153536762060      ,  -7.6620826960369842E-002 , -0.91391352682143312     
  -7.4408469783370887E-002 ,  -4.6388750188870759E-002 , -0.83351620498294843     
  -5.2773347050089160E-002 ,  -2.4747247274474339E-002 , -0.75796889974055193     
  -3.8640121462675134E-002 ,  -1.0315729998428632E-002 , -0.68766743138630215     
  -3.1563696463727378E-002 ,  -1.8214478280048640E-003 , -0.62282540323619306     
  -3.0719059165692082E-002 ,   1.8736213420180853E-003 , -0.56350492439458066     
  -3.4774374390330716E-002 ,   1.7615356216361129E-003 , -0.50964642339749555     
  -4.1985930562262894E-002 ,  -1.3118115952818158E-003 , -0.46109619835676158     
  -5.1364831427524869E-002 ,  -6.6396574477651698E-003 , -0.41763093670120399     
  -6.1811073758867512E-002 ,  -1.3643028666461270E-002 , -0.37897887546563841     
  -7.3662512824385101E-002 ,  -2.1857230537399887E-002 , -0.34483757807297111     
  -8.6486074761886272E-002 ,  -3.0917647516997382E-002 , -0.31488850072089442     
 -0.10076395132204483      ,  -4.0545828998756465E-002 , -0.28880863680281205     
 -0.11537611762630373      ,  -5.0536458215814865E-002 , -0.26627958437632082     
 -0.13012414315176205      ,  -6.0745535952676205E-002 , -0.24699439830948178     
 -0.14348492699364157      ,  -7.1079928829461902E-002 , -0.23066257968419340     
 -0.15559170489450685      ,  -8.1488312368645233E-002 , -0.21701353068754367     
 -0.16586779934156479      ,  -9.1953464011745173E-002 , -0.20579877078846398     
 -0.17530048313182717      , -0.10248581711414667      , -0.19679317430099824     
 -0.18401354850456605      , -0.11311816375377477      , -0.18979545356896593     
 -0.19291102312218814      , -0.12390138486828309      , -0.18462807785078555     
 -0.20186346798411439      , -0.13490108585741281      , -0.18113678659492613     
 -0.21105878488032742      , -0.14619502096295234      , -0.17918982768631697     
 -0.22016904446763613      , -0.15787119815256992      , -0.17867702656820605     
 -0.22917436383894377      , -0.17002656630521587      , -0.17950877083502106     
 -0.23822412124425080      , -0.18276619714175962      , -0.18161497674609636     
 -0.24757744249242336      , -0.19620288481528092      , -0.18494408884528565     
 -0.25796001909537636      , -0.21045709584136973      , -0.18946215116338330     
 -0.26963319012979153      , -0.22565721072115474      , -0.19515197798646983     
 -0.28344400564557770      , -0.24194000588268194      , -0.20201244354666020     
 -0.29935415767983975      , -0.25945133017162558      , -0.21005790288735099     
 -0.31809703055077937      , -0.27834693379168085      , -0.21931775023200070     
 -0.33936891467086888      , -0.29879340902458551      , -0.22983611610438576     
 -0.36375227985808362      , -0.32096920087564484      , -0.24167169986552495     
 -0.39073258785072995      , -0.34506564151254326      , -0.25489772989084503     
 -0.42069471081905818      , -0.37128795436713680      , -0.26960203892761031     
 -0.45309219388459698      , -0.39985616123761175      , -0.28588723682235340     
 -0.48828558090014429      , -0.43100580761439661      , -0.30387095630563832     
 -0.52605543498184315      , -0.46498839643186035      , -0.32368613929883611     
 -0.56696547430007005      , -0.50207138687697239      , -0.34548132058916198     
 -0.61125041836082294      , -0.54253757078717313      , -0.36942085189663620     
 -0.65950128048464396      , -0.58668358224765382      , -0.39568499136519159     
 -0.71211546668479619      , -0.63481722373640304      , -0.42446976021377292     
 -0.76934224980823673      , -0.68725320205339335      , -0.45598643837758396     
 -0.83145180956180043      , -0.74430675725310036      , -0.49046053302116105     
 -0.89824841224934704      , -0.80628453708180048      , -0.52813000635325302     
 -0.96988357602021225      , -0.87347191981658512      , -0.56924249093951840     
  -1.0458699065975361      , -0.94611582648685610      , -0.61405115097201413     
  -1.1263500755722167      ,  -1.0244019038421510      , -0.66280876718600912     
  -1.2107251868733859      ,  -1.1084248294944457      , -0.71575953398672687     
  -1.2991502632849770      ,  -1.1981504370039850      , -0.77312796625371349     
  -1.3909657990440194      ,  -1.2933684551491871      , -0.83510423251032928     
  -1.4861538406896500      ,  -1.3936350120537007      , -0.90182518174023896     
  -1.5837730277417881      ,  -1.4982048238685792      , -0.97335034643113805     
  -1.6831884833698814      ,  -1.6059543643073384      ,  -1.0496323335922244     
  -1.7827803350210563      ,  -1.7152995155211928      ,  -1.1304813258783022     
  -1.8809007869255572      ,  -1.8241144286973070      ,  -1.2155239907546520     
  -1.9750708975040314      ,  -1.9296626473165661      ,  -1.3041580287422825     
  -2.0626232848871666      ,  -2.0285567510694142      ,  -1.3955049591156097     
  -2.1403368681129167      ,  -2.1167681279727408      ,  -1.4883655626288721     
  -2.2046854697958906      ,  -2.1897124730225968      ,  -1.5811845732323351     
  -2.2517703828434104      ,  -2.2424368401855683      ,  -1.6720334281675850     
  -2.2772938284563553      ,  -2.2699274515027903      ,  -1.7586215675428791     
  -2.2768446852884590      ,  -2.2675410704442771      ,  -1.8383470568267553     
  -2.2459807625489892      ,  -2.2315354793862863      ,  -1.9083951718011813     
  -2.1810211267235173      ,  -2.1596393728573404      ,  -1.9658881976733313     
  -2.0794635586062027      ,  -2.0515673608482117      ,  -2.0080809159886481     
  -1.9410322120887979      ,  -1.9093654042820782      ,  -2.0325851947350984     
  -1.7679495916562251      ,  -1.7374802521795818      ,  -2.0375963442642169     
  -1.5654772819517466      ,  -1.5424908645419049      ,  -2.0220870557072868     
  -1.3416319949112065      ,  -1.3325138890316865      ,  -1.9859351503616736     
  -1.1072131894244481      ,  -1.1163770895205816      ,  -1.9299604824015189     
 -0.87489905220155229      , -0.90271463970216792      ,  -1.8558625427495614     
 -0.65783910236696252      , -0.69915333805288005      ,  -1.7660691607004873     
 -0.46691579817504558      , -0.51172455627362157      ,  -1.6635226118661581     
 -0.30812039894550147      , -0.34456902251457822      ,  -1.5514380456062040     
 -0.18106023477238151      , -0.19992742058226354      ,  -1.4330689555593126     
  -8.0250585801315541E-002 ,  -7.8353635495356427E-002 ,  -1.3115070018535810     
   1.5903006668236686E-003 ,   2.0938678205007655E-002 ,  -1.1895322925370455     
   7.0289135246752482E-002 ,   9.9683331970804839E-002 ,  -1.0695188846258392     
  0.12878073847672125      ,  0.16018938887226788      , -0.95339135265482711     
  0.17760558534043827      ,  0.20502955102225520      , -0.84262287340932207     
  0.21603306893711638      ,  0.23680505324691808      , -0.73826321303702513     
  0.24312188665248202      ,  0.25798571518553559      , -0.64098540203572851     
  0.25856810413308245      ,  0.27081406721431378      , -0.55114169936627055     
  0.26333995075500660      ,  0.27725876812910116      , -0.46882179683512121     
  0.25956279112816755      ,  0.27900274777112255      , -0.39390850780487019     
  0.25018406282936317      ,  0.27745373025931797      , -0.32612810965688144     
  0.23839477857703575      ,  0.27376767687771925      , -0.26509396378805872     
  0.22687889983799228      ,  0.26887844999022875      , -0.21034304104239709     
  0.21693141939351518      ,  0.26352928555378896      , -0.16136561312245876     
  0.20838791668427428      ,  0.25830338361003830      , -0.11762872548202521     
  0.20018816427587074      ,  0.25365213339961845      ,  -7.8594230329419618E-002
  0.19138657253015301      ,  0.24992028571985089      ,  -4.3732198406493103E-002
  0.18193041819182815      ,  0.24736787928073103      ,  -1.2530495478973122E-002
  0.17296474930803166      ,  0.24618901419420672      ,   1.5498761649762946E-002
  0.16623647460371357      ,  0.24652771658972086      ,   4.0815242249198726E-002
  0.16320461483951848      ,  0.24849120507191619      ,   6.3848395057936713E-002
  0.16441022281328063      ,  0.25216088680275600      ,   8.4996947291091016E-002
  0.16948067420025559      ,  0.25760140041147883      ,  0.10462953672164868     
  0.17755865171453333      ,  0.26486799812752337      ,  0.12308617297080882     
  0.18790256284077689      ,  0.27401252828755540      ,  0.14068028317307485     
  0.20030178808632787      ,  0.28508824596383264      ,  0.15770114704959190     
  0.21509869837901122      ,  0.29815364605313538      ,  0.17441656789863064     
  0.23292034261644176      ,  0.31327548066923111      ,  0.19107565995241765     
  0.25422468131691667      ,  0.33053109129916319      ,  0.20791165978693618     
  0.27904076637093495      ,  0.35001015569947541      ,  0.22514469075587282     
  0.30695028499195193      ,  0.37181591944846470      ,  0.24298442539145085     
  0.33739222251735385      ,  0.39606595177792658      ,  0.26163260189036275     
  0.36994974224472771      ,  0.42289243397840254      ,  0.28128535757025835     
  0.40461685360516092      ,  0.45244195537173576      ,  0.30213534479742682     
  0.44175166150123940      ,  0.48487475552864823      ,  0.32437359347328226     
  0.48190910714569274      ,  0.52036331095555033      ,  0.34819107871969512     
  0.52558415749676557      ,  0.55909011875466963      ,  0.37377994279216353     
  0.57314100780076938      ,  0.60124447776365575      ,  0.40133430624077332     
  0.62478878634471868      ,  0.64701800872700355      ,  0.43105058462564538     
  0.68066827267500940      ,  0.69659858914627970      ,  0.46312720335904639     
  0.74090367166830828      ,  0.75016230682968776      ,  0.49776357426593426     
  0.80559154638923480      ,  0.80786296208517894      ,  0.53515816326300703     
  0.87471620654663096      ,  0.86981857845954313      ,  0.57550543970562862     
  0.94808526852668107      ,  0.93609432723212493      ,  0.61899145589766924     
   1.0253619860397138      ,   1.0066812497723858      ,  0.66578776291098896     
   1.1061246248646928      ,   1.0814702020791576      ,  0.71604333133576936     
   1.1899723512340186      ,   1.1602205871984252      ,  0.76987412117325282     
   1.2765195923818935      ,   1.2425237379106899      ,  0.82734994640491488     
   1.3653518617527325      ,   1.3277613327337383      ,  0.88847832494687062     
   1.4558561334404405      ,   1.4150600519922343      ,  0.95318511823163443     
   1.5471186953834204      ,   1.5032448850857092      ,   1.0212919774044968     
   1.6378263971878564      ,   1.5907951368249806      ,   1.0924909602993793     
   1.7263062396406903      ,   1.6758092336481305      ,   1.1663171991790231     
   1.8105525149212018      ,   1.7559867539213359      ,   1.2421212063624751     
   1.8883043817649821      ,   1.8286383484215454      ,   1.3190432973004009     
   1.9570581644292651      ,   1.8907357477549998      ,   1.3959936298273332     
   2.0140839901797127      ,   1.9390139414672936      ,   1.4716423658616045     
   2.0564111193110421      ,   1.9701347168167749      ,   1.5444252179966029     
   2.0808781596625505      ,   1.9809139931688384      ,   1.6125698074137198     
   2.0842479593871319      ,   1.9686042965658759      ,   1.6741474332865141     
   2.0634202809689368      ,   1.9312090665239734      ,   1.7271526879999526     
   2.0157381133708370      ,   1.8677898948641325      ,   1.7696097139064220     
   1.9393733265257009      ,   1.7787157727778797      ,   1.7996990584772179     
   1.8337560699889353      ,   1.6658004180897077      ,   1.8158938485468463     
   1.6999779334935246      ,   1.5322841264031259      ,   1.8170896522382194     
   1.5411294287613853      ,   1.3826410816817760      ,   1.8027103842661085     
   1.3625102419075761      ,   1.2222271300857113      ,   1.7727740487535097     
   1.1716634166454551      ,   1.0568173954948450      ,   1.7279072363722550     
  0.97803272582731127      ,  0.89210699497372936      ,   1.6693051785598141     
  0.79199785219506547      ,  0.73325371885859658      ,   1.5986429288824242     
  0.62316119265316550      ,  0.58452759738698601      ,   1.5179506812892458     
  0.47829524660800077      ,  0.44910440619877645      ,   1.4294706036630744     
  0.35984807966790749      ,  0.32900804302432490      ,   1.3355131575457599     
  0.26593142193483937      ,  0.22517975761350253      ,   1.2383281301111788     
  0.19185512834221408      ,  0.13763619500143201      ,   1.1400007631493552     
  0.13228473409054589      ,   6.5674125912785541E-002 ,   1.0423779110055031     
   8.2863413863421345E-002 ,   8.0849226673441309E-003 ,  0.94702432864755492     
   4.0833286206014154E-002 ,  -3.6647959318350160E-002 ,  0.85520570116662220     
   4.9492687447350442E-003 ,  -7.0183985503209742E-002 ,  0.76789306686827385     
  -2.4898041551102489E-002 ,  -9.4198889559875751E-002 ,  0.68578266487044659     
  -4.8246008458231238E-002 , -0.11029539148430681      ,  0.60932557376670549     
  -6.4713352194900375E-002 , -0.11994634888404937      ,  0.53876239312829344     
  -7.4486574000781638E-002 , -0.12446374781749646      ,  0.47415931772987213     
  -7.8517703930715180E-002 , -0.12498684092459350      ,  0.41544303521539272     
  -7.8412732559202780E-002 , -0.12248351306069007      ,  0.36243281295299978     
  -7.5970965519992342E-002 , -0.11776008759970902      ,  0.31486887817539688     
  -7.2544274331207720E-002 , -0.11147595722127562      ,  0.27243673610220331     
  -6.8650311927104746E-002 , -0.10416046098667439      ,  0.23478743889501760     
  -6.4081857226634814E-002 ,  -9.6230268745729916E-002 ,  0.20155404923322520     
  -5.8400524967998996E-002 ,  -8.8006169680094323E-002 ,  0.17236467135236386     
  -5.1510214034754954E-002 ,  -7.9728619465646910E-002 ,  0.14685248014890553     
  -4.3978465511638622E-002 ,  -7.1571715908854167E-002 ,  0.12466318963701144     
  -3.6868461869586720E-002 ,  -6.3655481380319207E-002 ,  0.10546038361411331     
  -3.1199367891571496E-002 ,  -5.6056462123818873E-002 ,   8.8929096525659293E-002
  -2.7425788270820796E-002 ,  -4.8816733180471229E-002 ,   7.4777989758615271E-002
  -2.5263766592571749E-002 ,  -4.1951440676735785E-002 ,   6.2740423449201291E-002
  -2.3908011948541918E-002 ,  -3.5455032936478358E-002 ,   5.2574679744355923E-002
  -2.2475429684540214E-002 ,  -2.9306336777311121E-002 ,   4.4063552248866676E-002
  -2.0413416972914621E-002 ,  -2.3472631137315080E-002 ,   3.7013479116549064E-002
  -1.7680375465447516E-002 ,  -1.7912860613176592E-002 ,   3.1253364298961861E-002
  -1.4659164632804476E-002 ,  -1.2580119031930273E-002 ,   2.6633202873642056E-002
  -1.1890095743910339E-002 ,  -7.4235194168164684E-003 ,   2.3022601941961349E-002
  -9.7776139561962239E-003 ,  -2.3895526643297050E-003 ,   2.0309267999732566E-002
  -8.4099989552016800E-003 ,   2.5769764294678002E-003 ,   1.8397514567913990E-002
  -7.5489146875983119E-003 ,   7.5323600723385788E-003 ,   1.7206829832404586E-002
  -6.7478774035442659E-003 ,   1.2533681512562971E-002 ,   1.6670532691262046E-002
  -5.5164100220571064E-003 ,   1.7638739228033853E-002 ,   1.6734536573687991E-002
  -3.4319194113318573E-003 ,   2.2906157954650883E-002 ,   1.7356233333978746E-002
  -1.6938940564936722E-004 ,   2.8395651775810059E-002 ,   1.8503504123173291E-002
   4.5053029281854652E-003 ,   3.4168411947193139E-002 ,   2.0153860122593532E-002
   1.0713739835800965E-002 ,   4.0287598573695890E-002 ,   2.2293713141477826E-002
   1.8421805328279865E-002 ,   4.6818920772964574E-002 ,   2.4917774122068557E-002
   2.7409416871188759E-002 ,   5.3831294641373525E-002 ,   2.8028576376258642E-002
   3.7298233940181155E-002 ,   6.1397572269541886E-002 ,   3.1636119741692989E-002
   4.7658631332396187E-002 ,   6.9595338313741359E-002 ,   3.5757631659391192E-002
   5.8170362230034516E-002 ,   7.8507773281989768E-002 ,   4.0417441327286856E-002
   6.8757950907506693E-002 ,   8.8224584786854909E-002 ,   4.5646963479192816E-002
   7.9636925314626350E-002 ,   9.8843009576148722E-002 ,   5.1484788894276025E-002
   9.1257192226227052E-002 ,  0.11046889017470396      ,   5.7976879384914290E-002
  0.10417406224317120      ,  0.12321783041693192      ,   6.5176865672310277E-002
  0.11890408925267790      ,  0.13721643393795990      ,   7.3146447170941875E-002
  0.13581852568661690      ,  0.15260362868110805      ,   8.1955893190802181E-002
  0.15510388516961768      ,  0.16953207845828508      ,   9.1684645344361937E-002
  0.17677723720054622      ,  0.18816967925929715      ,  0.10242202090719046     
  0.20073406885157605      ,  0.20870113291326453      ,  0.11426801639108988     
  0.22680593525829407      ,  0.23132958326445305      ,  0.12733420946757795     
  0.25483135583452787      ,  0.25627828942655712      ,  0.14174475538966241     
  0.28473559276622756      ,  0.28379229583655963      ,  0.15763747088302618     
  0.31661215545617538      ,  0.31414003829503662      ,  0.17516499368889293     
  0.35078097360751254      ,  0.34761479704822135      ,  0.19449599897351566     
  0.38780089248951022      ,  0.38453586975492132      ,  0.21581644392278115     
  0.42841033326018219      ,  0.42524928569696840      ,  0.23933079802753432     
  0.47340520420002663      ,  0.47012781380497676      ,  0.26526319755009375     
  0.52349232737137941      ,  0.51956992601299135      ,  0.29385843679191381     
  0.57917163167461516      ,  0.57399725820589576      ,  0.32538267396696935     
  0.64068539584109607      ,  0.63384995688781476      ,  0.36012368314484444     
  0.70805017294454575      ,  0.69957910375106158      ,  0.39839042277848546     
  0.78115423503329895      ,  0.77163516659707754      ,  0.44051161226904401     
  0.85987465135651220      ,  0.85045113084173762      ,  0.48683290717601213     
  0.94417006095035572      ,  0.93641862573563228      ,  0.53771213779833738     
   1.0341162284396193      ,   1.0298549921469877      ,  0.59351192318830193     
   1.1298728033068843      ,   1.1309588877514196      ,  0.65458879492291688     
   1.2315780694616802      ,   1.2397517747754763      ,  0.72127777049431474     
   1.3391925585440172      ,   1.3560026313389530      ,  0.79387112490455902     
   1.4523199495416854      ,   1.4791337050455708      ,  0.87258995955215146     
   1.5700491559865064      ,   1.6081064368808913      ,  0.95754712642466444     
   1.6908522144972755      ,   1.7412893019177593      ,   1.0487002384026967     
   1.8125643352429779      ,   1.8763138155898438      ,   1.1457940364240928     
   1.9324366465939424      ,   2.0099318942507094      ,   1.2482924930836636     
   2.0472235318551673      ,   2.1378973961878445      ,   1.3553029398616954     
   2.1532452965171665      ,   2.2549064777318151      ,   1.4654974099608737     
   2.2463856665997715      ,   2.3546433513064033      ,   1.5770403371301229     
   2.3220253677734677      ,   2.4299858367995242      ,   1.6875364451886767     
   2.3749716210865195      ,   2.4734218891438644      ,   1.7940172231606923     
   2.3994910178797930      ,   2.4777056673536721      ,   1.8929871604190438     
   2.3895705632367994      ,   2.4367331707699966      ,   1.9805495722426576     
   2.3395062263678477      ,   2.3465443731214122      ,   2.0526239233744605     
   2.2448341744615270      ,   2.2062768910334571      ,   2.1052507294668348     
   2.1034518781993832      ,   2.0188375363135775      ,   2.1349578202379615     
   1.9165581570133541      ,   1.7910618331619277      ,   2.1391383069182974     
   1.6890303486936438      ,   1.5332228917328097      ,   2.1163745456471621     
   1.4292940003945152      ,   1.2579174386146803      ,   2.0666422782241312     
   1.1491719966532732      ,  0.97854134297999718      ,   1.9913488137310020     
  0.86374436222878137      ,  0.70769136313762082      ,   1.8931943560315410     
  0.59031197427403748      ,  0.45583824664640421      ,   1.7758848688803412     
  0.34560860551768852      ,  0.23050927023430751      ,   1.6437546594339536     
  0.14147927638841440      ,   3.6050505143438528E-002 ,   1.5013681551015559     
  -1.9212639238598554E-002 , -0.12611607209068093      ,   1.3531623917873992     
 -0.14304638928366542      , -0.25691646736808738      ,   1.2031709132144586     
 -0.24141872032452233      , -0.35892099368569275      ,   1.0548452921163320     
 -0.32429946487656114      , -0.43566570606659138      ,  0.91096991287466522     
 -0.39663662620641343      , -0.49109073009665027      ,  0.77365276665340721     
 -0.45877719624339786      , -0.52913030916021508      ,  0.64436993400604248     
 -0.50899029796989992      , -0.55344944453988010      ,  0.52404215255857545     
 -0.54534757498059760      , -0.56730092427670731      ,  0.41312580382037600     
 -0.56714561850198930      , -0.57347008422848955      ,  0.31170564749703555     
 -0.57618317153977561      , -0.57427697668179878      ,  0.21958131569322537     
 -0.57640686330357038      , -0.57161183544461391      ,  0.13634331255018414     
 -0.57244828108674306      , -0.56698665329823184      ,   6.1436906494710515E-002
 -0.56879049482218746      , -0.56159171937918373      ,  -5.7860203865394491E-003
 -0.56893271054441452      , -0.55635054902165548      ,  -6.6026161440253139E-002
 -0.57404550882333039      , -0.55196980285759600      , -0.12000557659049557     
 -0.58268179510370355      , -0.54898280315761561      , -0.16844453580434451     
 -0.59205726965722594      , -0.54778643087851842      , -0.21204493240616626     
 -0.59967527087696815      , -0.54867180518917957      , -0.25147893945101157     
 -0.60466034196830187      , -0.55184942003972071      , -0.28738176978518815     
 -0.60840224322773984      , -0.55746948611134617      , -0.32034758760914694     
 -0.61373605756204308      , -0.56563819546380900      , -0.35092779030212551     
 -0.62313947028038663      , -0.57643054706452279      , -0.37963102752785310     
 -0.63754001581137376      , -0.58990027587016369      , -0.40692444907360542     
 -0.65629420064465427      , -0.60608733244994850      , -0.43323577496980942     
 -0.67793030245790986      , -0.62502327145361625      , -0.45895586375767139     
 -0.70122001370106513      , -0.64673482781757508      , -0.48444152011735980     
 -0.72589906280396177      , -0.67124588940194041      , -0.51001833407320762     
 -0.75264892824353458      , -0.69857801281065290      , -0.53598338297267722     
 -0.78255198298355522      , -0.72874957445346822      , -0.56260765637729260     
 -0.81636785800618483      , -0.76177360083665890      , -0.59013808461061679     
 -0.85407146535183376      , -0.79765428065106081      , -0.61879906548882424     
 -0.89499508016666141      , -0.83638212735544426      , -0.64879339212775489     
 -0.93833917974365944      , -0.87792773658273071      , -0.68030248910997815     
 -0.98363539320179105      , -0.92223407105529098      , -0.71348586628439714     
  -1.0309989605110854      , -0.96920721151846778      , -0.74847970091958682     
  -1.0810266509156463      ,  -1.0187055419305131      , -0.78539446213172392     
  -1.1342827762001608      ,  -1.0705273990196120      , -0.82431149933192061     
  -1.1907975478105541      ,  -1.1243973202013882      , -0.86527853247538133     
  -1.2499537241584644      ,  -1.1799511806106666      , -0.90830401053099619     
  -1.3106475010913834      ,  -1.2367207301277516      , -0.95335035097060483     
  -1.3715775293965020      ,  -1.2941183324021865      ,  -1.0003261428697443     
  -1.4315568177689857      ,  -1.3514230708375985      ,  -1.0490774950421622     
  -1.4896149757412744      ,  -1.4077698097463391      ,  -1.0993788430539364     
  -1.5448494469295655      ,  -1.4621432513207209      ,  -1.1509236968342043     
  -1.5962437453193719      ,  -1.5133794522476787      ,  -1.2033160107705185     
  -1.6425820577167913      ,  -1.5601775654106953      ,  -1.2560630796131806     
  -1.6824691864063641      ,  -1.6011246243680743      ,  -1.3085710842048905     
  -1.7144240930842889      ,  -1.6347358360637099      ,  -1.3601445955361895     
  -1.7369800785362188      ,  -1.6595119318158782      ,  -1.4099914444430315     
  -1.7487339488710032      ,  -1.6740135290221811      ,  -1.4572343171030444     
  -1.7483658367088413      ,  -1.6769501584963395      ,  -1.5009301808173732     
  -1.7346696733234170      ,  -1.6672787674971616      ,  -1.5400981306903612     
  -1.7066406573061548      ,  -1.6443034919369328      ,  -1.5737554593945751     
  -1.6636373323332012      ,  -1.6077659040101648      ,  -1.6009607280829263     
  -1.6055675026303757      ,  -1.5579135285661139      ,  -1.6208614663653091     
  -1.5330429993791932      ,  -1.4955348932514001      ,  -1.6327430334951276     
  -1.4474868714758640      ,  -1.4219521617279289      ,  -1.6360743587605571     
  -1.3511573088547069      ,  -1.3389674036710908      ,  -1.6305459717501778     
  -1.2470621081489996      ,  -1.2487650483012311      ,  -1.6160960912620492     
  -1.1387752934369886      ,  -1.1537797725597216      ,  -1.5929215969596866     
  -1.0301522828446026      ,  -1.0565444878607058      ,  -1.5614723340519292     
 -0.92494048028432529      , -0.95953593668434656      ,  -1.5224291288345679     
 -0.82634748424294213      , -0.86503506073693992      ,  -1.4766677720079291     
 -0.73667822832079488      , -0.77501596540308193      ,  -1.4252127180413876     
 -0.65714065342145411      , -0.69107193118611820      ,  -1.3691851115140485     
 -0.58788169776501331      , -0.61438085835291323      ,  -1.3097498964083438     
 -0.52823772986774953      , -0.54570708471447615      ,  -1.2480662595137457     
 -0.47710087461576528      , -0.48543260907053182      ,  -1.1852446890097597     
 -0.43328156664087897      , -0.43360875900124374      ,  -1.1223127313895014     
 -0.39578283182679747      , -0.39001913247825576      ,  -1.0601903307828902     
 -0.36393995937570467      , -0.35424575937535829      , -0.99967460534226515     
 -0.33742100329368974      , -0.32573229227028422      , -0.94143315192369736     
 -0.31612038722181973      , -0.30384011645547843      , -0.88600449845689855     
 -0.30000157161644675      , -0.28789518263124692      , -0.83380411625177198     
 -0.28895292235043712      , -0.27722489743748402      , -0.78513440532441636     
 -0.28270836716520864      , -0.27118548665555725      , -0.74019720831002611     
 -0.28085051972341546      , -0.26918090226847574      , -0.69910763092864081     
 -0.28287824822201929      , -0.27067465841662991      , -0.66190819981108051     
 -0.28829487713719343      , -0.27519604925744096      , -0.62858263694646577     
 -0.29666786056196398      , -0.28234211350831079      , -0.59906875283833150     
 -0.30763396677668314      , -0.29177653783712260      , -0.57327014725614533     
 -0.32086163808868495      , -0.30322648557970211      , -0.55106655451075470     
 -0.33600709180940880      , -0.31647813139018632      , -0.53232278152552437     
 -0.35270095475786006      , -0.33137149483996187      , -0.51689626622335638     
 -0.37058226808341499      , -0.34779500501769461      , -0.50464333648177084     
 -0.38936427007957219      , -0.36568009573819377      , -0.49542428169247349     
 -0.40889489303683424      , -0.38499602525408183      , -0.48910736481874190     
 -0.42917965552039794      , -0.40574503181382809      , -0.48557190700941305     
 -0.45035736806042015      , -0.42795787285999853      , -0.48471057270616202     
 -0.47264169538074779      , -0.45168974702394493      , -0.48643097339798735     
 -0.49625635231489451      , -0.47701656066061776      , -0.49065669468592232     
 -0.52139026352652906      , -0.50403147131716031      , -0.49732783551610799     
 -0.54818532234657302      , -0.53284161661660823      , -0.50640113126787600     
 -0.57675326470919697      , -0.56356491644376672      , -0.51784971444532857     
 -0.60720773088066893      , -0.59632681739133375      , -0.53166254835454352     
 -0.63969387171744108      , -0.63125682995497168      , -0.54784355050508726     
 -0.67440274529864941      , -0.66848469021474177      , -0.56641040358499717     
 -0.71156678554072361      , -0.70813595849571220      , -0.58739303269851206     
 -0.75143957744655865      , -0.75032684820996909      , -0.61083170811569854     
 -0.79426605435531872      , -0.79515806005460743      , -0.63677471314776146     
 -0.84024901946519737      , -0.84270738243510879      , -0.66527549721122536     
 -0.88951587518355546      , -0.89302081239096343      , -0.69638921528000819     
 -0.94208855693481763      , -0.94610195840523448      , -0.73016853783086644     
 -0.99786091388530462      ,  -1.0018995157737431      , -0.76665860183091661     
  -1.0565872257564415      ,  -1.0602926681694629      , -0.80589096597885568     
  -1.1178832949676563      ,  -1.1210743804092265      , -0.84787643615008990     
  -1.1812377167540808      ,  -1.1839327250420781      , -0.89259664507869874     
  -1.2460270207669215      ,  -1.2484306490633519      , -0.93999431056875693     
  -1.3115260168326335      ,  -1.3139849560736494      , -0.98996216730446873     
  -1.3769069957863500      ,  -1.3798457674096958      ,  -1.0423306780223585     
  -1.4412263499931430      ,  -1.4450783338110693      ,  -1.0968547897873986     
  -1.5034031112627615      ,  -1.5085497731547308      ,  -1.1532002176860552     
  -1.5621982048149405      ,  -1.5689240468697017      ,  -1.2109300134128256     
  -1.6162042444057736      ,  -1.6246691407812124      ,  -1.2694925020919510     
  -1.6638526656960415      ,  -1.6740808026929315      ,  -1.3282120238056812     
  -1.7034409745097474      ,  -1.7153270618634235      ,  -1.3862842519564700     
  -1.7331799488837580      ,  -1.7465168280709595      ,  -1.4427781088534570     
  -1.7512600579084079      ,  -1.7657938748848623      ,  -1.4966463657802502     
  -1.7559380273283836      ,  -1.7714543110066963      ,  -1.5467467920685003     
  -1.7456462466042550      ,  -1.7620813487078815      ,  -1.5918751048897211     
  -1.7191269922287420      ,  -1.7366862849086970      ,  -1.6308099101921392     
  -1.6755888348508827      ,  -1.6948400507549732      ,  -1.6623683407229719     
  -1.6148746180499902      ,  -1.6367767362150747      ,  -1.6854693344275800     
  -1.5376208935374995      ,  -1.5634504866980163      ,  -1.6991997322826975     
  -1.4453807731472379      ,  -1.4765310201841704      ,  -1.7028769857454698     
  -1.3406766262605061      ,  -1.3783307488594123      ,  -1.6961016460448777     
  -1.2269456997684709      ,  -1.2716669436537500      ,  -1.6787932562460715     
  -1.1083430434458432      ,  -1.1596733249467557      ,  -1.6512048610538417     
 -0.98938239911823755      ,  -1.0455842051320325      ,  -1.6139138845134358     
 -0.87443873356617907      , -0.93251858183882830      ,  -1.5677901395865363     
 -0.76720248596339391      , -0.82329035218042435      ,  -1.5139446234270537     
 -0.67023240517899496      , -0.72026464386512257      ,  -1.4536649478973556     
 -0.58475320098050865      , -0.62527101860698397      ,  -1.3883443792293637     
 -0.51076377696904596      , -0.53957446906770634      ,  -1.3194114175192606     
 -0.44739755416043397      , -0.46389691918436793      ,  -1.2482658107355322     
 -0.39338463355286568      , -0.39847670576091254      ,  -1.1762252245048130     
 -0.34745935977743309      , -0.34315158107041943      ,  -1.1044848893203174     
 -0.30862045771951313      , -0.29745160266351045      ,  -1.0340907775608119     
 -0.27622488919273669      , -0.26069089022894731      , -0.96592546022966486     
 -0.24994155160138573      , -0.23205059843253328      , -0.90070485909712150     
 -0.22961221826345393      , -0.21064875873199193      , -0.83898363355433903     
 -0.21508067358835475      , -0.19559537939723376      , -0.78116684156170324     
 -0.20605382992094448      , -0.18603315816078411      , -0.72752567936784129     
 -0.20204275029873531      , -0.18116536963129981      , -0.67821542530855661     
 -0.20239929827338729      , -0.18027307394903186      , -0.63329409850843954     
 -0.20642365829641923      , -0.18272393010137675      , -0.59274072934587274     
 -0.21348432180689211      , -0.18797475401396574      , -0.55647248585787767     
 -0.22308784314060104      , -0.19556967171577358      , -0.52436018980393284     
 -0.23486845573542053      , -0.20513537557731906      , -0.49624198298935779     
 -0.24851683792634971      , -0.21637465526718860      , -0.47193507244194055     
 -0.26370180843954122      , -0.22905907577723930      , -0.45124560031800964     
 -0.28003962183015774      , -0.24302142513539784      , -0.43397676066707219     
 -0.29713312021751170      , -0.25814835544495218      , -0.41993532984433485     
 -0.31465760771461132      , -0.27437348785925458      , -0.40893679872533489     
 -0.33244229425489752      , -0.29167113772052305      , -0.40080929976955437     
 -0.35050247638521537      , -0.31005073261561378      , -0.39539651574186374     
 -0.36900900591698782      , -0.32955193639568431      , -0.39255974355020584     
 -0.38821509184131298      , -0.35024045017466282      , -0.39217926911047751     
 -0.40837800923783901      , -0.37220443197803904      , -0.39415518944159794     
 -0.42970961238193223      , -0.39555145607950276      , -0.39840779768278439     
 -0.45237080056760526      , -0.42040591799337096      , -0.40487762625429907     
 -0.47650276538601860      , -0.44690677909479126      , -0.41352522341094500     
 -0.50227260921615924      , -0.47520553392195697      , -0.42433071913709575     
 -0.52990860048977673      , -0.50546427174952702      , -0.43729321766365337     
 -0.55970989977005214      , -0.53785369066681721      , -0.45243003565478301     
 -0.59203001046367865      , -0.57255090604011283      , -0.46977578700513067     
 -0.62724410317500490      , -0.60973687501055940      , -0.48938129681772835     
 -0.66571288101109138      , -0.64959323398722135      , -0.51131230806695893     
 -0.70775097133285847      , -0.69229831675282183      , -0.53564792425562802     
 -0.75360163331485652      , -0.73802208723464602      , -0.56247870966875946     
 -0.80341704037960848      , -0.78691968457225403      , -0.59190434535887448     
 -0.85724475499164621      , -0.83912324162272045      , -0.62403071376360286     
 -0.91502292585158529      , -0.89473160635231996      , -0.65896625826376010     
 -0.97658618297900945      , -0.95379757650101715      , -0.69681743709137578     
  -1.0416804277170801      ,  -1.0163122633497086      , -0.73768306581018306     
  -1.1099794650935570      ,  -1.0821862475180342      , -0.78164732251353786     
  -1.1810932914681680      ,  -1.1512273020640964      , -0.82877118020333218     
  -1.2545595867781170      ,  -1.2231146665016239      , -0.87908203927150175     
  -1.3298162505853166      ,  -1.2973701971690170      , -0.93256137033902720     
  -1.4061606231004642      ,  -1.3733272361202213      , -0.98913025796572596     
  -1.4827064481649155      ,  -1.4500987710790152      ,  -1.0486328760822481     
  -1.5583500141992808      ,  -1.5265474263521797      ,  -1.1108181454454200     
  -1.6317524073229515      ,  -1.6012610163540415      ,  -1.1753201399794371     
  -1.7013383649084870      ,  -1.6725387318242921      ,  -1.2416382341557344     
  -1.7653075401677440      ,  -1.7383943355206446      ,  -1.3091185144058646     
  -1.8216534742469359      ,  -1.7965837066088675      ,  -1.3769385845074287     
  -1.8681893013329012      ,  -1.8446642303873391      ,  -1.4440985090625240     
  -1.9025855007689108      ,  -1.8800923057294496      ,  -1.5094211411549825     
  -1.9224313184677064      ,  -1.9003620552261886      ,  -1.5715652975031595     
  -1.9253351011004314      ,  -1.9031827982302114      ,  -1.6290549666315841     
  -1.9090772843810746      ,  -1.8866851170226828      ,  -1.6803267568421569     
  -1.8718216917893593      ,  -1.8496363551116888      ,  -1.7237959816215145     
  -1.8123763587932740      ,  -1.7916380410675179      ,  -1.7579391792960299     
  -1.7304774114521917      ,  -1.7132726957006661      ,  -1.7813877595971110     
  -1.6270549798198912      ,  -1.6161684807156373      ,  -1.7930244250309093     
  -1.5044344222651422      ,  -1.5029588695350191      ,  -1.7920717886868647     
  -1.3664258697144633      ,  -1.3771305048812259      ,  -1.7781619623086107     
  -1.2182467196368001      ,  -1.2427725453127778      ,  -1.7513773102249932     
  -1.0662027005752068      ,  -1.1042599496768615      ,  -1.7122560386931081     
 -0.91705973775466998      , -0.96591582889212391      ,  -1.6617612036872165     
 -0.77712847194414492      , -0.83170052098099057      ,  -1.6012170039848961     
 -0.65125838932245783      , -0.70496700230654741      ,  -1.5322206851177955     
 -0.54209393420687724      , -0.58830656487150945      ,  -1.4565410779602899     
 -0.44992391723815672      , -0.48349030064061937      ,  -1.3760153333794944     
 -0.37319867242059407      , -0.39149578312941646      ,  -1.2924539848468182     
 -0.30944946385164845      , -0.31259772590773183      ,  -1.2075617072594529     
 -0.25618532551979883      , -0.24649732083023929      ,  -1.1228778477963137     
 -0.21146717490538580      , -0.19246644036208602      ,  -1.0397377047734631     
 -0.17410793806547764      , -0.14948788969210711      , -0.95925310181428824     
 -0.14359637507558209      , -0.11637925082458615      , -0.88230924416551371     
 -0.11984880858970909      ,  -9.1893903499562668E-002 , -0.80957411805612767     
 -0.10287932848768783      ,  -7.4797586472046762E-002 , -0.74151662997261869     
  -9.2496908362461577E-002 ,  -6.3922072050415557E-002 , -0.67843005825751912     
  -8.8128062881016003E-002 ,  -5.8199293618304448E-002 , -0.62045799615403852     
  -8.8818173146935173E-002 ,  -5.6679925827361408E-002 , -0.56762064194083117     
  -9.3411488153752859E-002 ,  -5.8540348368154201E-002 , -0.51983993214592517     
 -0.10083248239884113      ,  -6.3081452805168317E-002 , -0.47696256091195804     
 -0.11031859689588364      ,  -6.9722116155089525E-002 , -0.43878036149152644     
 -0.12147448832897979      ,  -7.7989515728857151E-002 , -0.40504784664213661     
 -0.13413198512784930      ,  -8.7507878633341765E-002 , -0.37549692761449566     
 -0.14811440418455335      ,  -9.7986779594274140E-002 , -0.34984897538591037     
 -0.16305304916770708      , -0.10920972673848564      , -0.32782447175601614     
 -0.17837054872701180      , -0.12102349597512529      , -0.30915053859972014     
 -0.19343837154352991      , -0.13332847406205278      , -0.29356664452594172     
 -0.20780094961293741      , -0.14607013108359065      , -0.28082877981958682     
 -0.22132694109475506      , -0.15923164952925400      , -0.27071237047079422     
 -0.23421142614129173      , -0.17282767687931797      , -0.26301417569665608     
 -0.24684631361725393      , -0.18689913183338283      , -0.25755338429269542     
 -0.25964029689751550      , -0.20150897378470639      , -0.25417209580375427     
 -0.27288051645981387      , -0.21673883553326737      , -0.25273534436015060     
 -0.28669205141089305      , -0.23268641671678922      , -0.25313079693558804     
 -0.30109614265065782      , -0.24946353727361886      , -0.25526823416466127     
 -0.31612189169033755      , -0.26719475444867991      , -0.25907890083227025     
 -0.33190786804054401      , -0.28601645195124986      , -0.26451479464037853     
 -0.34874617780869777      , -0.30607631475629160      , -0.27154794566341145     
 -0.36705903132204354      , -0.32753310681370912      , -0.28016972472774587     
 -0.38733245882055301      , -0.35055667081892139      , -0.29039020643681313     
 -0.41004596327357812      , -0.37532806847835753      , -0.30223760130804356     
 -0.43562587352060028      , -0.40203977563750370      , -0.31575776104721937     
 -0.46442504316852112      , -0.43089583842782897      , -0.33101375087482215     
 -0.49671511593277312      , -0.46211188333042980      , -0.34808547250654798     
 -0.53268110931849710      , -0.49591485471487706      , -0.36706931029059908     
 -0.57242028328544103      , -0.53254232681396518      , -0.38807776046718501     
 -0.61595467105367141      , -0.57224120193494643      , -0.41123898881699250     
 -0.66326485579952255      , -0.61526556162170254      , -0.43669624430404413     
 -0.71434088571888232      , -0.66187338119341854      , -0.46460703482419996     
 -0.76923124519137109      , -0.71232174967747208      , -0.49514194493394065     
 -0.82806560597726409      , -0.76686015654029704      , -0.52848294357277537     
 -0.89103663223443064      , -0.82572131529877424      , -0.56482099157809673     
 -0.95834360818003839      , -0.88910889631946843      , -0.60435271386681955     
  -1.0301164184873071      , -0.95718144561732144      , -0.64727584989268017     
  -1.1063449096079274      ,  -1.0300316888973573      , -0.69378314002236041     
  -1.1868328439150573      ,  -1.1076603862467747      , -0.74405424852281254     
  -1.2711819316238986      ,  -1.1899439527310121      , -0.79824527282869806     
  -1.3587985526400537      ,  -1.2765952520927344      , -0.85647535524582685     
  -1.4489096897286873      ,  -1.3671173852263221      , -0.91880991527361622     
  -1.5405750282159956      ,  -1.4607510350535038      , -0.98524008462433921     
  -1.6326850517564939      ,  -1.5564171138177354      ,  -1.0556580887928402     
  -1.7239382299248347      ,  -1.6526582029154728      ,  -1.1298286242713289     
  -1.8127954607223931      ,  -1.7475846497656911      ,  -1.2073567810173433     
  -1.8974174061637954      ,  -1.8388341462472721      ,  -1.2876538045436170     
  -1.9755986482959211      ,  -1.9235568958115867      ,  -1.3699030094540989     
  -2.0447192225835873      ,  -1.9984414754470683      ,  -1.4530294256971485     
  -2.1017355989984572      ,  -2.0597981597360326      ,  -1.5356781714554506     
  -2.1432283866776358      ,  -2.1037152903137084      ,  -1.6162078635177315     
  -2.1655176211809777      ,  -2.1262985059202357      ,  -1.6927062008074754     
  -2.1648548836239878      ,  -2.1239908924464261      ,  -1.7630346532475247     
  -2.1377048340431424      ,  -2.0939542405694795      ,  -1.8249073791125396     
  -2.0811273717956777      ,  -2.0344698460352229      ,  -1.8760056647451384     
  -1.9932503218088797      ,  -1.9452969176045305      ,  -1.9141233645507050     
  -1.8737769025659001      ,  -1.8279153874829066      ,  -1.9373317682185185     
  -1.7244305729515017      ,  -1.6855855241203963      ,  -1.9441455890870691     
  -1.5492502052162780      ,  -1.5231832073349167      ,  -1.9336674312105187     
  -1.3547011508749416      ,  -1.3468136481388202      ,  -1.9056880830014979     
  -1.1495511270983914      ,  -1.1632561703974931      ,  -1.8607252165892612     
 -0.94431384555543896      , -0.97933229922058140      ,  -1.7999928104286804     
 -0.74998317689026828      , -0.80130503042066714      ,  -1.7253055011865772     
 -0.57605128407519590      , -0.63440384938197447      ,  -1.6389329214769353     
 -0.42838813726865577      , -0.48253394132337513      ,  -1.5434260887480573     
 -0.30803749475335118      , -0.34818283590830196      ,  -1.4414396800717835     
 -0.21178346453219571      , -0.23249812814134732      ,  -1.3355709038006018     
 -0.13427165620862647      , -0.13548555971593074      ,  -1.2282293332833776     
  -7.0407355565687196E-002 ,  -5.6269906219155272E-002 ,  -1.1215446562215881     
  -1.6784649862972446E-002 ,   6.6318975710786821E-003 ,  -1.0173126590833490     
   2.8142095479331542E-002 ,   5.5061524558877140E-002 , -0.91697499538263172     
   6.4585906174089408E-002 ,   9.1014157251776917E-002 , -0.82162566727776609     
   9.2102995082634392E-002 ,  0.11648438835860699      , -0.73203639435533829     
  0.11028768552087898      ,  0.13336077817771405      , -0.64869359043157415     
  0.11935398014435644      ,  0.14336166147433382      , -0.57184093095123456     
  0.12038131685269116      ,  0.14800295290998974      , -0.50152299788620158     
  0.11523947926450720      ,  0.14858893126008563      , -0.43762692591034791     
  0.10626796750531486      ,  0.14621829166196354      , -0.37992018122204974     
   9.5680371818224266E-002 ,  0.14179943589764171      , -0.32808352909402183     
   8.4909104306512204E-002 ,  0.13607060347492927      , -0.28173890008174274     
   7.4334757193633971E-002 ,  0.12962183015824019      , -0.24047229154001515     
   6.3572599890564893E-002 ,  0.12291679566143585      , -0.20385209363802392     
   5.2104713441664757E-002 ,  0.11631340530896644      , -0.17144335712803233     
   3.9914369083191042E-002 ,  0.11008249150981247      , -0.14281856471464840     
   2.7767278423850246E-002 ,  0.10442437711713656      , -0.11756546009112379     
   1.6942613962341504E-002 ,   9.9483265975480822E-002 ,  -9.5292450698742537E-002
   8.6170547051129445E-003 ,   9.5359557810579046E-002 ,  -7.5632046969053610E-002
   3.3530168495111224E-003 ,   9.2120256097234787E-002 ,  -5.8242741815565935E-002
   9.7382204711942127E-004 ,   8.9807670522331809E-002 ,  -4.2809675278040152E-002
   8.1480292903314197E-004 ,   8.8446624947945987E-002 ,  -2.9044373790967137E-002
   2.1598082664327431E-003 ,   8.8050377067792895E-002 ,  -1.6683803224649796E-002
   4.6093635747159519E-003 ,   8.8625443418063860E-002 ,  -5.4889303017962065E-003
   8.2068305881853442E-003 ,   9.0175506903978228E-002 ,   4.7570517042281801E-003
   1.3303734929817984E-002 ,   9.2704565893845861E-002 ,   1.4250710197358178E-002
   2.0270436645781483E-002 ,   9.6219465629758111E-002 ,   2.3170478593267770E-002
   2.9229884065221763E-002 ,  0.10073193503900983      ,   3.1678808289697137E-002
   3.9963771150616383E-002 ,  0.10626023546901686      ,   3.9924315065625528E-002
   5.2013979348810302E-002 ,  0.11283051264599034      ,   4.8043883403733036E-002
   6.4892848858455879E-002 ,  0.12047792935848968      ,   5.6164704860415256E-002
   7.8278258847037346E-002 ,  0.12924764397219127      ,   6.4406236612651963E-002
   9.2090780640127545E-002 ,  0.13919568879702723      ,   7.2882074089193616E-002
  0.10643837213832281      ,  0.15038979239713457      ,   8.1701737491125151E-002
  0.12151659933559034      ,  0.16291018095003260      ,   9.0972376317400280E-002
  0.13755037824715372      ,  0.17685038546522014      ,  0.10080039897459114     
  0.15478939171271727      ,  0.19231807375030874      ,  0.11129303635303416     
  0.17353135824544783      ,  0.20943591808758993      ,  0.12255984902471209     
  0.19413263036360909      ,  0.22834250119983526      ,  0.13471418753482758     
  0.21696555896670450      ,  0.24919325368583059      ,  0.14787461413054032     
  0.24233339389761246      ,  0.27216140501006614      ,  0.16216629213985403     
  0.27040474237623890      ,  0.29743891648856235      ,  0.17772234594660688     
  0.30121596943672047      ,  0.32523734746483168      ,  0.19468518987864572     
  0.33474289215171704      ,  0.35578858369275485      ,  0.21320781800241143     
  0.37100681410432906      ,  0.38934532818804513      ,  0.23345503833546014     
  0.41016338850751316      ,  0.42618121744158366      ,  0.25560462372991749     
  0.45253191731654435      ,  0.46659037743175252      ,  0.27984833683908750     
  0.49855996970190469      ,  0.51088617139247883      ,  0.30639276713294245     
  0.54875315321211660      ,  0.55939881143258230      ,  0.33545989260639347     
  0.60360892479604145      ,  0.61247140525082377      ,  0.36728724609690205     
  0.66357307897904616      ,  0.67045388387585647      ,  0.40212752422049775     
  0.72901150878163856      ,  0.73369410400377422      ,  0.44024742390437027     
  0.80018476651226544      ,  0.80252523878664739      ,  0.48192542541007199     
  0.87722182262784620      ,  0.87724836805713469      ,  0.52744816004763362     
  0.96009479437937029      ,  0.95810896533412482      ,  0.57710490493869326     
   1.0486061693974016      ,   1.0452657805728223      ,  0.63117963775002872     
   1.1424038296208763      ,   1.1387504820354777      ,  0.68993996663175328     
   1.2410170270845937      ,   1.2384164273482181      ,  0.75362213632406572     
   1.3438802599730058      ,   1.3438752066554114      ,  0.82241122208398265     
   1.4503115569863565      ,   1.4544203201472676      ,  0.89641559472431365     
   1.5594314421676254      ,   1.5689387609178072      ,  0.97563482829485038     
   1.6700349768957687      ,   1.6858136658766292      ,   1.0599205065801458     
   1.7804579936512404      ,   1.8028248692118054      ,   1.1489299706560232     
   1.8884869898664667      ,   1.9170593339240956      ,   1.2420740599845279     
   1.9913381255620157      ,   2.0248499264203508      ,   1.3384614507544750     
   2.0856947837651467      ,   2.1217681005363196      ,   1.4368443490931841     
   2.1677714465346409      ,   2.2027020523138305      ,   1.5355729780716709     
   2.2333736223970995      ,   2.2620538223631388      ,   1.6325691829374855     
   2.2779519982367584      ,   2.2940825631095625      ,   1.7253318865775926     
   2.2966920251013008      ,   2.2934025096515773      ,   1.8109879719485740     
   2.2847170655132709      ,   2.2556108582566328      ,   1.8864000927656583     
   2.2374899824581460      ,   2.1779756365249536      ,   1.9483366994347122     
   2.1514511421779980      ,   2.0600674067786091      ,   1.9936988387326597     
   2.0248190964650234      ,   1.9041894755754216      ,   2.0197843039439829     
   1.8583471542103400      ,   1.7154692943814802      ,   2.0245557812127513     
   1.6558099505580337      ,   1.5015302430138926      ,   2.0068705581414674     
   1.4241920489164877      ,   1.2717598040209583      ,   1.9666297015238157     
   1.1737363854646152      ,   1.0362971825751546      ,   1.9048163682796677     
  0.91775387782838536      ,  0.80493991239132967      ,   1.8234138682300103     
  0.67156685929427484      ,  0.58618396610125834      ,   1.7252181534258575     
  0.44999288155783129      ,  0.38656124625243360      ,   1.6135790714816123     
  0.26366409732463503      ,  0.21034630813473335      ,   1.4921143988777912     
  0.11578831613779555      ,   5.9608695163686748E-002 ,   1.3644388805009304     
   1.7712778247292102E-003 ,  -6.5479933137011226E-002 ,   1.2339398472094227     
  -8.7438743876931457E-002 , -0.16620055027530495      ,   1.1036162944159156     
 -0.16057986418412706      , -0.24481000764352695      ,  0.97598429919751772     
 -0.22300074685734100      , -0.30410886996064257      ,  0.85304136147876719     
 -0.27645733206249778      , -0.34709476490187574      ,  0.73627664433751827     
 -0.32055976536087655      , -0.37671289195006802      ,  0.62671257737338548     
 -0.35411953769536808      , -0.39569614814294074      ,  0.52496455981118595     
 -0.37629715240167916      , -0.40647782964416257      ,  0.43130818574931273     
 -0.38766717459599870      , -0.41115746707718875      ,  0.34574645755035577     
 -0.39038153776536533      , -0.41150210621487715      ,  0.26807221390270930     
 -0.38756300101691210      , -0.40896890310199524      ,  0.19792318892810590     
 -0.38275391689533650      , -0.40473875859198022      ,  0.13482868670199558     
 -0.37913659755299406      , -0.39975409662649936      ,   7.8247876867343358E-002
 -0.37837944798492212      , -0.39475651542952789      ,   2.7600314319150377E-002
 -0.38014658153603686      , -0.39032191242298492      ,  -1.7710416716385423E-002
 -0.38277160835137436      , -0.38689192741735651      ,  -5.8278932325788971E-002
 -0.38446821186369545      , -0.38480132170628584      ,  -9.4685166360762144E-002
 -0.38450422147244151      , -0.38430135678688487      , -0.12748546907213734     
 -0.38384854189817452      , -0.38557946906189577      , -0.15720688788408219     
 -0.38470240473982964      , -0.38877563790933228      , -0.18434394603443194     
 -0.38917787178369656      , -0.39399586905819672      , -0.20935734501658584     
 -0.39822463578235956      , -0.40132319833040991      , -0.23267411661505247     
 -0.41142507777315629      , -0.41082658358391927      , -0.25468883757681537     
 -0.42751799183687961      , -0.42256800707019559      , -0.27576559431625691     
 -0.44527771594236570      , -0.43660806267782115      , -0.29624044721241904     
 -0.46420936514084771      , -0.45301025559336150      , -0.31642419513785502     
 -0.48469537475483143      , -0.47184419680003337      , -0.33660528206910106     
 -0.50765846413917359      , -0.49318783156868379      , -0.35705272011539529     
 -0.53399397766539847      , -0.51712879917563415      , -0.37801892807114496     
 -0.56410870995517626      , -0.54376497977004823      , -0.39974240249018106     
 -0.59785152645363071      , -0.57320424278403181      , -0.42245014997122587     
 -0.63478226663724979      , -0.60556336871600913      , -0.44635981535506558     
 -0.67453533465787852      , -0.64096607180850518      , -0.47168144125200534     
 -0.71709868928637555      , -0.67954000459510544      , -0.49861879002709569     
 -0.76284850827522754      , -0.72141257642418488      , -0.52737015029433365     
 -0.81228013371569119      , -0.76670536747726248      , -0.55812853633776005     
 -0.86568617005977777      , -0.81552686917319506      , -0.59108117101442681     
 -0.92304902433213676      , -0.86796323453109814      , -0.62640812116689004     
 -0.98411785539782604      , -0.92406668383501045      , -0.66427993038313904     
  -1.0485665779161415      , -0.98384119101453216      , -0.70485406880495360     
  -1.1161487415470177      ,  -1.0472250883707017      , -0.74826999640014280     
  -1.1867069153058818      ,  -1.1140702913966432      , -0.79464261903395428     
  -1.2600155039041523      ,  -1.1841179882630797      , -0.84405391227026083     
  -1.3356182266897128      ,  -1.2569708943107780      , -0.89654250528706636     
  -1.4127719974147641      ,  -1.3320625811600497      , -0.95209106900782137     
  -1.4904922739755140      ,  -1.4086249955284553      ,  -1.0106114543405447     
  -1.5676460989717105      ,  -1.4856561204709910      ,  -1.0719276969676881     
  -1.6430195799009442      ,  -1.5618908147046162      ,  -1.1357572641826892     
  -1.7152994534147374      ,  -1.6357791596741007      ,  -1.2016912837629112     
  -1.7829847536910810      ,  -1.7054780339848252      ,  -1.2691749722667758     
  -1.8442917620110011      ,  -1.7688628873783263      ,  -1.3374900584707226     
  -1.8971172308577762      ,  -1.8235674200729917      ,  -1.4057416326856329     
  -1.9390890748975327      ,  -1.8670585584756816      ,  -1.4728524544807782     
  -1.9676740795004137      ,  -1.8967521385750084      ,  -1.5375681751794532     
  -1.9803032323419214      ,  -1.9101705150628026      ,  -1.5984769812271005     
  -1.9745126485021363      ,  -1.9051366868038477      ,  -1.6540466183546458     
  -1.9481074098310585      ,  -1.8799909029060546      ,  -1.7026804229180070     
  -1.8993651134803187      ,  -1.8338064567641899      ,  -1.7427917898376235     
  -1.8273054388491714      ,  -1.7665738233804884      ,  -1.7728935811366489     
  -1.7320069453900504      ,  -1.6793193399910480      ,  -1.7916957382361516     
  -1.6149050707271979      ,  -1.5741287994909499      ,  -1.7982014834472844     
  -1.4790048202102393      ,  -1.4540585711738296      ,  -1.7917907942460058     
  -1.3289497243555188      ,  -1.3229355864692047      ,  -1.7722800115972297     
  -1.1708697366148690      ,  -1.1850684983651558      ,  -1.7399488134297523     
  -1.0119146296669619      ,  -1.0449098261764556      ,  -1.6955300711564372     
 -0.85941336540435809      , -0.90671780055009554      ,  -1.6401634518064443     
 -0.71974226632574823      , -0.77426443399857336      ,  -1.5753188259838156     
 -0.59721367673111425      , -0.65062418559314306      ,  -1.5026994293425207     
 -0.49344405714440776      , -0.53805960856055846      ,  -1.4241365517228026     
 -0.40752256277983501      , -0.43800192017994610      ,  -1.3414871510683963     
 -0.33689535328895098      , -0.35111004356225739      ,  -1.2565436330226010     
 -0.27850697812331282      , -0.27738372851379317      ,  -1.1709618668190174     
 -0.22970134747918125      , -0.21630490680726164      ,  -1.0862101432000582     
 -0.18866076169187013      , -0.16698485479310698      ,  -1.0035388660824414     
 -0.15445312379137413      , -0.12830075441590932      , -0.92396866930221366     
 -0.12683654858846033      ,  -9.9011800828282467E-002 , -0.84829344980179178     
 -0.10592006462758170      ,  -7.7850703932708876E-002 , -0.77709439787087953     
  -9.1779253938287009E-002 ,  -6.3590613793592488E-002 , -0.71076127246323817     
  -8.4151008135146990E-002 ,  -5.5090083998159803E-002 , -0.64951768650273467     
  -8.2300488544105890E-002 ,  -5.1319928652182122E-002 , -0.59344783846858606     
  -8.5101858847307421E-002 ,  -5.1376111790610725E-002 , -0.54252281249798806     
  -9.1310630768186574E-002 ,  -5.4482506497482014E-002 , -0.49662518528688282     
  -9.9897499383293106E-002 ,  -5.9986771525834218E-002 , -0.45557118450738321     
 -0.11025173747705756      ,  -6.7351918144290771E-002 , -0.41913003141958882     
 -0.12214300840267310      ,  -7.6145498697450006E-002 , -0.38704037906701927     
 -0.13548626505516673      ,  -8.6027798752510112E-002 , -0.35902394463510756     
 -0.15006373832975495      ,  -9.6739974650656230E-002 , -0.33479655016284376     
 -0.16537809561897060      , -0.10809274326090544      , -0.31407684844854894     
 -0.18073078975532014      , -0.11995598579839001      , -0.29659303637498741     
 -0.19546932146884358      , -0.13224945471734162      , -0.28208785835243927     
 -0.20923727866832315      , -0.14493465480064185      , -0.27032218738771446     
 -0.22207968600262146      , -0.15800789211005009      , -0.26107744707156139     
 -0.23436393047180004      , -0.17149443591142843      , -0.25415710912940392     
 -0.24658123260199113      , -0.18544371031143450      , -0.24938747116086327     
 -0.25914174115548250      , -0.19992541770844602      , -0.24661788975310234     
 -0.27225896257911597      , -0.21502649063002746      , -0.24572061646105828     
 -0.28596034697445971      , -0.23084876878264615      , -0.24659035883437774     
 -0.30019701204597848      , -0.24750730180244249      , -0.24914366600070298     
 -0.31498385864321765      , -0.26512918355277493      , -0.25331821830752771     
 -0.33049788998416801      , -0.28385282959556735      , -0.25907208303752821     
 -0.34709635128996802      , -0.30382761469181757      , -0.26638298299531660     
 -0.36526277746002028      , -0.32521379106320952      , -0.27524761149537930     
 -0.38552169051824781      , -0.34818260996592526      , -0.28568101558953890     
 -0.40836629358560739      , -0.37291656820932029      , -0.29771605884614949     
 -0.43421943043791783      , -0.39960969688581727      , -0.31140296518496530     
 -0.46341814753370469      , -0.42846780097640164      , -0.32680893569513642     
 -0.49620417338826089      , -0.45970854475326928      , -0.34401782048743806     
 -0.53271568081411902      , -0.49356125796539929      , -0.36312981686817919     
 -0.57298960800774723      , -0.53026631045188799      , -0.38426115281641809     
 -0.61698740375583383      , -0.57007386672513005      , -0.40754370016543978     
 -0.66464882705578898      , -0.61324178576453203      , -0.43312444421807728     
 -0.71595989798676607      , -0.66003237338925247      , -0.46116471487057925     
 -0.77100574055516280      , -0.71070762410160104      , -0.49183905773979042     
 -0.82998113836743348      , -0.76552250598750449      , -0.52533359135827784     
 -0.89314956778667454      , -0.82471574748206744      , -0.56184365743896569     
 -0.96076354107168371      , -0.88849748268377926      , -0.60157052509409392     
  -1.0329742352115110      , -0.95703301110356997      , -0.64471685702333670     
  -1.1097598181123824      ,  -1.0304218440011301      , -0.69148058764199649     
  -1.1908892964150970      ,  -1.1086711689674305      , -0.74204680358594444     
  -1.2759211063826299      ,  -1.1916629079707703      , -0.79657716295425818     
  -1.3642231353999892      ,  -1.2791137317463777      , -0.85519635278332806     
  -1.4549979338407097      ,  -1.3705278083744008      , -0.91797508300500474     
  -1.5472993651845581      ,  -1.4651428133852800      , -0.98490917658624821     
  -1.6400298969905891      ,  -1.5618709377351614      ,  -1.0558944769156287     
  -1.7319109702872639      ,  -1.6592384213378226      ,  -1.1306976022292721     
  -1.8214255306973253      ,  -1.7553295920387670      ,  -1.2089230872994532     
  -1.9067412914871431      ,  -1.8477444638281029      ,  -1.2899782167765024     
  -1.9856335522793305      ,  -1.9335823784575716      ,  -1.3730379039287575     
  -2.0554331693207208      ,  -2.0094673378281551      ,  -1.4570132840711101     
  -2.1130234884137260      ,  -2.0716324741702135      ,  -1.5405291632885045     
  -2.1549002219389499      ,  -2.1160799622598705      ,  -1.6219168435451898     
  -2.1772991031267130      ,  -2.1388267571723301      ,  -1.6992297223010837     
  -2.1763959156649255      ,  -2.1362343452227091      ,  -1.7702888766971601     
  -2.1485912786955272      ,  -2.1054020599515408      ,  -1.8327639813947796     
  -2.0908957868576525      ,  -2.0445807668991480      ,  -1.8842909353405151     
  -2.0014104124078034      ,  -1.9535423966589387      ,  -1.9226215166584080     
  -1.8798466565518790      ,  -1.8338290488603362      ,  -1.9457930344686416     
  -1.7279832332289795      ,  -1.6888114028237018      ,  -1.9522989358118306     
  -1.5499665203511839      ,  -1.5235141097589926      ,  -1.9412368422279591     
  -1.3524211810370246      ,  -1.3442120210571691      ,  -1.9124105565793181     
  -1.1443220209180676      ,  -1.1578532144471796      ,  -1.8663681352799042     
 -0.93642131612616519      , -0.97140576902449882      ,  -1.8043683566136113     
 -0.73993945761765900      , -0.79124071353522030      ,  -1.7282803210774276     
 -0.56451345657750218      , -0.62264865754680543      ,  -1.6404321365977033     
 -0.41601052034522734      , -0.46954913069346166      ,  -1.5434317569348321     
 -0.29531145834748668      , -0.33440429339267902      ,  -1.4399846537350298     
 -0.19894979648025832      , -0.21830781663064763      ,  -1.3327295467317848     
 -0.12135393723727582      , -0.12119519779513725      ,  -1.2241066936955947     
  -5.7331143973013157E-002 ,  -4.2115597683410992E-002 ,  -1.1162655197519116     
  -3.4995191898801771E-003 ,   2.0486709436646308E-002 ,  -1.0110115465697123     
   4.1598157330107965E-002 ,   6.8517777469615099E-002 , -0.90978775496973741     
   7.8082580869708457E-002 ,  0.10402626193743578      , -0.81368293448099915     
  0.10544995440617526      ,  0.12904874663052246      , -0.72345890814728753     
  0.12328907095558080      ,  0.14550507020936551      , -0.63958917068628618     
  0.13186642219346156      ,  0.15513562773870865      , -0.56230283043951657     
  0.13234982845792448      ,  0.15947093878374241      , -0.49162931722975295     
  0.12670624712995943      ,  0.15982416769303215      , -0.42744079806285401     
  0.11736004631911592      ,  0.15729872395344635      , -0.36949047281843572     
  0.10657267916996235      ,  0.15280484568268940      , -0.31744585488358845     
   9.5770048332690400E-002 ,  0.14708076104513482      , -0.27091679461893292     
   8.5282653577634496E-002 ,  0.14071543813105639      , -0.22947842460269577     
   7.4664183668722406E-002 ,  0.13417102251796589      , -0.19268945063371956     
   6.3356077739560993E-002 ,  0.12780384748378712      , -0.16010633292912446     
   5.1341993428707995E-002 ,  0.12188343978152048      , -0.13129393972555115     
   3.9425890541707656E-002 ,  0.11660929459036382      , -0.10583324203678925     
   2.8934955010792823E-002 ,  0.11212541045637760      ,  -8.3326575815892520E-002
   2.1072541842508195E-002 ,  0.10853270131855734      ,  -6.3400941043187109E-002
   1.6396092223449388E-002 ,  0.10589946947631626      ,  -4.5709745725188280E-002
   1.4703325388388658E-002 ,  0.10427015253733518      ,  -2.9933342086985087E-002
   1.5303727285895951E-002 ,  0.10367256371322282      ,  -1.5778645510833335E-002
   1.7472985631541340E-002 ,  0.10412383785823971      ,  -2.9780755577153233E-003
   2.0826799775972273E-002 ,  0.10563528140448651      ,   8.7119867305855848E-003
   2.5439086587870106E-002 ,  0.10821630655474181      ,   1.9513070123515407E-002
   3.1691902829623690E-002 ,  0.11187761099747581      ,   2.9626691293402192E-002
   3.9971579778830174E-002 ,  0.11663374533339807      ,   3.9236545986113792E-002
   5.0397690725548061E-002 ,  0.12250519210664432      ,   4.8510742915426050E-002
   6.2737353402816887E-002 ,  0.12952006322130361      ,   5.7604029240280456E-002
   7.6521385500568348E-002 ,  0.13771550677706540      ,   6.6659972083182917E-002
   9.1267158768880294E-002 ,  0.14713890001021801      ,   7.5813073027227965E-002
  0.10667844330658943      ,  0.15784889200725963      ,   8.5190802334656729E-002
  0.12271710426813827      ,  0.16991634801598865      ,   9.4915547152699190E-002
  0.13953577314797147      ,  0.18342523629126711      ,  0.10510647354626416     
  0.15736831134103946      ,  0.19847348819084690      ,  0.11588130609579436     
  0.17646816723390929      ,  0.21517385232113451      ,  0.12735803123493067     
  0.19710477471597351      ,  0.23365475348327366      ,  0.13965653162546596     
  0.21959032147132856      ,  0.25406115644904970      ,  0.15290015875808619     
  0.24429402414799131      ,  0.27655542254615456      ,  0.16721724963564050     
  0.27160039832824062      ,  0.30131813284431563      ,  0.18274259076972924     
  0.30182332978023052      ,  0.32854883440907107      ,  0.19961882863850883     
  0.33514127048020564      ,  0.35846664439448767      ,  0.21799781994534886     
  0.37160245755983118      ,  0.39131061915952309      ,  0.23804190709181647     
  0.41119957893317632      ,  0.42733976025768178      ,  0.25992509369566286     
  0.45397668703196675      ,  0.46683248383084736      ,  0.28383408103491098     
  0.50011498262809106      ,  0.51008532201043177      ,  0.30996910807541045     
  0.54995460907259197      ,  0.55741055142552731      ,  0.33854451411498021     
  0.60394934958785140      ,  0.60913235169282998      ,  0.36978891269851522     
  0.66258694397839935      ,  0.66558098285394907      ,  0.40394482676344723     
  0.72631597784163615      ,  0.72708433304494668      ,  0.44126758626840140     
  0.79549812309751977      ,  0.79395602623684047      ,  0.48202322918040019     
  0.87037727642254481      ,  0.86647909879151963      ,  0.52648507335109662     
  0.95105253704102677      ,  0.94488406424180749      ,  0.57492854014299799     
   1.0374512547950652      ,   1.0293200115880103      ,  0.62762371220481183     
   1.1293032498972175      ,   1.1198172657769607      ,  0.68482500244872102     
   1.2261271678084327      ,   1.2162401498838087      ,  0.74675720953346603     
   1.3272429972694353      ,   1.3182286351005581      ,  0.81359715612049432     
   1.4318011380475384      ,   1.4251283035935616      ,  0.88545008151459337     
   1.5387935873400558      ,   1.5359092905780751      ,  0.96232003866968674     
   1.6470169588796637      ,   1.6490769691601981      ,   1.0440737963954980     
   1.7549809050643757      ,   1.7625803520093120      ,   1.1303982621456463     
   1.8607827643005075      ,   1.8737286770511576      ,   1.2207523257973252     
   1.9619943727093792      ,   1.9791323337539792      ,   1.3143153831750887     
   2.0556072114967092      ,   2.0746905761774594      ,   1.4099366878493840     
   2.1380520648646257      ,   2.1556539445227054      ,   1.5060920462594489     
   2.2052764643810780      ,   2.2167915023342668      ,   1.6008569537318578     
   2.2528542866089158      ,   2.2526884218042524      ,   1.6919075042317528     
   2.2761216572960308      ,   2.2581843870692953      ,   1.7765613825387028     
   2.2703742562795575      ,   2.2289354566246842      ,   1.8518697931255470     
   2.2311957141120060      ,   2.1620431645734275      ,   1.9147661847452768     
   2.1549790065682490      ,   2.0566529170936714      ,   1.9622686169821451     
   2.0396247991566998      ,   1.9143940614837531      ,   1.9917204286638490     
   1.8852727249722889      ,   1.7395340488428781      ,   2.0010411052933321     
   1.6948553666954782      ,   1.5387608201874197      ,   1.9889499507456627     
   1.4743851974748450      ,   1.3205875736851553      ,   1.9551235362441517     
   1.2330695636640665      ,   1.0944698721640391      ,   1.9002562817400708     
  0.98321831545718519      ,  0.86980197130440695      ,   1.8260108125278076     
  0.73944422023451606      ,  0.65498696600371087      ,   1.7348662255019947     
  0.51653168975255415      ,  0.45674402410833626      ,   1.6298915649064565     
  0.32604192398643372      ,  0.27974115223213653      ,   1.5144830970439576     
  0.17293733862566407      ,  0.12655500924438956      ,   1.3921050714225933     
   5.4461487519060728E-002 ,  -2.1093609545281568E-003 ,   1.2660659784698975     
  -3.7415735635365127E-002 , -0.10703999294361360      ,   1.1393497488246689     
 -0.11153654132946686      , -0.19008160102014149      ,   1.0145082306768012     
 -0.17407985370441473      , -0.25371953242299472      ,  0.89361081724419855     
 -0.22770443297119292      , -0.30073129688479561      ,  0.77824067797363217     
 -0.27262566395435756      , -0.33392454246025399      ,  0.66952453904332021     
 -0.30791970338005231      , -0.35596005720225277      ,  0.56818335328088643     
 -0.33260234747789075      , -0.36924698732802863      ,  0.47459326396003948     
 -0.34671761555589609      , -0.37589322082260024      ,  0.38884895656509771     
 -0.35179555478875102      , -0.37769423707262845      ,  0.31082411065795684     
 -0.35047517069744266      , -0.37614639022080093      ,  0.24022584882287670     
 -0.34601042134309401      , -0.37247398388673925      ,  0.17664171537082027     
 -0.34162355633719138      , -0.36766269850571237      ,  0.11957883348917736     
 -0.33941297285837685      , -0.36249455027626887      ,   6.8495581330194732E-002
 -0.33962152585897420      , -0.35758150586839088      ,   2.2826506073900316E-002
 -0.34099344688453853      , -0.35339622047587044      ,  -1.7998639778078043E-002
 -0.34183423278641201      , -0.35029923678836039      ,  -5.4540824849171811E-002
 -0.34117003648228428      , -0.34856251030891594      ,  -8.7341759806201569E-002
 -0.33954433398841205      , -0.34838942264384626      , -0.11691723052267909     
 -0.33885726675673150      , -0.34993159229674742      , -0.14375306250130479     
 -0.34124300110005323      , -0.35330285041969134      , -0.16830313786135651     
 -0.34791366360050235      , -0.35859075534454887      , -0.19098898192971681     
 -0.35874778998915152      , -0.36586599856871060      , -0.21220052210168877     
 -0.37264154409260369      , -0.37519002047089617      , -0.23229769598738090     
 -0.38830684089408346      , -0.38662111437854607      , -0.25161264904947012     
 -0.40502891225718951      , -0.40021925684407017      , -0.27045231471455861     
 -0.42295639447346456      , -0.41604986199587363      , -0.28910121329269922     
 -0.44288933598389513      , -0.43418661921318441      , -0.30782434099060302     
 -0.46577203926599081      , -0.45471353602796433      , -0.32687004780146445     
 -0.49219043373515753      , -0.47772627159494169      , -0.34647282392138790     
 -0.52218111966869007      , -0.50333280959024207      , -0.36685592925790400     
 -0.55539890905349976      , -0.53165348217388397      , -0.38823381009042951     
 -0.59144663081103033      , -0.56282031778690689      , -0.41081425140154459     
 -0.63018052578019002      , -0.59697564414214421      , -0.43480021307211597     
 -0.67183056951346387      , -0.63426983296738892      , -0.46039129315319621     
 -0.71683278689906094      , -0.67485802422642949      , -0.48778475182937375     
 -0.76553616336405317      , -0.71889561443919947      , -0.51717601545449898     
 -0.81806129546517437      , -0.76653223684161209      , -0.54875856116675947     
 -0.87434344982398349      , -0.81790390218311593      , -0.58272305918769784     
 -0.93426043485856702      , -0.87312291159351063      , -0.61925562236534037     
 -0.99776999833930080      , -0.93226510369459192      , -0.65853498173058778     
  -1.0649349696431463      , -0.99535396770232754      , -0.70072837453749337     
  -1.1357808740396489      ,  -1.0623411591474730      , -0.74598590049483626     
  -1.2101168412307528      ,  -1.1330830190770358      , -0.79443307761640658     
  -1.2874552320623627      ,  -1.2073128544503686      , -0.84616131890993951     
  -1.3670466753746691      ,  -1.2846090303135032      , -0.90121606603373261     
  -1.4479816373910837      ,  -1.3643594057596606      , -0.95958237131782331     
  -1.5292851594157293      ,  -1.4457233725700702      ,  -1.0211678349887090     
  -1.6099309066248424      ,  -1.5275937779192856      ,  -1.0857830039380234     
  -1.6887630296024407      ,  -1.6085623533591964      ,  -1.1531196477268890     
  -1.7643795779291209      ,  -1.6868938939161400      ,  -1.2227277695525685     
  -1.8350459731089364      ,  -1.7605161903145281      ,  -1.2939927958138346     
  -1.8986834032874662      ,  -1.8270343129837907      ,  -1.3661151039794051     
  -1.9529183066176297      ,  -1.8837787772127064      ,  -1.4380948387112886     
  -1.9951523013348087      ,  -1.9278966816365157      ,  -1.5087257139824952     
  -2.0226397763972019      ,  -1.9564922881605553      ,  -1.5766020145148025     
  -2.0325795302879821      ,  -1.9668179842404507      ,  -1.6401430354681412     
  -2.0222394455104604      ,  -1.9565078935156675      ,  -1.6976384459203631     
  -1.9891591628756002      ,  -1.9238352622592316      ,  -1.7473162883833551     
  -1.9314520295368223      ,  -1.8679631247608479      ,  -1.7874324592804500     
  -1.8481721709338830      ,  -1.7891488963989355      ,  -1.8163767754887499     
  -1.7396844684404056      ,  -1.6888613174542515      ,  -1.8327867172578691     
  -1.6079730369606884      ,  -1.5697756537403367      ,  -1.8356565804305158     
  -1.4568285854543637      ,  -1.4356308657342878      ,  -1.8244281277482193     
  -1.2918647728998085      ,  -1.2909575812169940      ,  -1.7990497282333926     
  -1.1202880024371391      ,  -1.1407118013422741      ,  -1.7599946421626305     
 -0.95029200765121935      , -0.98986866166433762      ,  -1.7082349636031091     
 -0.78998889206923029      , -0.84303727905915227      ,  -1.6451744759519611     
 -0.64601940226633336      , -0.70414998917810345      ,  -1.5725497021054149     
