  0.32703550483231458      ,   2.1229450724483714      ,   1.4655193661558268     
  0.58082123913891970      ,   2.1929852415350255      ,   1.5610585270229873     
  0.61497063662796869      ,   2.2400776937172493      ,   1.6539053462152871     
  0.70491636676725389      ,   2.2589017442634218      ,   1.7415228812149708     
  0.77079835412180908      ,   2.2447042742917840      ,   1.8210630112943438     
  0.80991089353241341      ,   2.1939089102960634      ,   1.8894909061409448     
  0.82120134526877497      ,   2.1047402225179983      ,   1.9437656688917380     
  0.82053095810187437      ,   1.9777454803439807      ,   1.9810672081207392     
  0.81662977995384856      ,   1.8160821072783706      ,   1.9990464820024860     
  0.81252074843804489      ,   1.6254624622894605      ,   1.9960649989817625     
  0.80735174470535376      ,   1.4137129629515430      ,   1.9713841858516696     
  0.79898803015650932      ,   1.1899972664110152      ,   1.9252693066812612     
  0.78572303857748804      ,  0.96384218103004549      ,   1.8589865037522069     
  0.76695335070840864      ,  0.74415591195967179      ,   1.7746919444430655     
  0.74328217735407076      ,  0.53842131673974125      ,   1.6752329415465239     
  0.71651989456743281      ,  0.35218728446955988      ,   1.5638959838847664     
  0.68963580936575286      ,  0.18889565376218667      ,   1.4441420266186100     
  0.66639374076335711      ,   5.0001978019320249E-002 ,   1.3193650556489360     
  0.65045810451770258      ,  -6.4700883798565631E-002 ,   1.1926989228874905     
  0.64414330960702337      , -0.15666063759309845      ,   1.0668841267543117     
  0.64738565716618179      , -0.22813426990100699      ,  0.94419438639734021     
  0.65754835123528266      , -0.28180797976757588      ,  0.82641469034470127     
  0.67032883770234930      , -0.32049834109380249      ,  0.71485843581946695     
  0.68140724346247028      , -0.34694074961631782      ,  0.61041059040920653     
  0.68777288558824179      , -0.36365620077566646      ,  0.51358530372947420     
  0.68777013404109011      , -0.37288048745330526      ,  0.42458891988492709     
  0.67983516464096527      , -0.37653861886822665      ,  0.34338204425120999     
  0.66065052269120950      , -0.37624917459232166      ,  0.26973670639260389     
  0.62425643522107577      , -0.37334652660465156      ,  0.20328652779630416     
  0.56437341092085846      , -0.36891220776140959      ,  0.14356912745924336     
  0.47984593432409661      , -0.36380958762195265      ,   9.0060855130340983E-002
  0.37755597415405223      , -0.35871823902491112      ,   4.2204439621893741E-002
  0.26775805530399660      , -0.35416596004674755      ,  -5.6961569239652996E-004
  0.15810437802158692      , -0.35055746826940914      ,  -3.8826978221081797E-002
   5.2742542092956514E-002 , -0.34819944144875398      ,  -7.3117879548269940E-002
  -4.7627129001795693E-002 , -0.34732196114584557      , -0.10396913675487859     
 -0.14527073611910632      , -0.34809661831423416      , -0.13187907821838246     
 -0.24250155736311479      , -0.35065163044657438      , -0.15731475324318300     
 -0.33893580927946698      , -0.35508434474769440      , -0.18071090378070817     
 -0.43073566436781702      , -0.36147149037983400      , -0.20247026648446861     
 -0.51030699478234265      , -0.36987751301508459      , -0.22296485238673353     
 -0.56774529461051093      , -0.38036128702789984      , -0.24253791924495635     
 -0.59646989809872797      , -0.39298146021187508      , -0.26150640862046931     
 -0.59779011199247667      , -0.40780064560972051      , -0.28016366693359418     
 -0.57992768012879115      , -0.42488863596647064      , -0.29878230811027573     
 -0.55334034345588934      , -0.44432477860534586      , -0.31761710598075332     
 -0.52435823564038231      , -0.46619961183729980      , -0.33690782818834025     
 -0.49235814927096733      , -0.49061582772856122      , -0.35688194075595159     
 -0.45415431958862068      , -0.51768858938690709      , -0.37775712423213165     
 -0.40981973516733516      , -0.54754519301577265      , -0.39974354894277481     
 -0.36438537103482077      , -0.58032402491292434      , -0.42304585861538374     
 -0.32613248383055687      , -0.61617272046811900      , -0.44786480869756806     
 -0.30370933728456900      , -0.65524538527947807      , -0.47439849813077212     
 -0.30336518442748783      , -0.69769868729453444      , -0.50284312115890861     
 -0.32686051028012342      , -0.74368657348523226      , -0.53339314892254241     
 -0.37017929527191840      , -0.79335330605295495      , -0.56624082914757556     
 -0.42445722188077895      , -0.84682445416439756      , -0.60157486641105617     
 -0.48032706829238991      , -0.90419542278911047      , -0.63957811587315860     
 -0.53171503586972035      , -0.96551705894731876      , -0.68042409129601356     
 -0.57600179651465189      ,  -1.0307778612015503      , -0.72427205599499500     
 -0.61327925485850310      ,  -1.0998823509037625      , -0.77126043706710912     
 -0.64541254757779865      ,  -1.1726252724491224      , -0.82149828508863920     
 -0.67411528625067429      ,  -1.2486615134322572      , -0.87505450283288311     
 -0.69935590866111930      ,  -1.3274720230237296      , -0.93194460068929952     
 -0.71949513373528062      ,  -1.4083266142620134      , -0.99211482113025040     
 -0.73293830620639855      ,  -1.4902454189606513      ,  -1.0554236320282695     
 -0.73978022176523983      ,  -1.5719619618454443      ,  -1.1216208443547895     
 -0.74212964378722568      ,  -1.6518923291820697      ,  -1.1903249890188543     
 -0.74301635077465156      ,  -1.7281166388091584      ,  -1.2610001085055818     
 -0.74481958024188621      ,  -1.7983807511966154      ,  -1.3329337815139992     
 -0.74836159621684151      ,  -1.8601274883067285      ,  -1.4052189689836077     
 -0.75311166921661532      ,  -1.9105669316404634      ,  -1.4767430611370855     
 -0.75807749534829483      ,  -1.9467938643396794      ,  -1.5461881616983577     
 -0.76262553286842016      ,  -1.9659562972366709      ,  -1.6120469374818855     
 -0.76672265154207664      ,  -1.9654717519920386      ,  -1.6726580056065574     
 -0.77062485697240457      ,  -1.9432777608327523      ,  -1.7262635486630262     
 -0.77442300507123774      ,  -1.8980912374186156      ,  -1.7710894706649931     
 -0.77781449300949723      ,  -1.8296406962393050      ,  -1.8054450031124267     
 -0.78016876471118746      ,  -1.7388294866500131      ,  -1.8278346624583925     
 -0.78073847417636799      ,  -1.6277909378168240      ,  -1.8370716452890137     
 -0.77885685559756290      ,  -1.4998095542228083      ,  -1.8323791687938058     
 -0.77405697332455314      ,  -1.3591048903602743      ,  -1.8134659116009328     
 -0.76613025948612090      ,  -1.2105014823689850      ,  -1.7805641330966038     
 -0.75516391077063538      ,  -1.0590317642324893      ,  -1.7344240464755345     
 -0.74157763040547875      , -0.90953204853726333      ,  -1.6762645840380972     
 -0.72615230167534672      , -0.76629045839720311      ,  -1.6076872838821734     
 -0.71002153606883123      , -0.63279111119684861      ,  -1.5305650890616394     
 -0.69458663692451061      , -0.51157614327258938      ,  -1.4469203331926654     
 -0.68132631142208777      , -0.40422348056081997      ,  -1.3588058440310067     
 -0.67151446867005304      , -0.31141976406450217      ,  -1.2682004526181798     
 -0.66592205940140126      , -0.23309778801163680      ,  -1.1769262441082506     
 -0.66462291936007345      , -0.16860623877588951      ,  -1.0865906987991416     
 -0.66700696959328476      , -0.11688420726929609      , -0.99855328422125944     
 -0.67201829179202455      ,  -7.6620826960369842E-002 , -0.91391352682143312     
 -0.67851595090106953      ,  -4.6388750188870759E-002 , -0.83351620498294843     
 -0.68557148602598639      ,  -2.4747247274474339E-002 , -0.75796889974055193     
 -0.69253735641783265      ,  -1.0315729998428632E-002 , -0.68766743138630215     
 -0.69884750979540533      ,  -1.8214478280048640E-003 , -0.62282540323619306     
 -0.70366716355071246      ,   1.8736213420180853E-003 , -0.56350492439458066     
 -0.70560546429085069      ,   1.7615356216361129E-003 , -0.50964642339749555     
 -0.70268438257100552      ,  -1.3118115952818158E-003 , -0.46109619835676158     
 -0.69260771602746163      ,  -6.6396574477651698E-003 , -0.41763093670120399     
 -0.67319063790902312      ,  -1.3643028666461270E-002 , -0.37897887546563841     
 -0.64275680848527317      ,  -2.1857230537399887E-002 , -0.34483757807297111     
 -0.60041782038028824      ,  -3.0917647516997382E-002 , -0.31488850072089442     
 -0.54626525862126174      ,  -4.0545828998756465E-002 , -0.28880863680281205     
 -0.48146923337104708      ,  -5.0536458215814865E-002 , -0.26627958437632082     
 -0.40812694473045313      ,  -6.0745535952676205E-002 , -0.24699439830948178     
 -0.32875104910262176      ,  -7.1079928829461902E-002 , -0.23066257968419340     
 -0.24564467362864287      ,  -8.1488312368645233E-002 , -0.21701353068754367     
 -0.16056148966128284      ,  -9.1953464011745173E-002 , -0.20579877078846398     
  -7.4817388622494999E-002 , -0.10248581711414667      , -0.19679317430099824     
   1.0066995922483682E-002 , -0.11311816375377477      , -0.18979545356896593     
   9.1193742454445101E-002 , -0.12390138486828309      , -0.18462807785078555     
  0.16302999665592013      , -0.13490108585741281      , -0.18113678659492613     
  0.21683825597577372      , -0.14619502096295234      , -0.17918982768631697     
  0.24176314105831814      , -0.15787119815256992      , -0.17867702656820605     
  0.22892542368192040      , -0.17002656630521587      , -0.17950877083502106     
  0.17787958696750539      , -0.18276619714175962      , -0.18161497674609636     
   9.9211686269499721E-002 , -0.19620288481528092      , -0.18494408884528565     
   8.1251441826041097E-003 , -0.21045709584136973      , -0.18946215116338330     
  -8.3871766960554817E-002 , -0.22565721072115474      , -0.19515197798646983     
 -0.17145958484101437      , -0.24194000588268194      , -0.20201244354666020     
 -0.25450208406995622      , -0.25945133017162558      , -0.21005790288735099     
 -0.33518108686949266      , -0.27834693379168085      , -0.21931775023200070     
 -0.41448249987716201      , -0.29879340902458551      , -0.22983611610438576     
 -0.49016143793239159      , -0.32096920087564484      , -0.24167169986552495     
 -0.55535297806200790      , -0.34506564151254326      , -0.25489772989084503     
 -0.59969274418194862      , -0.37128795436713680      , -0.26960203892761031     
 -0.61587506090253408      , -0.39985616123761175      , -0.28588723682235340     
 -0.60511267269046309      , -0.43100580761439661      , -0.30387095630563832     
 -0.57628657347727619      , -0.46498839643186035      , -0.32368613929883611     
 -0.54107659964008659      , -0.50207138687697239      , -0.34548132058916198     
 -0.50712576560208378      , -0.54253757078717313      , -0.36942085189663620     
 -0.47465643113806544      , -0.58668358224765382      , -0.39568499136519159     
 -0.44073123695769922      , -0.63481722373640304      , -0.42446976021377292     
 -0.40552974649257928      , -0.68725320205339335      , -0.45598643837758396     
 -0.37462742785066805      , -0.74430675725310036      , -0.49046053302116105     
 -0.35738071875791849      , -0.80628453708180048      , -0.52813000635325302     
 -0.36294837159862992      , -0.87347191981658512      , -0.56924249093951840     
 -0.39478730775414683      , -0.94611582648685610      , -0.61405115097201413     
 -0.44659522319756789      ,  -1.0244019038421510      , -0.66280876718600912     
 -0.50493199696729241      ,  -1.1084248294944457      , -0.71575953398672687     
 -0.55767509001183868      ,  -1.1981504370039850      , -0.77312796625371349     
 -0.59941059378945483      ,  -1.2933684551491871      , -0.83510423251032928     
 -0.63092811157661755      ,  -1.3936350120537007      , -0.90182518174023896     
 -0.65645669634780512      ,  -1.4982048238685792      , -0.97335034643113805     
 -0.68028707560075286      ,  -1.6059543643073384      ,  -1.0496323335922244     
 -0.70397565488647340      ,  -1.7152995155211928      ,  -1.1304813258783022     
 -0.72575375772632400      ,  -1.8241144286973070      ,  -1.2155239907546520     
 -0.74256373654339458      ,  -1.9296626473165661      ,  -1.3041580287422825     
 -0.75299961833149542      ,  -2.0285567510694142      ,  -1.3955049591156097     
 -0.75864075621567173      ,  -2.1167681279727408      ,  -1.4883655626288721     
 -0.76291886412343046      ,  -2.1897124730225968      ,  -1.5811845732323351     
 -0.76886328840827267      ,  -2.2424368401855683      ,  -1.6720334281675850     
 -0.77764562730204567      ,  -2.2699274515027903      ,  -1.7586215675428791     
 -0.78862160016571492      ,  -2.2675410704442771      ,  -1.8383470568267553     
 -0.80026616181581256      ,  -2.2315354793862863      ,  -1.9083951718011813     
 -0.81107449677234689      ,  -2.1596393728573404      ,  -1.9658881976733313     
 -0.81990622725513129      ,  -2.0515673608482117      ,  -2.0080809159886481     
 -0.82586848984048700      ,  -1.9093654042820782      ,  -2.0325851947350984     
 -0.82813863023821788      ,  -1.7374802521795818      ,  -2.0375963442642169     
 -0.82594869494596346      ,  -1.5424908645419049      ,  -2.0220870557072868     
 -0.81868674751656600      ,  -1.3325138890316865      ,  -1.9859351503616736     
 -0.80601872646827577      ,  -1.1163770895205816      ,  -1.9299604824015189     
 -0.78800910186457007      , -0.90271463970216792      ,  -1.8558625427495614     
 -0.76526539242295322      , -0.69915333805288005      ,  -1.7660691607004873     
 -0.73911151481578563      , -0.51172455627362157      ,  -1.6635226118661581     
 -0.71172141428140834      , -0.34456902251457822      ,  -1.5514380456062040     
 -0.68605074154196666      , -0.19992742058226354      ,  -1.4330689555593126     
 -0.66537958933738672      ,  -7.8353635495356427E-002 ,  -1.3115070018535810     
 -0.65244336328410080      ,   2.0938678205007655E-002 ,  -1.1895322925370455     
 -0.64845203806873564      ,   9.9683331970804839E-002 ,  -1.0695188846258392     
 -0.65250873083596528      ,  0.16018938887226788      , -0.95339135265482711     
 -0.66182940062664397      ,  0.20502955102225520      , -0.84262287340932207     
 -0.67278910426107863      ,  0.23680505324691808      , -0.73826321303702513     
 -0.68227433961472272      ,  0.25798571518553559      , -0.64098540203572851     
 -0.68846816241994524      ,  0.27081406721431378      , -0.55114169936627055     
 -0.69052826154621716      ,  0.27725876812910116      , -0.46882179683512121     
 -0.68731476493829602      ,  0.27900274777112255      , -0.39390850780487019     
 -0.67584503137229046      ,  0.27745373025931797      , -0.32612810965688144     
 -0.65066645909980569      ,  0.27376767687771925      , -0.26509396378805872     
 -0.60547222524598254      ,  0.26887844999022875      , -0.21034304104239709     
 -0.53693651317506019      ,  0.26352928555378896      , -0.16136561312245876     
 -0.44816193668954563      ,  0.25830338361003830      , -0.11762872548202521     
 -0.34758824233388358      ,  0.25365213339961845      ,  -7.8594230329419618E-002
 -0.24342032365582314      ,  0.24992028571985089      ,  -4.3732198406493103E-002
 -0.14018281632995502      ,  0.24736787928073103      ,  -1.2530495478973122E-002
  -3.9364563485287607E-002 ,  0.24618901419420672      ,   1.5498761649762946E-002
   5.9663263163027003E-002 ,  0.24652771658972086      ,   4.0815242249198726E-002
  0.15839803508894221      ,  0.24849120507191619      ,   6.3848395057936713E-002
  0.25688448640908040      ,  0.25216088680275600      ,   8.4996947291091016E-002
  0.35215256914702359      ,  0.25760140041147883      ,  0.10462953672164868     
  0.43781572629320292      ,  0.26486799812752337      ,  0.12308617297080882     
  0.50429303023031502      ,  0.27401252828755540      ,  0.14068028317307485     
  0.54197524531482522      ,  0.28508824596383264      ,  0.15770114704959190     
  0.54685214636197665      ,  0.29815364605313538      ,  0.17441656789863064     
  0.52299940701784353      ,  0.31327548066923111      ,  0.19107565995241765     
  0.48022582852680012      ,  0.33053109129916319      ,  0.20791165978693618     
  0.42838128413910392      ,  0.35001015569947541      ,  0.22514469075587282     
  0.37170846743618302      ,  0.37181591944846470      ,  0.24298442539145085     
  0.30919663067240660      ,  0.39606595177792658      ,  0.26163260189036275     
  0.23980993625416319      ,  0.42289243397840254      ,  0.28128535757025835     
  0.16603754048555860      ,  0.45244195537173576      ,  0.30213534479742682     
   9.4084463519144498E-002 ,  0.48487475552864823      ,  0.32437359347328226     
   3.2980793241830050E-002 ,  0.52036331095555033      ,  0.34819107871969512     
  -6.0630763820394050E-003 ,  0.55909011875466963      ,  0.37377994279216353     
  -1.1403414907668798E-002 ,  0.60124447776365575      ,  0.40133430624077332     
   2.3428596725967182E-002 ,  0.64701800872700355      ,  0.43105058462564538     
   9.2685005342902554E-002 ,  0.69659858914627970      ,  0.46312720335904639     
  0.18097626545879542      ,  0.75016230682968776      ,  0.49776357426593426     
  0.27316413836762327      ,  0.80786296208517894      ,  0.53515816326300703     
  0.35744684534988702      ,  0.86981857845954313      ,  0.57550543970562862     
  0.42787411916737372      ,  0.93609432723212493      ,  0.61899145589766924     
  0.48649781433340128      ,   1.0066812497723858      ,  0.66578776291098896     
  0.53938979606483017      ,   1.0814702020791576      ,  0.71604333133576936     
  0.59131648219767341      ,   1.1602205871984252      ,  0.76987412117325282     
  0.64209797912321032      ,   1.2425237379106899      ,  0.82734994640491488     
  0.68603549283738907      ,   1.3277613327337383      ,  0.88847832494687062     
  0.71628796454544863      ,   1.4150600519922343      ,  0.95318511823163443     
  0.73061133150022783      ,   1.5032448850857092      ,   1.0212919774044968     
  0.73316187592063264      ,   1.5907951368249806      ,   1.0924909602993793     
  0.73179783193563930      ,   1.6758092336481305      ,   1.1663171991790231     
  0.73328180256812303      ,   1.7559867539213359      ,   1.2421212063624751     
  0.73983333969979825      ,   1.8286383484215454      ,   1.3190432973004009     
  0.74927778037314896      ,   1.8907357477549998      ,   1.3959936298273332     
  0.75788811589538219      ,   1.9390139414672936      ,   1.4716423658616045     
  0.76337794557421013      ,   1.9701347168167749      ,   1.5444252179966029     
  0.76601928776565176      ,   1.9809139931688384      ,   1.6125698074137198     
  0.76761149874885315      ,   1.9686042965658759      ,   1.6741474332865141     
  0.76971742329312653      ,   1.9312090665239734      ,   1.7271526879999526     
  0.77267168776385964      ,   1.8677898948641325      ,   1.7696097139064220     
  0.77567624584587813      ,   1.7787157727778797      ,   1.7996990584772179     
  0.77744167482849025      ,   1.6658004180897077      ,   1.8158938485468463     
  0.77678893632080459      ,   1.5322841264031259      ,   1.8170896522382194     
  0.77294471213221827      ,   1.3826410816817760      ,   1.8027103842661085     
  0.76557762255384920      ,   1.2222271300857113      ,   1.7727740487535097     
  0.75475009954341699      ,   1.0568173954948450      ,   1.7279072363722550     
  0.74090021306306841      ,  0.89210699497372936      ,   1.6693051785598141     
  0.72486104690097919      ,  0.73325371885859658      ,   1.5986429288824242     
  0.70786697209347260      ,  0.58452759738698601      ,   1.5179506812892458     
  0.69148253824318751      ,  0.44910440619877645      ,   1.4294706036630744     
  0.67740457840995671      ,  0.32900804302432490      ,   1.3355131575457599     
  0.66713848229621597      ,  0.22517975761350253      ,   1.2383281301111788     
  0.66163008332461548      ,  0.13763619500143201      ,   1.1400007631493552     
  0.66099972316764644      ,   6.5674125912785541E-002 ,   1.0423779110055031     
  0.66451747691220886      ,   8.0849226673441309E-003 ,  0.94702432864755492     
  0.67086050769693040      ,  -3.6647959318350160E-002 ,  0.85520570116662220     
  0.67854152870436069      ,  -7.0183985503209742E-002 ,  0.76789306686827385     
  0.68627541020781557      ,  -9.4198889559875751E-002 ,  0.68578266487044659     
  0.69305920215391525      , -0.11029539148430681      ,  0.60932557376670549     
  0.69789718734512374      , -0.11994634888404937      ,  0.53876239312829344     
  0.69930869800344309      , -0.12446374781749646      ,  0.47415931772987213     
  0.69490698278380780      , -0.12498684092459350      ,  0.41544303521539272     
  0.68136728835697746      , -0.12248351306069007      ,  0.36243281295299978     
  0.65496612133205978      , -0.11776008759970902      ,  0.31486887817539688     
  0.61264123835604734      , -0.11147595722127562      ,  0.27243673610220331     
  0.55330013687824542      , -0.10416046098667439      ,  0.23478743889501760     
  0.47875275911857507      ,  -9.6230268745729916E-002 ,  0.20155404923322520     
  0.39327531230084939      ,  -8.8006169680094323E-002 ,  0.17236467135236386     
  0.30161286891911271      ,  -7.9728619465646910E-002 ,  0.14685248014890553     
  0.20715431089188366      ,  -7.1571715908854167E-002 ,  0.12466318963701144     
  0.11167474516662551      ,  -6.3655481380319207E-002 ,  0.10546038361411331     
   1.5815174721023034E-002 ,  -5.6056462123818873E-002 ,   8.8929096525659293E-002
  -8.0194585886395497E-002 ,  -4.8816733180471229E-002 ,   7.4777989758615271E-002
 -0.17508733943821647      ,  -4.1951440676735785E-002 ,   6.2740423449201291E-002
 -0.26494010852782562      ,  -3.5455032936478358E-002 ,   5.2574679744355923E-002
 -0.34231632201556250      ,  -2.9306336777311121E-002 ,   4.4063552248866676E-002
 -0.39642856980317209      ,  -2.3472631137315080E-002 ,   3.7013479116549064E-002
 -0.41572203407585140      ,  -1.7912860613176592E-002 ,   3.1253364298961861E-002
 -0.39388742190213172      ,  -1.2580119031930273E-002 ,   2.6633202873642056E-002
 -0.33539111756510026      ,  -7.4235194168164684E-003 ,   2.3022601941961349E-002
 -0.25436382200791752      ,  -2.3895526643297050E-003 ,   2.0309267999732566E-002
 -0.16554600144092840      ,   2.5769764294678002E-003 ,   1.8397514567913990E-002
  -7.6160257512961557E-002 ,   7.5323600723385788E-003 ,   1.7206829832404586E-002
   1.3217284651235331E-002 ,   1.2533681512562971E-002 ,   1.6670532691262046E-002
  0.10407540199762853      ,   1.7638739228033853E-002 ,   1.6734536573687991E-002
  0.19692482876712217      ,   2.2906157954650883E-002 ,   1.7356233333978746E-002
  0.28934607313837141      ,   2.8395651775810059E-002 ,   1.8503504123173291E-002
  0.37507203833469133      ,   3.4168411947193139E-002 ,   2.0153860122593532E-002
  0.44347084345399912      ,   4.0287598573695890E-002 ,   2.2293713141477826E-002
  0.48057632020880342      ,   4.6818920772964574E-002 ,   2.4917774122068557E-002
  0.47546585326012059      ,   5.3831294641373525E-002 ,   2.8028576376258642E-002
  0.42829089171120671      ,   6.1397572269541886E-002 ,   3.1636119741692989E-002
  0.35199360647785566      ,   6.9595338313741359E-002 ,   3.5757631659391192E-002
  0.26470309666187292      ,   7.8507773281989768E-002 ,   4.0417441327286856E-002
  0.17751794712268745      ,   8.8224584786854909E-002 ,   4.5646963479192816E-002
   9.1056336816204925E-002 ,   9.8843009576148722E-002 ,   5.1484788894276025E-002
   2.0356717890876470E-003 ,  0.11046889017470396      ,   5.7976879384914290E-002
  -9.1223050070535480E-002 ,  0.12321783041693192      ,   6.5176865672310277E-002
 -0.18678091389928309      ,  0.13721643393795990      ,   7.3146447170941875E-002
 -0.27828666344221209      ,  0.15260362868110805      ,   8.1955893190802181E-002
 -0.35456892193453071      ,  0.16953207845828508      ,   9.1684645344361937E-002
 -0.39962251858110232      ,  0.18816967925929715      ,  0.10242202090719046     
 -0.39740044381495437      ,  0.20870113291326453      ,  0.11426801639108988     
 -0.34343525416339349      ,  0.23132958326445305      ,  0.12733420946757795     
 -0.25223070868824882      ,  0.25627828942655712      ,  0.14174475538966241     
 -0.14761057029856334      ,  0.28379229583655963      ,  0.15763747088302618     
  -4.5333697021044200E-002 ,  0.31414003829503662      ,  0.17516499368889293     
   5.0407350989127214E-002 ,  0.34761479704822135      ,  0.19449599897351566     
  0.14130436687919751      ,  0.38453586975492132      ,  0.21581644392278115     
  0.23094852994856904      ,  0.42524928569696840      ,  0.23933079802753432     
  0.32170921080858800      ,  0.47012781380497676      ,  0.26526319755009375     
  0.41292178320515338      ,  0.51956992601299135      ,  0.29385843679191381     
  0.50026881994247896      ,  0.57399725820589576      ,  0.32538267396696935     
  0.57498714376258819      ,  0.63384995688781476      ,  0.36012368314484444     
  0.62732579204095407      ,  0.69957910375106158      ,  0.39839042277848546     
  0.65419747787642890      ,  0.77163516659707754      ,  0.44051161226904401     
  0.66187368477709774      ,  0.85045113084173762      ,  0.48683290717601213     
  0.66248622377688959      ,  0.93641862573563228      ,  0.53771213779833738     
  0.66766913337189759      ,   1.0298549921469877      ,  0.59351192318830193     
  0.68176984195723156      ,   1.1309588877514196      ,  0.65458879492291688     
  0.70088616376875135      ,   1.2397517747754763      ,  0.72127777049431474     
  0.71833863490221117      ,   1.3560026313389530      ,  0.79387112490455902     
  0.72969106833894337      ,   1.4791337050455708      ,  0.87258995955215146     
  0.73466293470073107      ,   1.6081064368808913      ,  0.95754712642466444     
  0.73671388404992388      ,   1.7412893019177593      ,   1.0487002384026967     
  0.74000576781400851      ,   1.8763138155898438      ,   1.1457940364240928     
  0.74629681902459510      ,   2.0099318942507094      ,   1.2482924930836636     
  0.75479479065473576      ,   2.1378973961878445      ,   1.3553029398616954     
  0.76392517247450098      ,   2.2549064777318151      ,   1.4654974099608737     
  0.77283549748693614      ,   2.3546433513064033      ,   1.5770403371301229     
  0.78183647434261783      ,   2.4299858367995242      ,   1.6875364451886767     
  0.79187151528386124      ,   2.4734218891438644      ,   1.7940172231606923     
  0.80358736404909525      ,   2.4777056673536721      ,   1.8929871604190438     
  0.81672224660479431      ,   2.4367331707699966      ,   1.9805495722426576     
  0.83011291299282497      ,   2.3465443731214122      ,   2.0526239233744605     
  0.84209398289237658      ,   2.2062768910334571      ,   2.1052507294668348     
  0.85091801359332098      ,   2.0188375363135775      ,   2.1349578202379615     
  0.85501356457793354      ,   1.7910618331619277      ,   2.1391383069182974     
  0.85310384873005496      ,   1.5332228917328097      ,   2.1163745456471621     
  0.84426470304006407      ,   1.2579174386146803      ,   2.0666422782241312     
  0.82797843838537899      ,  0.97854134297999718      ,   1.9913488137310020     
  0.80423994334355065      ,  0.70769136313762082      ,   1.8931943560315410     
  0.77378449587386211      ,  0.45583824664640421      ,   1.7758848688803412     
  0.73846620555929376      ,  0.23050927023430751      ,   1.6437546594339536     
  0.70165521404777764      ,   3.6050505143438528E-002 ,   1.5013681551015559     
  0.66824603339334654      , -0.12611607209068093      ,   1.3531623917873992     
  0.64374321326352779      , -0.25691646736808738      ,   1.2031709132144586     
  0.63237810871446043      , -0.35892099368569275      ,   1.0548452921163320     
  0.63512223146171454      , -0.43566570606659138      ,  0.91096991287466522     
  0.64873505141328447      , -0.49109073009665027      ,  0.77365276665340721     
  0.66654361241861915      , -0.52913030916021508      ,  0.64436993400604248     
  0.68092856811404689      , -0.55344944453988010      ,  0.52404215255857545     
  0.68589253904570280      , -0.56730092427670731      ,  0.41312580382037600     
  0.67763370294076086      , -0.57347008422848955      ,  0.31170564749703555     
  0.65320923148279020      , -0.57427697668179878      ,  0.21958131569322537     
  0.60881986941588118      , -0.57161183544461391      ,  0.13634331255018414     
  0.54012637012964682      , -0.56698665329823184      ,   6.1436906494710515E-002
  0.44696690668422639      , -0.56159171937918373      ,  -5.7860203865394491E-003
  0.33626344858012885      , -0.55635054902165548      ,  -6.6026161440253139E-002
  0.21708232282586692      , -0.55196980285759600      , -0.12000557659049557     
   9.8230569768617979E-002 , -0.54898280315761561      , -0.16844453580434451     
  -1.2520088268882922E-002 , -0.54778643087851842      , -0.21204493240616626     
 -0.11306731198253658      , -0.54867180518917957      , -0.25147893945101157     
 -0.20703510250096591      , -0.55184942003972071      , -0.28738176978518815     
 -0.29868411679954415      , -0.55746948611134617      , -0.32034758760914694     
 -0.38952500497723530      , -0.56563819546380900      , -0.35092779030212551     
 -0.47748492140290194      , -0.57643054706452279      , -0.37963102752785310     
 -0.55617622745506357      , -0.58990027587016369      , -0.40692444907360542     
 -0.61640075628074742      , -0.60608733244994850      , -0.43323577496980942     
 -0.65251626642426663      , -0.62502327145361625      , -0.45895586375767139     
 -0.66706653895956347      , -0.64673482781757508      , -0.48444152011735980     
 -0.66933607051640531      , -0.67124588940194041      , -0.51001833407320762     
 -0.67045578157819108      , -0.69857801281065290      , -0.53598338297267722     
 -0.67698142215834878      , -0.72874957445346822      , -0.56260765637729260     
 -0.68757884084937171      , -0.76177360083665890      , -0.59013808461061679     
 -0.69671343562543320      , -0.79765428065106081      , -0.61879906548882424     
 -0.70064801804261301      , -0.83638212735544426      , -0.64879339212775489     
 -0.69993355719738737      , -0.87792773658273071      , -0.68030248910997815     
 -0.69838899867975013      , -0.92223407105529098      , -0.71348586628439714     
 -0.70032338431317542      , -0.96920721151846778      , -0.74847970091958682     
 -0.70748156990770061      ,  -1.0187055419305131      , -0.78539446213172392     
 -0.71798296017712959      ,  -1.0705273990196120      , -0.82431149933192061     
 -0.72804642651722373      ,  -1.1243973202013882      , -0.86527853247538133     
 -0.73467651321312244      ,  -1.1799511806106666      , -0.90830401053099619     
 -0.73723582960916301      ,  -1.2367207301277516      , -0.95335035097060483     
 -0.73726128498878207      ,  -1.2941183324021865      ,  -1.0003261428697443     
 -0.73706203256956049      ,  -1.3514230708375985      ,  -1.0490774950421622     
 -0.73817490601349189      ,  -1.4077698097463391      ,  -1.0993788430539364     
 -0.74064351149077212      ,  -1.4621432513207209      ,  -1.1509236968342043     
 -0.74338740868006781      ,  -1.5133794522476787      ,  -1.2033160107705185     
 -0.74518785846870184      ,  -1.5601775654106953      ,  -1.2560630796131806     
 -0.74554002420134902      ,  -1.6011246243680743      ,  -1.3085710842048905     
 -0.74486498727951467      ,  -1.6347358360637099      ,  -1.3601445955361895     
 -0.74408743317828419      ,  -1.6595119318158782      ,  -1.4099914444430315     
 -0.74399153078027969      ,  -1.6740135290221811      ,  -1.4572343171030444     
 -0.74480680928785836      ,  -1.6769501584963395      ,  -1.5009301808173732     
 -0.74620561621875647      ,  -1.6672787674971616      ,  -1.5400981306903612     
 -0.74758938262049235      ,  -1.6443034919369328      ,  -1.5737554593945751     
 -0.74840892268245618      ,  -1.6077659040101648      ,  -1.6009607280829263     
 -0.74832925208038148      ,  -1.5579135285661139      ,  -1.6208614663653091     
 -0.74721194445903205      ,  -1.4955348932514001      ,  -1.6327430334951276     
 -0.74501105592362571      ,  -1.4219521617279289      ,  -1.6360743587605571     
 -0.74169071864913239      ,  -1.3389674036710908      ,  -1.6305459717501778     
 -0.73721070713806325      ,  -1.2487650483012311      ,  -1.6160960912620492     
 -0.73156636798879515      ,  -1.1537797725597216      ,  -1.5929215969596866     
 -0.72484639710333265      ,  -1.0565444878607058      ,  -1.5614723340519292     
 -0.71727708272002011      , -0.95953593668434656      ,  -1.5224291288345679     
 -0.70923536972187939      , -0.86503506073693992      ,  -1.4766677720079291     
 -0.70122472824724735      , -0.77501596540308193      ,  -1.4252127180413876     
 -0.69381617985666189      , -0.69107193118611820      ,  -1.3691851115140485     
 -0.68756464794838013      , -0.61438085835291323      ,  -1.3097498964083438     
 -0.68291907279577213      , -0.54570708471447615      ,  -1.2480662595137457     
 -0.68015048384428656      , -0.48543260907053182      ,  -1.1852446890097597     
 -0.67932035451483463      , -0.43360875900124374      ,  -1.1223127313895014     
 -0.68029931484158279      , -0.39001913247825576      ,  -1.0601903307828902     
 -0.68282682626012459      , -0.35424575937535829      , -0.99967460534226515     
 -0.68658468986693311      , -0.32573229227028422      , -0.94143315192369736     
 -0.69125159178705009      , -0.30384011645547843      , -0.88600449845689855     
 -0.69651727544731523      , -0.28789518263124692      , -0.83380411625177198     
 -0.70205848284187378      , -0.27722489743748402      , -0.78513440532441636     
 -0.70750150563919867      , -0.27118548665555725      , -0.74019720831002611     
 -0.71240430308420477      , -0.26918090226847574      , -0.69910763092864081     
 -0.71627869522484877      , -0.27067465841662991      , -0.66190819981108051     
 -0.71864692725632140      , -0.27519604925744096      , -0.62858263694646577     
 -0.71910419260204705      , -0.28234211350831079      , -0.59906875283833150     
 -0.71735582865051839      , -0.29177653783712260      , -0.57327014725614533     
 -0.71321708304785336      , -0.30322648557970211      , -0.55106655451075470     
 -0.70659040342620760      , -0.31647813139018632      , -0.53232278152552437     
 -0.69745037461380399      , -0.33137149483996187      , -0.51689626622335638     
 -0.68585876034742965      , -0.34779500501769461      , -0.50464333648177084     
 -0.67200759614641559      , -0.36568009573819377      , -0.49542428169247349     
 -0.65626589283224157      , -0.38499602525408183      , -0.48910736481874190     
 -0.63920202891391331      , -0.40574503181382809      , -0.48557190700941305     
 -0.62157017375535573      , -0.42795787285999853      , -0.48471057270616202     
 -0.60427057854954058      , -0.45168974702394493      , -0.48643097339798735     
 -0.58830329189593222      , -0.47701656066061776      , -0.49065669468592232     
 -0.57472606683990779      , -0.50403147131716031      , -0.49732783551610799     
 -0.56460712097874111      , -0.53284161661660823      , -0.50640113126787600     
 -0.55894706599716359      , -0.56356491644376672      , -0.51784971444532857     
 -0.55854549112011354      , -0.59632681739133375      , -0.53166254835454352     
 -0.56381343893159597      , -0.63125682995497168      , -0.54784355050508726     
 -0.57458043405185488      , -0.66848469021474177      , -0.56641040358499717     
 -0.58999247670847488      , -0.70813595849571220      , -0.58739303269851206     
 -0.60860078988560451      , -0.75032684820996909      , -0.61083170811569854     
 -0.62866219392016809      , -0.79515806005460743      , -0.63677471314776146     
 -0.64854305200260864      , -0.84270738243510879      , -0.66527549721122536     
 -0.66704566446199220      , -0.89302081239096343      , -0.69638921528000819     
 -0.68352678241265152      , -0.94610195840523448      , -0.73016853783086644     
 -0.69780255024652760      ,  -1.0018995157737431      , -0.76665860183091661     
 -0.70993682994491036      ,  -1.0602926681694629      , -0.80589096597885568     
 -0.72004200538047236      ,  -1.1210743804092265      , -0.84787643615008990     
 -0.72818470657154843      ,  -1.1839327250420781      , -0.89259664507869874     
 -0.73441176283505649      ,  -1.2484306490633519      , -0.93999431056875693     
 -0.73883920974874162      ,  -1.3139849560736494      , -0.98996216730446873     
 -0.74172038936398144      ,  -1.3798457674096958      ,  -1.0423306780223585     
 -0.74343841932077381      ,  -1.4450783338110693      ,  -1.0968547897873986     
 -0.74442760281550358      ,  -1.5085497731547308      ,  -1.1532002176860552     
 -0.74507498195687760      ,  -1.5689240468697017      ,  -1.2109300134128256     
 -0.74565797706139803      ,  -1.6246691407812124      ,  -1.2694925020919510     
 -0.74634104594128581      ,  -1.6740808026929315      ,  -1.3282120238056812     
 -0.74721313747377727      ,  -1.7153270618634235      ,  -1.3862842519564700     
 -0.74832709488226956      ,  -1.7465168280709595      ,  -1.4427781088534570     
 -0.74971095028080048      ,  -1.7657938748848623      ,  -1.4966463657802502     
 -0.75134747481189612      ,  -1.7714543110066963      ,  -1.5467467920685003     
 -0.75314158963174027      ,  -1.7620813487078815      ,  -1.5918751048897211     
 -0.75490068701430824      ,  -1.7366862849086970      ,  -1.6308099101921392     
 -0.75634135878043318      ,  -1.6948400507549732      ,  -1.6623683407229719     
 -0.75711995313378289      ,  -1.6367767362150747      ,  -1.6854693344275800     
 -0.75687561559518379      ,  -1.5634504866980163      ,  -1.6991997322826975     
 -0.75527554000198083      ,  -1.4765310201841704      ,  -1.7028769857454698     
 -0.75205772952483052      ,  -1.3783307488594123      ,  -1.6961016460448777     
 -0.74707056656590476      ,  -1.2716669436537500      ,  -1.6787932562460715     
 -0.74030876108548616      ,  -1.1596733249467557      ,  -1.6512048610538417     
 -0.73194290673115703      ,  -1.0455842051320325      ,  -1.6139138845134358     
 -0.72233658783252752      , -0.93251858183882830      ,  -1.5677901395865363     
 -0.71204195007416404      , -0.82329035218042435      ,  -1.5139446234270537     
 -0.70176353629486710      , -0.72026464386512257      ,  -1.4536649478973556     
 -0.69228373696360701      , -0.62527101860698397      ,  -1.3883443792293637     
 -0.68435372467332933      , -0.53957446906770634      ,  -1.3194114175192606     
 -0.67856983657020309      , -0.46389691918436793      ,  -1.2482658107355322     
 -0.67526981304607003      , -0.39847670576091254      ,  -1.1762252245048130     
 -0.67448562957204594      , -0.34315158107041943      ,  -1.1044848893203174     
 -0.67597327224207271      , -0.29745160266351045      ,  -1.0340907775608119     
 -0.67930844783108890      , -0.26069089022894731      , -0.96592546022966486     
 -0.68400560588765968      , -0.23205059843253328      , -0.90070485909712150     
 -0.68960476991740227      , -0.21064875873199193      , -0.83898363355433903     
 -0.69568766666919268      , -0.19559537939723376      , -0.78116684156170324     
 -0.70182482189760143      , -0.18603315816078411      , -0.72752567936784129     
 -0.70749615913551145      , -0.18116536963129981      , -0.67821542530855661     
 -0.71204428992260682      , -0.18027307394903186      , -0.63329409850843954     
 -0.71469958514987708      , -0.18272393010137675      , -0.59274072934587274     
 -0.71466921006063300      , -0.18797475401396574      , -0.55647248585787767     
 -0.71124014011853220      , -0.19556967171577358      , -0.52436018980393284     
 -0.70384088795676847      , -0.20513537557731906      , -0.49624198298935779     
 -0.69204269264443308      , -0.21637465526718860      , -0.47193507244194055     
 -0.67553039710624430      , -0.22905907577723930      , -0.45124560031800964     
 -0.65409848280014127      , -0.24302142513539784      , -0.43397676066707219     
 -0.62770798819359797      , -0.25814835544495218      , -0.41993532984433485     
 -0.59658819395441687      , -0.27437348785925458      , -0.40893679872533489     
 -0.56132419020139768      , -0.29167113772052305      , -0.40080929976955437     
 -0.52287460981667722      , -0.31005073261561378      , -0.39539651574186374     
 -0.48251301399421387      , -0.32955193639568431      , -0.39255974355020584     
 -0.44174494022353755      , -0.35024045017466282      , -0.39217926911047751     
 -0.40227631944393211      , -0.37220443197803904      , -0.39415518944159794     
 -0.36607857494606938      , -0.39555145607950276      , -0.39840779768278439     
 -0.33552494632282881      , -0.42040591799337096      , -0.40487762625429907     
 -0.31348607686815194      , -0.44690677909479126      , -0.41352522341094500     
 -0.30318923599943026      , -0.47520553392195697      , -0.42433071913709575     
 -0.30760931109542389      , -0.50546427174952702      , -0.43729321766365337     
 -0.32830764187238276      , -0.53785369066681721      , -0.45243003565478301     
 -0.36413545456746671      , -0.57255090604011283      , -0.46977578700513067     
 -0.41082209196196928      , -0.60973687501055940      , -0.48938129681772835     
 -0.46219528519170144      , -0.64959323398722135      , -0.51131230806695893     
 -0.51237872887306446      , -0.69229831675282183      , -0.53564792425562802     
 -0.55753646113326671      , -0.73802208723464602      , -0.56247870966875946     
 -0.59640220278916123      , -0.78691968457225403      , -0.59190434535887448     
 -0.62961828175222856      , -0.83912324162272045      , -0.62403071376360286     
 -0.65838199633440786      , -0.89473160635231996      , -0.65896625826376010     
 -0.68323775282576815      , -0.95379757650101715      , -0.69681743709137578     
 -0.70376538576223013      ,  -1.0163122633497086      , -0.73768306581018306     
 -0.71924357973199404      ,  -1.0821862475180342      , -0.78164732251353786     
 -0.72958495604217499      ,  -1.1512273020640964      , -0.82877118020333218     
 -0.73575240444723944      ,  -1.2231146665016239      , -0.87908203927150175     
 -0.73941555829964400      ,  -1.2973701971690170      , -0.93256137033902720     
 -0.74215212532746788      ,  -1.3733272361202213      , -0.98913025796572596     
 -0.74477526622690260      ,  -1.4500987710790152      ,  -1.0486328760822481     
 -0.74724140384392745      ,  -1.5265474263521797      ,  -1.1108181454454200     
 -0.74911021873401207      ,  -1.6012610163540415      ,  -1.1753201399794371     
 -0.75013302147078009      ,  -1.6725387318242921      ,  -1.2416382341557344     
 -0.75055174999501717      ,  -1.7383943355206446      ,  -1.3091185144058646     
 -0.75098313786190818      ,  -1.7965837066088675      ,  -1.3769385845074287     
 -0.75206126889684066      ,  -1.8446642303873391      ,  -1.4440985090625240     
 -0.75412209827343091      ,  -1.8800923057294496      ,  -1.5094211411549825     
 -0.75710933169723649      ,  -1.9003620552261886      ,  -1.5715652975031595     
 -0.76068754219472379      ,  -1.9031827982302114      ,  -1.6290549666315841     
 -0.76442167174870101      ,  -1.8866851170226828      ,  -1.6803267568421569     
 -0.76788935586304119      ,  -1.8496363551116888      ,  -1.7237959816215145     
 -0.77069041443195940      ,  -1.7916380410675179      ,  -1.7579391792960299     
 -0.77240817604686107      ,  -1.7132726957006661      ,  -1.7813877595971110     
 -0.77259361307766961      ,  -1.6161684807156373      ,  -1.7930244250309093     
 -0.77080057388576850      ,  -1.5029588695350191      ,  -1.7920717886868647     
 -0.76665674236753434      ,  -1.3771305048812259      ,  -1.7781619623086107     
 -0.75994272218169556      ,  -1.2427725453127778      ,  -1.7513773102249932     
 -0.75066180547872585      ,  -1.1042599496768615      ,  -1.7122560386931081     
 -0.73909385068427580      , -0.96591582889212391      ,  -1.6617612036872165     
 -0.72582708183906453      , -0.83170052098099057      ,  -1.6012170039848961     
 -0.71175327576552294      , -0.70496700230654741      ,  -1.5322206851177955     
 -0.69800380928774641      , -0.58830656487150945      ,  -1.4565410779602899     
 -0.68580832123802205      , -0.48349030064061937      ,  -1.3760153333794944     
 -0.67628299707837436      , -0.39149578312941646      ,  -1.2924539848468182     
 -0.67019692917141016      , -0.31259772590773183      ,  -1.2075617072594529     
 -0.66779917240512843      , -0.24649732083023929      ,  -1.1228778477963137     
 -0.66878641015569451      , -0.19246644036208602      ,  -1.0397377047734631     
 -0.67243949403288206      , -0.14948788969210711      , -0.95925310181428824     
 -0.67787490951591223      , -0.11637925082458615      , -0.88230924416551371     
 -0.68428880762591493      ,  -9.1893903499562668E-002 , -0.80957411805612767     
 -0.69106566496175659      ,  -7.4797586472046762E-002 , -0.74151662997261869     
 -0.69769586188273958      ,  -6.3922072050415557E-002 , -0.67843005825751912     
 -0.70355670256901537      ,  -5.8199293618304448E-002 , -0.62045799615403852     
 -0.70769470429472869      ,  -5.6679925827361408E-002 , -0.56762064194083117     
 -0.70875305870783134      ,  -5.8540348368154201E-002 , -0.51983993214592517     
 -0.70510165504502664      ,  -6.3081452805168317E-002 , -0.47696256091195804     
 -0.69509582596809716      ,  -6.9722116155089525E-002 , -0.43878036149152644     
 -0.67731879592181810      ,  -7.7989515728857151E-002 , -0.40504784664213661     
 -0.65071436301795071      ,  -8.7507878633341765E-002 , -0.37549692761449566     
 -0.61463827551680383      ,  -9.7986779594274140E-002 , -0.34984897538591037     
 -0.56893422658666448      , -0.10920972673848564      , -0.32782447175601614     
 -0.51408324145088258      , -0.12102349597512529      , -0.30915053859972014     
 -0.45130903806773132      , -0.13332847406205278      , -0.29356664452594172     
 -0.38244434674330274      , -0.14607013108359065      , -0.28082877981958682     
 -0.30954387326538491      , -0.15923164952925400      , -0.27071237047079422     
 -0.23450000804468707      , -0.17282767687931797      , -0.26301417569665608     
 -0.15897058635927738      , -0.18689913183338283      , -0.25755338429269542     
  -8.4784016953958596E-002 , -0.20150897378470639      , -0.25417209580375427     
  -1.4798722020429075E-002 , -0.21673883553326737      , -0.25273534436015060     
   4.6076708944312490E-002 , -0.23268641671678922      , -0.25313079693558804     
   9.0327244462912890E-002 , -0.24946353727361886      , -0.25526823416466127     
  0.10868757411021263      , -0.26719475444867991      , -0.25907890083227025     
   9.3504925174794667E-002 , -0.28601645195124986      , -0.26451479464037853     
   4.4077628156362472E-002 , -0.30607631475629160      , -0.27154794566341145     
  -3.0888772375178678E-002 , -0.32753310681370912      , -0.28016972472774587     
 -0.11795931583047650      , -0.35055667081892139      , -0.29039020643681313     
 -0.20560981643236828      , -0.37532806847835753      , -0.30223760130804356     
 -0.28725754414775584      , -0.40203977563750370      , -0.31575776104721937     
 -0.36169182410774503      , -0.43089583842782897      , -0.33101375087482215     
 -0.43104212154612404      , -0.46211188333042980      , -0.34808547250654798     
 -0.49742844547163562      , -0.49591485471487706      , -0.36706931029059908     
 -0.56026559915819685      , -0.53254232681396518      , -0.38807776046718501     
 -0.61461981753077055      , -0.57224120193494643      , -0.41123898881699250     
 -0.65324204440156652      , -0.61526556162170254      , -0.43669624430404413     
 -0.67238782448339585      , -0.66187338119341854      , -0.46460703482419996     
 -0.67516106008606636      , -0.71232174967747208      , -0.49514194493394065     
 -0.66996463399269968      , -0.76686015654029704      , -0.52848294357277537     
 -0.66621285406255082      , -0.82572131529877424      , -0.56482099157809673     
 -0.66927753211943242      , -0.88910889631946843      , -0.60435271386681955     
 -0.67846042737074219      , -0.95718144561732144      , -0.64727584989268017     
 -0.68974343090864465      ,  -1.0300316888973573      , -0.69378314002236041     
 -0.69965929870614219      ,  -1.1076603862467747      , -0.74405424852281254     
 -0.70706114358895922      ,  -1.1899439527310121      , -0.79824527282869806     
 -0.71298659933044994      ,  -1.2765952520927344      , -0.85647535524582685     
 -0.71929416307930283      ,  -1.3671173852263221      , -0.91880991527361622     
 -0.72686266437304248      ,  -1.4607510350535038      , -0.98524008462433921     
 -0.73493249480268008      ,  -1.5564171138177354      ,  -1.0556580887928402     
 -0.74200029127646938      ,  -1.6526582029154728      ,  -1.1298286242713289     
 -0.74708601230828875      ,  -1.7475846497656911      ,  -1.2073567810173433     
 -0.75033157910415016      ,  -1.8388341462472721      ,  -1.2876538045436170     
 -0.75276934415068941      ,  -1.9235568958115867      ,  -1.3699030094540989     
 -0.75563762578029503      ,  -1.9984414754470683      ,  -1.4530294256971485     
 -0.75975854782413088      ,  -2.0597981597360326      ,  -1.5356781714554506     
 -0.76531034408318976      ,  -2.1037152903137084      ,  -1.6162078635177315     
 -0.77198304077343227      ,  -2.1262985059202357      ,  -1.6927062008074754     
 -0.77926839945567516      ,  -2.1239908924464261      ,  -1.7630346532475247     
 -0.78663887597268500      ,  -2.0939542405694795      ,  -1.8249073791125396     
 -0.79354770367525329      ,  -2.0344698460352229      ,  -1.8760056647451384     
 -0.79935277786650860      ,  -1.9452969176045305      ,  -1.9141233645507050     
 -0.80329348110094345      ,  -1.8279153874829066      ,  -1.9373317682185185     
 -0.80455905193080191      ,  -1.6855855241203963      ,  -1.9441455890870691     
 -0.80240558681293050      ,  -1.5231832073349167      ,  -1.9336674312105187     
 -0.79627050196216020      ,  -1.3468136481388202      ,  -1.9056880830014979     
 -0.78586766156719245      ,  -1.1632561703974931      ,  -1.8607252165892612     
 -0.77127452592786183      , -0.97933229922058140      ,  -1.7999928104286804     
 -0.75302502246791470      , -0.80130503042066714      ,  -1.7253055011865772     
 -0.73219957248681389      , -0.63440384938197447      ,  -1.6389329214769353     
 -0.71046358660378950      , -0.48253394132337513      ,  -1.5434260887480573     
 -0.68996647862996907      , -0.34818283590830196      ,  -1.4414396800717835     
 -0.67301779056785260      , -0.23249812814134732      ,  -1.3355709038006018     
 -0.66155005744348250      , -0.13548555971593074      ,  -1.2282293332833776     
 -0.65653675966059222      ,  -5.6269906219155272E-002 ,  -1.1215446562215881     
 -0.65764122674176040      ,   6.6318975710786821E-003 ,  -1.0173126590833490     
 -0.66332133710577101      ,   5.5061524558877140E-002 , -0.91697499538263172     
 -0.67140538015524509      ,   9.1014157251776917E-002 , -0.82162566727776609     
 -0.67986985488627150      ,  0.11648438835860699      , -0.73203639435533829     
 -0.68736782287958675      ,  0.13336077817771405      , -0.64869359043157415     
 -0.69317109469174865      ,  0.14336166147433382      , -0.57184093095123456     
 -0.69653606818245450      ,  0.14800295290998974      , -0.50152299788620158     
 -0.69583241874680546      ,  0.14858893126008563      , -0.43762692591034791     
 -0.68797593334061535      ,  0.14621829166196354      , -0.37992018122204974     
 -0.66868275672105970      ,  0.14179943589764171      , -0.32808352909402183     
 -0.63367011334980516      ,  0.13607060347492927      , -0.28173890008174274     
 -0.58041042950609745      ,  0.12962183015824019      , -0.24047229154001515     
 -0.50966751707434754      ,  0.12291679566143585      , -0.20385209363802392     
 -0.42563360265071670      ,  0.11631340530896644      , -0.17144335712803233     
 -0.33387975694185323      ,  0.11008249150981247      , -0.14281856471464840     
 -0.23868033665157057      ,  0.10442437711713656      , -0.11756546009112379     
 -0.14223978339646520      ,   9.9483265975480822E-002 ,  -9.5292450698742537E-002
  -4.5379576715773015E-002 ,   9.5359557810579046E-002 ,  -7.5632046969053610E-002
   5.1792906477787080E-002 ,   9.2120256097234787E-002 ,  -5.8242741815565935E-002
  0.14879417014044513      ,   8.9807670522331809E-002 ,  -4.2809675278040152E-002
  0.24313410675192293      ,   8.8446624947945987E-002 ,  -2.9044373790967137E-002
  0.32919314225638041      ,   8.8050377067792895E-002 ,  -1.6683803224649796E-002
  0.39795046096843184      ,   8.8625443418063860E-002 ,  -5.4889303017962065E-003
  0.43822214994605718      ,   9.0175506903978228E-002 ,   4.7570517042281801E-003
  0.44108458891004448      ,   9.2704565893845861E-002 ,   1.4250710197358178E-002
  0.40563777557349801      ,   9.6219465629758111E-002 ,   2.3170478593267770E-002
  0.34099920869514222      ,  0.10073193503900983      ,   3.1678808289697137E-002
  0.26146934705323693      ,  0.10626023546901686      ,   3.9924315065625528E-002
  0.17759365072431926      ,  0.11283051264599034      ,   4.8043883403733036E-002
   9.2274715043767802E-002 ,  0.12047792935848968      ,   5.6164704860415256E-002
   4.4572375812992737E-003 ,  0.12924764397219127      ,   6.4406236612651963E-002
  -8.6554752345342961E-002 ,  0.13919568879702723      ,   7.2882074089193616E-002
 -0.17886865744617608      ,  0.15038979239713457      ,   8.1701737491125151E-002
 -0.26669816652992417      ,  0.16291018095003260      ,   9.0972376317400280E-002
 -0.33964473235203652      ,  0.17685038546522014      ,  0.10080039897459114     
 -0.38273703539121151      ,  0.19231807375030874      ,  0.11129303635303416     
 -0.38065142336618679      ,  0.20943591808758993      ,  0.12255984902471209     
 -0.32848799585603672      ,  0.22834250119983526      ,  0.13471418753482758     
 -0.23932920177847450      ,  0.24919325368583059      ,  0.14787461413054032     
 -0.13567419201335262      ,  0.27216140501006614      ,  0.16216629213985403     
  -3.3463605194368709E-002 ,  0.29743891648856235      ,  0.17772234594660688     
   6.1940335835951141E-002 ,  0.32523734746483168      ,  0.19468518987864572     
  0.15175370104429650      ,  0.35578858369275485      ,  0.21320781800241143     
  0.23989639191436499      ,  0.38934532818804513      ,  0.23345503833546014     
  0.32912485367262695      ,  0.42618121744158366      ,  0.25560462372991749     
  0.41889654294283996      ,  0.46659037743175252      ,  0.27984833683908750     
  0.50468237777403768      ,  0.51088617139247883      ,  0.30639276713294245     
  0.57716136476578761      ,  0.55939881143258230      ,  0.33545989260639347     
  0.62607789437749994      ,  0.61247140525082377      ,  0.36728724609690205     
  0.64828347013218890      ,  0.67045388387585647      ,  0.40212752422049775     
  0.65029678406592362      ,  0.73369410400377422      ,  0.44024742390437027     
  0.64463465632683403      ,  0.80252523878664739      ,  0.48192542541007199     
  0.64328806158045604      ,  0.87724836805713469      ,  0.52744816004763362     
  0.65077592656874961      ,  0.95810896533412482      ,  0.57710490493869326     
  0.66366532632427999      ,   1.0452657805728223      ,  0.63117963775002872     
  0.67671275254111862      ,   1.1387504820354777      ,  0.68993996663175328     
  0.68736036504870679      ,   1.2384164273482181      ,  0.75362213632406572     
  0.69595077381002979      ,   1.3438752066554114      ,  0.82241122208398265     
  0.70450238593016523      ,   1.4544203201472676      ,  0.89641559472431365     
  0.71478633842162487      ,   1.5689387609178072      ,  0.97563482829485038     
  0.72647237255144292      ,   1.6858136658766292      ,   1.0599205065801458     
  0.73750349346633282      ,   1.8028248692118054      ,   1.1489299706560232     
  0.74614047184636789      ,   1.9170593339240956      ,   1.2420740599845279     
  0.75228062836298903      ,   2.0248499264203508      ,   1.3384614507544750     
  0.75723676275556473      ,   2.1217681005363196      ,   1.4368443490931841     
  0.76268921376885634      ,   2.2027020523138305      ,   1.5355729780716709     
  0.76973515318413599      ,   2.2620538223631388      ,   1.6325691829374855     
  0.77854707458505235      ,   2.2940825631095625      ,   1.7253318865775926     
  0.78859031118999101      ,   2.2934025096515773      ,   1.8109879719485740     
  0.79901536762932213      ,   2.2556108582566328      ,   1.8864000927656583     
  0.80889266273712024      ,   2.1779756365249536      ,   1.9483366994347122     
  0.81723635260485039      ,   2.0600674067786091      ,   1.9936988387326597     
  0.82297517895801664      ,   1.9041894755754216      ,   2.0197843039439829     
  0.82500614943845707      ,   1.7154692943814802      ,   2.0245557812127513     
  0.82232682018419090      ,   1.5015302430138926      ,   2.0068705581414674     
  0.81417765267288611      ,   1.2717598040209583      ,   1.9666297015238157     
  0.80016490105947335      ,   1.0362971825751546      ,   1.9048163682796677     
  0.78039027046559550      ,  0.80493991239132967      ,   1.8234138682300103     
  0.75562619074866355      ,  0.58618396610125834      ,   1.7252181534258575     
  0.72753013149651968      ,  0.38656124625243360      ,   1.6135790714816123     
  0.69878770811415658      ,  0.21034630813473335      ,   1.4921143988777912     
  0.67295403029509115      ,   5.9608695163686748E-002 ,   1.3644388805009304     
  0.65376793683091206      ,  -6.5479933137011226E-002 ,   1.2339398472094227     
  0.64399757438042982      , -0.16620055027530495      ,   1.1036162944159156     
  0.64430092882464651      , -0.24481000764352695      ,  0.97598429919751772     
  0.65273723249562221      , -0.30410886996064257      ,  0.85304136147876719     
  0.66531883983890361      , -0.34709476490187574      ,  0.73627664433751827     
  0.67746886081962943      , -0.37671289195006802      ,  0.62671257737338548     
  0.68551767309275569      , -0.39569614814294074      ,  0.52496455981118595     
  0.68714574366126102      , -0.40647782964416257      ,  0.43130818574931273     
  0.68045609353808267      , -0.41115746707718875      ,  0.34574645755035577     
  0.66224662779675458      , -0.41150210621487715      ,  0.26807221390270930     
  0.62684763463873727      , -0.40896890310199524      ,  0.19792318892810590     
  0.56788301856545165      , -0.40473875859198022      ,  0.13482868670199558     
  0.48365630769377632      , -0.39975409662649936      ,   7.8247876867343358E-002
  0.38071185110677297      , -0.39475651542952789      ,   2.7600314319150377E-002
  0.26943059511027484      , -0.39032191242298492      ,  -1.7710416716385423E-002
  0.15788168666519867      , -0.38689192741735651      ,  -5.8278932325788971E-002
   5.0927323461058299E-002 , -0.38480132170628584      ,  -9.4685166360762144E-002
  -5.0123817386087191E-002 , -0.38430135678688487      , -0.12748546907213734     
 -0.14752096434063897      , -0.38557946906189577      , -0.15720688788408219     
 -0.24405697181631616      , -0.38877563790933228      , -0.18434394603443194     
 -0.33999329941874051      , -0.39399586905819672      , -0.20935734501658584     
 -0.43216277135029640      , -0.40132319833040991      , -0.23267411661505247     
 -0.51359846677354992      , -0.41082658358391927      , -0.25468883757681537     
 -0.57463660977915743      , -0.42256800707019559      , -0.27576559431625691     
 -0.60841452983810063      , -0.43660806267782115      , -0.29624044721241904     
 -0.61585379363911341      , -0.45301025559336150      , -0.31642419513785502     
 -0.60499968664400305      , -0.47184419680003337      , -0.33660528206910106     
 -0.58652600944999322      , -0.49318783156868379      , -0.35705272011539529     
 -0.56739562165056068      , -0.51712879917563415      , -0.37801892807114496     
 -0.54738307803043440      , -0.54376497977004823      , -0.39974240249018106     
 -0.52290936493793505      , -0.57320424278403181      , -0.42245014997122587     
 -0.49320522533062061      , -0.60556336871600913      , -0.44635981535506558     
 -0.46254445606112615      , -0.64096607180850518      , -0.47168144125200534     
 -0.43861500807112058      , -0.67954000459510544      , -0.49861879002709569     
 -0.42916129726853774      , -0.72141257642418488      , -0.52737015029433365     
 -0.43846358364352783      , -0.76670536747726248      , -0.55812853633776005     
 -0.46531148781632697      , -0.81552686917319506      , -0.59108117101442681     
 -0.50351314691529370      , -0.86796323453109814      , -0.62640812116689004     
 -0.54484967718060806      , -0.92406668383501045      , -0.66427993038313904     
 -0.58302030755691869      , -0.98384119101453216      , -0.70485406880495360     
 -0.61563313875732351      ,  -1.0472250883707017      , -0.74826999640014280     
 -0.64320849357251653      ,  -1.1140702913966432      , -0.79464261903395428     
 -0.66726901074391998      ,  -1.1841179882630797      , -0.84405391227026083     
 -0.68892754217838681      ,  -1.2569708943107780      , -0.89654250528706636     
 -0.70811619345807586      ,  -1.3320625811600497      , -0.95209106900782137     
 -0.72372079110246224      ,  -1.4086249955284553      ,  -1.0106114543405447     
 -0.73458264517002392      ,  -1.4856561204709910      ,  -1.0719276969676881     
 -0.74059723769375330      ,  -1.5618908147046162      ,  -1.1357572641826892     
 -0.74305917286538670      ,  -1.6357791596741007      ,  -1.2016912837629112     
 -0.74405106937631327      ,  -1.7054780339848252      ,  -1.2691749722667758     
 -0.74539777338735946      ,  -1.7688628873783263      ,  -1.3374900584707226     
 -0.74794318553403760      ,  -1.8235674200729917      ,  -1.4057416326856329     
 -0.75153649177195048      ,  -1.8670585584756816      ,  -1.4728524544807782     
 -0.75554815694597466      ,  -1.8967521385750084      ,  -1.5375681751794532     
 -0.75944255196099586      ,  -1.9101705150628026      ,  -1.5984769812271005     
 -0.76302886199739461      ,  -1.9051366868038477      ,  -1.6540466183546458     
 -0.76633523548424687      ,  -1.8799909029060546      ,  -1.7026804229180070     
 -0.76932927487027969      ,  -1.8338064567641899      ,  -1.7427917898376235     
 -0.77173929390849505      ,  -1.7665738233804884      ,  -1.7728935811366489     
 -0.77306596820552076      ,  -1.6793193399910480      ,  -1.7916957382361516     
 -0.77271668792229231      ,  -1.5741287994909499      ,  -1.7982014834472844     
 -0.77015683717677574      ,  -1.4540585711738296      ,  -1.7917907942460058     
 -0.76501938887992615      ,  -1.3229355864692047      ,  -1.7722800115972297     
 -0.75716990423227903      ,  -1.1850684983651558      ,  -1.7399488134297523     
 -0.74674695960622506      ,  -1.0449098261764556      ,  -1.6955300711564372     
 -0.73419053968333092      , -0.90671780055009554      ,  -1.6401634518064443     
 -0.72025219287421993      , -0.77426443399857336      ,  -1.5753188259838156     
 -0.70596499680153380      , -0.65062418559314306      ,  -1.5026994293425207     
 -0.69254686594740511      , -0.53805960856055846      ,  -1.4241365517228026     
 -0.68122499529609404      , -0.43800192017994610      ,  -1.3414871510683963     
 -0.67300474297036239      , -0.35111004356225739      ,  -1.2565436330226010     
 -0.66844952227913990      , -0.27738372851379317      ,  -1.1709618668190174     
 -0.66756021102342067      , -0.21630490680726164      ,  -1.0862101432000582     
 -0.66981821075889358      , -0.16698485479310698      ,  -1.0035388660824414     
 -0.67438637358664200      , -0.12830075441590932      , -0.92396866930221366     
 -0.68037809600553001      ,  -9.9011800828282467E-002 , -0.84829344980179178     
 -0.68705796046394574      ,  -7.7850703932708876E-002 , -0.77709439787087953     
 -0.69386737577598046      ,  -6.3590613793592488E-002 , -0.71076127246323817     
 -0.70026639485779052      ,  -5.5090083998159803E-002 , -0.64951768650273467     
 -0.70549086360210644      ,  -5.1319928652182122E-002 , -0.59344783846858606     
 -0.70837941810672900      ,  -5.1376111790610725E-002 , -0.54252281249798806     
 -0.70738941278487832      ,  -5.4482506497482014E-002 , -0.49662518528688282     
 -0.70080271337400324      ,  -5.9986771525834218E-002 , -0.45557118450738321     
 -0.68700197922671336      ,  -6.7351918144290771E-002 , -0.41913003141958882     
 -0.66467932840582344      ,  -7.6145498697450006E-002 , -0.38704037906701927     
 -0.63293532608588299      ,  -8.6027798752510112E-002 , -0.35902394463510756     
 -0.59134260848110609      ,  -9.6739974650656230E-002 , -0.33479655016284376     
 -0.54006789651170883      , -0.10809274326090544      , -0.31407684844854894     
 -0.48001919054533415      , -0.11995598579839001      , -0.29659303637498741     
 -0.41283069460969951      , -0.13224945471734162      , -0.28208785835243927     
 -0.34055567202929665      , -0.14493465480064185      , -0.27032218738771446     
 -0.26521904395183188      , -0.15800789211005009      , -0.26107744707156139     
 -0.18855906029014255      , -0.17149443591142843      , -0.25415710912940392     
 -0.11220131633397362      , -0.18544371031143450      , -0.24938747116086327     
  -3.8336844633253681E-002 , -0.19992541770844602      , -0.24661788975310234     
   2.9244727307086261E-002 , -0.21502649063002746      , -0.24572061646105828     
   8.4242209763455200E-002 , -0.23084876878264615      , -0.24659035883437774     
  0.11784881141979504      , -0.24750730180244249      , -0.24914366600070298     
  0.12079069253664583      , -0.26512918355277493      , -0.25331821830752771     
   8.8102937526363723E-002 , -0.28385282959556735      , -0.25907208303752821     
   2.4000116291793789E-002 , -0.30382761469181757      , -0.26638298299531660     
  -5.9288233035303325E-002 , -0.32521379106320952      , -0.27524761149537930     
 -0.14850104663592761      , -0.34818260996592526      , -0.28568101558953890     
 -0.23441045301261065      , -0.37291656820932029      , -0.29771605884614949     
 -0.31328605748813548      , -0.39960969688581727      , -0.31140296518496530     
 -0.38604940928622489      , -0.42846780097640164      , -0.32680893569513642     
 -0.45518926993387598      , -0.45970854475326928      , -0.34401782048743806     
 -0.52165722223442279      , -0.49356125796539929      , -0.36312981686817919     
 -0.58262118766043958      , -0.53026631045188799      , -0.38426115281641809     
 -0.63114216592626515      , -0.57007386672513005      , -0.40754370016543978     
 -0.66062765488211217      , -0.61324178576453203      , -0.43312444421807728     
 -0.67044724334120986      , -0.66003237338925247      , -0.46116471487057925     
 -0.66679895843473602      , -0.71070762410160104      , -0.49183905773979042     
 -0.65951151552553100      , -0.76552250598750449      , -0.52533359135827784     
 -0.65691946832775083      , -0.82471574748206744      , -0.56184365743896569     
 -0.66159551194846300      , -0.88849748268377926      , -0.60157052509409392     
 -0.67087877728869572      , -0.95703301110356997      , -0.64471685702333670     
 -0.68095186835080102      ,  -1.0304218440011301      , -0.69148058764199649     
 -0.68976470237571574      ,  -1.1086711689674305      , -0.74204680358594444     
 -0.69745011891147501      ,  -1.1916629079707703      , -0.79657716295425818     
 -0.70539625574879927      ,  -1.2791137317463777      , -0.85519635278332806     
 -0.71465414176545905      ,  -1.3705278083744008      , -0.91797508300500474     
 -0.72475217240412415      ,  -1.4651428133852800      , -0.98490917658624821     
 -0.73406313933863998      ,  -1.5618709377351614      ,  -1.0558944769156287     
 -0.74116271389811172      ,  -1.6592384213378226      ,  -1.1306976022292721     
 -0.74578861132689889      ,  -1.7553295920387670      ,  -1.2089230872994532     
 -0.74882808201154638      ,  -1.8477444638281029      ,  -1.2899782167765024     
 -0.75163939263143498      ,  -1.9335823784575716      ,  -1.3730379039287575     
 -0.75530177973970225      ,  -2.0094673378281551      ,  -1.4570132840711101     
 -0.76024577196011067      ,  -2.0716324741702135      ,  -1.5405291632885045     
 -0.76634633680710573      ,  -2.1160799622598705      ,  -1.6219168435451898     
 -0.77324070620419483      ,  -2.1388267571723301      ,  -1.6992297223010837     
 -0.78056448244774601      ,  -2.1362343452227091      ,  -1.7702888766971601     
 -0.78796680029064303      ,  -2.1054020599515408      ,  -1.8327639813947796     
 -0.79498773779303922      ,  -2.0445807668991480      ,  -1.8842909353405151     
 -0.80096832658978989      ,  -1.9535423966589387      ,  -1.9226215166584080     
 -0.80508201472036822      ,  -1.8338290488603362      ,  -1.9457930344686416     
 -0.80645637075508880      ,  -1.6888114028237018      ,  -1.9522989358118306     
 -0.80431112155681084      ,  -1.5235141097589926      ,  -1.9412368422279591     
 -0.79806975119337409      ,  -1.3442120210571691      ,  -1.9124105565793181     
 -0.78744583030367721      ,  -1.1578532144471796      ,  -1.8663681352799042     
 -0.77252536581181486      , -0.97140576902449882      ,  -1.8043683566136113     
 -0.75386059997998300      , -0.79124071353522030      ,  -1.7282803210774276     
 -0.73256481644420679      , -0.62264865754680543      ,  -1.6404321365977033     
 -0.71035561284611037      , -0.46954913069346166      ,  -1.5434317569348321     
 -0.68945255097958813      , -0.33440429339267902      ,  -1.4399846537350298     
 -0.67223960438745434      , -0.21830781663064763      ,  -1.3327295467317848     
 -0.66070221851509170      , -0.12119519779513725      ,  -1.2241066936955947     
 -0.65581836249874781      ,  -4.2115597683410992E-002 ,  -1.1162655197519116     
 -0.65719595869950442      ,   2.0486709436646308E-002 ,  -1.0110115465697123     
 -0.66319228251000817      ,   6.8517777469615099E-002 , -0.90978775496973741     
 -0.67152767166057548      ,  0.10402626193743578      , -0.81368293448099915     
 -0.68010391664765235      ,  0.12904874663052246      , -0.72345890814728753     
 -0.68754747019678897      ,  0.14550507020936551      , -0.63958917068628618     
 -0.69312797604452347      ,  0.15513562773870865      , -0.56230283043951657     
 -0.69607367380759932      ,  0.15947093878374241      , -0.49162931722975295     
 -0.69464890183906824      ,  0.15982416769303215      , -0.42744079806285401     
 -0.68557368068616642      ,  0.15729872395344635      , -0.36949047281843572     
 -0.66434408339040174      ,  0.15280484568268940      , -0.31744585488358845     
 -0.62658508732359142      ,  0.14708076104513482      , -0.27091679461893292     
 -0.56998629940440959      ,  0.14071543813105639      , -0.22947842460269577     
 -0.49589208197231427      ,  0.13417102251796589      , -0.19268945063371956     
 -0.40914988304909783      ,  0.12780384748378712      , -0.16010633292912446     
 -0.31558451898465611      ,  0.12188343978152048      , -0.13129393972555115     
 -0.21928336577906454      ,  0.11660929459036382      , -0.10583324203678925     
 -0.12218002593798147      ,  0.11212541045637760      ,  -8.3326575815892520E-002
  -2.4869564868168756E-002 ,  0.10853270131855734      ,  -6.3400941043187109E-002
   7.2691409563634707E-002 ,  0.10589946947631626      ,  -4.5709745725188280E-002
  0.16992840092497649      ,  0.10427015253733518      ,  -2.9933342086985087E-002
  0.26400104383481066      ,  0.10367256371322282      ,  -1.5778645510833335E-002
  0.34884088887065035      ,  0.10412383785823971      ,  -2.9780755577153233E-003
  0.41502867348701183      ,  0.10563528140448651      ,   8.7119867305855848E-003
  0.45143938320821997      ,  0.10821630655474181      ,   1.9513070123515407E-002
  0.45012332844001618      ,  0.11187761099747581      ,   2.9626691293402192E-002
  0.41166203482670494      ,  0.11663374533339807      ,   3.9236545986113792E-002
  0.34611011514108531      ,  0.12250519210664432      ,   4.8510742915426050E-002
  0.26742797697597470      ,  0.12952006322130361      ,   5.7604029240280456E-002
  0.18490193109446812      ,  0.13771550677706540      ,   6.6659972083182917E-002
  0.10043216417019844      ,  0.14713890001021801      ,   7.5813073027227965E-002
   1.2786036114959156E-002 ,  0.15784889200725963      ,   8.5190802334656729E-002
  -7.8295722711191063E-002 ,  0.16991634801598865      ,   9.4915547152699190E-002
 -0.17019876964676425      ,  0.18342523629126711      ,  0.10510647354626416     
 -0.25632719214708205      ,  0.19847348819084690      ,  0.11588130609579436     
 -0.32543590280941020      ,  0.21517385232113451      ,  0.12735803123493067     
 -0.36200693438755976      ,  0.23365475348327366      ,  0.13965653162546596     
 -0.35141500297433881      ,  0.25406115644904970      ,  0.15290015875808619     
 -0.29129795467375236      ,  0.27655542254615456      ,  0.16721724963564050     
 -0.19738145310138139      ,  0.30131813284431563      ,  0.18274259076972924     
  -9.2024294554257063E-002 ,  0.32854883440907107      ,  0.19961882863850883     
   1.0319897559259834E-002 ,  0.35846664439448767      ,  0.21799781994534886     
  0.10476537066564626      ,  0.39131061915952309      ,  0.23804190709181647     
  0.19282983637310458      ,  0.42733976025768178      ,  0.25992509369566286     
  0.27879907297209466      ,  0.46683248383084736      ,  0.28383408103491098     
  0.36556181370295276      ,  0.51008532201043177      ,  0.30996910807541045     
  0.45264757656214866      ,  0.55741055142552731      ,  0.33854451411498021     
  0.53522961480050235      ,  0.60913235169282998      ,  0.36978891269851522     
  0.60363044227568841      ,  0.66558098285394907      ,  0.40394482676344723     
  0.64862454339482312      ,  0.72708433304494668      ,  0.44126758626840140     
  0.66911281191737959      ,  0.79395602623684047      ,  0.48202322918040019     
  0.67308135634927735      ,  0.86647909879151963      ,  0.52648507335109662     
  0.67323369061795846      ,  0.94488406424180749      ,  0.57492854014299799     
  0.68010047931323858      ,   1.0293200115880103      ,  0.62762371220481183     
  0.69573593620353158      ,   1.1198172657769607      ,  0.68482500244872102     
  0.71449790834868310      ,   1.2162401498838087      ,  0.74675720953346603     
  0.72939942229034360      ,   1.3182286351005581      ,  0.81359715612049432     
  0.73688892025524333      ,   1.4251283035935616      ,  0.88545008151459337     
  0.73817383819287141      ,   1.5359092905780751      ,  0.96232003866968674     
  0.73776338039173905      ,   1.6490769691601981      ,   1.0440737963954980     
  0.73979333290102511      ,   1.7625803520093120      ,   1.1303982621456463     
  0.74533115239552183      ,   1.8737286770511576      ,   1.2207523257973252     
  0.75280301163735264      ,   1.9791323337539792      ,   1.3143153831750887     
  0.76005739797675187      ,   2.0746905761774594      ,   1.4099366878493840     
  0.76603697012872241      ,   2.1556539445227054      ,   1.5060920462594489     
  0.77121161241292269      ,   2.2167915023342668      ,   1.6008569537318578     
  0.77686152643835160      ,   2.2526884218042524      ,   1.6919075042317528     
  0.78396612370046936      ,   2.2581843870692953      ,   1.7765613825387028     
  0.79254004653537435      ,   2.2289354566246842      ,   1.8518697931255470     
  0.80168297954674173      ,   2.1620431645734275      ,   1.9147661847452768     
  0.81003084671476222      ,   2.0566529170936714      ,   1.9622686169821451     
  0.81618285193716567      ,   1.9143940614837531      ,   1.9917204286638490     
  0.81891332137667239      ,   1.7395340488428781      ,   2.0010411052933321     
  0.81722896861614636      ,   1.5387608201874197      ,   1.9889499507456627     
  0.81039962531088094      ,   1.3205875736851553      ,   1.9551235362441517     
  0.79802459131917036      ,   1.0944698721640391      ,   1.9002562817400708     
  0.78014319062939674      ,  0.86980197130440695      ,   1.8260108125278076     
  0.75739159910273679      ,  0.65498696600371087      ,   1.7348662255019947     
  0.73119149853709864      ,  0.45674402410833626      ,   1.6298915649064565     
  0.70388718550718432      ,  0.27974115223213653      ,   1.5144830970439576     
  0.67864888282671165      ,  0.12655500924438956      ,   1.3921050714225933     
  0.65894113230333795      ,  -2.1093609545281568E-003 ,   1.2660659784698975     
  0.64755375447428165      , -0.10703999294361360      ,   1.1393497488246689     
  0.64555198332848329      , -0.19008160102014149      ,   1.0145082306768012     
  0.65170057457188280      , -0.25371953242299472      ,  0.89361081724419855     
  0.66276428454845537      , -0.30073129688479561      ,  0.77824067797363217     
  0.67466742443961114      , -0.33392454246025399      ,  0.66952453904332021     
  0.68388430944202949      , -0.35596005720225277      ,  0.56818335328088643     
  0.68809254213883653      , -0.36924698732802863      ,  0.47459326396003948     
  0.68560340132578412      , -0.37589322082260024      ,  0.38884895656509771     
  0.67388354996477973      , -0.37769423707262845      ,  0.31082411065795684     
  0.64814345973713949      , -0.37614639022080093      ,  0.24022584882287670     
  0.60182415009700141      , -0.37247398388673925      ,  0.17664171537082027     
  0.53052106816743039      , -0.36766269850571237      ,  0.11957883348917736     
  0.43695657340427541      , -0.36249455027626887      ,   6.8495581330194732E-002
  0.33041444572409040      , -0.35758150586839088      ,   2.2826506073900316E-002
  0.22021036950431880      , -0.35339622047587044      ,  -1.7998639778078043E-002
  0.11218657467941319      , -0.35029923678836039      ,  -5.4540824849171811E-002
   9.0297403396105182E-003 , -0.34856251030891594      ,  -8.7341759806201569E-002
  -8.9936128030662948E-002 , -0.34838942264384626      , -0.11691723052267909     
 -0.18733212818799264      , -0.34993159229674742      , -0.14375306250130479     
 -0.28448176910690343      , -0.35330285041969134      , -0.16830313786135651     
 -0.37955726641912274      , -0.35859075534454887      , -0.19098898192971681     
 -0.46717695874052845      , -0.36586599856871060      , -0.21220052210168877     
 -0.53837740756151553      , -0.37519002047089617      , -0.23229769598738090     
 -0.58391623577800089      , -0.38662111437854607      , -0.25161264904947012     
 -0.60037727237209837      , -0.40021925684407017      , -0.27045231471455861     
 -0.59240122601126988      , -0.41604986199587363      , -0.28910121329269922     
 -0.56984604225858371      , -0.43418661921318441      , -0.30782434099060302     
 -0.54210649931571542      , -0.45471353602796433      , -0.32687004780146445     
 -0.51243686559451718      , -0.47772627159494169      , -0.34647282392138790     
 -0.47833605204238805      , -0.50333280959024207      , -0.36685592925790400     
 -0.43752446028752634      , -0.53165348217388397      , -0.38823381009042951     
 -0.39224486066190373      , -0.56282031778690689      , -0.41081425140154459     
 -0.34921296549681469      , -0.59697564414214421      , -0.43480021307211597     
 -0.31719963598299572      , -0.63426983296738892      , -0.46039129315319621     
 -0.30408088125013349      , -0.67485802422642949      , -0.48778475182937375     
 -0.31432984860693719      , -0.71889561443919947      , -0.51717601545449898     
 -0.34723717237688073      , -0.76653223684161209      , -0.54875856116675947     
 -0.39633820927367508      , -0.81790390218311593      , -0.58272305918769784     
 -0.45194456314516440      , -0.87312291159351063      , -0.61925562236534037     
 -0.50594538740099959      , -0.93226510369459192      , -0.65853498173058778     
 -0.55394736523621146      , -0.99535396770232754      , -0.70072837453749337     
 -0.59464398592147494      ,  -1.0623411591474730      , -0.74598590049483626     
 -0.62909728411444410      ,  -1.1330830190770358      , -0.79443307761640658     
 -0.65934112514794008      ,  -1.2073128544503686      , -0.84616131890993951     
 -0.68640386839799683      ,  -1.2846090303135032      , -0.90121606603373261     
 -0.70941448231058990      ,  -1.3643594057596606      , -0.95958237131782331     
 -0.72653586223392619      ,  -1.4457233725700702      ,  -1.0211678349887090     
 -0.73680299255327875      ,  -1.5275937779192856      ,  -1.0857830039380234     
 -0.74125955789729170      ,  -1.6085623533591964      ,  -1.1531196477268890     
 -0.74259018977408942      ,  -1.6868938939161400      ,  -1.2227277695525685     
 -0.74367953323247937      ,  -1.7605161903145281      ,  -1.2939927958138346     
 -0.74623988875553671      ,  -1.8270343129837907      ,  -1.3661151039794051     
 -0.75040902489002315      ,  -1.8837787772127064      ,  -1.4380948387112886     
 -0.75534031671303636      ,  -1.9278966816365157      ,  -1.5087257139824952     
 -0.76013925750509193      ,  -1.9564922881605553      ,  -1.5766020145148025     
 -0.76445073871142666      ,  -1.9668179842404507      ,  -1.6401430354681412     
 -0.76842093161910241      ,  -1.9565078935156675      ,  -1.6976384459203631     
 -0.77227083885836623      ,  -1.9238352622592316      ,  -1.7473162883833551     
 -0.77591939854707925      ,  -1.8679631247608479      ,  -1.7874324592804500     
 -0.77889700404568218      ,  -1.7891488963989355      ,  -1.8163767754887499     
 -0.78049719621444857      ,  -1.6888613174542515      ,  -1.8327867172578691     
 -0.77999401344707475      ,  -1.5697756537403367      ,  -1.8356565804305158     
 -0.77680493150373486      ,  -1.4356308657342878      ,  -1.8244281277482193     
 -0.77057799012243111      ,  -1.2909575812169940      ,  -1.7990497282333926     
 -0.76123690105189790      ,  -1.1407118013422741      ,  -1.7599946421626305     
 -0.74901743556249123      , -0.98986866166433762      ,  -1.7082349636031091     
 -0.73450253617546191      , -0.84303727905915227      ,  -1.6451744759519611     
 -0.71863793223750727      , -0.70414998917810345      ,  -1.5725497021054149     
