  0.70459026239462497      ,   2.1229450724483714      ,   1.4655193661558268     
   1.8972546631009202      ,   2.1929852415350255      ,   1.5610585270229873     
   2.2794878055098042      ,   2.2400776937172493      ,   1.6539053462152871     
   2.2096052797541574      ,   2.2589017442634218      ,   1.7415228812149708     
   1.9255280827152843      ,   2.2447042742917840      ,   1.8210630112943438     
   1.6341092861479989      ,   2.1939089102960634      ,   1.8894909061409448     
   1.5305751784645600      ,   2.1047402225179983      ,   1.9437656688917380     
   1.6135976158009846      ,   1.9777454803439807      ,   1.9810672081207392     
   1.5488982301894920      ,   1.8160821072783706      ,   1.9990464820024860     
   1.4670194301428403      ,   1.6254624622894605      ,   1.9960649989817625     
   1.1964412309415211      ,   1.4137129629515430      ,   1.9713841858516696     
   1.0436061664629175      ,   1.1899972664110152      ,   1.9252693066812612     
  0.84092505403292017      ,  0.96384218103004549      ,   1.8589865037522069     
  0.64283114250510598      ,  0.74415591195967179      ,   1.7746919444430655     
  0.51141938234910611      ,  0.53842131673974125      ,   1.6752329415465239     
  0.44687540524369512      ,  0.35218728446955988      ,   1.5638959838847664     
  0.26552081334183164      ,  0.18889565376218667      ,   1.4441420266186100     
  0.17460070099614633      ,   5.0001978019320249E-002 ,   1.3193650556489360     
   7.5510289757265939E-002 ,  -6.4700883798565631E-002 ,   1.1926989228874905     
  -2.5085792525804347E-002 , -0.15666063759309845      ,   1.0668841267543117     
  -8.3152486820606858E-002 , -0.22813426990100699      ,  0.94419438639734021     
 -0.13429261244381166      , -0.28180797976757588      ,  0.82641469034470127     
 -0.19332057559183147      , -0.32049834109380249      ,  0.71485843581946695     
 -0.23319138732815742      , -0.34694074961631782      ,  0.61041059040920653     
 -0.25965310365751954      , -0.36365620077566646      ,  0.51358530372947420     
 -0.29997211805548263      , -0.37288048745330526      ,  0.42458891988492709     
 -0.32564747066501687      , -0.37653861886822665      ,  0.34338204425120999     
 -0.34214986326838021      , -0.37624917459232166      ,  0.26973670639260389     
 -0.34786792558277502      , -0.37334652660465156      ,  0.20328652779630416     
 -0.36707811511526900      , -0.36891220776140959      ,  0.14356912745924336     
 -0.36237347491249561      , -0.36380958762195265      ,   9.0060855130340983E-002
 -0.38357337306123451      , -0.35871823902491112      ,   4.2204439621893741E-002
 -0.39500105358204907      , -0.35416596004674755      ,  -5.6961569239652996E-004
 -0.40241096703125434      , -0.35055746826940914      ,  -3.8826978221081797E-002
 -0.39965024698192425      , -0.34819944144875398      ,  -7.3117879548269940E-002
 -0.41961732484497893      , -0.34732196114584557      , -0.10396913675487859     
 -0.42532096730305158      , -0.34809661831423416      , -0.13187907821838246     
 -0.45010389414604723      , -0.35065163044657438      , -0.15731475324318300     
 -0.47135316370154884      , -0.35508434474769440      , -0.18071090378070817     
 -0.49325802764862314      , -0.36147149037983400      , -0.20247026648446861     
 -0.50212791930170098      , -0.36987751301508459      , -0.22296485238673353     
 -0.51102977628939072      , -0.38036128702789984      , -0.24253791924495635     
 -0.51837101157662291      , -0.39298146021187508      , -0.26150640862046931     
 -0.52445627851978061      , -0.40780064560972051      , -0.28016366693359418     
 -0.54421039106644076      , -0.42488863596647064      , -0.29878230811027573     
 -0.56088664534335020      , -0.44432477860534586      , -0.31761710598075332     
 -0.58247049039820775      , -0.46619961183729980      , -0.33690782818834025     
 -0.59810994784830129      , -0.49061582772856122      , -0.35688194075595159     
 -0.62549417380747729      , -0.51768858938690709      , -0.37775712423213165     
 -0.64284200615753162      , -0.54754519301577265      , -0.39974354894277481     
 -0.67910899510754263      , -0.58032402491292434      , -0.42304585861538374     
 -0.70589058774096747      , -0.61617272046811900      , -0.44786480869756806     
 -0.74480379441441813      , -0.65524538527947807      , -0.47439849813077212     
 -0.77248632677945339      , -0.69769868729453444      , -0.50284312115890861     
 -0.81304836553711901      , -0.74368657348523226      , -0.53339314892254241     
 -0.84659736050623868      , -0.79335330605295495      , -0.56624082914757556     
 -0.89469735487870650      , -0.84682445416439756      , -0.60157486641105617     
 -0.94550870430250711      , -0.90419542278911047      , -0.63957811587315860     
  -1.0062241955705469      , -0.96551705894731876      , -0.68042409129601356     
  -1.0700121893608947      ,  -1.0307778612015503      , -0.72427205599499500     
  -1.1403825553814564      ,  -1.0998823509037625      , -0.77126043706710912     
  -1.2162250404948107      ,  -1.1726252724491224      , -0.82149828508863920     
  -1.2931293874703520      ,  -1.2486615134322572      , -0.87505450283288311     
  -1.3798851355490462      ,  -1.3274720230237296      , -0.93194460068929952     
  -1.4626133854271657      ,  -1.4083266142620134      , -0.99211482113025040     
  -1.5530974725652438      ,  -1.4902454189606513      ,  -1.0554236320282695     
  -1.6347930015875696      ,  -1.5719619618454443      ,  -1.1216208443547895     
  -1.7229062592968911      ,  -1.6518923291820697      ,  -1.1903249890188543     
  -1.8003549088028736      ,  -1.7281166388091584      ,  -1.2610001085055818     
  -1.8829909865540519      ,  -1.7983807511966154      ,  -1.3329337815139992     
  -1.9530012634192984      ,  -1.8601274883067285      ,  -1.4052189689836077     
  -2.0203717157297256      ,  -1.9105669316404634      ,  -1.4767430611370855     
  -2.0686480878600126      ,  -1.9467938643396794      ,  -1.5461881616983577     
  -2.1027742147686701      ,  -1.9659562972366709      ,  -1.6120469374818855     
  -2.1096489454966538      ,  -1.9654717519920386      ,  -1.6726580056065574     
  -2.0928490027638422      ,  -1.9432777608327523      ,  -1.7262635486630262     
  -2.0451931700899699      ,  -1.8980912374186156      ,  -1.7710894706649931     
  -1.9696432453304169      ,  -1.8296406962393050      ,  -1.8054450031124267     
  -1.8651433914850897      ,  -1.7388294866500131      ,  -1.8278346624583925     
  -1.7354246842591257      ,  -1.6277909378168240      ,  -1.8370716452890137     
  -1.5842351364172846      ,  -1.4998095542228083      ,  -1.8323791687938058     
  -1.4172237835205022      ,  -1.3591048903602743      ,  -1.8134659116009328     
  -1.2423118242749955      ,  -1.2105014823689850      ,  -1.7805641330966038     
  -1.0657710155700733      ,  -1.0590317642324893      ,  -1.7344240464755345     
 -0.89672387705334489      , -0.90953204853726333      ,  -1.6762645840380972     
 -0.73914376407927984      , -0.76629045839720311      ,  -1.6076872838821734     
 -0.59927512564230656      , -0.63279111119684861      ,  -1.5305650890616394     
 -0.47606614731510111      , -0.51157614327258938      ,  -1.4469203331926654     
 -0.37137761512244494      , -0.40422348056081997      ,  -1.3588058440310067     
 -0.28114613887773615      , -0.31141976406450217      ,  -1.2682004526181798     
 -0.20618136257770486      , -0.23309778801163680      ,  -1.1769262441082506     
 -0.14389691926162707      , -0.16860623877588951      ,  -1.0865906987991416     
  -9.5462796909312281E-002 , -0.11688420726929609      , -0.99855328422125944     
  -5.8924224981683052E-002 ,  -7.6620826960369842E-002 , -0.91391352682143312     
  -3.4389941306705051E-002 ,  -4.6388750188870759E-002 , -0.83351620498294843     
  -1.9379080554390360E-002 ,  -2.4747247274474339E-002 , -0.75796889974055193     
  -1.2961968278112565E-002 ,  -1.0315729998428632E-002 , -0.68766743138630215     
  -1.2502419980538880E-002 ,  -1.8214478280048640E-003 , -0.62282540323619306     
  -1.6565637262511909E-002 ,   1.8736213420180853E-003 , -0.56350492439458066     
  -2.2882711890830458E-002 ,   1.7615356216361129E-003 , -0.50964642339749555     
  -3.0290977765162777E-002 ,  -1.3118115952818158E-003 , -0.46109619835676158     
  -3.7697297123511990E-002 ,  -6.6396574477651698E-003 , -0.41763093670120399     
  -4.4955613032625207E-002 ,  -1.3643028666461270E-002 , -0.37897887546563841     
  -5.2494106578624730E-002 ,  -2.1857230537399887E-002 , -0.34483757807297111     
  -6.0890614592618977E-002 ,  -3.0917647516997382E-002 , -0.31488850072089442     
  -7.1027195277906921E-002 ,  -4.0545828998756465E-002 , -0.28880863680281205     
  -8.2835518798013513E-002 ,  -5.0536458215814865E-002 , -0.26627958437632082     
  -9.6429037085623281E-002 ,  -6.0745535952676205E-002 , -0.24699439830948178     
 -0.11051023764935945      ,  -7.1079928829461902E-002 , -0.23066257968419340     
 -0.12464994388191439      ,  -8.1488312368645233E-002 , -0.21701353068754367     
 -0.13733497297981334      ,  -9.1953464011745173E-002 , -0.20579877078846398     
 -0.14864377091275688      , -0.10248581711414667      , -0.19679317430099824     
 -0.15797919409575489      , -0.11311816375377477      , -0.18979545356896593     
 -0.16648432330422369      , -0.12390138486828309      , -0.18462807785078555     
 -0.17449551053233728      , -0.13490108585741281      , -0.18113678659492613     
 -0.18346548095422149      , -0.14619502096295234      , -0.17918982768631697     
 -0.19363558212777157      , -0.15787119815256992      , -0.17867702656820605     
 -0.20559023778158217      , -0.17002656630521587      , -0.17950877083502106     
 -0.21869549848503012      , -0.18276619714175962      , -0.18161497674609636     
 -0.23249322964349092      , -0.19620288481528092      , -0.18494408884528565     
 -0.24616677760136135      , -0.21045709584136973      , -0.18946215116338330     
 -0.25931993165911416      , -0.22565721072115474      , -0.19515197798646983     
 -0.27209727757919444      , -0.24194000588268194      , -0.20201244354666020     
 -0.28476809770878225      , -0.25945133017162558      , -0.21005790288735099     
 -0.29836675157788961      , -0.27834693379168085      , -0.21931775023200070     
 -0.31333697661892940      , -0.29879340902458551      , -0.22983611610438576     
 -0.33094763244754405      , -0.32096920087564484      , -0.24167169986552495     
 -0.35141380562018976      , -0.34506564151254326      , -0.25489772989084503     
 -0.37587301317724892      , -0.37128795436713680      , -0.26960203892761031     
 -0.40400272849960384      , -0.39985616123761175      , -0.28588723682235340     
 -0.43629904111140538      , -0.43100580761439661      , -0.30387095630563832     
 -0.47175349026376662      , -0.46498839643186035      , -0.32368613929883611     
 -0.51043190513200865      , -0.50207138687697239      , -0.34548132058916198     
 -0.55145840178027272      , -0.54253757078717313      , -0.36942085189663620     
 -0.59532969723664408      , -0.58668358224765382      , -0.39568499136519159     
 -0.64207840968135588      , -0.63481722373640304      , -0.42446976021377292     
 -0.69273415619171341      , -0.68725320205339335      , -0.45598643837758396     
 -0.74788969783739767      , -0.74430675725310036      , -0.49046053302116105     
 -0.80848367513440189      , -0.80628453708180048      , -0.52813000635325302     
 -0.87529333596210590      , -0.87347191981658512      , -0.56924249093951840     
 -0.94896014791906247      , -0.94611582648685610      , -0.61405115097201413     
  -1.0300658712180251      ,  -1.0244019038421510      , -0.66280876718600912     
  -1.1181560147257250      ,  -1.1084248294944457      , -0.71575953398672687     
  -1.2126112565665299      ,  -1.1981504370039850      , -0.77312796625371349     
  -1.3115360637421132      ,  -1.2933684551491871      , -0.83510423251032928     
  -1.4137754191826921      ,  -1.3936350120537007      , -0.90182518174023896     
  -1.5176440504681350      ,  -1.4982048238685792      , -0.97335034643113805     
  -1.6229224402377793      ,  -1.6059543643073384      ,  -1.0496323335922244     
  -1.7287264908103919      ,  -1.7152995155211928      ,  -1.1304813258783022     
  -1.8348982970086596      ,  -1.8241144286973070      ,  -1.2155239907546520     
  -1.9397637607124343      ,  -1.9296626473165661      ,  -1.3041580287422825     
  -2.0413231356030765      ,  -2.0285567510694142      ,  -1.3955049591156097     
  -2.1355278309200618      ,  -2.1167681279727408      ,  -1.4883655626288721     
  -2.2172927256465336      ,  -2.1897124730225968      ,  -1.5811845732323351     
  -2.2798542752370210      ,  -2.2424368401855683      ,  -1.6720334281675850     
  -2.3162078384682654      ,  -2.2699274515027903      ,  -1.7586215675428791     
  -2.3196894644050179      ,  -2.2675410704442771      ,  -1.8383470568267553     
  -2.2852733787247055      ,  -2.2315354793862863      ,  -1.9083951718011813     
  -2.2101700888159974      ,  -2.1596393728573404      ,  -1.9658881976733313     
  -2.0942958215923033      ,  -2.0515673608482117      ,  -2.0080809159886481     
  -1.9404748295866585      ,  -1.9093654042820782      ,  -2.0325851947350984     
  -1.7542030440133367      ,  -1.7374802521795818      ,  -2.0375963442642169     
  -1.5434304030097459      ,  -1.5424908645419049      ,  -2.0220870557072868     
  -1.3178034568532735      ,  -1.3325138890316865      ,  -1.9859351503616736     
  -1.0880096321413526      ,  -1.1163770895205816      ,  -1.9299604824015189     
 -0.86443528979174133      , -0.90271463970216792      ,  -1.8558625427495614     
 -0.65616194713240472      , -0.69915333805288005      ,  -1.7660691607004873     
 -0.46968221764800461      , -0.51172455627362157      ,  -1.6635226118661581     
 -0.30797844960852261      , -0.34456902251457822      ,  -1.5514380456062040     
 -0.16993539984996764      , -0.19992742058226354      ,  -1.4330689555593126     
  -5.2214405904407665E-002 ,  -7.8353635495356427E-002 ,  -1.3115070018535810     
   4.7932900393725539E-002 ,   2.0938678205007655E-002 ,  -1.1895322925370455     
  0.13095443801345408      ,   9.9683331970804839E-002 ,  -1.0695188846258392     
  0.19590089458482432      ,  0.16018938887226788      , -0.95339135265482711     
  0.24231109575224932      ,  0.20502955102225520      , -0.84262287340932207     
  0.27133151234964814      ,  0.23680505324691808      , -0.73826321303702513     
  0.28541957950683533      ,  0.25798571518553559      , -0.64098540203572851     
  0.28773832295223578      ,  0.27081406721431378      , -0.55114169936627055     
  0.28170280607536080      ,  0.27725876812910116      , -0.46882179683512121     
  0.27052792376033741      ,  0.27900274777112255      , -0.39390850780487019     
  0.25707429137897303      ,  0.27745373025931797      , -0.32612810965688144     
  0.24382632993430717      ,  0.27376767687771925      , -0.26509396378805872     
  0.23260219100238480      ,  0.26887844999022875      , -0.21034304104239709     
  0.22405091076031081      ,  0.26352928555378896      , -0.16136561312245876     
  0.21769946418016778      ,  0.25830338361003830      , -0.11762872548202521     
  0.21238071482787421      ,  0.25365213339961845      ,  -7.8594230329419618E-002
  0.20701523214215836      ,  0.24992028571985089      ,  -4.3732198406493103E-002
  0.20134681700106963      ,  0.24736787928073103      ,  -1.2530495478973122E-002
  0.19627562694980544      ,  0.24618901419420672      ,   1.5498761649762946E-002
  0.19325150843462843      ,  0.24652771658972086      ,   4.0815242249198726E-002
  0.19356247243032923      ,  0.24849120507191619      ,   6.3848395057936713E-002
  0.19790538065601970      ,  0.25216088680275600      ,   8.4996947291091016E-002
  0.20636718246050853      ,  0.25760140041147883      ,  0.10462953672164868     
  0.21844995862203245      ,  0.26486799812752337      ,  0.12308617297080882     
  0.23325836263385283      ,  0.27401252828755540      ,  0.14068028317307485     
  0.24971483069497741      ,  0.28508824596383264      ,  0.15770114704959190     
  0.26694300180166208      ,  0.29815364605313538      ,  0.17441656789863064     
  0.28464516693482750      ,  0.31327548066923111      ,  0.19107565995241765     
  0.30322988333187356      ,  0.33053109129916319      ,  0.20791165978693618     
  0.32361253712709731      ,  0.35001015569947541      ,  0.22514469075587282     
  0.34680004805271436      ,  0.37181591944846470      ,  0.24298442539145085     
  0.37358227440791725      ,  0.39606595177792658      ,  0.26163260189036275     
  0.40438408431439704      ,  0.42289243397840254      ,  0.28128535757025835     
  0.43937474492492984      ,  0.45244195537173576      ,  0.30213534479742682     
  0.47844155179591413      ,  0.48487475552864823      ,  0.32437359347328226     
  0.52116767657886220      ,  0.52036331095555033      ,  0.34819107871969512     
  0.56680975104369258      ,  0.55909011875466963      ,  0.37377994279216353     
  0.61456986934174351      ,  0.60124447776365575      ,  0.40133430624077332     
  0.66387870943440441      ,  0.64701800872700355      ,  0.43105058462564538     
  0.71475731477095006      ,  0.69659858914627970      ,  0.46312720335904639     
  0.76782163953786775      ,  0.75016230682968776      ,  0.49776357426593426     
  0.82399435761612494      ,  0.80786296208517894      ,  0.53515816326300703     
  0.88406384406580985      ,  0.86981857845954313      ,  0.57550543970562862     
  0.94861740134489092      ,  0.93609432723212493      ,  0.61899145589766924     
   1.0182203220852326      ,   1.0066812497723858      ,  0.66578776291098896     
   1.0934774695435920      ,   1.0814702020791576      ,  0.71604333133576936     
   1.1746448344702509      ,   1.1602205871984252      ,  0.76987412117325282     
   1.2610227368050062      ,   1.2425237379106899      ,  0.82734994640491488     
   1.3507583269727510      ,   1.3277613327337383      ,  0.88847832494687062     
   1.4413315434060361      ,   1.4150600519922343      ,  0.95318511823163443     
   1.5304920786474778      ,   1.5032448850857092      ,   1.0212919774044968     
   1.6168682789007061      ,   1.5907951368249806      ,   1.0924909602993793     
   1.6999206127549817      ,   1.6758092336481305      ,   1.1663171991790231     
   1.7792036648316356      ,   1.7559867539213359      ,   1.2421212063624751     
   1.8536136496233699      ,   1.8286383484215454      ,   1.3190432973004009     
   1.9209622609479240      ,   1.8907357477549998      ,   1.3959936298273332     
   1.9780210698278120      ,   1.9390139414672936      ,   1.4716423658616045     
   2.0206589284892713      ,   1.9701347168167749      ,   1.5444252179966029     
   2.0441336368665990      ,   1.9809139931688384      ,   1.6125698074137198     
   2.0436240581510385      ,   1.9686042965658759      ,   1.6741474332865141     
   2.0151430553849710      ,   1.9312090665239734      ,   1.7271526879999526     
   1.9564820426227423      ,   1.8677898948641325      ,   1.7696097139064220     
   1.8677999805869199      ,   1.7787157727778797      ,   1.7996990584772179     
   1.7515846636361596      ,   1.6658004180897077      ,   1.8158938485468463     
   1.6121452665530742      ,   1.5322841264031259      ,   1.8170896522382194     
   1.4549860953500493      ,   1.3826410816817760      ,   1.8027103842661085     
   1.2863474954411103      ,   1.2222271300857113      ,   1.7727740487535097     
   1.1128925795686913      ,   1.0568173954948450      ,   1.7279072363722550     
  0.94131326528566739      ,  0.89210699497372936      ,   1.6693051785598141     
  0.77771910935287814      ,  0.73325371885859658      ,   1.5986429288824242     
  0.62687308892575122      ,  0.58452759738698601      ,   1.5179506812892458     
  0.49157716028213849      ,  0.44910440619877645      ,   1.4294706036630744     
  0.37258211395329988      ,  0.32900804302432490      ,   1.3355131575457599     
  0.26923701889193552      ,  0.22517975761350253      ,   1.2383281301111788     
  0.18049822435900320      ,  0.13763619500143201      ,   1.1400007631493552     
  0.10562457837949231      ,   6.5674125912785541E-002 ,   1.0423779110055031     
   4.4193141909737936E-002 ,   8.0849226673441309E-003 ,  0.94702432864755492     
  -4.2807339078774279E-003 ,  -3.6647959318350160E-002 ,  0.85520570116662220     
  -4.0657647784569956E-002 ,  -7.0183985503209742E-002 ,  0.76789306686827385     
  -6.6226885212330319E-002 ,  -9.4198889559875751E-002 ,  0.68578266487044659     
  -8.2643939894705282E-002 , -0.11029539148430681      ,  0.60932557376670549     
  -9.1848671262111090E-002 , -0.11994634888404937      ,  0.53876239312829344     
  -9.5939659381219303E-002 , -0.12446374781749646      ,  0.47415931772987213     
  -9.6975728944517503E-002 , -0.12498684092459350      ,  0.41544303521539272     
  -9.6720826705169044E-002 , -0.12248351306069007      ,  0.36243281295299978     
  -9.6369671449122715E-002 , -0.11776008759970902      ,  0.31486887817539688     
  -9.6384305269996653E-002 , -0.11147595722127562      ,  0.27243673610220331     
  -9.6551332947910212E-002 , -0.10416046098667439      ,  0.23478743889501760     
  -9.6239189222655591E-002 ,  -9.6230268745729916E-002 ,  0.20155404923322520     
  -9.4758275850804402E-002 ,  -8.8006169680094323E-002 ,  0.17236467135236386     
  -9.1703209515311704E-002 ,  -7.9728619465646910E-002 ,  0.14685248014890553     
  -8.7131746851502087E-002 ,  -7.1571715908854167E-002 ,  0.12466318963701144     
  -8.1512167198943705E-002 ,  -6.3655481380319207E-002 ,  0.10546038361411331     
  -7.5532287544002305E-002 ,  -5.6056462123818873E-002 ,   8.8929096525659293E-002
  -6.9879224426270647E-002 ,  -4.8816733180471229E-002 ,   7.4777989758615271E-002
  -6.5034429624715590E-002 ,  -4.1951440676735785E-002 ,   6.2740423449201291E-002
  -6.1115812393168135E-002 ,  -3.5455032936478358E-002 ,   5.2574679744355923E-002
  -5.7837349390074788E-002 ,  -2.9306336777311121E-002 ,   4.4063552248866676E-002
  -5.4613611725643635E-002 ,  -2.3472631137315080E-002 ,   3.7013479116549064E-002
  -5.0781819134150023E-002 ,  -1.7912860613176592E-002 ,   3.1253364298961861E-002
  -4.5847516033330475E-002 ,  -1.2580119031930273E-002 ,   2.6633202873642056E-002
  -3.9660165790830718E-002 ,  -7.4235194168164684E-003 ,   2.3022601941961349E-002
  -3.2451866380796578E-002 ,  -2.3895526643297050E-003 ,   2.0309267999732566E-002
  -2.4729869713954192E-002 ,   2.5769764294678002E-003 ,   1.8397514567913990E-002
  -1.7068601871307973E-002 ,   7.5323600723385788E-003 ,   1.7206829832404586E-002
  -9.9038168936385635E-003 ,   1.2533681512562971E-002 ,   1.6670532691262046E-002
  -3.4129148406102203E-003 ,   1.7638739228033853E-002 ,   1.6734536573687991E-002
   2.5000526118786194E-003 ,   2.2906157954650883E-002 ,   1.7356233333978746E-002
   8.1422491597202863E-003 ,   2.8395651775810059E-002 ,   1.8503504123173291E-002
   1.3937692634467164E-002 ,   3.4168411947193139E-002 ,   2.0153860122593532E-002
   2.0343211779691485E-002 ,   4.0287598573695890E-002 ,   2.2293713141477826E-002
   2.7787222961571528E-002 ,   4.6818920772964574E-002 ,   2.4917774122068557E-002
   3.6595206824023639E-002 ,   5.3831294641373525E-002 ,   2.8028576376258642E-002
   4.6900381096273515E-002 ,   6.1397572269541886E-002 ,   3.1636119741692989E-002
   5.8584758817084207E-002 ,   6.9595338313741359E-002 ,   3.5757631659391192E-002
   7.1305510999933847E-002 ,   7.8507773281989768E-002 ,   4.0417441327286856E-002
   8.4598436955501122E-002 ,   8.8224584786854909E-002 ,   4.5646963479192816E-002
   9.8023655328187007E-002 ,   9.8843009576148722E-002 ,   5.1484788894276025E-002
  0.11130327390111423      ,  0.11046889017470396      ,   5.7976879384914290E-002
  0.12441716911606875      ,  0.12321783041693192      ,   6.5176865672310277E-002
  0.13762150843410545      ,  0.13721643393795990      ,   7.3146447170941875E-002
  0.15139338914392333      ,  0.15260362868110805      ,   8.1955893190802181E-002
  0.16633898450913370      ,  0.16953207845828508      ,   9.1684645344361937E-002
  0.18311079308166905      ,  0.18816967925929715      ,  0.10242202090719046     
  0.20232906978399556      ,  0.20870113291326453      ,  0.11426801639108988     
  0.22448221930671761      ,  0.23132958326445305      ,  0.12733420946757795     
  0.24982178700952920      ,  0.25627828942655712      ,  0.14174475538966241     
  0.27830878496551081      ,  0.28379229583655963      ,  0.15763747088302618     
  0.30965754578721522      ,  0.31414003829503662      ,  0.17516499368889293     
  0.34347485183489068      ,  0.34761479704822135      ,  0.19449599897351566     
  0.37946670252434156      ,  0.38453586975492132      ,  0.21581644392278115     
  0.41764419193080982      ,  0.42524928569696840      ,  0.23933079802753432     
  0.45843617540266018      ,  0.47012781380497676      ,  0.26526319755009375     
  0.50263429112702096      ,  0.51956992601299135      ,  0.29385843679191381     
  0.55122597349080704      ,  0.57399725820589576      ,  0.32538267396696935     
  0.60524733269093978      ,  0.63384995688781476      ,  0.36012368314484444     
  0.66572120149789293      ,  0.69957910375106158      ,  0.39839042277848546     
  0.73358260523576402      ,  0.77163516659707754      ,  0.44051161226904401     
  0.80949665909405799      ,  0.85045113084173762      ,  0.48683290717601213     
  0.89361514572394640      ,  0.93641862573563228      ,  0.53771213779833738     
  0.98544526693464563      ,   1.0298549921469877      ,  0.59351192318830193     
   1.0839728525191481      ,   1.1309588877514196      ,  0.65458879492291688     
   1.1880381163022136      ,   1.2397517747754763      ,  0.72127777049431474     
   1.2967664052585426      ,   1.3560026313389530      ,  0.79387112490455902     
   1.4097681867688321      ,   1.4791337050455708      ,  0.87258995955215146     
   1.5269614626101444      ,   1.6081064368808913      ,  0.95754712642466444     
   1.6481478003513210      ,   1.7412893019177593      ,   1.0487002384026967     
   1.7726033125808007      ,   1.8763138155898438      ,   1.1457940364240928     
   1.8987399362432418      ,   2.0099318942507094      ,   1.2482924930836636     
   2.0236769807492250      ,   2.1378973961878445      ,   1.3553029398616954     
   2.1427233160976424      ,   2.2549064777318151      ,   1.4654974099608737     
   2.2491589555424252      ,   2.3546433513064033      ,   1.5770403371301229     
   2.3347120305337863      ,   2.4299858367995242      ,   1.6875364451886767     
   2.3906636189578339      ,   2.4734218891438644      ,   1.7940172231606923     
   2.4090826067929672      ,   2.4777056673536721      ,   1.8929871604190438     
   2.3837776416582606      ,   2.4367331707699966      ,   1.9805495722426576     
   2.3109389925039578      ,   2.3465443731214122      ,   2.0526239233744605     
   2.1896633636461131      ,   2.2062768910334571      ,   2.1052507294668348     
   2.0224035986110231      ,   2.0188375363135775      ,   2.1349578202379615     
   1.8151030102147678      ,   1.7910618331619277      ,   2.1391383069182974     
   1.5767745857508140      ,   1.5332228917328097      ,   2.1163745456471621     
   1.3186345562279709      ,   1.2579174386146803      ,   2.0666422782241312     
   1.0529879996532419      ,  0.97854134297999718      ,   1.9913488137310020     
  0.79189031766861007      ,  0.70769136313762082      ,   1.8931943560315410     
  0.54600420970670238      ,  0.45583824664640421      ,   1.7758848688803412     
  0.32394289578090207      ,  0.23050927023430751      ,   1.6437546594339536     
  0.13084440833800431      ,   3.6050505143438528E-002 ,   1.5013681551015559     
  -3.3592312345565416E-002 , -0.12611607209068093      ,   1.3531623917873992     
 -0.17391343809551979      , -0.25691646736808738      ,   1.2031709132144586     
 -0.29431497276637580      , -0.35892099368569275      ,   1.0548452921163320     
 -0.39545965616465339      , -0.43566570606659138      ,  0.91096991287466522     
 -0.47530736559246595      , -0.49109073009665027      ,  0.77365276665340721     
 -0.53241579543908113      , -0.52913030916021508      ,  0.64436993400604248     
 -0.56811828170266765      , -0.55344944453988010      ,  0.52404215255857545     
 -0.58592232090922569      , -0.56730092427670731      ,  0.41312580382037600     
 -0.59034535201044713      , -0.57347008422848955      ,  0.31170564749703555     
 -0.58634387947595912      , -0.57427697668179878      ,  0.21958131569322537     
 -0.57844977720510493      , -0.57161183544461391      ,  0.13634331255018414     
 -0.57024992743992642      , -0.56698665329823184      ,   6.1436906494710515E-002
 -0.56463226356669172      , -0.56159171937918373      ,  -5.7860203865394491E-003
 -0.56347410450612256      , -0.55635054902165548      ,  -6.6026161440253139E-002
 -0.56686170502289257      , -0.55196980285759600      , -0.12000557659049557     
 -0.57335691907824193      , -0.54898280315761561      , -0.16844453580434451     
 -0.58114333039473620      , -0.54778643087851842      , -0.21204493240616626     
 -0.58905283460223501      , -0.54867180518917957      , -0.25147893945101157     
 -0.59735155238724713      , -0.55184942003972071      , -0.28738176978518815     
 -0.60765942051412947      , -0.55746948611134617      , -0.32034758760914694     
 -0.62153086008212066      , -0.56563819546380900      , -0.35092779030212551     
 -0.63922132330717085      , -0.57643054706452279      , -0.37963102752785310     
 -0.65989090666390948      , -0.58990027587016369      , -0.40692444907360542     
 -0.68240711849286573      , -0.60608733244994850      , -0.43323577496980942     
 -0.70588046191796416      , -0.62502327145361625      , -0.45895586375767139     
 -0.72984122571691357      , -0.64673482781757508      , -0.48444152011735980     
 -0.75417474643220017      , -0.67124588940194041      , -0.51001833407320762     
 -0.77912988907982283      , -0.69857801281065290      , -0.53598338297267722     
 -0.80535999222248711      , -0.72874957445346822      , -0.56260765637729260     
 -0.83369824701490947      , -0.76177360083665890      , -0.59013808461061679     
 -0.86483210680411504      , -0.79765428065106081      , -0.61879906548882424     
 -0.89919658430360838      , -0.83638212735544426      , -0.64879339212775489     
 -0.93699577971281778      , -0.87792773658273071      , -0.68030248910997815     
 -0.97823833081518541      , -0.92223407105529098      , -0.71348586628439714     
  -1.0228041223839841      , -0.96920721151846778      , -0.74847970091958682     
  -1.0703401582784342      ,  -1.0187055419305131      , -0.78539446213172392     
  -1.1200530410277274      ,  -1.0705273990196120      , -0.82431149933192061     
  -1.1708819938763408      ,  -1.1243973202013882      , -0.86527853247538133     
  -1.2219833900404311      ,  -1.1799511806106666      , -0.90830401053099619     
  -1.2730278322542521      ,  -1.2367207301277516      , -0.95335035097060483     
  -1.3241352407943618      ,  -1.2941183324021865      ,  -1.0003261428697443     
  -1.3755169555852877      ,  -1.3514230708375985      ,  -1.0490774950421622     
  -1.4270065489707024      ,  -1.4077698097463391      ,  -1.0993788430539364     
  -1.4778222395768790      ,  -1.4621432513207209      ,  -1.1509236968342043     
  -1.5266888123651714      ,  -1.5133794522476787      ,  -1.2033160107705185     
  -1.5720392135215817      ,  -1.5601775654106953      ,  -1.2560630796131806     
  -1.6120550169151078      ,  -1.6011246243680743      ,  -1.3085710842048905     
  -1.6446341080830480      ,  -1.6347358360637099      ,  -1.3601445955361895     
  -1.6675051533284426      ,  -1.6595119318158782      ,  -1.4099914444430315     
  -1.6785791718955896      ,  -1.6740135290221811      ,  -1.4572343171030444     
  -1.6763692725454888      ,  -1.6769501584963395      ,  -1.5009301808173732     
  -1.6601932502746286      ,  -1.6672787674971616      ,  -1.5400981306903612     
  -1.6300798105417751      ,  -1.6443034919369328      ,  -1.5737554593945751     
  -1.5865192483198673      ,  -1.6077659040101648      ,  -1.6009607280829263     
  -1.5302569370103591      ,  -1.5579135285661139      ,  -1.6208614663653091     
  -1.4622738564556126      ,  -1.4955348932514001      ,  -1.6327430334951276     
  -1.3839303635954534      ,  -1.4219521617279289      ,  -1.6360743587605571     
  -1.2971016696197366      ,  -1.3389674036710908      ,  -1.6305459717501778     
  -1.2041756257835561      ,  -1.2487650483012311      ,  -1.6160960912620492     
  -1.1078956209942792      ,  -1.1537797725597216      ,  -1.5929215969596866     
  -1.0110923838948582      ,  -1.0565444878607058      ,  -1.5614723340519292     
 -0.91638114783090530      , -0.95953593668434656      ,  -1.5224291288345679     
 -0.82591529985978362      , -0.86503506073693992      ,  -1.4766677720079291     
 -0.74125946844334423      , -0.77501596540308193      ,  -1.4252127180413876     
 -0.66340238930046092      , -0.69107193118611820      ,  -1.3691851115140485     
 -0.59288414871355255      , -0.61438085835291323      ,  -1.3097498964083438     
 -0.52996020945114874      , -0.54570708471447615      ,  -1.2480662595137457     
 -0.47472178025907935      , -0.48543260907053182      ,  -1.1852446890097597     
 -0.42714625442048831      , -0.43360875900124374      ,  -1.1223127313895014     
 -0.38709629302591547      , -0.39001913247825576      ,  -1.0601903307828902     
 -0.35429886948197126      , -0.35424575937535829      , -0.99967460534226515     
 -0.32833503668900532      , -0.32573229227028422      , -0.94143315192369736     
 -0.30865478416184899      , -0.30384011645547843      , -0.88600449845689855     
 -0.29461361327119268      , -0.28789518263124692      , -0.83380411625177198     
 -0.28552123756952685      , -0.27722489743748402      , -0.78513440532441636     
 -0.28069486549469402      , -0.27118548665555725      , -0.74019720831002611     
 -0.27951299564921767      , -0.26918090226847574      , -0.69910763092864081     
 -0.28146639818583297      , -0.27067465841662991      , -0.66190819981108051     
 -0.28619343190573304      , -0.27519604925744096      , -0.62858263694646577     
 -0.29348138462076184      , -0.28234211350831079      , -0.59906875283833150     
 -0.30322736081306523      , -0.29177653783712260      , -0.57327014725614533     
 -0.31537225360639382      , -0.30322648557970211      , -0.55106655451075470     
 -0.32983245823983570      , -0.31647813139018632      , -0.53232278152552437     
 -0.34645581331171466      , -0.33137149483996187      , -0.51689626622335638     
 -0.36501854588548688      , -0.34779500501769461      , -0.50464333648177084     
 -0.38526092511843701      , -0.36568009573819377      , -0.49542428169247349     
 -0.40694365741795652      , -0.38499602525408183      , -0.48910736481874190     
 -0.42990192981863007      , -0.40574503181382809      , -0.48557190700941305     
 -0.45407727127147973      , -0.42795787285999853      , -0.48471057270616202     
 -0.47951826682015447      , -0.45168974702394493      , -0.48643097339798735     
 -0.50635351440437759      , -0.47701656066061776      , -0.49065669468592232     
 -0.53474636854642432      , -0.50403147131716031      , -0.49732783551610799     
 -0.56484408949346365      , -0.53284161661660823      , -0.50640113126787600     
 -0.59673731579525058      , -0.56356491644376672      , -0.51784971444532857     
 -0.63044569587675070      , -0.59632681739133375      , -0.53166254835454352     
 -0.66593718653632639      , -0.63125682995497168      , -0.54784355050508726     
 -0.70317455562879194      , -0.66848469021474177      , -0.56641040358499717     
 -0.74216850378539390      , -0.70813595849571220      , -0.58739303269851206     
 -0.78301244971772888      , -0.75032684820996909      , -0.61083170811569854     
 -0.82588320601468612      , -0.79515806005460743      , -0.63677471314776146     
 -0.87100830007581476      , -0.84270738243510879      , -0.66527549721122536     
 -0.91861331119056489      , -0.89302081239096343      , -0.69638921528000819     
 -0.96886620431628256      , -0.94610195840523448      , -0.73016853783086644     
  -1.0218302934824188      ,  -1.0018995157737431      , -0.76665860183091661     
  -1.0774306803642151      ,  -1.0602926681694629      , -0.80589096597885568     
  -1.1354368341006558      ,  -1.1210743804092265      , -0.84787643615008990     
  -1.1954636079982279      ,  -1.1839327250420781      , -0.89259664507869874     
  -1.2569880886328144      ,  -1.2484306490633519      , -0.93999431056875693     
  -1.3193709912241474      ,  -1.3139849560736494      , -0.98996216730446873     
  -1.3818659836083320      ,  -1.3798457674096958      ,  -1.0423306780223585     
  -1.4436042284366224      ,  -1.4450783338110693      ,  -1.0968547897873986     
  -1.5035546134643714      ,  -1.5085497731547308      ,  -1.1532002176860552     
  -1.5604744234063372      ,  -1.5689240468697017      ,  -1.2109300134128256     
  -1.6128722871959091      ,  -1.6246691407812124      ,  -1.2694925020919510     
  -1.6590032363485372      ,  -1.6740808026929315      ,  -1.3282120238056812     
  -1.6969094206470974      ,  -1.7153270618634235      ,  -1.3862842519564700     
  -1.7245123985434587      ,  -1.7465168280709595      ,  -1.4427781088534570     
  -1.7397545137208834      ,  -1.7657938748848623      ,  -1.4966463657802502     
  -1.7407765738084378      ,  -1.7714543110066963      ,  -1.5467467920685003     
  -1.7261094507389905      ,  -1.7620813487078815      ,  -1.5918751048897211     
  -1.6948527841561225      ,  -1.7366862849086970      ,  -1.6308099101921392     
  -1.6468169125975771      ,  -1.6948400507549732      ,  -1.6623683407229719     
  -1.5826110532567486      ,  -1.6367767362150747      ,  -1.6854693344275800     
  -1.5036669053273504      ,  -1.5634504866980163      ,  -1.6991997322826975     
  -1.4121897577143421      ,  -1.4765310201841704      ,  -1.7028769857454698     
  -1.3110308388954297      ,  -1.3783307488594123      ,  -1.6961016460448777     
  -1.2034803635933837      ,  -1.2716669436537500      ,  -1.6787932562460715     
  -1.0929949954994582      ,  -1.1596733249467557      ,  -1.6512048610538417     
 -0.98289437797629597      ,  -1.0455842051320325      ,  -1.6139138845134358     
 -0.87608003546631807      , -0.93251858183882830      ,  -1.5677901395865363     
 -0.77483613084455116      , -0.82329035218042435      ,  -1.5139446234270537     
 -0.68075823642617683      , -0.72026464386512257      ,  -1.4536649478973556     
 -0.59481997607568271      , -0.62527101860698397      ,  -1.3883443792293637     
 -0.51753539825107708      , -0.53957446906770634      ,  -1.3194114175192606     
 -0.44913595199108436      , -0.46389691918436793      ,  -1.2482658107355322     
 -0.38968756914047270      , -0.39847670576091254      ,  -1.1762252245048130     
 -0.33912401705708439      , -0.34315158107041943      ,  -1.1044848893203174     
 -0.29722629610183060      , -0.29745160266351045      ,  -1.0340907775608119     
 -0.26359588312152915      , -0.26069089022894731      , -0.96592546022966486     
 -0.23765189326974129      , -0.23205059843253328      , -0.90070485909712150     
 -0.21865694164522437      , -0.21064875873199193      , -0.83898363355433903     
 -0.20576437894546815      , -0.19559537939723376      , -0.78116684156170324     
 -0.19807957918370331      , -0.18603315816078411      , -0.72752567936784129     
 -0.19473031716749500      , -0.18116536963129981      , -0.67821542530855661     
 -0.19493970599582999      , -0.18027307394903186      , -0.63329409850843954     
 -0.19808872479398087      , -0.18272393010137675      , -0.59274072934587274     
 -0.20374968417852660      , -0.18797475401396574      , -0.55647248585787767     
 -0.21167538040084616      , -0.19556967171577358      , -0.52436018980393284     
 -0.22174318238753710      , -0.20513537557731906      , -0.49624198298935779     
 -0.23387232164433949      , -0.21637465526718860      , -0.47193507244194055     
 -0.24794607403106680      , -0.22905907577723930      , -0.45124560031800964     
 -0.26376953255007574      , -0.24302142513539784      , -0.43397676066707219     
 -0.28107701395820733      , -0.25814835544495218      , -0.41993532984433485     
 -0.29958072584899237      , -0.27437348785925458      , -0.40893679872533489     
 -0.31903719709124406      , -0.29167113772052305      , -0.40080929976955437     
 -0.33930522021323350      , -0.31005073261561378      , -0.39539651574186374     
 -0.36037556647493785      , -0.32955193639568431      , -0.39255974355020584     
 -0.38236365229491648      , -0.35024045017466282      , -0.39217926911047751     
 -0.40546792287093281      , -0.37220443197803904      , -0.39415518944159794     
 -0.42990677770752833      , -0.39555145607950276      , -0.39840779768278439     
 -0.45585429161912716      , -0.42040591799337096      , -0.40487762625429907     
 -0.48339801785296715      , -0.44690677909479126      , -0.41352522341094500     
 -0.51253728517701225      , -0.47520553392195697      , -0.42433071913709575     
 -0.54322553801061857      , -0.50546427174952702      , -0.43729321766365337     
 -0.57544009754747383      , -0.53785369066681721      , -0.45243003565478301     
 -0.60924879135116239      , -0.57255090604011283      , -0.46977578700513067     
 -0.64484489838641257      , -0.60973687501055940      , -0.48938129681772835     
 -0.68253874049149410      , -0.64959323398722135      , -0.51131230806695893     
 -0.72271467414900836      , -0.69229831675282183      , -0.53564792425562802     
 -0.76577337586750527      , -0.73802208723464602      , -0.56247870966875946     
 -0.81207651496719724      , -0.78691968457225403      , -0.59190434535887448     
 -0.86190104715817850      , -0.83912324162272045      , -0.62403071376360286     
 -0.91540479018601362      , -0.89473160635231996      , -0.65896625826376010     
 -0.97260725289224426      , -0.95379757650101715      , -0.69681743709137578     
  -1.0333923535201908      ,  -1.0163122633497086      , -0.73768306581018306     
  -1.0975339004464946      ,  -1.0821862475180342      , -0.78164732251353786     
  -1.1647314267931270      ,  -1.1512273020640964      , -0.82877118020333218     
  -1.2346334688583005      ,  -1.2231146665016239      , -0.87908203927150175     
  -1.3068275786908625      ,  -1.2973701971690170      , -0.93256137033902720     
  -1.3807912956971407      ,  -1.3733272361202213      , -0.98913025796572596     
  -1.4558156613214122      ,  -1.4500987710790152      ,  -1.0486328760822481     
  -1.5309213360333918      ,  -1.5265474263521797      ,  -1.1108181454454200     
  -1.6047853250246777      ,  -1.6012610163540415      ,  -1.1753201399794371     
  -1.6756918758335806      ,  -1.6725387318242921      ,  -1.2416382341557344     
  -1.7415209843130062      ,  -1.7383943355206446      ,  -1.3091185144058646     
  -1.7997884711256014      ,  -1.7965837066088675      ,  -1.3769385845074287     
  -1.8477445041365905      ,  -1.8446642303873391      ,  -1.4440985090625240     
  -1.8825231363936554      ,  -1.8800923057294496      ,  -1.5094211411549825     
  -1.9013251309872468      ,  -1.9003620552261886      ,  -1.5715652975031595     
  -1.9016191496511270      ,  -1.9031827982302114      ,  -1.6290549666315841     
  -1.8813576471076461      ,  -1.8866851170226828      ,  -1.6803267568421569     
  -1.8392089146227024      ,  -1.8496363551116888      ,  -1.7237959816215145     
  -1.7747951798918205      ,  -1.7916380410675179      ,  -1.7579391792960299     
  -1.6889022673281755      ,  -1.7132726957006661      ,  -1.7813877595971110     
  -1.5836047843580510      ,  -1.6161684807156373      ,  -1.7930244250309093     
  -1.4622477625917447      ,  -1.5029588695350191      ,  -1.7920717886868647     
  -1.3292455703325301      ,  -1.3771305048812259      ,  -1.7781619623086107     
  -1.1896960175742184      ,  -1.2427725453127778      ,  -1.7513773102249932     
  -1.0488545014736437      ,  -1.1042599496768615      ,  -1.7122560386931081     
 -0.91155861188045761      , -0.96591582889212391      ,  -1.6617612036872165     
 -0.78172020847618051      , -0.83170052098099057      ,  -1.6012170039848961     
 -0.66200521973762694      , -0.70496700230654741      ,  -1.5322206851177955     
 -0.55380390121281264      , -0.58830656487150945      ,  -1.4565410779602899     
 -0.45751788931043713      , -0.48349030064061937      ,  -1.3760153333794944     
 -0.37303256895126047      , -0.39149578312941646      ,  -1.2924539848468182     
 -0.30012094514344800      , -0.31259772590773183      ,  -1.2075617072594529     
 -0.23859027944482278      , -0.24649732083023929      ,  -1.1228778477963137     
 -0.18819121144522072      , -0.19246644036208602      ,  -1.0397377047734631     
 -0.14845865313336881      , -0.14948788969210711      , -0.95925310181428824     
 -0.11862856501267349      , -0.11637925082458615      , -0.88230924416551371     
  -9.7655416834781017E-002 ,  -9.1893903499562668E-002 , -0.80957411805612767     
  -8.4285366473137585E-002 ,  -7.4797586472046762E-002 , -0.74151662997261869     
  -7.7148622733968525E-002 ,  -6.3922072050415557E-002 , -0.67843005825751912     
  -7.4860412651730254E-002 ,  -5.8199293618304448E-002 , -0.62045799615403852     
  -7.6134108912754114E-002 ,  -5.6679925827361408E-002 , -0.56762064194083117     
  -7.9907025655560127E-002 ,  -5.8540348368154201E-002 , -0.51983993214592517     
  -8.5451211264591986E-002 ,  -6.3081452805168317E-002 , -0.47696256091195804     
  -9.2416699709837125E-002 ,  -6.9722116155089525E-002 , -0.43878036149152644     
 -0.10077053653303045      ,  -7.7989515728857151E-002 , -0.40504784664213661     
 -0.11064073098912502      ,  -8.7507878633341765E-002 , -0.37549692761449566     
 -0.12212019585451102      ,  -9.7986779594274140E-002 , -0.34984897538591037     
 -0.13511298495612492      , -0.10920972673848564      , -0.32782447175601614     
 -0.14928982246500147      , -0.12102349597512529      , -0.30915053859972014     
 -0.16416033525458096      , -0.13332847406205278      , -0.29356664452594172     
 -0.17921351957354659      , -0.14607013108359065      , -0.28082877981958682     
 -0.19406433408474560      , -0.15923164952925400      , -0.27071237047079422     
 -0.20855884796736254      , -0.17282767687931797      , -0.26301417569665608     
 -0.22280981139634087      , -0.18689913183338283      , -0.25755338429269542     
 -0.23715464671903624      , -0.20150897378470639      , -0.25417209580375427     
 -0.25204742548404407      , -0.21673883553326737      , -0.25273534436015060     
 -0.26791416525639122      , -0.23268641671678922      , -0.25313079693558804     
 -0.28501656231299338      , -0.24946353727361886      , -0.25526823416466127     
 -0.30337656467064789      , -0.26719475444867991      , -0.25907890083227025     
 -0.32280050147464973      , -0.28601645195124986      , -0.26451479464037853     
 -0.34300057160958314      , -0.30607631475629160      , -0.27154794566341145     
 -0.36376131322882327      , -0.32753310681370912      , -0.28016972472774587     
 -0.38507524000067778      , -0.35055667081892139      , -0.29039020643681313     
 -0.40719312973379074      , -0.37532806847835753      , -0.30223760130804356     
 -0.43058346003648224      , -0.40203977563750370      , -0.31575776104721937     
 -0.45583949822551378      , -0.43089583842782897      , -0.33101375087482215     
 -0.48358501232719714      , -0.46211188333042980      , -0.34808547250654798     
 -0.51440460057244997      , -0.49591485471487706      , -0.36706931029059908     
 -0.54878988821804198      , -0.53254232681396518      , -0.38807776046718501     
 -0.58708777281729863      , -0.57224120193494643      , -0.41123898881699250     
 -0.62946292734005960      , -0.61526556162170254      , -0.43669624430404413     
 -0.67590587400894919      , -0.66187338119341854      , -0.46460703482419996     
 -0.72630402344109102      , -0.71232174967747208      , -0.49514194493394065     
 -0.78055665355444415      , -0.76686015654029704      , -0.52848294357277537     
 -0.83868349494815841      , -0.82572131529877424      , -0.56482099157809673     
 -0.90087365694527977      , -0.88910889631946843      , -0.60435271386681955     
 -0.96745347457570252      , -0.95718144561732144      , -0.64727584989268017     
  -1.0387977762306013      ,  -1.0300316888973573      , -0.69378314002236041     
  -1.1152301186608462      ,  -1.1076603862467747      , -0.74405424852281254     
  -1.1969340835913449      ,  -1.1899439527310121      , -0.79824527282869806     
  -1.2838585898114072      ,  -1.2765952520927344      , -0.85647535524582685     
  -1.3755970216985036      ,  -1.3671173852263221      , -0.91880991527361622     
  -1.4712650162253840      ,  -1.4607510350535038      , -0.98524008462433921     
  -1.5694452493151414      ,  -1.5564171138177354      ,  -1.0556580887928402     
  -1.6682494937359509      ,  -1.6526582029154728      ,  -1.1298286242713289     
  -1.7654680893525327      ,  -1.7475846497656911      ,  -1.2073567810173433     
  -1.8587028559213798      ,  -1.8388341462472721      ,  -1.2876538045436170     
  -1.9453821598377103      ,  -1.9235568958115867      ,  -1.3699030094540989     
  -2.0226389261721476      ,  -1.9984414754470683      ,  -1.4530294256971485     
  -2.0871298873538500      ,  -2.0597981597360326      ,  -1.5356781714554506     
  -2.1349231255221746      ,  -2.1037152903137084      ,  -1.6162078635177315     
  -2.1615707314595629      ,  -2.1262985059202357      ,  -1.6927062008074754     
  -2.1624414361208113      ,  -2.1239908924464261      ,  -1.7630346532475247     
  -2.1333259556154571      ,  -2.0939542405694795      ,  -1.8249073791125396     
  -2.0712352171885935      ,  -2.0344698460352229      ,  -1.8760056647451384     
  -1.9752018777020428      ,  -1.9452969176045305      ,  -1.9141233645507050     
  -1.8468301347019773      ,  -1.8279153874829066      ,  -1.9373317682185185     
  -1.6903918446051553      ,  -1.6855855241203963      ,  -1.9441455890870691     
  -1.5124410123558896      ,  -1.5231832073349167      ,  -1.9336674312105187     
  -1.3210874431124844      ,  -1.3468136481388202      ,  -1.9056880830014979     
  -1.1250979272253483      ,  -1.1632561703974931      ,  -1.8607252165892612     
 -0.93294074340925393      , -0.97933229922058140      ,  -1.7999928104286804     
 -0.75187882683855445      , -0.80130503042066714      ,  -1.7253055011865772     
 -0.58717179095239269      , -0.63440384938197447      ,  -1.6389329214769353     
 -0.44146292391913655      , -0.48253394132337513      ,  -1.5434260887480573     
 -0.31477040712778165      , -0.34818283590830196      ,  -1.4414396800717835     
 -0.20553036619577578      , -0.23249812814134732      ,  -1.3355709038006018     
 -0.11219575663796941      , -0.13548555971593074      ,  -1.2282293332833776     
  -3.4182257740969550E-002 ,  -5.6269906219155272E-002 ,  -1.1215446562215881     
   2.8397413325678529E-002 ,   6.6318975710786821E-003 ,  -1.0173126590833490     
   7.5632555605891078E-002 ,   5.5061524558877140E-002 , -0.91697499538263172     
  0.10841043308892376      ,   9.1014157251776917E-002 , -0.82162566727776609     
  0.12840060970850048      ,  0.11648438835860699      , -0.73203639435533829     
  0.13778475257012057      ,  0.13336077817771405      , -0.64869359043157415     
  0.13900290194012940      ,  0.14336166147433382      , -0.57184093095123456     
  0.13452552810658483      ,  0.14800295290998974      , -0.50152299788620158     
  0.12668988943081394      ,  0.14858893126008563      , -0.43762692591034791     
  0.11755390109747008      ,  0.14621829166196354      , -0.37992018122204974     
  0.10863697521994184      ,  0.14179943589764171      , -0.32808352909402183     
  0.10065759395162485      ,  0.13607060347492927      , -0.28173890008174274     
   9.3515379669945595E-002 ,  0.12962183015824019      , -0.24047229154001515     
   8.6568031964742664E-002 ,  0.12291679566143585      , -0.20385209363802392     
   7.9103166939071545E-002 ,  0.11631340530896644      , -0.17144335712803233     
   7.0841526073925798E-002 ,  0.11008249150981247      , -0.14281856471464840     
   6.2187348090356212E-002 ,  0.10442437711713656      , -0.11756546009112379     
   5.4061241234403659E-002 ,   9.9483265975480822E-002 ,  -9.5292450698742537E-002
   4.7509676935750686E-002 ,   9.5359557810579046E-002 ,  -7.5632046969053610E-002
   4.3367323435708052E-002 ,   9.2120256097234787E-002 ,  -5.8242741815565935E-002
   4.2046733318625643E-002 ,   8.9807670522331809E-002 ,  -4.2809675278040152E-002
   4.3446227982338131E-002 ,   8.8446624947945987E-002 ,  -2.9044373790967137E-002
   4.6986946492921372E-002 ,   8.8050377067792895E-002 ,  -1.6683803224649796E-002
   5.1783332210001407E-002 ,   8.8625443418063860E-002 ,  -5.4889303017962065E-003
   5.6934342741960998E-002 ,   9.0175506903978228E-002 ,   4.7570517042281801E-003
   6.1856758969495447E-002 ,   9.2704565893845861E-002 ,   1.4250710197358178E-002
   6.6514511198443330E-002 ,   9.6219465629758111E-002 ,   2.3170478593267770E-002
   7.1425692195790078E-002 ,  0.10073193503900983      ,   3.1678808289697137E-002
   7.7437097315518844E-002 ,  0.10626023546901686      ,   3.9924315065625528E-002
   8.5384748553724438E-002 ,  0.11283051264599034      ,   4.8043883403733036E-002
   9.5818144368640043E-002 ,  0.12047792935848968      ,   5.6164704860415256E-002
  0.10888988216648814      ,  0.12924764397219127      ,   6.4406236612651963E-002
  0.12438525563398421      ,  0.13919568879702723      ,   7.2882074089193616E-002
  0.14182686890316898      ,  0.15038979239713457      ,   8.1701737491125151E-002
  0.16060844954704648      ,  0.16291018095003260      ,   9.0972376317400280E-002
  0.18011577964841399      ,  0.17685038546522014      ,  0.10080039897459114     
  0.19983998948600720      ,  0.19231807375030874      ,  0.11129303635303416     
  0.21952341957648411      ,  0.20943591808758993      ,  0.12255984902471209     
  0.23928791105536987      ,  0.22834250119983526      ,  0.13471418753482758     
  0.25962990286306820      ,  0.24919325368583059      ,  0.14787461413054032     
  0.28128015684944002      ,  0.27216140501006614      ,  0.16216629213985403     
  0.30505114926863419      ,  0.29743891648856235      ,  0.17772234594660688     
  0.33174590875441290      ,  0.32523734746483168      ,  0.19468518987864572     
  0.36207705557432895      ,  0.35578858369275485      ,  0.21320781800241143     
  0.39653612976514385      ,  0.38934532818804513      ,  0.23345503833546014     
  0.43525634531082646      ,  0.42618121744158366      ,  0.25560462372991749     
  0.47797292782625372      ,  0.46659037743175252      ,  0.27984833683908750     
  0.52413791693348211      ,  0.51088617139247883      ,  0.30639276713294245     
  0.57316996261249842      ,  0.55939881143258230      ,  0.33545989260639347     
  0.62476469547397140      ,  0.61247140525082377      ,  0.36728724609690205     
  0.67912789270041485      ,  0.67045388387585647      ,  0.40212752422049775     
  0.73698221902274985      ,  0.73369410400377422      ,  0.44024742390437027     
  0.79935068907229101      ,  0.80252523878664739      ,  0.48192542541007199     
  0.86732312677587498      ,  0.87724836805713469      ,  0.52744816004763362     
  0.94197818937824573      ,  0.95810896533412482      ,  0.57710490493869326     
   1.0243551725769258      ,   1.0452657805728223      ,  0.63117963775002872     
   1.1152192914775043      ,   1.1387504820354777      ,  0.68993996663175328     
   1.2145864064107690      ,   1.2384164273482181      ,  0.75362213632406572     
   1.3213199661693100      ,   1.3438752066554114      ,  0.82241122208398265     
   1.4331880328329885      ,   1.4544203201472676      ,  0.89641559472431365     
   1.5474658230377871      ,   1.5689387609178072      ,  0.97563482829485038     
   1.6617272854427829      ,   1.6858136658766292      ,   1.0599205065801458     
   1.7742786633419112      ,   1.8028248692118054      ,   1.1489299706560232     
   1.8839319272862669      ,   1.9170593339240956      ,   1.2420740599845279     
   1.9892886257203672      ,   2.0248499264203508      ,   1.3384614507544750     
   2.0879966773794423      ,   2.1217681005363196      ,   1.4368443490931841     
   2.1762990760856811      ,   2.2027020523138305      ,   1.5355729780716709     
   2.2488737321313241      ,   2.2620538223631388      ,   1.6325691829374855     
   2.2989435480820517      ,   2.2940825631095625      ,   1.7253318865775926     
   2.3188451286712830      ,   2.2934025096515773      ,   1.8109879719485740     
   2.3012147878902032      ,   2.2556108582566328      ,   1.8864000927656583     
   2.2405864851236594      ,   2.1779756365249536      ,   1.9483366994347122     
   2.1348536994993665      ,   2.0600674067786091      ,   1.9936988387326597     
   1.9860074082901578      ,   1.9041894755754216      ,   2.0197843039439829     
   1.7998604398219364      ,   1.7154692943814802      ,   2.0245557812127513     
   1.5850060019417069      ,   1.5015302430138926      ,   2.0068705581414674     
   1.3516410170232895      ,   1.2717598040209583      ,   1.9666297015238157     
   1.1106474470343579      ,   1.0362971825751546      ,   1.9048163682796677     
  0.87279798800411212      ,  0.80493991239132967      ,   1.8234138682300103     
  0.64793661650668644      ,  0.58618396610125834      ,   1.7252181534258575     
  0.44407242226194676      ,  0.38656124625243360      ,   1.6135790714816123     
  0.26597212583523838      ,  0.21034630813473335      ,   1.4921143988777912     
  0.11383771073438097      ,   5.9608695163686748E-002 ,   1.3644388805009304     
  -1.5708405643433662E-002 ,  -6.5479933137011226E-002 ,   1.2339398472094227     
 -0.12624334473309540      , -0.16620055027530495      ,   1.1036162944159156     
 -0.21896023107292428      , -0.24481000764352695      ,  0.97598429919751772     
 -0.29298705433169447      , -0.30410886996064257      ,  0.85304136147876719     
 -0.34758909868498877      , -0.34709476490187574      ,  0.73627664433751827     
 -0.38374140280253055      , -0.37671289195006802      ,  0.62671257737338548     
 -0.40393411126074191      , -0.39569614814294074      ,  0.52496455981118595     
 -0.41147699313289010      , -0.40647782964416257      ,  0.43130818574931273     
 -0.41015279577683406      , -0.41115746707718875      ,  0.34574645755035577     
 -0.40374742372281175      , -0.41150210621487715      ,  0.26807221390270930     
 -0.39565043276043566      , -0.40896890310199524      ,  0.19792318892810590     
 -0.38877211628687619      , -0.40473875859198022      ,  0.13482868670199558     
 -0.38514688777977824      , -0.39975409662649936      ,   7.8247876867343358E-002
 -0.38532910720641567      , -0.39475651542952789      ,   2.7600314319150377E-002
 -0.38847235321825796      , -0.39032191242298492      ,  -1.7710416716385423E-002
 -0.39305459040439694      , -0.38689192741735651      ,  -5.8278932325788971E-002
 -0.39769361465516612      , -0.38480132170628584      ,  -9.4685166360762144E-002
 -0.40192611508549120      , -0.38430135678688487      , -0.12748546907213734     
 -0.40648960472549006      , -0.38557946906189577      , -0.15720688788408219     
 -0.41265117217757036      , -0.38877563790933228      , -0.18434394603443194     
 -0.42132620781989172      , -0.39399586905819672      , -0.20935734501658584     
 -0.43285970717387562      , -0.40132319833040991      , -0.23267411661505247     
 -0.44720229721509325      , -0.41082658358391927      , -0.25468883757681537     
 -0.46402695259560783      , -0.42256800707019559      , -0.27576559431625691     
 -0.48278429852292687      , -0.43660806267782115      , -0.29624044721241904     
 -0.50278976697104427      , -0.45301025559336150      , -0.31642419513785502     
 -0.52346944268978912      , -0.47184419680003337      , -0.33660528206910106     
 -0.54468343816790143      , -0.49318783156868379      , -0.35705272011539529     
 -0.56683481690385218      , -0.51712879917563415      , -0.37801892807114496     
 -0.59070680763076211      , -0.54376497977004823      , -0.39974240249018106     
 -0.61719794892200608      , -0.57320424278403181      , -0.42245014997122587     
 -0.64706671049236442      , -0.60556336871600913      , -0.44635981535506558     
 -0.68079790709767429      , -0.64096607180850518      , -0.47168144125200534     
 -0.71865033859352467      , -0.67954000459510544      , -0.49861879002709569     
 -0.76068687603558582      , -0.72141257642418488      , -0.52737015029433365     
 -0.80666216466847362      , -0.76670536747726248      , -0.55812853633776005     
 -0.85601192524330239      , -0.81552686917319506      , -0.59108117101442681     
 -0.90807088791993140      , -0.86796323453109814      , -0.62640812116689004     
 -0.96236850471076907      , -0.92406668383501045      , -0.66427993038313904     
  -1.0188627773421659      , -0.98384119101453216      , -0.70485406880495360     
  -1.0779699061302113      ,  -1.0472250883707017      , -0.74826999640014280     
  -1.1403043982569656      ,  -1.1140702913966432      , -0.79464261903395428     
  -1.2063327667551920      ,  -1.1841179882630797      , -0.84405391227026083     
  -1.2762234754937034      ,  -1.2569708943107780      , -0.89654250528706636     
  -1.3498728574770165      ,  -1.3320625811600497      , -0.95209106900782137     
  -1.4268630046113049      ,  -1.4086249955284553      ,  -1.0106114543405447     
  -1.5062207973227248      ,  -1.4856561204709910      ,  -1.0719276969676881     
  -1.5861346128244274      ,  -1.5618908147046162      ,  -1.1357572641826892     
  -1.6639626183570191      ,  -1.6357791596741007      ,  -1.2016912837629112     
  -1.7366774961892841      ,  -1.7054780339848252      ,  -1.2691749722667758     
  -1.8014646650821351      ,  -1.7688628873783263      ,  -1.3374900584707226     
  -1.8560501307595059      ,  -1.8235674200729917      ,  -1.4057416326856329     
  -1.8985756945376202      ,  -1.8670585584756816      ,  -1.4728524544807782     
  -1.9271866836817104      ,  -1.8967521385750084      ,  -1.5375681751794532     
  -1.9396970190768079      ,  -1.9101705150628026      ,  -1.5984769812271005     
  -1.9335975123020803      ,  -1.9051366868038477      ,  -1.6540466183546458     
  -1.9064020969881135      ,  -1.8799909029060546      ,  -1.7026804229180070     
  -1.8561886564550829      ,  -1.8338064567641899      ,  -1.7427917898376235     
  -1.7821837303159542      ,  -1.7665738233804884      ,  -1.7728935811366489     
  -1.6852362302729560      ,  -1.6793193399910480      ,  -1.7916957382361516     
  -1.5680334979876884      ,  -1.5741287994909499      ,  -1.7982014834472844     
  -1.4349656138326625      ,  -1.4540585711738296      ,  -1.7917907942460058     
  -1.2916329496391994      ,  -1.3229355864692047      ,  -1.7722800115972297     
  -1.1441097526766020      ,  -1.1850684983651558      ,  -1.7399488134297523     
 -0.99816695820945689      ,  -1.0449098261764556      ,  -1.6955300711564372     
 -0.85863944608234322      , -0.90671780055009554      ,  -1.6401634518064443     
 -0.72902389077075180      , -0.77426443399857336      ,  -1.5753188259838156     
 -0.61133879334423868      , -0.65062418559314306      ,  -1.5026994293425207     
 -0.50629814214516899      , -0.53805960856055846      ,  -1.4241365517228026     
 -0.41378621311665698      , -0.43800192017994610      ,  -1.3414871510683963     
 -0.33342150358765238      , -0.35111004356225739      ,  -1.2565436330226010     
 -0.26489937513526646      , -0.27738372851379317      ,  -1.1709618668190174     
 -0.20798615047156666      , -0.21630490680726164      ,  -1.0862101432000582     
 -0.16231908129071654      , -0.16698485479310698      ,  -1.0035388660824414     
 -0.12725012636085961      , -0.12830075441590932      , -0.92396866930221366     
 -0.10182340267798001      ,  -9.9011800828282467E-002 , -0.84829344980179178     
  -8.4831183207738858E-002 ,  -7.7850703932708876E-002 , -0.77709439787087953     
  -7.4892382503075450E-002 ,  -6.3590613793592488E-002 , -0.71076127246323817     
  -7.0545857074577584E-002 ,  -5.5090083998159803E-002 , -0.64951768650273467     
  -7.0362008778034224E-002 ,  -5.1319928652182122E-002 , -0.59344783846858606     
  -7.3075301436792306E-002 ,  -5.1376111790610725E-002 , -0.54252281249798806     
  -7.7726111895796188E-002 ,  -5.4482506497482014E-002 , -0.49662518528688282     
  -8.3762236037178542E-002 ,  -5.9986771525834218E-002 , -0.45557118450738321     
  -9.1038974590390953E-002 ,  -6.7351918144290771E-002 , -0.41913003141958882     
  -9.9697472984190530E-002 ,  -7.6145498697450006E-002 , -0.38704037906701927     
 -0.10995616440246248      ,  -8.6027798752510112E-002 , -0.35902394463510756     
 -0.12189441634343094      ,  -9.6739974650656230E-002 , -0.33479655016284376     
 -0.13532365889821407      , -0.10809274326090544      , -0.31407684844854894     
 -0.14979790600042164      , -0.11995598579839001      , -0.29659303637498741     
 -0.16473748158526297      , -0.13224945471734162      , -0.28208785835243927     
 -0.17959790263016062      , -0.14493465480064185      , -0.27032218738771446     
 -0.19402368826477304      , -0.15800789211005009      , -0.26107744707156139     
 -0.20794495387742420      , -0.17149443591142843      , -0.25415710912940392     
 -0.22159075562772129      , -0.18544371031143450      , -0.24938747116086327     
 -0.23541416870113940      , -0.19992541770844602      , -0.24661788975310234     
 -0.24994823770518279      , -0.21502649063002746      , -0.24572061646105828     
 -0.26563389336080845      , -0.23084876878264615      , -0.24659035883437774     
 -0.28267703087350537      , -0.24750730180244249      , -0.24914366600070298     
 -0.30099443794064823      , -0.26512918355277493      , -0.25331821830752771     
 -0.32028340940899402      , -0.28385282959556735      , -0.25907208303752821     
 -0.34019276769690010      , -0.30382761469181757      , -0.26638298299531660     
 -0.36051623690007700      , -0.32521379106320952      , -0.27524761149537930     
 -0.38131922591915979      , -0.34818260996592526      , -0.28568101558953890     
 -0.40295377169811725      , -0.37291656820932029      , -0.29771605884614949     
 -0.42597902156865292      , -0.39960969688581727      , -0.31140296518496530     
 -0.45104672827841769      , -0.42846780097640164      , -0.32680893569513642     
 -0.47880738672304896      , -0.45970854475326928      , -0.34401782048743806     
 -0.50984821527359869      , -0.49356125796539929      , -0.36312981686817919     
 -0.54463818375489681      , -0.53026631045188799      , -0.38426115281641809     
 -0.58346881922947780      , -0.57007386672513005      , -0.40754370016543978     
 -0.62641955607662525      , -0.61324178576453203      , -0.43312444421807728     
 -0.67338851543157863      , -0.66003237338925247      , -0.46116471487057925     
 -0.72419846588591630      , -0.71070762410160104      , -0.49183905773979042     
 -0.77873975283049834      , -0.76552250598750449      , -0.52533359135827784     
 -0.83708251733192485      , -0.82471574748206744      , -0.56184365743896569     
 -0.89950204191586414      , -0.88849748268377926      , -0.60157052509409392     
 -0.96641183235793227      , -0.95703301110356997      , -0.64471685702333670     
  -1.0382520650413130      ,  -1.0304218440011301      , -0.69148058764199649     
  -1.1153877715740563      ,  -1.1086711689674305      , -0.74204680358594444     
  -1.1980244013625614      ,  -1.1916629079707703      , -0.79657716295425818     
  -1.2861040909836279      ,  -1.2791137317463777      , -0.85519635278332806     
  -1.3791643954343726      ,  -1.3705278083744008      , -0.91797508300500474     
  -1.4762102554330188      ,  -1.4651428133852800      , -0.98490917658624821     
  -1.5756900692574678      ,  -1.5618709377351614      ,  -1.0558944769156287     
  -1.6756169022843119      ,  -1.6592384213378226      ,  -1.1306976022292721     
  -1.7737660669070676      ,  -1.7553295920387670      ,  -1.2089230872994532     
  -1.8678089537109848      ,  -1.8477444638281029      ,  -1.2899782167765024     
  -1.9552794800160391      ,  -1.9335823784575716      ,  -1.3730379039287575     
  -2.0333847374557656      ,  -2.0094673378281551      ,  -1.4570132840711101     
  -2.0987744596187152      ,  -2.0716324741702135      ,  -1.5405291632885045     
  -2.1474134752048575      ,  -2.1160799622598705      ,  -1.6219168435451898     
  -2.1746720985622496      ,  -2.1388267571723301      ,  -1.6992297223010837     
  -2.1757020777186331      ,  -2.1362343452227091      ,  -1.7702888766971601     
  -2.1461021940091212      ,  -2.1054020599515408      ,  -1.8327639813947796     
  -2.0827772350326708      ,  -2.0445807668991480      ,  -1.8842909353405151     
  -1.9847769635459953      ,  -1.9535423966589387      ,  -1.9226215166584080     
  -1.8538414277663549      ,  -1.8338290488603362      ,  -1.9457930344686416     
  -1.6944522075287702      ,  -1.6888114028237018      ,  -1.9522989358118306     
  -1.5133875289703504      ,  -1.5235141097589926      ,  -1.9412368422279591     
  -1.3189546777847252      ,  -1.3442120210571691      ,  -1.9124105565793181     
  -1.1200795295673898      ,  -1.1578532144471796      ,  -1.8663681352799042     
 -0.92535571629964131      , -0.97140576902449882      ,  -1.8043683566136113     
 -0.74214242594957791      , -0.79124071353522030      ,  -1.7282803210774276     
 -0.57575627058818390      , -0.62264865754680543      ,  -1.6404321365977033     
 -0.42882669385518107      , -0.46954913069346166      ,  -1.5434317569348321     
 -0.30127411223698658      , -0.33440429339267902      ,  -1.4399846537350298     
 -0.19140860118689523      , -0.21830781663064763      ,  -1.3327295467317848     
  -9.7614022918388221E-002 , -0.12119519779513725      ,  -1.2241066936955947     
  -1.9321416565249702E-002 ,  -4.2115597683410992E-002 ,  -1.1162655197519116     
   4.3304681576910406E-002 ,   2.0486709436646308E-002 ,  -1.0110115465697123     
   9.0331291533206653E-002 ,   6.8517777469615099E-002 , -0.90978775496973741     
  0.12267626753438057      ,  0.10402626193743578      , -0.81368293448099915     
  0.14207352761226560      ,  0.12904874663052246      , -0.72345890814728753     
  0.15078162697866329      ,  0.14550507020936551      , -0.63958917068628618     
  0.15131677052613440      ,  0.15513562773870865      , -0.56230283043951657     
  0.14621265146614401      ,  0.15947093878374241      , -0.49162931722975295     
  0.13785516249373514      ,  0.15982416769303215      , -0.42744079806285401     
  0.12833988212936281      ,  0.15729872395344635      , -0.36949047281843572     
  0.11920451286754459      ,  0.15280484568268940      , -0.31744585488358845     
  0.11115613916060407      ,  0.14708076104513482      , -0.27091679461893292     
  0.10405918190882160      ,  0.14071543813105639      , -0.22947842460269577     
   9.7229707427479273E-002 ,  0.13417102251796589      , -0.19268945063371956     
   8.9928085903261054E-002 ,  0.12780384748378712      , -0.16010633292912446     
   8.1880988254502629E-002 ,  0.12188343978152048      , -0.13129393972555115     
   7.3530395536116594E-002 ,  0.11660929459036382      , -0.10583324203678925     
   6.5840035963526847E-002 ,  0.11212541045637760      ,  -8.3326575815892520E-002
   5.9879747948163184E-002 ,  0.10853270131855734      ,  -6.3400941043187109E-002
   5.6482554719596970E-002 ,  0.10589946947631626      ,  -4.5709745725188280E-002
   5.6040599249765705E-002 ,  0.10427015253733518      ,  -2.9933342086985087E-002
   5.8421549379594769E-002 ,  0.10367256371322282      ,  -1.5778645510833335E-002
   6.3014144859372803E-002 ,  0.10412383785823971      ,  -2.9780755577153233E-003
   6.8907092027044134E-002 ,  0.10563528140448651      ,   8.7119867305855848E-003
   7.5190519657880539E-002 ,  0.10821630655474181      ,   1.9513070123515407E-002
   8.1297036346398163E-002 ,  0.11187761099747581      ,   2.9626691293402192E-002
   8.7227504171562983E-002 ,  0.11663374533339807      ,   3.9236545986113792E-002
   9.3542589310053881E-002 ,  0.12250519210664432      ,   4.8510742915426050E-002
  0.10111975967936933      ,  0.12952006322130361      ,   5.7604029240280456E-002
  0.11080629319523766      ,  0.13771550677706540      ,   6.6659972083182917E-002
  0.12315052249604364      ,  0.14713890001021801      ,   7.5813073027227965E-002
  0.13830464177831450      ,  0.15784889200725963      ,   8.5190802334656729E-002
  0.15605979671763229      ,  0.16991634801598865      ,   9.4915547152699190E-002
  0.17594571822294247      ,  0.18342523629126711      ,  0.10510647354626416     
  0.19735886486855125      ,  0.19847348819084690      ,  0.11588130609579436     
  0.21968486118448186      ,  0.21517385232113451      ,  0.12735803123493067     
  0.24242209996532041      ,  0.23365475348327366      ,  0.13965653162546596     
  0.26534076793678119      ,  0.25406115644904970      ,  0.15290015875808619     
  0.28861253562813882      ,  0.27655542254615456      ,  0.16721724963564050     
  0.31278862534650598      ,  0.30131813284431563      ,  0.18274259076972924     
  0.33863989401752193      ,  0.32854883440907107      ,  0.19961882863850883     
  0.36700345488089892      ,  0.35846664439448767      ,  0.21799781994534886     
  0.39870972279418165      ,  0.39131061915952309      ,  0.23804190709181647     
  0.43451606771261753      ,  0.42733976025768178      ,  0.25992509369566286     
  0.47496618071551527      ,  0.46683248383084736      ,  0.28383408103491098     
  0.52022084955435510      ,  0.51008532201043177      ,  0.30996910807541045     
  0.56999053930549093      ,  0.55741055142552731      ,  0.33854451411498021     
  0.62365503739767680      ,  0.60913235169282998      ,  0.36978891269851522     
  0.68055433100644080      ,  0.66558098285394907      ,  0.40394482676344723     
  0.74034592905214525      ,  0.72708433304494668      ,  0.44126758626840140     
  0.80324921929931214      ,  0.79395602623684047      ,  0.48202322918040019     
  0.87001502361772876      ,  0.86647909879151963      ,  0.52648507335109662     
  0.94165636560026378      ,  0.94488406424180749      ,  0.57492854014299799     
   1.0191907855022726      ,   1.0293200115880103      ,  0.62762371220481183     
   1.1035675574249435      ,   1.1198172657769607      ,  0.68482500244872102     
   1.1956263758873644      ,   1.2162401498838087      ,  0.74675720953346603     
   1.2957970156315637      ,   1.3182286351005581      ,  0.81359715612049432     
   1.4035439208401008      ,   1.4251283035935616      ,  0.88545008151459337     
   1.5169596830877483      ,   1.5359092905780751      ,  0.96232003866968674     
   1.6329414917904406      ,   1.6490769691601981      ,   1.0440737963954980     
   1.7479528991040985      ,   1.7625803520093120      ,   1.1303982621456463     
   1.8588634802032422      ,   1.8737286770511576      ,   1.2207523257973252     
   1.9632647855420537      ,   1.9791323337539792      ,   1.3143153831750887     
   2.0590629821686139      ,   2.0746905761774594      ,   1.4099366878493840     
   2.1436709630451682      ,   2.1556539445227054      ,   1.5060920462594489     
   2.2133321184435912      ,   2.2167915023342668      ,   1.6008569537318578     
   2.2628948929924215      ,   2.2526884218042524      ,   1.6919075042317528     
   2.2860690117390825      ,   2.2581843870692953      ,   1.7765613825387028     
   2.2761488165727011      ,   2.2289354566246842      ,   1.8518697931255470     
   2.2272145297335211      ,   2.1620431645734275      ,   1.9147661847452768     
   2.1356372538898771      ,   2.0566529170936714      ,   1.9622686169821451     
   2.0013975507985755      ,   1.9143940614837531      ,   1.9917204286638490     
   1.8286150543789823      ,   1.7395340488428781      ,   2.0010411052933321     
   1.6250165442083160      ,   1.5387608201874197      ,   1.9889499507456627     
   1.4006766687394359      ,   1.3205875736851553      ,   1.9551235362441517     
   1.1666477841011389      ,   1.0944698721640391      ,   1.9002562817400708     
  0.93380559430998944      ,  0.86980197130440695      ,   1.8260108125278076     
  0.71195700851635779      ,  0.65498696600371087      ,   1.7348662255019947     
  0.50910730688822980      ,  0.45674402410833626      ,   1.6298915649064565     
  0.33038847435150343      ,  0.27974115223213653      ,   1.5144830970439576     
  0.17681600471386330      ,  0.12655500924438956      ,   1.3921050714225933     
   4.5743459337218260E-002 ,  -2.1093609545281568E-003 ,   1.2660659784698975     
  -6.6301297621379610E-002 , -0.10703999294361360      ,   1.1393497488246689     
 -0.16091620974652274      , -0.19008160102014149      ,   1.0145082306768012     
 -0.23761179893979018      , -0.25371953242299472      ,  0.89361081724419855     
 -0.29563412978102210      , -0.30073129688479561      ,  0.77824067797363217     
 -0.33561441722456559      , -0.33392454246025399      ,  0.66952453904332021     
 -0.35965022777533734      , -0.35596005720225277      ,  0.56818335328088643     
 -0.37067827864933633      , -0.36924698732802863      ,  0.47459326396003948     
 -0.37214254985928519      , -0.37589322082260024      ,  0.38884895656509771     
 -0.36764198419736216      , -0.37769423707262845      ,  0.31082411065795684     
 -0.36052919188934168      , -0.37614639022080093      ,  0.24022584882287670     
 -0.35376635327834288      , -0.37247398388673925      ,  0.17664171537082027     
 -0.34959347775306193      , -0.36766269850571237      ,  0.11957883348917736     
 -0.34892010491306785      , -0.36249455027626887      ,   6.8495581330194732E-002
 -0.35122105380828028      , -0.35758150586839088      ,   2.2826506073900316E-002
 -0.35512605577538975      , -0.35339622047587044      ,  -1.7998639778078043E-002
 -0.35919820840220262      , -0.35029923678836039      ,  -5.4540824849171811E-002
 -0.36270401404978553      , -0.34856251030891594      ,  -8.7341759806201569E-002
 -0.36604906018167660      , -0.34838942264384626      , -0.11691723052267909     
 -0.37037153690158070      , -0.34993159229674742      , -0.14375306250130479     
 -0.37671576744266960      , -0.35330285041969134      , -0.16830313786135651     
 -0.38565731511598628      , -0.35859075534454887      , -0.19098898192971681     
 -0.39736484043121173      , -0.36586599856871060      , -0.21220052210168877     
 -0.41167364378031718      , -0.37519002047089617      , -0.23229769598738090     
 -0.42811471118777650      , -0.38662111437854607      , -0.25161264904947012     
 -0.44598595080388859      , -0.40021925684407017      , -0.27045231471455861     
 -0.46457613386426483      , -0.41604986199587363      , -0.28910121329269922     
 -0.48351331810340137      , -0.43418661921318441      , -0.30782434099060302     
 -0.50297602553190446      , -0.45471353602796433      , -0.32687004780146445     
 -0.52362824027169697      , -0.47772627159494169      , -0.34647282392138790     
 -0.54638371324366652      , -0.50333280959024207      , -0.36685592925790400     
 -0.57211842021206016      , -0.53165348217388397      , -0.38823381009042951     
 -0.60146079878845760      , -0.56282031778690689      , -0.41081425140154459     
 -0.63477256006502569      , -0.59697564414214421      , -0.43480021307211597     
 -0.67219926620838732      , -0.63426983296738892      , -0.46039129315319621     
 -0.71361369890031945      , -0.67485802422642949      , -0.48778475182937375     
 -0.75858384164657022      , -0.71889561443919947      , -0.51717601545449898     
 -0.80651951489270091      , -0.76653223684161209      , -0.54875856116675947     
 -0.85692243567717652      , -0.81790390218311593      , -0.58272305918769784     
 -0.90963746005661938      , -0.87312291159351063      , -0.61925562236534037     
 -0.96498398008517627      , -0.93226510369459192      , -0.65853498173058778     
  -1.0236224804716476      , -0.99535396770232754      , -0.70072837453749337     
  -1.0862423589158978      ,  -1.0623411591474730      , -0.74598590049483626     
  -1.1533495505676341      ,  -1.1330830190770358      , -0.79443307761640658     
  -1.2252466240245825      ,  -1.2073128544503686      , -0.84616131890993951     
  -1.3020226873903058      ,  -1.2846090303135032      , -0.90121606603373261     
  -1.3833553412789010      ,  -1.3643594057596606      , -0.95958237131782331     
  -1.4681672494791749      ,  -1.4457233725700702      ,  -1.0211678349887090     
  -1.5544434385694448      ,  -1.5275937779192856      ,  -1.0857830039380234     
  -1.6394945531191949      ,  -1.6085623533591964      ,  -1.1531196477268890     
  -1.7205562478394034      ,  -1.6868938939161400      ,  -1.2227277695525685     
  -1.7952966439262905      ,  -1.7605161903145281      ,  -1.2939927958138346     
  -1.8618830015585923      ,  -1.8270343129837907      ,  -1.3661151039794051     
  -1.9186049797468843      ,  -1.8837787772127064      ,  -1.4380948387112886     
  -1.9633723753704200      ,  -1.9278966816365157      ,  -1.5087257139824952     
  -1.9934475761803314      ,  -1.9564922881605553      ,  -1.5766020145148025     
  -2.0055329136735169      ,  -1.9668179842404507      ,  -1.6401430354681412     
  -1.9961423865288594      ,  -1.9565078935156675      ,  -1.6976384459203631     
  -1.9621746058806733      ,  -1.9238352622592316      ,  -1.7473162883833551     
  -1.9016024270093097      ,  -1.8679631247608479      ,  -1.7874324592804500     
  -1.8141280661747248      ,  -1.7891488963989355      ,  -1.8163767754887499     
  -1.7015917560161782      ,  -1.6888613174542515      ,  -1.8327867172578691     
  -1.5679551195749850      ,  -1.5697756537403367      ,  -1.8356565804305158     
  -1.4188374756695816      ,  -1.4356308657342878      ,  -1.8244281277482193     
  -1.2607715389975849      ,  -1.2909575812169940      ,  -1.7990497282333926     
  -1.1004106287998920      ,  -1.1407118013422741      ,  -1.7599946421626305     
 -0.94384099730627569      , -0.98986866166433762      ,  -1.7082349636031091     
 -0.79603429698778283      , -0.84303727905915227      ,  -1.6451744759519611     
 -0.66043783366138453      , -0.70414998917810345      ,  -1.5725497021054149     
