  0.67640487646052538      ,   2.1229450724483714      ,   1.4655193661558268     
   1.8456368319198277      ,   2.1929852415350255      ,   1.5610585270229873     
   2.2690898042324128      ,   2.2400776937172493      ,   1.6539053462152871     
   2.2712147717626063      ,   2.2589017442634218      ,   1.7415228812149708     
   2.0255100599631271      ,   2.2447042742917840      ,   1.8210630112943438     
   1.7046880942116931      ,   2.1939089102960634      ,   1.8894909061409448     
   1.5466616140266065      ,   2.1047402225179983      ,   1.9437656688917380     
   1.6074970935652828      ,   1.9777454803439807      ,   1.9810672081207392     
   1.5537412231055230      ,   1.8160821072783706      ,   1.9990464820024860     
   1.4984076675991076      ,   1.6254624622894605      ,   1.9960649989817625     
   1.2441978551428401      ,   1.4137129629515430      ,   1.9713841858516696     
   1.0789239982563206      ,   1.1899972664110152      ,   1.9252693066812612     
  0.85076744053770259      ,  0.96384218103004549      ,   1.8589865037522069     
  0.62966006373390127      ,  0.74415591195967179      ,   1.7746919444430655     
  0.48542446460715694      ,  0.53842131673974125      ,   1.6752329415465239     
  0.42089744691534692      ,  0.35218728446955988      ,   1.5638959838847664     
  0.25147303381168884      ,  0.18889565376218667      ,   1.4441420266186100     
  0.16644936630661536      ,   5.0001978019320249E-002 ,   1.3193650556489360     
   6.8426742543406582E-002 ,  -6.4700883798565631E-002 ,   1.1926989228874905     
  -3.5237959654722081E-002 , -0.15666063759309845      ,   1.0668841267543117     
  -9.3498804711176151E-002 , -0.22813426990100699      ,  0.94419438639734021     
 -0.14425338458233383      , -0.28180797976757588      ,  0.82641469034470127     
 -0.19617333660576342      , -0.32049834109380249      ,  0.71485843581946695     
 -0.22644602887455467      , -0.34694074961631782      ,  0.61041059040920653     
 -0.24534248166775954      , -0.36365620077566646      ,  0.51358530372947420     
 -0.28394957092658807      , -0.37288048745330526      ,  0.42458891988492709     
 -0.30880341335029199      , -0.37653861886822665      ,  0.34338204425120999     
 -0.32500991509889637      , -0.37624917459232166      ,  0.26973670639260389     
 -0.32826273195475869      , -0.37334652660465156      ,  0.20328652779630416     
 -0.34519550944832045      , -0.36891220776140959      ,  0.14356912745924336     
 -0.33835951799409686      , -0.36380958762195265      ,   9.0060855130340983E-002
 -0.36121062880958638      , -0.35871823902491112      ,   4.2204439621893741E-002
 -0.37645180606993645      , -0.35416596004674755      ,  -5.6961569239652996E-004
 -0.38856644670226287      , -0.35055746826940914      ,  -3.8826978221081797E-002
 -0.38801147873746633      , -0.34819944144875398      ,  -7.3117879548269940E-002
 -0.40645515666204923      , -0.34732196114584557      , -0.10396913675487859     
 -0.40838186125725673      , -0.34809661831423416      , -0.13187907821838246     
 -0.42976727430927297      , -0.35065163044657438      , -0.15731475324318300     
 -0.45127987207998066      , -0.35508434474769440      , -0.18071090378070817     
 -0.47662556850737048      , -0.36147149037983400      , -0.20247026648446861     
 -0.49160578248711051      , -0.36987751301508459      , -0.22296485238673353     
 -0.50529246463421040      , -0.38036128702789984      , -0.24253791924495635     
 -0.51581189339627187      , -0.39298146021187508      , -0.26150640862046931     
 -0.52224564594358691      , -0.40780064560972051      , -0.28016366693359418     
 -0.54181548130406187      , -0.42488863596647064      , -0.29878230811027573     
 -0.55853056629444764      , -0.44432477860534586      , -0.31761710598075332     
 -0.58138522057753284      , -0.46619961183729980      , -0.33690782818834025     
 -0.59771370736608209      , -0.49061582772856122      , -0.35688194075595159     
 -0.62458980160954791      , -0.51768858938690709      , -0.37775712423213165     
 -0.64018062053231162      , -0.54754519301577265      , -0.39974354894277481     
 -0.67570079938635885      , -0.58032402491292434      , -0.42304585861538374     
 -0.70416889090756529      , -0.61617272046811900      , -0.44786480869756806     
 -0.74722597682026481      , -0.65524538527947807      , -0.47439849813077212     
 -0.78119257953387611      , -0.69769868729453444      , -0.50284312115890861     
 -0.82689048612301874      , -0.74368657348523226      , -0.53339314892254241     
 -0.86392199491826571      , -0.79335330605295495      , -0.56624082914757556     
 -0.91240471826725655      , -0.84682445416439756      , -0.60157486641105617     
 -0.96311364130023380      , -0.90419542278911047      , -0.63957811587315860     
  -1.0229984428906784      , -0.96551705894731876      , -0.68042409129601356     
  -1.0869784944896961      ,  -1.0307778612015503      , -0.72427205599499500     
  -1.1568318270807776      ,  -1.0998823509037625      , -0.77126043706710912     
  -1.2322298978710391      ,  -1.1726252724491224      , -0.82149828508863920     
  -1.3078918179567576      ,  -1.2486615134322572      , -0.87505450283288311     
  -1.3944693383133868      ,  -1.3274720230237296      , -0.93194460068929952     
  -1.4781673250220426      ,  -1.4083266142620134      , -0.99211482113025040     
  -1.5708756267430413      ,  -1.4902454189606513      ,  -1.0554236320282695     
  -1.6550473848665070      ,  -1.5719619618454443      ,  -1.1216208443547895     
  -1.7438693660767062      ,  -1.6518923291820697      ,  -1.1903249890188543     
  -1.8199516749785323      ,  -1.7281166388091584      ,  -1.2610001085055818     
  -1.8983779374176548      ,  -1.7983807511966154      ,  -1.3329337815139992     
  -1.9630016391179987      ,  -1.8601274883067285      ,  -1.4052189689836077     
  -2.0243432150464189      ,  -1.9105669316404634      ,  -1.4767430611370855     
  -2.0677407854997965      ,  -1.9467938643396794      ,  -1.5461881616983577     
  -2.0979110433939034      ,  -1.9659562972366709      ,  -1.6120469374818855     
  -2.1023568866096549      ,  -1.9654717519920386      ,  -1.6726580056065574     
  -2.0836879491194873      ,  -1.9432777608327523      ,  -1.7262635486630262     
  -2.0347505396044347      ,  -1.8980912374186156      ,  -1.7710894706649931     
  -1.9577754909223533      ,  -1.8296406962393050      ,  -1.8054450031124267     
  -1.8519306018484336      ,  -1.7388294866500131      ,  -1.8278346624583925     
  -1.7208862834927086      ,  -1.6277909378168240      ,  -1.8370716452890137     
  -1.5687790342508376      ,  -1.4998095542228083      ,  -1.8323791687938058     
  -1.4013280914221269      ,  -1.3591048903602743      ,  -1.8134659116009328     
  -1.2266995416818278      ,  -1.2105014823689850      ,  -1.7805641330966038     
  -1.0510854878430891      ,  -1.0590317642324893      ,  -1.7344240464755345     
 -0.88371053582783621      , -0.90953204853726333      ,  -1.6762645840380972     
 -0.72848365675074911      , -0.76629045839720311      ,  -1.6076872838821734     
 -0.59148333796391062      , -0.63279111119684861      ,  -1.5305650890616394     
 -0.47152774008255782      , -0.51157614327258938      ,  -1.4469203331926654     
 -0.37010076103569700      , -0.40422348056081997      ,  -1.3588058440310067     
 -0.28305818850071285      , -0.31141976406450217      ,  -1.2682004526181798     
 -0.21080511093080218      , -0.23309778801163680      ,  -1.1769262441082506     
 -0.15071950859896815      , -0.16860623877588951      ,  -1.0865906987991416     
 -0.10373671981451724      , -0.11688420726929609      , -0.99855328422125944     
  -6.8117884337626750E-002 ,  -7.6620826960369842E-002 , -0.91391352682143312     
  -4.4050613559208820E-002 ,  -4.6388750188870759E-002 , -0.83351620498294843     
  -2.9399106157314794E-002 ,  -2.4747247274474339E-002 , -0.75796889974055193     
  -2.3250293810554497E-002 ,  -1.0315729998428632E-002 , -0.68766743138630215     
  -2.3090975547409187E-002 ,  -1.8214478280048640E-003 , -0.62282540323619306     
  -2.7277129651538015E-002 ,   1.8736213420180853E-003 , -0.56350492439458066     
  -3.3498065802856830E-002 ,   1.7615356216361129E-003 , -0.50964642339749555     
  -4.0414545690226761E-002 ,  -1.3118115952818158E-003 , -0.46109619835676158     
  -4.7030525183423863E-002 ,  -6.6396574477651698E-003 , -0.41763093670120399     
  -5.3196815411975386E-002 ,  -1.3643028666461270E-002 , -0.37897887546563841     
  -5.9518600894627224E-002 ,  -2.1857230537399887E-002 , -0.34483757807297111     
  -6.6584203179101936E-002 ,  -3.0917647516997382E-002 , -0.31488850072089442     
  -7.5415862673164649E-002 ,  -4.0545828998756465E-002 , -0.28880863680281205     
  -8.6012435339534385E-002 ,  -5.0536458215814865E-002 , -0.26627958437632082     
  -9.8678806041897799E-002 ,  -6.0745535952676205E-002 , -0.24699439830948178     
 -0.11225648210449071      ,  -7.1079928829461902E-002 , -0.23066257968419340     
 -0.12638137696184157      ,  -8.1488312368645233E-002 , -0.21701353068754367     
 -0.13947926157245333      ,  -9.1953464011745173E-002 , -0.20579877078846398     
 -0.15137610232925064      , -0.10248581711414667      , -0.19679317430099824     
 -0.16120870355630176      , -0.11311816375377477      , -0.18979545356896593     
 -0.16979975862549898      , -0.12390138486828309      , -0.18462807785078555     
 -0.17738406713552168      , -0.13490108585741281      , -0.18113678659492613     
 -0.18538039206004814      , -0.14619502096295234      , -0.17918982768631697     
 -0.19429314372841081      , -0.15787119815256992      , -0.17867702656820605     
 -0.20496737616741034      , -0.17002656630521587      , -0.17950877083502106     
 -0.21718295709646843      , -0.18276619714175962      , -0.18161497674609636     
 -0.23066964780218560      , -0.19620288481528092      , -0.18494408884528565     
 -0.24474154276529164      , -0.21045709584136973      , -0.18946215116338330     
 -0.25882612833529872      , -0.22565721072115474      , -0.19515197798646983     
 -0.27284635506248828      , -0.24194000588268194      , -0.20201244354666020     
 -0.28672591691087312      , -0.25945133017162558      , -0.21005790288735099     
 -0.30125295603198887      , -0.27834693379168085      , -0.21931775023200070     
 -0.31669671193285254      , -0.29879340902458551      , -0.22983611610438576     
 -0.33426265321398013      , -0.32096920087564484      , -0.24167169986552495     
 -0.35423047879570690      , -0.34506564151254326      , -0.25489772989084503     
 -0.37787816140254421      , -0.37128795436713680      , -0.26960203892761031     
 -0.40522338187747453      , -0.39985616123761175      , -0.28588723682235340     
 -0.43706852681975927      , -0.43100580761439661      , -0.30387095630563832     
 -0.47277694817121579      , -0.46498839643186035      , -0.32368613929883611     
 -0.51247871959731206      , -0.50207138687697239      , -0.34548132058916198     
 -0.55528018819634173      , -0.54253757078717313      , -0.36942085189663620     
 -0.60129234410773991      , -0.58668358224765382      , -0.39568499136519159     
 -0.65022452054326807      , -0.63481722373640304      , -0.42446976021377292     
 -0.70266409223243331      , -0.68725320205339335      , -0.45598643837758396     
 -0.75903953056398565      , -0.74430675725310036      , -0.49046053302116105     
 -0.82009566801511813      , -0.80628453708180048      , -0.52813000635325302     
 -0.88661150505856534      , -0.87347191981658512      , -0.56924249093951840     
 -0.95922198507121526      , -0.94611582648685610      , -0.61405115097201413     
  -1.0387766801553044      ,  -1.0244019038421510      , -0.66280876718600912     
  -1.1252573927771550      ,  -1.1084248294944457      , -0.71575953398672687     
  -1.2186047603781200      ,  -1.1981504370039850      , -0.77312796625371349     
  -1.3173045921073279      ,  -1.2933684551491871      , -0.83510423251032928     
  -1.4201331661913872      ,  -1.3936350120537007      , -0.90182518174023896     
  -1.5249433421393517      ,  -1.4982048238685792      , -0.97335034643113805     
  -1.6307396881527714      ,  -1.6059543643073384      ,  -1.0496323335922244     
  -1.7360589851087231      ,  -1.7152995155211928      ,  -1.1304813258783022     
  -1.8403648391385918      ,  -1.8241144286973070      ,  -1.2155239907546520     
  -1.9420814791080678      ,  -1.9296626473165661      ,  -1.3041580287422825     
  -2.0394730557771066      ,  -2.0285567510694142      ,  -1.3955049591156097     
  -2.1291029490196678      ,  -2.1167681279727408      ,  -1.4883655626288721     
  -2.2065457089521363      ,  -2.1897124730225968      ,  -1.5811845732323351     
  -2.2657622457338351      ,  -2.2424368401855683      ,  -1.6720334281675850     
  -2.3001211514064610      ,  -2.2699274515027903      ,  -1.7586215675428791     
  -2.3029790166443518      ,  -2.2675410704442771      ,  -1.8383470568267553     
  -2.2689466812294259      ,  -2.2315354793862863      ,  -1.9083951718011813     
  -2.1948171517709101      ,  -2.1596393728573404      ,  -1.9658881976733313     
  -2.0802134994852617      ,  -2.0515673608482117      ,  -2.0080809159886481     
  -1.9279066933344520      ,  -1.9093654042820782      ,  -2.0325851947350984     
  -1.7434341024014246      ,  -1.7374802521795818      ,  -2.0375963442642169     
  -1.5347040979683739      ,  -1.5424908645419049      ,  -2.0220870557072868     
  -1.3111354639478612      ,  -1.3325138890316865      ,  -1.9859351503616736     
  -1.0831111230431947      ,  -1.1163770895205816      ,  -1.9299604824015189     
 -0.86087345198633414      , -0.90271463970216792      ,  -1.8558625427495614     
 -0.65364233151472850      , -0.69915333805288005      ,  -1.7660691607004873     
 -0.46823191954240856      , -0.51172455627362157      ,  -1.6635226118661581     
 -0.30790522981710577      , -0.34456902251457822      ,  -1.5514380456062040     
 -0.17168066431870943      , -0.19992742058226354      ,  -1.4330689555593126     
  -5.6071606403713788E-002 ,  -7.8353635495356427E-002 ,  -1.3115070018535810     
   4.2098997893467452E-002 ,   2.0938678205007655E-002 ,  -1.1895322925370455     
  0.12382407291023301      ,   9.9683331970804839E-002 ,  -1.0695188846258392     
  0.18847488411223054      ,  0.16018938887226788      , -0.95339135265482711     
  0.23549529683421563      ,  0.20502955102225520      , -0.84262287340932207     
  0.26554129091994788      ,  0.23680505324691808      , -0.73826321303702513     
  0.28046602488499695      ,  0.25798571518553559      , -0.64098540203572851     
  0.28301274984741620      ,  0.27081406721431378      , -0.55114169936627055     
  0.27654162442868147      ,  0.27725876812910116      , -0.46882179683512121     
  0.26453171503024331      ,  0.27900274777112255      , -0.39390850780487019     
  0.25023867235754305      ,  0.27745373025931797      , -0.32612810965688144     
  0.23644721562082932      ,  0.27376767687771925      , -0.26509396378805872     
  0.22510493507728391      ,  0.26887844999022875      , -0.21034304104239709     
  0.21688306840678748      ,  0.26352928555378896      , -0.16136561312245876     
  0.21132429228978600      ,  0.25830338361003830      , -0.11762872548202521     
  0.20727765367498105      ,  0.25365213339961845      ,  -7.8594230329419618E-002
  0.20359435735320142      ,  0.24992028571985089      ,  -4.3732198406493103E-002
  0.19975311847702770      ,  0.24736787928073103      ,  -1.2530495478973122E-002
  0.19621906006022455      ,  0.24618901419420672      ,   1.5498761649762946E-002
  0.19404191027019460      ,  0.24652771658972086      ,   4.0815242249198726E-002
  0.19436548827809597      ,  0.24849120507191619      ,   6.3848395057936713E-002
  0.19808540222127441      ,  0.25216088680275600      ,   8.4996947291091016E-002
  0.20574794868274721      ,  0.25760140041147883      ,  0.10462953672164868     
  0.21739608913501166      ,  0.26486799812752337      ,  0.12308617297080882     
  0.23254808161625837      ,  0.27401252828755540      ,  0.14068028317307485     
  0.25026929142214599      ,  0.28508824596383264      ,  0.15770114704959190     
  0.26948060784397554      ,  0.29815364605313538      ,  0.17441656789863064     
  0.28938487728050988      ,  0.31327548066923111      ,  0.19107565995241765     
  0.30977800035816672      ,  0.33053109129916319      ,  0.20791165978693618     
  0.33111270736861603      ,  0.35001015569947541      ,  0.22514469075587282     
  0.35423280209340136      ,  0.37181591944846470      ,  0.24298442539145085     
  0.38002853958888588      ,  0.39606595177792658      ,  0.26163260189036275     
  0.40915769250691053      ,  0.42289243397840254      ,  0.28128535757025835     
  0.44208624318406026      ,  0.45244195537173576      ,  0.30213534479742682     
  0.47907932755231808      ,  0.48487475552864823      ,  0.32437359347328226     
  0.52018288737403262      ,  0.52036331095555033      ,  0.34819107871969512     
  0.56509739291519745      ,  0.55909011875466963      ,  0.37377994279216353     
  0.61324800879813224      ,  0.60124447776365575      ,  0.40133430624077332     
  0.66389781388417579      ,  0.64701800872700355      ,  0.43105058462564538     
  0.71650755449550818      ,  0.69659858914627970      ,  0.46312720335904639     
  0.77099972740747835      ,  0.75016230682968776      ,  0.49776357426593426     
  0.82782542684991522      ,  0.80786296208517894      ,  0.53515816326300703     
  0.88769362596244272      ,  0.86981857845954313      ,  0.57550543970562862     
  0.95133257897866297      ,  0.93609432723212493      ,  0.61899145589766924     
   1.0194280279059098      ,   1.0066812497723858      ,  0.66578776291098896     
   1.0926884860150279      ,   1.0814702020791576      ,  0.71604333133576936     
   1.1717244212343971      ,   1.1602205871984252      ,  0.76987412117325282     
   1.2565821825989638      ,   1.2425237379106899      ,  0.82734994640491488     
   1.3462754680512079      ,   1.3277613327337383      ,  0.88847832494687062     
   1.4387031890942867      ,   1.4150600519922343      ,  0.95318511823163443     
   1.5312087684537621      ,   1.5032448850857092      ,   1.0212919774044968     
   1.6213382603345381      ,   1.5907951368249806      ,   1.0924909602993793     
   1.7073843629565228      ,   1.6758092336481305      ,   1.1663171991790231     
   1.7882622645831134      ,   1.7559867539213359      ,   1.2421212063624751     
   1.8629748842642500      ,   1.8286383484215454      ,   1.3190432973004009     
   1.9299465154024442      ,   1.8907357477549998      ,   1.3959936298273332     
   1.9866833871041061      ,   1.9390139414672936      ,   1.4716423658616045     
   2.0297012526270288      ,   1.9701347168167749      ,   1.5444252179966029     
   2.0547339316820623      ,   1.9809139931688384      ,   1.6125698074137198     
   2.0571349738216158      ,   1.9686042965658759      ,   1.6741474332865141     
   2.0326093062713753      ,   1.9312090665239734      ,   1.7271526879999526     
   1.9781376354846922      ,   1.8677898948641325      ,   1.7696097139064220     
   1.8928164803045320      ,   1.7787157727778797      ,   1.7996990584772179     
   1.7782385974002966      ,   1.6658004180897077      ,   1.8158938485468463     
   1.6383093462876741      ,   1.5322841264031259      ,   1.8170896522382194     
   1.4786702200782085      ,   1.3826410816817760      ,   1.8027103842661085     
   1.3060537048269667      ,   1.2222271300857113      ,   1.7727740487535097     
   1.1277580037640529      ,   1.0568173954948450      ,   1.7279072363722550     
  0.95115566399580409      ,  0.89210699497372936      ,   1.6693051785598141     
  0.78306004574147681      ,  0.73325371885859658      ,   1.5986429288824242     
  0.62887628232822057      ,  0.58452759738698601      ,   1.5179506812892458     
  0.49180076107245985      ,  0.44910440619877645      ,   1.4294706036630744     
  0.37256526425504682      ,  0.32900804302432490      ,   1.3355131575457599     
  0.27009622922461157      ,  0.22517975761350253      ,   1.2383281301111788     
  0.18272859887176468      ,  0.13763619500143201      ,   1.1400007631493552     
  0.10916568214157993      ,   6.5674125912785541E-002 ,   1.0423779110055031     
   4.8670029416491595E-002 ,   8.0849226673441309E-003 ,  0.94702432864755492     
   7.2199792891654291E-004 ,  -3.6647959318350160E-002 ,  0.85520570116662220     
  -3.5349629118426332E-002 ,  -7.0183985503209742E-002 ,  0.76789306686827385     
  -6.0537852486054339E-002 ,  -9.4198889559875751E-002 ,  0.68578266487044659     
  -7.6249860733023880E-002 , -0.11029539148430681      ,  0.60932557376670549     
  -8.4355840219734801E-002 , -0.11994634888404937      ,  0.53876239312829344     
  -8.7100563676705031E-002 , -0.12446374781749646      ,  0.47415931772987213     
  -8.6846905985177941E-002 , -0.12498684092459350      ,  0.41544303521539272     
  -8.5701666932199994E-002 , -0.12248351306069007      ,  0.36243281295299978     
  -8.5110303431108841E-002 , -0.11776008759970902      ,  0.31486887817539688     
  -8.5613012693459084E-002 , -0.11147595722127562      ,  0.27243673610220331     
  -8.6907397089032612E-002 , -0.10416046098667439      ,  0.23478743889501760     
  -8.8153997583181640E-002 ,  -9.6230268745729916E-002 ,  0.20155404923322520     
  -8.8378492613714346E-002 ,  -8.8006169680094323E-002 ,  0.17236467135236386     
  -8.6851849381694199E-002 ,  -7.9728619465646910E-002 ,  0.14685248014890553     
  -8.3327474905224672E-002 ,  -7.1571715908854167E-002 ,  0.12466318963701144     
  -7.8064286455916509E-002 ,  -6.3655481380319207E-002 ,  0.10546038361411331     
  -7.1710506152009967E-002 ,  -5.6056462123818873E-002 ,   8.8929096525659293E-002
  -6.5126427440712856E-002 ,  -4.8816733180471229E-002 ,   7.4777989758615271E-002
  -5.9153802655022986E-002 ,  -4.1951440676735785E-002 ,   6.2740423449201291E-002
  -5.4351820456700298E-002 ,  -3.5455032936478358E-002 ,   5.2574679744355923E-002
  -5.0807429352415522E-002 ,  -2.9306336777311121E-002 ,   4.4063552248866676E-002
  -4.8111566289902374E-002 ,  -2.3472631137315080E-002 ,   3.7013479116549064E-002
  -4.5525137156611051E-002 ,  -1.7912860613176592E-002 ,   3.1253364298961861E-002
  -4.2257104653432957E-002 ,  -1.2580119031930273E-002 ,   2.6633202873642056E-002
  -3.7743862527073346E-002 ,  -7.4235194168164684E-003 ,   2.3022601941961349E-002
  -3.1830928683560578E-002 ,  -2.3895526643297050E-003 ,   2.0309267999732566E-002
  -2.4792563852441309E-002 ,   2.5769764294678002E-003 ,   1.8397514567913990E-002
  -1.7180651349569160E-002 ,   7.5323600723385788E-003 ,   1.7206829832404586E-002
  -9.5933958121640177E-003 ,   1.2533681512562971E-002 ,   1.6670532691262046E-002
  -2.4850968949318847E-003 ,   1.7638739228033853E-002 ,   1.6734536573687991E-002
   3.9286085504495151E-003 ,   2.2906157954650883E-002 ,   1.7356233333978746E-002
   9.6771717140573220E-003 ,   2.8395651775810059E-002 ,   1.8503504123173291E-002
   1.4987719923305462E-002 ,   3.4168411947193139E-002 ,   2.0153860122593532E-002
   2.0227107215064422E-002 ,   4.0287598573695890E-002 ,   2.2293713141477826E-002
   2.5864156893188616E-002 ,   4.6818920772964574E-002 ,   2.4917774122068557E-002
   3.2416494867679758E-002 ,   5.3831294641373525E-002 ,   2.8028576376258642E-002
   4.0347479246462224E-002 ,   6.1397572269541886E-002 ,   3.1636119741692989E-002
   4.9929809226860661E-002 ,   6.9595338313741359E-002 ,   3.5757631659391192E-002
   6.1154664516828217E-002 ,   7.8507773281989768E-002 ,   4.0417441327286856E-002
   7.3739819010249869E-002 ,   8.8224584786854909E-002 ,   4.5646963479192816E-002
   8.7236846208645635E-002 ,   9.8843009576148722E-002 ,   5.1484788894276025E-002
  0.10118066350391204      ,  0.11046889017470396      ,   5.7976879384914290E-002
  0.11523459771803146      ,  0.12321783041693192      ,   6.5176865672310277E-002
  0.12929333613632099      ,  0.13721643393795990      ,   7.3146447170941875E-002
  0.14352053839826551      ,  0.15260362868110805      ,   8.1955893190802181E-002
  0.15831844512178195      ,  0.16953207845828508      ,   9.1684645344361937E-002
  0.17426742874021969      ,  0.18816967925929715      ,  0.10242202090719046     
  0.19206733331966006      ,  0.20870113291326453      ,  0.11426801639108988     
  0.21246418724792340      ,  0.23132958326445305      ,  0.12733420946757795     
  0.23613170015912455      ,  0.25627828942655712      ,  0.14174475538966241     
  0.26352148813327314      ,  0.28379229583655963      ,  0.15763747088302618     
  0.29475746999768970      ,  0.31414003829503662      ,  0.17516499368889293     
  0.32963570511950219      ,  0.34761479704822135      ,  0.19449599897351566     
  0.36774693006157089      ,  0.38453586975492132      ,  0.21581644392278115     
  0.40868793414680071      ,  0.42524928569696840      ,  0.23933079802753432     
  0.45230193342151925      ,  0.47012781380497676      ,  0.26526319755009375     
  0.49883452526578609      ,  0.51956992601299135      ,  0.29385843679191381     
  0.54892287899710768      ,  0.57399725820589576      ,  0.32538267396696935     
  0.60345401777867425      ,  0.63384995688781476      ,  0.36012368314484444     
  0.66343962766860276      ,  0.69957910375106158      ,  0.39839042277848546     
  0.72996657677349919      ,  0.77163516659707754      ,  0.44051161226904401     
  0.80412414149306533      ,  0.85045113084173762      ,  0.48683290717601213     
  0.88678294190582974      ,  0.93641862573563228      ,  0.53771213779833738     
  0.97826395410385003      ,   1.0298549921469877      ,  0.59351192318830193     
   1.0780879419730680      ,   1.1309588877514196      ,  0.65458879492291688     
   1.1850079921689407      ,   1.2397517747754763      ,  0.72127777049431474     
   1.2973768910923227      ,   1.3560026313389530      ,  0.79387112490455902     
   1.4136626414637836      ,   1.4791337050455708      ,  0.87258995955215146     
   1.5327876066140613      ,   1.6081064368808913      ,  0.95754712642466444     
   1.6540658860610666      ,   1.7412893019177593      ,   1.0487002384026967     
   1.7768031379709384      ,   1.8763138155898438      ,   1.1457940364240928     
   1.8998011581315890      ,   2.0099318942507094      ,   1.2482924930836636     
   2.0209020309626364      ,   2.1378973961878445      ,   1.3553029398616954     
   2.1365082128152824      ,   2.2549064777318151      ,   1.4654974099608737     
   2.2411315555760289      ,   2.3546433513064033      ,   1.5770403371301229     
   2.3273095507768065      ,   2.4299858367995242      ,   1.6875364451886767     
   2.3862316555813612      ,   2.4734218891438644      ,   1.7940172231606923     
   2.4090147910924169      ,   2.4777056673536721      ,   1.8929871604190438     
   2.3882008343021965      ,   2.4367331707699966      ,   1.9805495722426576     
   2.3190425401483732      ,   2.3465443731214122      ,   2.0526239233744605     
   2.2003581547756781      ,   2.2062768910334571      ,   2.1052507294668348     
   2.0348466410331678      ,   2.0188375363135775      ,   2.1349578202379615     
   1.8287810258329131      ,   1.7910618331619277      ,   2.1391383069182974     
   1.5911800662590279      ,   1.5332228917328097      ,   2.1163745456471621     
   1.3328564200560507      ,   1.2579174386146803      ,   2.0666422782241312     
   1.0656184351284834      ,  0.97854134297999718      ,   1.9913488137310020     
  0.80144172654290768      ,  0.70769136313762082      ,   1.8931943560315410     
  0.55158548270140340      ,  0.45583824664640421      ,   1.7758848688803412     
  0.32572262141703984      ,  0.23050927023430751      ,   1.6437546594339536     
  0.13007701682387690      ,   3.6050505143438528E-002 ,   1.5013681551015559     
  -3.5043812267905448E-002 , -0.12611607209068093      ,   1.3531623917873992     
 -0.17450282137475082      , -0.25691646736808738      ,   1.2031709132144586     
 -0.29364419124290564      , -0.35892099368569275      ,   1.0548452921163320     
 -0.39438372756734114      , -0.43566570606659138      ,  0.91096991287466522     
 -0.47526848929350696      , -0.49109073009665027      ,  0.77365276665340721     
 -0.53451704605200401      , -0.52913030916021508      ,  0.64436993400604248     
 -0.57251481928775849      , -0.55344944453988010      ,  0.52404215255857545     
 -0.59172500114071602      , -0.56730092427670731      ,  0.41312580382037600     
 -0.59598443507251286      , -0.57347008422848955      ,  0.31170564749703555     
 -0.59025002037636254      , -0.57427697668179878      ,  0.21958131569322537     
 -0.57965268940766213      , -0.57161183544461391      ,  0.13634331255018414     
 -0.56855760868575511      , -0.56698665329823184      ,   6.1436906494710515E-002
 -0.56049568911980285      , -0.56159171937918373      ,  -5.7860203865394491E-003
 -0.55777488777932016      , -0.55635054902165548      ,  -6.6026161440253139E-002
 -0.56071174538160506      , -0.55196980285759600      , -0.12000557659049557     
 -0.56792171677535952      , -0.54898280315761561      , -0.16844453580434451     
 -0.57744765114647978      , -0.54778643087851842      , -0.21204493240616626     
 -0.58768595523990308      , -0.54867180518917957      , -0.25147893945101157     
 -0.59817640083960089      , -0.55184942003972071      , -0.28738176978518815     
 -0.60984085182198033      , -0.55746948611134617      , -0.32034758760914694     
 -0.62396714640076922      , -0.56563819546380900      , -0.35092779030212551     
 -0.64106044397566186      , -0.57643054706452279      , -0.37963102752785310     
 -0.66083536992159375      , -0.58990027587016369      , -0.40692444907360542     
 -0.68274231981333633      , -0.60608733244994850      , -0.43323577496980942     
 -0.70627531764935125      , -0.62502327145361625      , -0.45895586375767139     
 -0.73105355289659868      , -0.64673482781757508      , -0.48444152011735980     
 -0.75675724732530270      , -0.67124588940194041      , -0.51001833407320762     
 -0.78318838875640973      , -0.69857801281065290      , -0.53598338297267722     
 -0.81048072189258324      , -0.72874957445346822      , -0.56260765637729260     
 -0.83912198200633636      , -0.76177360083665890      , -0.59013808461061679     
 -0.86976423503643230      , -0.79765428065106081      , -0.61879906548882424     
 -0.90304150875881528      , -0.83638212735544426      , -0.64879339212775489     
 -0.93941268260485689      , -0.87792773658273071      , -0.68030248910997815     
 -0.97909438457336662      , -0.92223407105529098      , -0.71348586628439714     
  -1.0221752630954850      , -0.96920721151846778      , -0.74847970091958682     
  -1.0686183956856512      ,  -1.0187055419305131      , -0.78539446213172392     
  -1.1180063379029312      ,  -1.0705273990196120      , -0.82431149933192061     
  -1.1694728405146837      ,  -1.1243973202013882      , -0.86527853247538133     
  -1.2219801021815886      ,  -1.1799511806106666      , -0.90830401053099619     
  -1.2746511756787928      ,  -1.2367207301277516      , -0.95335035097060483     
  -1.3269868019004223      ,  -1.2941183324021865      ,  -1.0003261428697443     
  -1.3788451530931023      ,  -1.3514230708375985      ,  -1.0490774950421622     
  -1.4301156805301205      ,  -1.4077698097463391      ,  -1.0993788430539364     
  -1.4803383755074893      ,  -1.4621432513207209      ,  -1.1509236968342043     
  -1.5285669862414311      ,  -1.5133794522476787      ,  -1.2033160107705185     
  -1.5734440877988352      ,  -1.5601775654106953      ,  -1.2560630796131806     
  -1.6132986054639655      ,  -1.6011246243680743      ,  -1.3085710842048905     
  -1.6461817514430199      ,  -1.6347358360637099      ,  -1.3601445955361895     
  -1.6699106778394288      ,  -1.6595119318158782      ,  -1.4099914444430315     
  -1.6822708532955004      ,  -1.6740135290221811      ,  -1.4572343171030444     
  -1.6814019708477939      ,  -1.6769501584963395      ,  -1.5009301808173732     
  -1.6661622320309799      ,  -1.6672787674971616      ,  -1.5400981306903612     
  -1.6362780642470487      ,  -1.6443034919369328      ,  -1.5737554593945751     
  -1.5922425134741804      ,  -1.6077659040101648      ,  -1.6009607280829263     
  -1.5350688432432464      ,  -1.5579135285661139      ,  -1.6208614663653091     
  -1.4660934634453628      ,  -1.4955348932514001      ,  -1.6327430334951276     
  -1.3869402463540399      ,  -1.4219521617279289      ,  -1.6360743587605571     
  -1.2995767211078100      ,  -1.3389674036710908      ,  -1.6305459717501778     
  -1.2063426559741064      ,  -1.2487650483012311      ,  -1.6160960912620492     
  -1.1098799060572182      ,  -1.1537797725597216      ,  -1.5929215969596866     
  -1.0129450819323038      ,  -1.0565444878607058      ,  -1.5614723340519292     
 -0.91814751296756447      , -0.95953593668434656      ,  -1.5224291288345679     
 -0.82769659026707432      , -0.86503506073693992      ,  -1.4766677720079291     
 -0.74323075965609808      , -0.77501596540308193      ,  -1.4252127180413876     
 -0.66577359992829155      , -0.69107193118611820      ,  -1.3691851115140485     
 -0.59582767328659558      , -0.61438085835291323      ,  -1.3097498964083438     
 -0.53354870935499343      , -0.54570708471447615      ,  -1.2480662595137457     
 -0.47890783357997080      , -0.48543260907053182      ,  -1.1852446890097597     
 -0.43178667200128440      , -0.43360875900124374      ,  -1.1223127313895014     
 -0.39200260451414293      , -0.39001913247825576      ,  -1.0601903307828902     
 -0.35928876781720198      , -0.35424575937535829      , -0.99967460534226515     
 -0.33326511900318390      , -0.32573229227028422      , -0.94143315192369736     
 -0.31342715539897664      , -0.30384011645547843      , -0.88600449845689855     
 -0.29916252496541673      , -0.28789518263124692      , -0.83380411625177198     
 -0.28979365454472872      , -0.27722489743748402      , -0.78513440532441636     
 -0.28463616032600259      , -0.27118548665555725      , -0.74019720831002611     
 -0.28305989341882737      , -0.26918090226847574      , -0.69910763092864081     
 -0.28454439721772762      , -0.27067465841662991      , -0.66190819981108051     
 -0.28871858987257465      , -0.27519604925744096      , -0.62858263694646577     
 -0.29537026374951530      , -0.28234211350831079      , -0.59906875283833150     
 -0.30441771165748976      , -0.29177653783712260      , -0.57327014725614533     
 -0.31585097166935783      , -0.30322648557970211      , -0.55106655451075470     
 -0.32966062249325595      , -0.31647813139018632      , -0.53232278152552437     
 -0.34577749547237152      , -0.33137149483996187      , -0.51689626622335638     
 -0.36404394255476641      , -0.34779500501769461      , -0.50464333648177084     
 -0.38422443923079597      , -0.36568009573819377      , -0.49542428169247349     
 -0.40604922795031889      , -0.38499602525408183      , -0.48910736481874190     
 -0.42927454942145038      , -0.40574503181382809      , -0.48557190700941305     
 -0.45373721576864756      , -0.42795787285999853      , -0.48471057270616202     
 -0.47938478512734700      , -0.45168974702394493      , -0.48643097339798735     
 -0.50627456336605003      , -0.47701656066061776      , -0.49065669468592232     
 -0.53454485959873921      , -0.50403147131716031      , -0.49732783551610799     
 -0.56436864514214324      , -0.53284161661660823      , -0.50640113126787600     
 -0.59590406958127218      , -0.56356491644376672      , -0.51784971444532857     
 -0.62925774627615949      , -0.59632681739133375      , -0.53166254835454352     
 -0.66447297859981869      , -0.63125682995497168      , -0.54784355050508726     
 -0.70154732640459061      , -0.66848469021474177      , -0.56641040358499717     
 -0.74047173213682616      , -0.70813595849571220      , -0.58739303269851206     
 -0.78127335135733833      , -0.75032684820996909      , -0.61083170811569854     
 -0.82404279444166550      , -0.79515806005460743      , -0.63677471314776146     
 -0.86893419898943536      , -0.84270738243510879      , -0.66527549721122536     
 -0.91613763743090826      , -0.89302081239096343      , -0.69638921528000819     
 -0.96583319061660489      , -0.94610195840523448      , -0.73016853783086644     
  -1.0181391317619655      ,  -1.0018995157737431      , -0.76665860183091661     
  -1.0730636210892681      ,  -1.0602926681694629      , -0.80589096597885568     
  -1.1304660594299483      ,  -1.1210743804092265      , -0.84787643615008990     
  -1.1900331914919950      ,  -1.1839327250420781      , -0.89259664507869874     
  -1.2512734006240718      ,  -1.2484306490633519      , -0.93999431056875693     
  -1.3135274678493898      ,  -1.3139849560736494      , -0.98996216730446873     
  -1.3759868239731106      ,  -1.3798457674096958      ,  -1.0423306780223585     
  -1.4377053006166334      ,  -1.4450783338110693      ,  -1.0968547897873986     
  -1.4975935855689522      ,  -1.5085497731547308      ,  -1.1532002176860552     
  -1.5543961234239039      ,  -1.5689240468697017      ,  -1.2109300134128256     
  -1.6066622134112523      ,  -1.6246691407812124      ,  -1.2694925020919510     
  -1.6527299233467587      ,  -1.6740808026929315      ,  -1.3282120238056812     
  -1.6907418682116726      ,  -1.7153270618634235      ,  -1.3862842519564700     
  -1.7187066655587415      ,  -1.7465168280709595      ,  -1.4427781088534570     
  -1.7346119461392979      ,  -1.7657938748848623      ,  -1.4966463657802502     
  -1.7365846491645003      ,  -1.7714543110066963      ,  -1.5467467920685003     
  -1.7230826237161727      ,  -1.7620813487078815      ,  -1.5918751048897211     
  -1.6930909763417985      ,  -1.7366862849086970      ,  -1.6308099101921392     
  -1.6462918481885587      ,  -1.6948400507549732      ,  -1.6623683407229719     
  -1.5831792840287369      ,  -1.6367767362150747      ,  -1.6854693344275800     
  -1.5050999205077495      ,  -1.5634504866980163      ,  -1.6991997322826975     
  -1.4142108245990606      ,  -1.4765310201841704      ,  -1.7028769857454698     
  -1.3133538446648809      ,  -1.3783307488594123      ,  -1.6961016460448777     
  -1.2058514735520389      ,  -1.2716669436537500      ,  -1.6787932562460715     
  -1.0952370940159462      ,  -1.1596733249467557      ,  -1.6512048610538417     
 -0.98494682377368481      ,  -1.0455842051320325      ,  -1.6139138845134358     
 -0.87801887027407266      , -0.93251858183882830      ,  -1.5677901395865363     
 -0.77686045451565489      , -0.82329035218042435      ,  -1.5139446234270537     
 -0.68313924861018194      , -0.72026464386512257      ,  -1.4536649478973556     
 -0.59782526281460224      , -0.62527101860698397      ,  -1.3883443792293637     
 -0.52135371344929538      , -0.53957446906770634      ,  -1.3194114175192606     
 -0.45382936907158272      , -0.46389691918436793      ,  -1.2482658107355322     
 -0.39518646789913148      , -0.39847670576091254      ,  -1.1762252245048130     
 -0.34526178821579728      , -0.34315158107041943      ,  -1.1044848893203174     
 -0.30379492863431368      , -0.29745160266351045      ,  -1.0340907775608119     
 -0.27039812277996406      , -0.26069089022894731      , -0.96592546022966486     
 -0.24453141573717618      , -0.23205059843253328      , -0.90070485909712150     
 -0.22550067330918544      , -0.21064875873199193      , -0.83898363355433903     
 -0.21248413231304888      , -0.19559537939723376      , -0.78116684156170324     
 -0.20458753064298268      , -0.18603315816078411      , -0.72752567936784129     
 -0.20092191190611366      , -0.18116536963129981      , -0.67821542530855661     
 -0.20069054038477246      , -0.18027307394903186      , -0.63329409850843954     
 -0.20326420704057355      , -0.18272393010137675      , -0.59274072934587274     
 -0.20822241587755480      , -0.18797475401396574      , -0.55647248585787767     
 -0.21534601296192718      , -0.19556967171577358      , -0.52436018980393284     
 -0.22456271536328609      , -0.20513537557731906      , -0.49624198298935779     
 -0.23586334055181105      , -0.21637465526718860      , -0.47193507244194055     
 -0.24921667369707329      , -0.22905907577723930      , -0.45124560031800964     
 -0.26451063463648838      , -0.24302142513539784      , -0.43397676066707219     
 -0.28153620115105121      , -0.25814835544495218      , -0.41993532984433485     
 -0.30001432929757682      , -0.27437348785925458      , -0.40893679872533489     
 -0.31965291648223687      , -0.29167113772052305      , -0.40080929976955437     
 -0.34021384484323752      , -0.31005073261561378      , -0.39539651574186374     
 -0.36156858216530946      , -0.32955193639568431      , -0.39255974355020584     
 -0.38372472242401962      , -0.35024045017466282      , -0.39217926911047751     
 -0.40681507211238649      , -0.37220443197803904      , -0.39415518944159794     
 -0.43105291324141709      , -0.39555145607950276      , -0.39840779768278439     
 -0.45666807989696850      , -0.42040591799337096      , -0.40487762625429907     
 -0.48384556522007033      , -0.44690677909479126      , -0.41352522341094500     
 -0.51268924826382922      , -0.47520553392195697      , -0.42433071913709575     
 -0.54322559828948780      , -0.50546427174952702      , -0.43729321766365337     
 -0.57544612748515056      , -0.53785369066681721      , -0.45243003565478301     
 -0.60936980175878097      , -0.57255090604011283      , -0.46977578700513067     
 -0.64509802570332520      , -0.60973687501055940      , -0.48938129681772835     
 -0.68284037492273963      , -0.64959323398722135      , -0.51131230806695893     
 -0.72290456672223480      , -0.69229831675282183      , -0.53564792425562802     
 -0.76565918330465943      , -0.73802208723464602      , -0.56247870966875946     
 -0.81148394677547886      , -0.78691968457225403      , -0.59190434535887448     
 -0.86071883049803122      , -0.83912324162272045      , -0.62403071376360286     
 -0.91361685190538511      , -0.89473160635231996      , -0.65896625826376010     
 -0.97030373742444720      , -0.95379757650101715      , -0.69681743709137578     
  -1.0307510778960440      ,  -1.0163122633497086      , -0.73768306581018306     
  -1.0947709943675279      ,  -1.0821862475180342      , -0.78164732251353786     
  -1.1620336676459544      ,  -1.1512273020640964      , -0.82877118020333218     
  -1.2320964956393030      ,  -1.2231146665016239      , -0.87908203927150175     
  -1.3044242892268554      ,  -1.2973701971690170      , -0.93256137033902720     
  -1.3783817460494894      ,  -1.3733272361202213      , -0.98913025796572596     
  -1.4531920253435688      ,  -1.4500987710790152      ,  -1.0486328760822481     
  -1.5278701840868008      ,  -1.5265474263521797      ,  -1.1108181454454200     
  -1.6011489081833352      ,  -1.6012610163540415      ,  -1.1753201399794371     
  -1.6714149804275633      ,  -1.6725387318242921      ,  -1.2416382341557344     
  -1.7366734638264232      ,  -1.7383943355206446      ,  -1.3091185144058646     
  -1.7945563647032279      ,  -1.7965837066088675      ,  -1.3769385845074287     
  -1.8423905029034473      ,  -1.8446642303873391      ,  -1.4440985090625240     
  -1.8773304427240274      ,  -1.8800923057294496      ,  -1.5094211411549825     
  -1.8965482399652567      ,  -1.9003620552261886      ,  -1.5715652975031595     
  -1.8974608118241669      ,  -1.9031827982302114      ,  -1.6290549666315841     
  -1.8779738349557253      ,  -1.8866851170226828      ,  -1.6803267568421569     
  -1.8367247999733050      ,  -1.8496363551116888      ,  -1.7237959816215145     
  -1.7733082327241461      ,  -1.7916380410675179      ,  -1.7579391792960299     
  -1.6884585509328498      ,  -1.7132726957006661      ,  -1.7813877595971110     
  -1.5841554424828743      ,  -1.6161684807156373      ,  -1.7930244250309093     
  -1.4636124069197669      ,  -1.5029588695350191      ,  -1.7920717886868647     
  -1.3311160318066975      ,  -1.3771305048812259      ,  -1.7781619623086107     
  -1.1917012061553116      ,  -1.2427725453127778      ,  -1.7513773102249932     
  -1.0506770025980887      ,  -1.1042599496768615      ,  -1.7122560386931081     
 -0.91305982400703822      , -0.96591582889212391      ,  -1.6617612036872165     
 -0.78301502401408585      , -0.83170052098099057      ,  -1.6012170039848961     
 -0.66344344024155233      , -0.70496700230654741      ,  -1.5322206851177955     
 -0.55585683726011126      , -0.58830656487150945      ,  -1.4565410779602899     
 -0.46061377766038786      , -0.48349030064061937      ,  -1.3760153333794944     
 -0.37741120731389355      , -0.39149578312941646      ,  -1.2924539848468182     
 -0.30576980673673471      , -0.31259772590773183      ,  -1.2075617072594529     
 -0.24528259723101972      , -0.24649732083023929      ,  -1.1228778477963137     
 -0.19559640809979051      , -0.19246644036208602      ,  -1.0397377047734631     
 -0.15626700125442244      , -0.14948788969210711      , -0.95925310181428824     
 -0.12663567900792208      , -0.11637925082458615      , -0.88230924416551371     
 -0.10577889828181040      ,  -9.1893903499562668E-002 , -0.80957411805612767     
  -9.2520157391404484E-002 ,  -7.4797586472046762E-002 , -0.74151662997261869     
  -8.5494107309227824E-002 ,  -6.3922072050415557E-002 , -0.67843005825751912     
  -8.3258771415230193E-002 ,  -5.8199293618304448E-002 , -0.62045799615403852     
  -8.4444646030456094E-002 ,  -5.6679925827361408E-002 , -0.56762064194083117     
  -8.7917763566076432E-002 ,  -5.8540348368154201E-002 , -0.51983993214592517     
  -9.2912771794638110E-002 ,  -6.3081452805168317E-002 , -0.47696256091195804     
  -9.9082130453432407E-002 ,  -6.9722116155089525E-002 , -0.43878036149152644     
 -0.10643485700444121      ,  -7.7989515728857151E-002 , -0.40504784664213661     
 -0.11518318997974786      ,  -8.7507878633341765E-002 , -0.37549692761449566     
 -0.12554870570744966      ,  -9.7986779594274140E-002 , -0.34984897538591037     
 -0.13759574551834139      , -0.10920972673848564      , -0.32782447175601614     
 -0.15114961270453645      , -0.12102349597512529      , -0.30915053859972014     
 -0.16581569203118404      , -0.13332847406205278      , -0.29356664452594172     
 -0.18107529880089776      , -0.14607013108359065      , -0.28082877981958682     
 -0.19642077895553961      , -0.15923164952925400      , -0.27071237047079422     
 -0.21149187342007250      , -0.17282767687931797      , -0.26301417569665608     
 -0.22617398634281868      , -0.18689913183338283      , -0.25755338429269542     
 -0.24062615029289425      , -0.20150897378470639      , -0.25417209580375427     
 -0.25522745389262869      , -0.21673883553326737      , -0.25273534436015060     
 -0.27045734895095830      , -0.23268641671678922      , -0.25313079693558804     
 -0.28674739012229206      , -0.24946353727361886      , -0.25526823416466127     
 -0.30435454725111155      , -0.26719475444867991      , -0.25907890083227025     
 -0.32330584431671666      , -0.28601645195124986      , -0.26451479464037853     
 -0.34344125477826060      , -0.30607631475629160      , -0.27154794566341145     
 -0.36453672705757684      , -0.32753310681370912      , -0.28016972472774587     
 -0.38644960347610030      , -0.35055667081892139      , -0.29039020643681313     
 -0.40922405803322942      , -0.37532806847835753      , -0.30223760130804356     
 -0.43312312948805398      , -0.40203977563750370      , -0.31575776104721937     
 -0.45859345971541537      , -0.43089583842782897      , -0.33101375087482215     
 -0.48619655158462133      , -0.46211188333042980      , -0.34808547250654798     
 -0.51654039090163084      , -0.49591485471487706      , -0.36706931029059908     
 -0.55022069919445760      , -0.53254232681396518      , -0.38807776046718501     
 -0.58776081378595135      , -0.57224120193494643      , -0.41123898881699250     
 -0.62954693167657938      , -0.61526556162170254      , -0.43669624430404413     
 -0.67577962830255089      , -0.66187338119341854      , -0.46460703482419996     
 -0.72647307017068063      , -0.71232174967747208      , -0.49514194493394065     
 -0.78151591893910255      , -0.76686015654029704      , -0.52848294357277537     
 -0.84077409038861661      , -0.82572131529877424      , -0.56482099157809673     
 -0.90418923274890906      , -0.88910889631946843      , -0.60435271386681955     
 -0.97182690103486680      , -0.95718144561732144      , -0.64727584989268017     
  -1.0438564970560167      ,  -1.0300316888973573      , -0.69378314002236041     
  -1.1204811107575852      ,  -1.1076603862467747      , -0.74405424852281254     
  -1.2018495485897949      ,  -1.1899439527310121      , -0.79824527282869806     
  -1.2879638569186933      ,  -1.2765952520927344      , -0.85647535524582685     
  -1.3785693920776647      ,  -1.3671173852263221      , -0.91880991527361622     
  -1.4730194976204780      ,  -1.4607510350535038      , -0.98524008462433921     
  -1.5701471255403623      ,  -1.5564171138177354      ,  -1.0556580887928402     
  -1.6682083517223234      ,  -1.6526582029154728      ,  -1.1298286242713289     
  -1.7649406803370438      ,  -1.7475846497656911      ,  -1.2073567810173433     
  -1.8577065761399609      ,  -1.8388341462472721      ,  -1.2876538045436170     
  -1.9436301355518639      ,  -1.9235568958115867      ,  -1.3699030094540989     
  -2.0196403385456887      ,  -1.9984414754470683      ,  -1.4530294256971485     
  -2.0824074116098292      ,  -2.0597981597360326      ,  -1.5356781714554506     
  -2.1282465678085889      ,  -2.1037152903137084      ,  -1.6162078635177315     
  -2.1531121218755973      ,  -2.1262985059202357      ,  -1.6927062008074754     
  -2.1527970192615427      ,  -2.1239908924464261      ,  -1.7630346532475247     
  -2.1233967740693771      ,  -2.0939542405694795      ,  -1.8249073791125396     
  -2.0620022347779363      ,  -2.0344698460352229      ,  -1.8760056647451384     
  -1.9674690857227095      ,  -1.9452969176045305      ,  -1.9141233645507050     
  -1.8410240525294141      ,  -1.8279153874829066      ,  -1.9373317682185185     
  -1.6864837308419918      ,  -1.6855855241203963      ,  -1.9441455890870691     
  -1.5100070348978942      ,  -1.5231832073349167      ,  -1.9336674312105187     
  -1.3194759621027310      ,  -1.3468136481388202      ,  -1.9056880830014979     
  -1.1236574371430479      ,  -1.1632561703974931      ,  -1.8607252165892612     
 -0.93125586610360789      , -0.97933229922058140      ,  -1.7999928104286804     
 -0.74993839551619745      , -0.80130503042066714      ,  -1.7253055011865772     
 -0.58539160284493930      , -0.63440384938197447      ,  -1.6389329214769353     
 -0.44054431581551473      , -0.48253394132337513      ,  -1.5434260887480573     
 -0.31544168671439748      , -0.34818283590830196      ,  -1.4414396800717835     
 -0.20825695415967777      , -0.23249812814134732      ,  -1.3355709038006018     
 -0.11698192391698033      , -0.13548555971593074      ,  -1.2282293332833776     
  -4.0574312302753636E-002 ,  -5.6269906219155272E-002 ,  -1.1215446562215881     
   2.1105269695481741E-002 ,   6.6318975710786821E-003 ,  -1.0173126590833490     
   6.8103764814413201E-002 ,   5.5061524558877140E-002 , -0.91697499538263172     
  0.10102589190702276      ,   9.1014157251776917E-002 , -0.82162566727776609     
  0.12117132871279064      ,  0.11648438835860699      , -0.73203639435533829     
  0.13044147545254814      ,  0.13336077817771405      , -0.64869359043157415     
  0.13120321136909385      ,  0.14336166147433382      , -0.57184093095123456     
  0.12606259154513494      ,  0.14800295290998974      , -0.50152299788620158     
  0.11760197886336549      ,  0.14858893126008563      , -0.43762692591034791     
  0.10810952332633765      ,  0.14621829166196354      , -0.37992018122204974     
   9.9243763530959955E-002 ,  0.14179943589764171      , -0.32808352909402183     
   9.1766158532073122E-002 ,  0.13607060347492927      , -0.28173890008174274     
   8.5557865054589996E-002 ,  0.12962183015824019      , -0.24047229154001515     
   7.9916436028163826E-002 ,  0.12291679566143585      , -0.20385209363802392     
   7.4003468828926458E-002 ,  0.11631340530896644      , -0.17144335712803233     
   6.7312592950173764E-002 ,  0.11008249150981247      , -0.14281856471464840     
   5.9942488272165723E-002 ,  0.10442437711713656      , -0.11756546009112379     
   5.2533347071860838E-002 ,   9.9483265975480822E-002 ,  -9.5292450698742537E-002
   4.6005430436778252E-002 ,   9.5359557810579046E-002 ,  -7.5632046969053610E-002
   4.1299347934946856E-002 ,   9.2120256097234787E-002 ,  -5.8242741815565935E-002
   3.9149600935971043E-002 ,   8.9807670522331809E-002 ,  -4.2809675278040152E-002
   3.9886022183254252E-002 ,   8.8446624947945987E-002 ,  -2.9044373790967137E-002
   4.3321203533049885E-002 ,   8.8050377067792895E-002 ,  -1.6683803224649796E-002
   4.8786365372528832E-002 ,   8.8625443418063860E-002 ,  -5.4889303017962065E-003
   5.5340114105465743E-002 ,   9.0175506903978228E-002 ,   4.7570517042281801E-003
   6.2095436635288742E-002 ,   9.2704565893845861E-002 ,   1.4250710197358178E-002
   6.8539298126979037E-002 ,   9.6219465629758111E-002 ,   2.3170478593267770E-002
   7.4711413640933463E-002 ,  0.10073193503900983      ,   3.1678808289697137E-002
   8.1151423218292842E-002 ,  0.10626023546901686      ,   3.9924315065625528E-002
   8.8640470577355329E-002 ,  0.11283051264599034      ,   4.8043883403733036E-002
   9.7898721574929681E-002 ,  0.12047792935848968      ,   5.6164704860415256E-002
  0.10939441535096604      ,  0.12924764397219127      ,   6.4406236612651963E-002
  0.12328733180589616      ,  0.13919568879702723      ,   7.2882074089193616E-002
  0.13945619554400210      ,  0.15038979239713457      ,   8.1701737491125151E-002
  0.15757068473491104      ,  0.16291018095003260      ,   9.0972376317400280E-002
  0.17716453647870370      ,  0.17685038546522014      ,  0.10080039897459114     
  0.19769813834441752      ,  0.19231807375030874      ,  0.11129303635303416     
  0.21866656875153914      ,  0.20943591808758993      ,  0.12255984902471209     
  0.23977061370782102      ,  0.22834250119983526      ,  0.13471418753482758     
  0.26105892920236473      ,  0.24919325368583059      ,  0.14787461413054032     
  0.28294596347298445      ,  0.27216140501006614      ,  0.16216629213985403     
  0.30611823033875418      ,  0.29743891648856235      ,  0.17772234594660688     
  0.33141448092015724      ,  0.32523734746483168      ,  0.19468518987864572     
  0.35972459937218648      ,  0.35578858369275485      ,  0.21320781800241143     
  0.39187648031687589      ,  0.38934532818804513      ,  0.23345503833546014     
  0.42848581296801891      ,  0.42618121744158366      ,  0.25560462372991749     
  0.46981870093583228      ,  0.46659037743175252      ,  0.27984833683908750     
  0.51574664449001217      ,  0.51088617139247883      ,  0.30639276713294245     
  0.56583262373741905      ,  0.55939881143258230      ,  0.33545989260639347     
  0.61954240891521739      ,  0.61247140525082377      ,  0.36728724609690205     
  0.67652443450663968      ,  0.67045388387585647      ,  0.40212752422049775     
  0.73683572692530686      ,  0.73369410400377422      ,  0.44024742390437027     
  0.80098944109054548      ,  0.80252523878664739      ,  0.48192542541007199     
  0.86982281370002312      ,  0.87724836805713469      ,  0.52744816004763362     
  0.94432852984156579      ,  0.95810896533412482      ,  0.57710490493869326     
   1.0255630836615315      ,   1.0452657805728223      ,  0.63117963775002872     
   1.1145418248324777      ,   1.1387504820354777      ,  0.68993996663175328     
   1.2119373260849544      ,   1.2384164273482181      ,  0.75362213632406572     
   1.3175938904929361      ,   1.3438752066554114      ,  0.82241122208398265     
   1.4301460970409452      ,   1.4544203201472676      ,  0.89641559472431365     
   1.5470710180732312      ,   1.5689387609178072      ,  0.97563482829485038     
   1.6652387062646563      ,   1.6858136658766292      ,   1.0599205065801458     
   1.7816466454944224      ,   1.8028248692118054      ,   1.1489299706560232     
   1.8938570173870974      ,   1.9170593339240956      ,   1.2420740599845279     
   1.9998588267779449      ,   2.0248499264203508      ,   1.3384614507544750     
   2.0974707461317506      ,   2.1217681005363196      ,   1.4368443490931841     
   2.1836551862128499      ,   2.2027020523138305      ,   1.5355729780716709     
   2.2540554107463060      ,   2.2620538223631388      ,   1.6325691829374855     
   2.3028806991272583      ,   2.2940825631095625      ,   1.7253318865775926     
   2.3232258038762041      ,   2.2934025096515773      ,   1.8109879719485740     
   2.3079472179350398      ,   2.2556108582566328      ,   1.8864000927656583     
   2.2510738264386485      ,   2.1779756365249536      ,   1.9483366994347122     
   2.1494057755488356      ,   2.0600674067786091      ,   1.9936988387326597     
   2.0036989844667539      ,   1.9041894755754216      ,   2.0197843039439829     
   1.8188889892662030      ,   1.7154692943814802      ,   2.0245557812127513     
   1.6032858260424210      ,   1.5015302430138926      ,   2.0068705581414674     
   1.3672864399229396      ,   1.2717598040209583      ,   1.9666297015238157     
   1.1222354436734274      ,   1.0362971825751546      ,   1.9048163682796677     
  0.87955222093902530      ,  0.80493991239132967      ,   1.8234138682300103     
  0.64993320976906710      ,  0.58618396610125834      ,   1.7252181534258575     
  0.44236043424933363      ,  0.38656124625243360      ,   1.6135790714816123     
  0.26240246521905597      ,  0.21034630813473335      ,   1.4921143988777912     
  0.11047273239124147      ,   5.9608695163686748E-002 ,   1.3644388805009304     
  -1.7414429031278024E-002 ,  -6.5479933137011226E-002 ,   1.2339398472094227     
 -0.12597916740903659      , -0.16620055027530495      ,   1.1036162944159156     
 -0.21744734458685827      , -0.24481000764352695      ,  0.97598429919751772     
 -0.29136376091945088      , -0.30410886996064257      ,  0.85304136147876719     
 -0.34674692644357030      , -0.34709476490187574      ,  0.73627664433751827     
 -0.38392968908645120      , -0.37671289195006802      ,  0.62671257737338548     
 -0.40465084061732948      , -0.39569614814294074      ,  0.52496455981118595     
 -0.41165854197239493      , -0.40647782964416257      ,  0.43130818574931273     
 -0.40864404513066965      , -0.41115746707718875      ,  0.34574645755035577     
 -0.39977790066942520      , -0.41150210621487715      ,  0.26807221390270930     
 -0.38906209716561607      , -0.40896890310199524      ,  0.19792318892810590     
 -0.38001657366068758      , -0.40473875859198022      ,  0.13482868670199558     
 -0.37512459745660576      , -0.39975409662649936      ,   7.8247876867343358E-002
 -0.37512829139127318      , -0.39475651542952789      ,   2.7600314319150377E-002
 -0.37913436668973122      , -0.39032191242298492      ,  -1.7710416716385423E-002
 -0.38541937287296446      , -0.38689192741735651      ,  -5.8278932325788971E-002
 -0.39223965203754968      , -0.38480132170628584      ,  -9.4685166360762144E-002
 -0.39860983724249593      , -0.38430135678688487      , -0.12748546907213734     
 -0.40473798573303238      , -0.38557946906189577      , -0.15720688788408219     
 -0.41156859011263069      , -0.38877563790933228      , -0.18434394603443194     
 -0.42000645778776052      , -0.39399586905819672      , -0.20935734501658584     
 -0.43068830833756933      , -0.40132319833040991      , -0.23267411661505247     
 -0.44406876371999798      , -0.41082658358391927      , -0.25468883757681537     
 -0.46037018465340895      , -0.42256800707019559      , -0.27576559431625691     
 -0.47945237396575813      , -0.43660806267782115      , -0.29624044721241904     
 -0.50074338191376799      , -0.45301025559336150      , -0.31642419513785502     
 -0.52341388803479139      , -0.47184419680003337      , -0.33660528206910106     
 -0.54678836091788985      , -0.49318783156868379      , -0.35705272011539529     
 -0.57068367313083801      , -0.51712879917563415      , -0.37801892807114496     
 -0.59549399641964740      , -0.54376497977004823      , -0.39974240249018106     
 -0.62204359415666999      , -0.57320424278403181      , -0.42245014997122587     
 -0.65125698542771815      , -0.60556336871600913      , -0.44635981535506558     
 -0.68386697323902135      , -0.64096607180850518      , -0.47168144125200534     
 -0.72038871535697302      , -0.67954000459510544      , -0.49861879002709569     
 -0.76119762388005752      , -0.72141257642418488      , -0.52737015029433365     
 -0.80644916641590492      , -0.76670536747726248      , -0.55812853633776005     
 -0.85596547675317591      , -0.81552686917319506      , -0.59108117101442681     
 -0.90924789274676943      , -0.86796323453109814      , -0.62640812116689004     
 -0.96560675549609609      , -0.92406668383501045      , -0.66427993038313904     
  -1.0244288379836890      , -0.98384119101453216      , -0.70485406880495360     
  -1.0854696033957503      ,  -1.0472250883707017      , -0.74826999640014280     
  -1.1489081338822336      ,  -1.1140702913966432      , -0.79464261903395428     
  -1.2151282697566299      ,  -1.1841179882630797      , -0.84405391227026083     
  -1.2844452603358441      ,  -1.2569708943107780      , -0.89654250528706636     
  -1.3569431018562246      ,  -1.3320625811600497      , -0.95209106900782137     
  -1.4324078820393165      ,  -1.4086249955284553      ,  -1.0106114543405447     
  -1.5102141506466282      ,  -1.4856561204709910      ,  -1.0719276969676881     
  -1.5890720599077823      ,  -1.5618908147046162      ,  -1.1357572641826892     
  -1.6667981577214031      ,  -1.6357791596741007      ,  -1.2016912837629112     
  -1.7404167052802091      ,  -1.7054780339848252      ,  -1.2691749722667758     
  -1.8066386583827991      ,  -1.7688628873783263      ,  -1.3374900584707226     
  -1.8624344222623386      ,  -1.8235674200729917      ,  -1.4057416326856329     
  -1.9053452275504787      ,  -1.8670585584756816      ,  -1.4728524544807782     
  -1.9333893539867402      ,  -1.8967521385750084      ,  -1.5375681751794532     
  -1.9447359111618940      ,  -1.9101705150628026      ,  -1.5984769812271005     
  -1.9374660776602515      ,  -1.9051366868038477      ,  -1.6540466183546458     
  -1.9096161710180977      ,  -1.8799909029060546      ,  -1.7026804229180070     
  -1.8595168615133248      ,  -1.8338064567641899      ,  -1.7427917898376235     
  -1.7863174597806180      ,  -1.7665738233804884      ,  -1.7728935811366489     
  -1.6905092620409545      ,  -1.6793193399910480      ,  -1.7916957382361516     
  -1.5742692450232925      ,  -1.5741287994909499      ,  -1.7982014834472844     
  -1.4415074924670659      ,  -1.4540585711738296      ,  -1.7917907942460058     
  -1.2975661166372747      ,  -1.3229355864692047      ,  -1.7722800115972297     
  -1.1486006994330293      ,  -1.1850684983651558      ,  -1.7399488134297523     
  -1.0007789435657839      ,  -1.0449098261764556      ,  -1.6955300711564372     
 -0.85948758079655907      , -0.90671780055009554      ,  -1.6401634518064443     
 -0.72871985623986868      , -0.77426443399857336      ,  -1.5753188259838156     
 -0.61077325692364237      , -0.65062418559314306      ,  -1.5026994293425207     
 -0.50635783907575993      , -0.53805960856055846      ,  -1.4241365517228026     
 -0.41510790133980696      , -0.43800192017994610      ,  -1.3414871510683963     
 -0.33626707959745655      , -0.35111004356225739      ,  -1.2565436330226010     
 -0.26918516083717670      , -0.27738372851379317      ,  -1.1709618668190174     
 -0.21342524604706092      , -0.21630490680726164      ,  -1.0862101432000582     
 -0.16858915371366356      , -0.16698485479310698      ,  -1.0035388660824414     
 -0.13411303919652093      , -0.12830075441590932      , -0.92396866930221366     
 -0.10916960134557817      ,  -9.9011800828282467E-002 , -0.84829344980179178     
  -9.2654355547467065E-002 ,  -7.7850703932708876E-002 , -0.77709439787087953     
  -8.3215412242955367E-002 ,  -6.3590613793592488E-002 , -0.71076127246323817     
  -7.9334087819032395E-002 ,  -5.5090083998159803E-002 , -0.64951768650273467     
  -7.9464969031451310E-002 ,  -5.1319928652182122E-002 , -0.59344783846858606     
  -8.2220482268294565E-002 ,  -5.1376111790610725E-002 , -0.54252281249798806     
  -8.6559985230016304E-002 ,  -5.4482506497482014E-002 , -0.49662518528688282     
  -9.1914535621931984E-002 ,  -5.9986771525834218E-002 , -0.45557118450738321     
  -9.8186847872954647E-002 ,  -6.7351918144290771E-002 , -0.41913003141958882     
 -0.10562084928649783      ,  -7.6145498697450006E-002 , -0.38704037906701927     
 -0.11458590309619864      ,  -8.6027798752510112E-002 , -0.35902394463510756     
 -0.12534751124132720      ,  -9.6739974650656230E-002 , -0.33479655016284376     
 -0.13790616441766573      , -0.10809274326090544      , -0.31407684844854894     
 -0.15195628779094100      , -0.11995598579839001      , -0.29659303637498741     
 -0.16695726430369129      , -0.13224945471734162      , -0.28208785835243927     
 -0.18227376264462930      , -0.14493465480064185      , -0.27032218738771446     
 -0.19734422477135136      , -0.15800789211005009      , -0.26107744707156139     
 -0.21183574599633470      , -0.17149443591142843      , -0.25415710912940392     
 -0.22573813142699781      , -0.18544371031143450      , -0.24938747116086327     
 -0.23936229231876638      , -0.19992541770844602      , -0.24661788975310234     
 -0.25324044547441077      , -0.21502649063002746      , -0.24572061646105828     
 -0.26795937053264507      , -0.23084876878264615      , -0.24659035883437774     
 -0.28397937072509349      , -0.24750730180244249      , -0.24914366600070298     
 -0.30150087224396727      , -0.26512918355277493      , -0.25331821830752771     
 -0.32043548744736566      , -0.28385282959556735      , -0.25907208303752821     
 -0.34050055549231539      , -0.30382761469181757      , -0.26638298299531660     
 -0.36139358404937499      , -0.32521379106320952      , -0.27524761149537930     
 -0.38296352401471317      , -0.34818260996592526      , -0.28568101558953890     
 -0.40530878478000887      , -0.37291656820932029      , -0.29771605884614949     
 -0.42877924637558995      , -0.39960969688581727      , -0.31140296518496530     
 -0.45390849883761525      , -0.42846780097640164      , -0.32680893569513642     
 -0.48132753091039182      , -0.45970854475326928      , -0.34401782048743806     
 -0.51169437165129239      , -0.49356125796539929      , -0.36312981686817919     
 -0.54563419704801075      , -0.53026631045188799      , -0.38426115281641809     
 -0.58366807046955771      , -0.57007386672513005      , -0.40754370016543978     
 -0.62613452133829284      , -0.61324178576453203      , -0.43312444421807728     
 -0.67314210486016457      , -0.66003237338925247      , -0.46116471487057925     
 -0.72459334120109842      , -0.71070762410160104      , -0.49183905773979042     
 -0.78028528164312816      , -0.76552250598750449      , -0.52533359135827784     
 -0.84004643249657218      , -0.82471574748206744      , -0.56184365743896569     
 -0.90384537464745096      , -0.88849748268377926      , -0.60157052509409392     
 -0.97182126349064879      , -0.95703301110356997      , -0.64471685702333670     
  -1.0442326363076895      ,  -1.0304218440011301      , -0.69148058764199649     
  -1.1213640372099429      ,  -1.1086711689674305      , -0.74204680358594444     
  -1.2034311067529624      ,  -1.1916629079707703      , -0.79657716295425818     
  -1.2904846853476406      ,  -1.2791137317463777      , -0.85519635278332806     
  -1.3822840602157143      ,  -1.3705278083744008      , -0.91797508300500474     
  -1.4781348654744340      ,  -1.4651428133852800      , -0.98490917658624821     
  -1.5767509078212902      ,  -1.5618709377351614      ,  -1.0558944769156287     
  -1.6762291571389747      ,  -1.6592384213378226      ,  -1.1306976022292721     
  -1.7741730741473500      ,  -1.7553295920387670      ,  -1.2089230872994532     
  -1.8678945591706879      ,  -1.8477444638281029      ,  -1.2899782167765024     
  -1.9545623640026129      ,  -1.9335823784575716      ,  -1.3730379039287575     
  -2.0312023686427811      ,  -2.0094673378281551      ,  -1.4570132840711101     
  -2.0945633033847102      ,  -2.0716324741702135      ,  -1.5405291632885045     
  -2.1409606922395330      ,  -2.1160799622598705      ,  -1.6219168435451898     
  -2.1662477909462257      ,  -2.1388267571723301      ,  -1.6992297223010837     
  -2.1660346961144072      ,  -2.1362343452227091      ,  -1.7702888766971601     
  -2.1362070151657226      ,  -2.1054020599515408      ,  -1.8327639813947796     
  -2.0736909922805498      ,  -2.0445807668991480      ,  -1.8842909353405151     
  -1.9772867995851879      ,  -1.9535423966589387      ,  -1.9226215166584080     
  -1.8483022985976176      ,  -1.8338290488603362      ,  -1.9457930344686416     
  -1.6907494597299240      ,  -1.6888114028237018      ,  -1.9522989358118306     
  -1.5110377133894084      ,  -1.5235141097589926      ,  -1.9412368422279591     
  -1.3172927521998909      ,  -1.3442120210571691      ,  -1.9124105565793181     
  -1.1184809696901172      ,  -1.1578532144471796      ,  -1.8663681352799042     
 -0.92345278164330558      , -0.97140576902449882      ,  -1.8043683566136113     
 -0.73997356817787741      , -0.79124071353522030      ,  -1.7282803210774276     
 -0.57377721698850981      , -0.62264865754680543      ,  -1.6404321365977033     
 -0.42776266039379424      , -0.46954913069346166      ,  -1.5434317569348321     
 -0.30185813597613509      , -0.33440429339267902      ,  -1.4399846537350298     
 -0.19409232761356557      , -0.21830781663064763      ,  -1.3327295467317848     
 -0.10237511543230229      , -0.12119519779513725      ,  -1.2241066936955947     
  -2.5676404587931717E-002 ,  -4.2115597683410992E-002 ,  -1.1162655197519116     
   3.6085022077964157E-002 ,   2.0486709436646308E-002 ,  -1.0110115465697123     
   8.2921051008570112E-002 ,   6.8517777469615099E-002 , -0.90978775496973741     
  0.11545077957348418      ,  0.10402626193743578      , -0.81368293448099915     
  0.13502306800590086      ,  0.12904874663052246      , -0.72345890814728753     
  0.14360902185493640      ,  0.14550507020936551      , -0.63958917068628618     
  0.14365626394950126      ,  0.15513562773870865      , -0.56230283043951657     
  0.13784689719442536      ,  0.15947093878374241      , -0.49162931722975295     
  0.12882561945092461      ,  0.15982416769303215      , -0.42744079806285401     
  0.11892691890850282      ,  0.15729872395344635      , -0.36949047281843572     
  0.10982949396350811      ,  0.15280484568268940      , -0.31744585488358845     
  0.10228100600003794      ,  0.14708076104513482      , -0.27091679461893292     
   9.6124816039091676E-002 ,  0.14071543813105639      , -0.22947842460269577     
   9.0615538460638551E-002 ,  0.13417102251796589      , -0.19268945063371956     
   8.4885238338144431E-002 ,  0.12780384748378712      , -0.16010633292912446     
   7.8427652702414849E-002 ,  0.12188343978152048      , -0.13129393972555115     
   7.1371291237501744E-002 ,  0.11660929459036382      , -0.10583324203678925     
   6.4394622499353932E-002 ,  0.11212541045637760      ,  -8.3326575815892520E-002
   5.8443854632492548E-002 ,  0.10853270131855734      ,  -6.3400941043187109E-002
   5.4468145138352991E-002 ,  0.10589946947631626      ,  -4.5709745725188280E-002
   5.3195385814651580E-002 ,  0.10427015253733518      ,  -2.9933342086985087E-002
   5.4936103786583833E-002 ,  0.10367256371322282      ,  -1.5778645510833335E-002
   5.9474295894398996E-002 ,  0.10412383785823971      ,  -2.9780755577153233E-003
   6.6109230872876026E-002 ,  0.10563528140448651      ,   8.7119867305855848E-003
   7.3874788869581848E-002 ,  0.10821630655474181      ,   1.9513070123515407E-002
   8.1878394825599901E-002 ,  0.11187761099747581      ,   2.9626691293402192E-002
   8.9625903337956628E-002 ,  0.11663374533339807      ,   3.9236545986113792E-002
   9.7194312734846827E-002 ,  0.12250519210664432      ,   4.8510742915426050E-002
  0.10516323543968764      ,  0.12952006322130361      ,   5.7604029240280456E-002
  0.11434087874531733      ,  0.13771550677706540      ,   6.6659972083182917E-002
  0.12545851237158195      ,  0.14713890001021801      ,   7.5813073027227965E-002
  0.13898956174503294      ,  0.15784889200725963      ,   8.5190802334656729E-002
  0.15510281566981987      ,  0.16991634801598865      ,   9.4915547152699190E-002
  0.17369016650693375      ,  0.18342523629126711      ,  0.10510647354626416     
  0.19443319913334883      ,  0.19847348819084690      ,  0.11588130609579436     
  0.21687124521734980      ,  0.21517385232113451      ,  0.12735803123493067     
  0.24046533367444678      ,  0.23365475348327366      ,  0.13965653162546596     
  0.26471769084096503      ,  0.25406115644904970      ,  0.15290015875808619     
  0.28935569925444982      ,  0.27655542254615456      ,  0.16721724963564050     
  0.31447394007143881      ,  0.30131813284431563      ,  0.18274259076972924     
  0.34053791083627860      ,  0.32854883440907107      ,  0.19961882863850883     
  0.36827696948200300      ,  0.35846664439448767      ,  0.21799781994534886     
  0.39856575012862766      ,  0.39131061915952309      ,  0.23804190709181647     
  0.43233542858522345      ,  0.42733976025768178      ,  0.25992509369566286     
  0.47046598439742238      ,  0.46683248383084736      ,  0.28383408103491098     
  0.51362047226974994      ,  0.51008532201043177      ,  0.30996910807541045     
  0.56207765977245239      ,  0.55741055142552731      ,  0.33854451411498021     
  0.61566565813883301      ,  0.60913235169282998      ,  0.36978891269851522     
  0.67385683883012126      ,  0.66558098285394907      ,  0.40394482676344723     
  0.73601838857197088      ,  0.72708433304494668      ,  0.44126758626840140     
  0.80173386512364431      ,  0.79395602623684047      ,  0.48202322918040019     
  0.87103851761455697      ,  0.86647909879151963      ,  0.52648507335109662     
  0.94443609808085438      ,  0.94488406424180749      ,  0.57492854014299799     
   1.0227228095065644      ,   1.0293200115880103      ,  0.62762371220481183     
   1.1067920249171626      ,   1.1198172657769607      ,  0.68482500244872102     
   1.1975289886136617      ,   1.2162401498838087      ,  0.74675720953346603     
   1.2956688862159977      ,   1.3182286351005581      ,  0.81359715612049432     
   1.4014208149453378      ,   1.4251283035935616      ,  0.88545008151459337     
   1.5139202634857838      ,   1.5359092905780751      ,  0.96232003866968674     
   1.6308789924483860      ,   1.6490769691601981      ,   1.0440737963954980     
   1.7487811201505172      ,   1.7625803520093120      ,   1.1303982621456463     
   1.8635925630916796      ,   1.8737286770511576      ,   1.2207523257973252     
   1.9715346527283273      ,   1.9791323337539792      ,   1.3143153831750887     
   2.0694098340826623      ,   2.0746905761774594      ,   1.4099366878493840     
   2.1543071736779953      ,   2.1556539445227054      ,   1.5060920462594489     
   2.2229462523408090      ,   2.2167915023342668      ,   1.6008569537318578     
   2.2711079372169611      ,   2.2526884218042524      ,   1.6919075042317528     
   2.2934860118566935      ,   2.2581843870692953      ,   1.7765613825387028     
   2.2840929587196688      ,   2.2289354566246842      ,   1.8518697931255470     
   2.2372247857249157      ,   2.1620431645734275      ,   1.9147661847452768     
   2.1488419650075756      ,   2.0566529170936714      ,   1.9622686169821451     
   2.0179769303666393      ,   1.9143940614837531      ,   1.9917204286638490     
   1.8475957945225123      ,   1.7395340488428781      ,   2.0010411052933321     
   1.6444997237961110      ,   1.5387608201874197      ,   1.9889499507456627     
   1.4183730648819990      ,   1.3205875736851553      ,   1.9551235362441517     
   1.1804910000175151      ,   1.0944698721640391      ,   1.9002562817400708     
  0.94247760862755015      ,  0.86980197130440695      ,   1.8260108125278076     
  0.71522852835971595      ,  0.65498696600371087      ,   1.7348662255019947     
  0.50792376983569987      ,  0.45674402410833626      ,   1.6298915649064565     
  0.32665600302908887      ,  0.27974115223213653      ,   1.5144830970439576     
  0.17281513925810840      ,  0.12655500924438956      ,   1.3921050714225933     
   4.3263522815960895E-002 ,  -2.1093609545281568E-003 ,   1.2660659784698975     
  -6.6626037285100095E-002 , -0.10703999294361360      ,   1.1393497488246689     
 -0.15961044014844028      , -0.19008160102014149      ,   1.0145082306768012     
 -0.23576675227751870      , -0.25371953242299472      ,  0.89361081724419855     
 -0.29419812326502670      , -0.30073129688479561      ,  0.77824067797363217     
 -0.33496756212042772      , -0.33392454246025399      ,  0.66952453904332021     
 -0.35948260172376006      , -0.35596005720225277      ,  0.56818335328088643     
 -0.37010604222911370      , -0.36924698732802863      ,  0.47459326396003948     
 -0.37008514090113526      , -0.37589322082260024      ,  0.38884895656509771     
 -0.36328521920564588      , -0.37769423707262845      ,  0.31082411065795684     
 -0.35359960994895262      , -0.37614639022080093      ,  0.24022584882287670     
 -0.34457905824267515      , -0.37247398388673925      ,  0.17664171537082027     
 -0.33894719713404248      , -0.36766269850571237      ,  0.11957883348917736     
 -0.33787436405885524      , -0.36249455027626887      ,   6.8495581330194732E-002
 -0.34084871820802476      , -0.35758150586839088      ,   2.2826506073900316E-002
 -0.34632920093205677      , -0.35339622047587044      ,  -1.7998639778078043E-002
 -0.35254372386111804      , -0.35029923678836039      ,  -5.4540824849171811E-002
 -0.35825687716048688      , -0.34856251030891594      ,  -8.7341759806201569E-002
 -0.36332929724041829      , -0.34838942264384626      , -0.11691723052267909     
 -0.36852042338151542      , -0.34993159229674742      , -0.14375306250130479     
 -0.37478868408749794      , -0.35330285041969134      , -0.16830313786135651     
 -0.38293038233548854      , -0.35859075534454887      , -0.19098898192971681     
 -0.39357924971112324      , -0.36586599856871060      , -0.21220052210168877     
 -0.40713450202032142      , -0.37519002047089617      , -0.23229769598738090     
 -0.42360407775439296      , -0.38662111437854607      , -0.25161264904947012     
 -0.44250572409158678      , -0.40021925684407017      , -0.27045231471455861     
 -0.46298686310346665      , -0.41604986199587363      , -0.28910121329269922     
 -0.48421001355271392      , -0.43418661921318441      , -0.30782434099060302     
 -0.50575163461922323      , -0.45471353602796433      , -0.32687004780146445     
 -0.52778543887941598      , -0.47772627159494169      , -0.34647282392138790     
 -0.55102051584648348      , -0.50333280959024207      , -0.36685592925790400     
 -0.57641232454961033      , -0.53165348217388397      , -0.38823381009042951     
 -0.60481885289716653      , -0.56282031778690689      , -0.41081425140154459     
 -0.63687269589409545      , -0.59697564414214421      , -0.43480021307211597     
 -0.67303627472721017      , -0.63426983296738892      , -0.46039129315319621     
 -0.71357700816030911      , -0.67485802422642949      , -0.48778475182937375     
 -0.75847211452198526      , -0.71889561443919947      , -0.51717601545449898     
 -0.80738845959214001      , -0.76653223684161209      , -0.54875856116675947     
 -0.85975252595318952      , -0.81790390218311593      , -0.58272305918769784     
 -0.91495382055249808      , -0.87312291159351063      , -0.61925562236534037     
 -0.97265287151501501      , -0.93226510369459192      , -0.65853498173058778     
  -1.0329563468060441      , -0.99535396770232754      , -0.70072837453749337     
  -1.0963143138268905      ,  -1.0623411591474730      , -0.74598590049483626     
  -1.1632720918434649      ,  -1.1330830190770358      , -0.79443307761640658     
  -1.2342705349049254      ,  -1.2073128544503686      , -0.84616131890993951     
  -1.3095574697369250      ,  -1.2846090303135032      , -0.90121606603373261     
  -1.3891014530066168      ,  -1.3643594057596606      , -0.95958237131782331     
  -1.4723547174622387      ,  -1.4457233725700702      ,  -1.0211678349887090     
  -1.5579186912172731      ,  -1.5275937779192856      ,  -1.0857830039380234     
  -1.6434259714716968      ,  -1.6085623533591964      ,  -1.1531196477268890     
  -1.7258511813027893      ,  -1.6868938939161400      ,  -1.2227277695525685     
  -1.8021027601488948      ,  -1.7605161903145281      ,  -1.2939927958138346     
  -1.8695102175331442      ,  -1.8270343129837907      ,  -1.3661151039794051     
  -1.9259040002587375      ,  -1.8837787772127064      ,  -1.4380948387112886     
  -1.9693058982686593      ,  -1.9278966816365157      ,  -1.5087257139824952     
  -1.9975220674256007      ,  -1.9564922881605553      ,  -1.5766020145148025     
  -2.0079276448947923      ,  -1.9668179842404507      ,  -1.6401430354681412     
  -1.9975744493802106      ,  -1.9565078935156675      ,  -1.6976384459203631     
  -1.9636153996675298      ,  -1.9238352622592316      ,  -1.7473162883833551     
  -1.9039387950794664      ,  -1.8679631247608479      ,  -1.7874324592804500     
  -1.8178471571942556      ,  -1.7891488963989355      ,  -1.8163767754887499     
  -1.7065886644974473      ,  -1.6888613174542515      ,  -1.8327867172578691     
  -1.5735537385829874      ,  -1.5697756537403367      ,  -1.8356565804305158     
  -1.4240348251598502      ,  -1.4356308657342878      ,  -1.8244281277482193     
  -1.2646062808590066      ,  -1.2909575812169940      ,  -1.7990497282333926     
  -1.1022981398271638      ,  -1.1407118013422741      ,  -1.7599946421626305     
 -0.94375192910647898      , -0.98986866166433762      ,  -1.7082349636031091     
 -0.79448356435839484      , -0.84303727905915227      ,  -1.6451744759519611     
 -0.65832118483080382      , -0.70414998917810345      ,  -1.5725497021054149     
