   1.2442280840149789      ,   2.1229450724483714      ,   1.4655193661558268     
   2.1382394797223512      ,   2.1929852415350255      ,   1.5610585270229873     
   2.3023044387167588      ,   2.2400776937172493      ,   1.6539053462152871     
   2.3092117131969356      ,   2.2589017442634218      ,   1.7415228812149708     
   2.2201932354973173      ,   2.2447042742917840      ,   1.8210630112943438     
   2.1296350068862226      ,   2.1939089102960634      ,   1.8894909061409448     
   2.0370577451262784      ,   2.1047402225179983      ,   1.9437656688917380     
   1.9395678616367411      ,   1.9777454803439807      ,   1.9810672081207392     
   1.8233709074368531      ,   1.8160821072783706      ,   1.9990464820024860     
   1.6806350341856440      ,   1.6254624622894605      ,   1.9960649989817625     
   1.5060942671042958      ,   1.4137129629515430      ,   1.9713841858516696     
   1.3018237595868158      ,   1.1899972664110152      ,   1.9252693066812612     
   1.0784731295516821      ,  0.96384218103004549      ,   1.8589865037522069     
  0.85521011505710964      ,  0.74415591195967179      ,   1.7746919444430655     
  0.65274906326337112      ,  0.53842131673974125      ,   1.6752329415465239     
  0.48273728365455371      ,  0.35218728446955988      ,   1.5638959838847664     
  0.34357826629613764      ,  0.18889565376218667      ,   1.4441420266186100     
  0.22621821306511064      ,   5.0001978019320249E-002 ,   1.3193650556489360     
  0.12144976830860454      ,  -6.4700883798565631E-002 ,   1.1926989228874905     
   2.3411121035619570E-002 , -0.15666063759309845      ,   1.0668841267543117     
  -6.9811810405045235E-002 , -0.22813426990100699      ,  0.94419438639734021     
 -0.15680680098170457      , -0.28180797976757588      ,  0.82641469034470127     
 -0.23393095794113750      , -0.32049834109380249      ,  0.71485843581946695     
 -0.29654989833987605      , -0.34694074961631782      ,  0.61041059040920653     
 -0.34029963615905234      , -0.36365620077566646      ,  0.51358530372947420     
 -0.36236968716391044      , -0.37288048745330526      ,  0.42458891988492709     
 -0.36275623549620140      , -0.37653861886822665      ,  0.34338204425120999     
 -0.34519307830250340      , -0.37624917459232166      ,  0.26973670639260389     
 -0.31720766171676057      , -0.37334652660465156      ,  0.20328652779630416     
 -0.28878520143406111      , -0.36891220776140959      ,  0.14356912745924336     
 -0.26970507276616695      , -0.36380958762195265      ,   9.0060855130340983E-002
 -0.26650017109892343      , -0.35871823902491112      ,   4.2204439621893741E-002
 -0.28041345098262022      , -0.35416596004674755      ,  -5.6961569239652996E-004
 -0.30725454673362457      , -0.35055746826940914      ,  -3.8826978221081797E-002
 -0.33915235528061694      , -0.34819944144875398      ,  -7.3117879548269940E-002
 -0.36747614031752596      , -0.34732196114584557      , -0.10396913675487859     
 -0.38585077358245207      , -0.34809661831423416      , -0.13187907821838246     
 -0.39222556741494830      , -0.35065163044657438      , -0.15731475324318300     
 -0.38932444276932765      , -0.35508434474769440      , -0.18071090378070817     
 -0.38338197542590546      , -0.36147149037983400      , -0.20247026648446861     
 -0.38170322697895404      , -0.36987751301508459      , -0.22296485238673353     
 -0.39003921398014713      , -0.38036128702789984      , -0.24253791924495635     
 -0.41076949233323201      , -0.39298146021187508      , -0.26150640862046931     
 -0.44243789938662470      , -0.40780064560972051      , -0.28016366693359418     
 -0.48062999076675533      , -0.42488863596647064      , -0.29878230811027573     
 -0.51976640707965904      , -0.44432477860534586      , -0.31761710598075332     
 -0.55514281357183326      , -0.46619961183729980      , -0.33690782818834025     
 -0.58449133693216337      , -0.49061582772856122      , -0.35688194075595159     
 -0.60853512098257834      , -0.51768858938690709      , -0.37775712423213165     
 -0.63042055874968150      , -0.54754519301577265      , -0.39974354894277481     
 -0.65436030774428633      , -0.58032402491292434      , -0.42304585861538374     
 -0.68409058909770615      , -0.61617272046811900      , -0.44786480869756806     
 -0.72172761265015739      , -0.65524538527947807      , -0.47439849813077212     
 -0.76735834080053666      , -0.69769868729453444      , -0.50284312115890861     
 -0.81938356393315748      , -0.74368657348523226      , -0.53339314892254241     
 -0.87537894266631333      , -0.79335330605295495      , -0.56624082914757556     
 -0.93310187475667805      , -0.84682445416439756      , -0.60157486641105617     
 -0.99126400287996708      , -0.90419542278911047      , -0.63957811587315860     
  -1.0498161074171743      , -0.96551705894731876      , -0.68042409129601356     
  -1.1097122954116372      ,  -1.0307778612015503      , -0.72427205599499500     
  -1.1723316684591680      ,  -1.0998823509037625      , -0.77126043706710912     
  -1.2388354985934902      ,  -1.1726252724491224      , -0.82149828508863920     
  -1.3096976921849153      ,  -1.2486615134322572      , -0.87505450283288311     
  -1.3845191810146942      ,  -1.3274720230237296      , -0.93194460068929952     
  -1.4621030075217207      ,  -1.4083266142620134      , -0.99211482113025040     
  -1.5406817242094182      ,  -1.4902454189606513      ,  -1.0554236320282695     
  -1.6181711422798619      ,  -1.5719619618454443      ,  -1.1216208443547895     
  -1.6923654075671228      ,  -1.6518923291820697      ,  -1.1903249890188543     
  -1.7610565299130985      ,  -1.7281166388091584      ,  -1.2610001085055818     
  -1.8221124721375235      ,  -1.7983807511966154      ,  -1.3329337815139992     
  -1.8735505373473351      ,  -1.8601274883067285      ,  -1.4052189689836077     
  -1.9136055294573935      ,  -1.9105669316404634      ,  -1.4767430611370855     
  -1.9407561543336784      ,  -1.9467938643396794      ,  -1.5461881616983577     
  -1.9536722482603508      ,  -1.9659562972366709      ,  -1.6120469374818855     
  -1.9510772280971695      ,  -1.9654717519920386      ,  -1.6726580056065574     
  -1.9315589582689927      ,  -1.9432777608327523      ,  -1.7262635486630262     
  -1.8933915164241171      ,  -1.8980912374186156      ,  -1.7710894706649931     
  -1.8344556641465763      ,  -1.8296406962393050      ,  -1.8054450031124267     
  -1.7523811341340245      ,  -1.7388294866500131      ,  -1.8278346624583925     
  -1.6450745664835476      ,  -1.6277909378168240      ,  -1.8370716452890137     
  -1.5117874531575259      ,  -1.4998095542228083      ,  -1.8323791687938058     
  -1.3546947410390080      ,  -1.3591048903602743      ,  -1.8134659116009328     
  -1.1804668559634233      ,  -1.2105014823689850      ,  -1.7805641330966038     
  -1.0006052840151207      ,  -1.0590317642324893      ,  -1.7344240464755345     
 -0.82907022371237005      , -0.90953204853726333      ,  -1.6762645840380972     
 -0.67736240367539091      , -0.76629045839720311      ,  -1.6076872838821734     
 -0.55034056956332722      , -0.63279111119684861      ,  -1.5305650890616394     
 -0.44609354068313173      , -0.51157614327258938      ,  -1.4469203331926654     
 -0.35903174121268561      , -0.40422348056081997      ,  -1.3588058440310067     
 -0.28315289537595084      , -0.31141976406450217      ,  -1.2682004526181798     
 -0.21398008273353408      , -0.23309778801163680      ,  -1.1769262441082506     
 -0.14927846569442590      , -0.16860623877588951      ,  -1.0865906987991416     
  -8.8978779067634350E-002 , -0.11688420726929609      , -0.99855328422125944     
  -3.4629620258769429E-002 ,  -7.6620826960369842E-002 , -0.91391352682143312     
   1.1368000357131973E-002 ,  -4.6388750188870759E-002 , -0.83351620498294843     
   4.6541316777239557E-002 ,  -2.4747247274474339E-002 , -0.75796889974055193     
   6.9019023833871096E-002 ,  -1.0315729998428632E-002 , -0.68766743138630215     
   7.8047757038166743E-002 ,  -1.8214478280048640E-003 , -0.62282540323619306     
   7.4322304199117312E-002 ,   1.8736213420180853E-003 , -0.56350492439458066     
   6.0072058434174014E-002 ,   1.7615356216361129E-003 , -0.50964642339749555     
   3.8823865402079966E-002 ,  -1.3118115952818158E-003 , -0.46109619835676158     
   1.4802978676130717E-002 ,  -6.6396574477651698E-003 , -0.41763093670120399     
  -7.9433122774755401E-003 ,  -1.3643028666461270E-002 , -0.37897887546563841     
  -2.6464302759529313E-002 ,  -2.1857230537399887E-002 , -0.34483757807297111     
  -3.9555978770542316E-002 ,  -3.0917647516997382E-002 , -0.31488850072089442     
  -4.7901254599127412E-002 ,  -4.0545828998756465E-002 , -0.28880863680281205     
  -5.3646967437834731E-002 ,  -5.0536458215814865E-002 , -0.26627958437632082     
  -5.9571835420187583E-002 ,  -6.0745535952676205E-002 , -0.24699439830948178     
  -6.8132304211775394E-002 ,  -7.1079928829461902E-002 , -0.23066257968419340     
  -8.0691223924469896E-002 ,  -8.1488312368645233E-002 , -0.21701353068754367     
  -9.7153415227823212E-002 ,  -9.1953464011745173E-002 , -0.20579877078846398     
 -0.11609513652603201      , -0.10248581711414667      , -0.19679317430099824     
 -0.13532205084318760      , -0.11311816375377477      , -0.18979545356896593     
 -0.15265768139367836      , -0.12390138486828309      , -0.18462807785078555     
 -0.16669092566331675      , -0.13490108585741281      , -0.18113678659492613     
 -0.17723011167138064      , -0.14619502096295234      , -0.17918982768631697     
 -0.18532158651273808      , -0.15787119815256992      , -0.17867702656820605     
 -0.19285008988453253      , -0.17002656630521587      , -0.17950877083502106     
 -0.20188324366645755      , -0.18276619714175962      , -0.18161497674609636     
 -0.21400012184339984      , -0.19620288481528092      , -0.18494408884528565     
 -0.22983134340682648      , -0.21045709584136973      , -0.18946215116338330     
 -0.24894954199330560      , -0.22565721072115474      , -0.19515197798646983     
 -0.27012313555850820      , -0.24194000588268194      , -0.20201244354666020     
 -0.29182599848852531      , -0.25945133017162558      , -0.21005790288735099     
 -0.31281634923391599      , -0.27834693379168085      , -0.21931775023200070     
 -0.33258365757168445      , -0.29879340902458551      , -0.22983611610438576     
 -0.35151773534969927      , -0.32096920087564484      , -0.24167169986552495     
 -0.37075950922781575      , -0.34506564151254326      , -0.25489772989084503     
 -0.39180827779410055      , -0.37128795436713680      , -0.26960203892761031     
 -0.41604159135148150      , -0.39985616123761175      , -0.28588723682235340     
 -0.44432243376889968      , -0.43100580761439661      , -0.30387095630563832     
 -0.47682257108002502      , -0.46498839643186035      , -0.32368613929883611     
 -0.51310426738935444      , -0.50207138687697239      , -0.34548132058916198     
 -0.55240948188104833      , -0.54253757078717313      , -0.36942085189663620     
 -0.59403738555855645      , -0.58668358224765382      , -0.39568499136519159     
 -0.63766842747026864      , -0.63481722373640304      , -0.42446976021377292     
 -0.68352267442668857      , -0.68725320205339335      , -0.45598643837758396     
 -0.73231005270030103      , -0.74430675725310036      , -0.49046053302116105     
 -0.78501196147905250      , -0.80628453708180048      , -0.52813000635325302     
 -0.84259320286268458      , -0.87347191981658512      , -0.56924249093951840     
 -0.90575671018666726      , -0.94611582648685610      , -0.61405115097201413     
 -0.97481971982794224      ,  -1.0244019038421510      , -0.66280876718600912     
  -1.0497279926258170      ,  -1.1084248294944457      , -0.71575953398672687     
  -1.1301624857369610      ,  -1.1981504370039850      , -0.77312796625371349     
  -1.2156547916882459      ,  -1.2933684551491871      , -0.83510423251032928     
  -1.3056267220199833      ,  -1.3936350120537007      , -0.90182518174023896     
  -1.3993050301673302      ,  -1.4982048238685792      , -0.97335034643113805     
  -1.4955222265588179      ,  -1.6059543643073384      ,  -1.0496323335922244     
  -1.5924801651454596      ,  -1.7152995155211928      ,  -1.1304813258783022     
  -1.6876026041351444      ,  -1.8241144286973070      ,  -1.2155239907546520     
  -1.7776068823237197      ,  -1.9296626473165661      ,  -1.3041580287422825     
  -1.8588503033425965      ,  -2.0285567510694142      ,  -1.3955049591156097     
  -1.9278572740462649      ,  -2.1167681279727408      ,  -1.4883655626288721     
  -1.9817973006579070      ,  -2.1897124730225968      ,  -1.5811845732323351     
  -2.0186861523804707      ,  -2.2424368401855683      ,  -1.6720334281675850     
  -2.0372349764985525      ,  -2.2699274515027903      ,  -1.7586215675428791     
  -2.0364420882245304      ,  -2.2675410704442771      ,  -1.8383470568267553     
  -2.0150946639318135      ,  -2.2315354793862863      ,  -1.9083951718011813     
  -1.9713385977291868      ,  -2.1596393728573404      ,  -1.9658881976733313     
  -1.9024675897806698      ,  -2.0515673608482117      ,  -2.0080809159886481     
  -1.8051337271519767      ,  -1.9093654042820782      ,  -2.0325851947350984     
  -1.6762700147383081      ,  -1.7374802521795818      ,  -2.0375963442642169     
  -1.5149855333823843      ,  -1.5424908645419049      ,  -2.0220870557072868     
  -1.3252662043771759      ,  -1.3325138890316865      ,  -1.9859351503616736     
  -1.1183158714330750      ,  -1.1163770895205816      ,  -1.9299604824015189     
 -0.91208375063944658      , -0.90271463970216792      ,  -1.8558625427495614     
 -0.72544973984427785      , -0.69915333805288005      ,  -1.7660691607004873     
 -0.56914595291032855      , -0.51172455627362157      ,  -1.6635226118661581     
 -0.44178592285802998      , -0.34456902251457822      ,  -1.5514380456062040     
 -0.33443739660395816      , -0.19992742058226354      ,  -1.4330689555593126     
 -0.23740341760202796      ,  -7.8353635495356427E-002 ,  -1.3115070018535810     
 -0.14406935381766414      ,   2.0938678205007655E-002 ,  -1.1895322925370455     
  -5.1938730898713870E-002 ,   9.9683331970804839E-002 ,  -1.0695188846258392     
   3.7801604901427754E-002 ,  0.16018938887226788      , -0.95339135265482711     
  0.12140812987729135      ,  0.20502955102225520      , -0.84262287340932207     
  0.19391488846651417      ,  0.23680505324691808      , -0.73826321303702513     
  0.25036916281973487      ,  0.25798571518553559      , -0.64098540203572851     
  0.28689958118056286      ,  0.27081406721431378      , -0.55114169936627055     
  0.30169171561876090      ,  0.27725876812910116      , -0.46882179683512121     
  0.29585908405132810      ,  0.27900274777112255      , -0.39390850780487019     
  0.27395097975270410      ,  0.27745373025931797      , -0.32612810965688144     
  0.24364267873874362      ,  0.27376767687771925      , -0.26509396378805872     
  0.21426315397163673      ,  0.26887844999022875      , -0.21034304104239709     
  0.19435470318482093      ,  0.26352928555378896      , -0.16136561312245876     
  0.18914098747582522      ,  0.25830338361003830      , -0.11762872548202521     
  0.19901095970338509      ,  0.25365213339961845      ,  -7.8594230329419618E-002
  0.21967232504055076      ,  0.24992028571985089      ,  -4.3732198406493103E-002
  0.24387813511809295      ,  0.24736787928073103      ,  -1.2530495478973122E-002
  0.26404397968411353      ,  0.24618901419420672      ,   1.5498761649762946E-002
  0.27482370053126193      ,  0.24652771658972086      ,   4.0815242249198726E-002
  0.27479970192839154      ,  0.24849120507191619      ,   6.3848395057936713E-002
  0.26677562895165441      ,  0.25216088680275600      ,   8.4996947291091016E-002
  0.25661354027610767      ,  0.25760140041147883      ,  0.10462953672164868     
  0.25105416160200017      ,  0.26486799812752337      ,  0.12308617297080882     
  0.25534627466528764      ,  0.27401252828755540      ,  0.14068028317307485     
  0.27155832228372673      ,  0.28508824596383264      ,  0.15770114704959190     
  0.29811016836813764      ,  0.29815364605313538      ,  0.17441656789863064     
  0.33057783030530308      ,  0.31327548066923111      ,  0.19107565995241765     
  0.36341138603066692      ,  0.33053109129916319      ,  0.20791165978693618     
  0.39193698415856504      ,  0.35001015569947541      ,  0.22514469075587282     
  0.41393652851734930      ,  0.37181591944846470      ,  0.24298442539145085     
  0.43026669441292381      ,  0.39606595177792658      ,  0.26163260189036275     
  0.44435093430088263      ,  0.42289243397840254      ,  0.28128535757025835     
  0.46080861940368900      ,  0.45244195537173576      ,  0.30213534479742682     
  0.48379531469103254      ,  0.48487475552864823      ,  0.32437359347328226     
  0.51568264478474779      ,  0.52036331095555033      ,  0.34819107871969512     
  0.55650336207361772      ,  0.55909011875466963      ,  0.37377994279216353     
  0.60426235285641117      ,  0.60124447776365575      ,  0.40133430624077332     
  0.65591459849415512      ,  0.64701800872700355      ,  0.43105058462564538     
  0.70860898412867679      ,  0.69659858914627970      ,  0.46312720335904639     
  0.76072896080608843      ,  0.75016230682968776      ,  0.49776357426593426     
  0.81236070476316113      ,  0.80786296208517894      ,  0.53515816326300703     
  0.86506877202000265      ,  0.86981857845954313      ,  0.57550543970562862     
  0.92115132666738131      ,  0.93609432723212493      ,  0.61899145589766924     
  0.98273606485011067      ,   1.0066812497723858      ,  0.66578776291098896     
   1.0510801996945944      ,   1.0814702020791576      ,  0.71604333133576936     
   1.1262840424750189      ,   1.1602205871984252      ,  0.76987412117325282     
   1.2074210964755634      ,   1.2425237379106899      ,  0.82734994640491488     
   1.2929241042623900      ,   1.3277613327337383      ,  0.88847832494687062     
   1.3809965895460834      ,   1.4150600519922343      ,  0.95318511823163443     
   1.4698552928979514      ,   1.5032448850857092      ,   1.0212919774044968     
   1.5577305048522909      ,   1.5907951368249806      ,   1.0924909602993793     
   1.6427009652518609      ,   1.6758092336481305      ,   1.1663171991790231     
   1.7225367002645859      ,   1.7559867539213359      ,   1.2421212063624751     
   1.7947073906797688      ,   1.8286383484215454      ,   1.3190432973004009     
   1.8565922948248859      ,   1.8907357477549998      ,   1.3959936298273332     
   1.9057813311248060      ,   1.9390139414672936      ,   1.4716423658616045     
   1.9402912835274699      ,   1.9701347168167749      ,   1.5444252179966029     
   1.9585783130893855      ,   1.9809139931688384      ,   1.6125698074137198     
   1.9593477578017562      ,   1.9686042965658759      ,   1.6741474332865141     
   1.9412522714056490      ,   1.9312090665239734      ,   1.7271526879999526     
   1.9025980541435210      ,   1.8677898948641325      ,   1.7696097139064220     
   1.8411809044541254      ,   1.7787157727778797      ,   1.7996990584772179     
   1.7543935536737658      ,   1.6658004180897077      ,   1.8158938485468463     
   1.6397896306475848      ,   1.5322841264031259      ,   1.8170896522382194     
   1.4962929942982905      ,   1.3826410816817760      ,   1.8027103842661085     
   1.3260494657244426      ,   1.2222271300857113      ,   1.7727740487535097     
   1.1363465101410375      ,   1.0568173954948450      ,   1.7279072363722550     
  0.94010284004067157      ,  0.89210699497372936      ,   1.6693051785598141     
  0.75302172911968424      ,  0.73325371885859658      ,   1.5986429288824242     
  0.58768684062129772      ,  0.58452759738698601      ,   1.5179506812892458     
  0.44900296078561053      ,  0.44910440619877645      ,   1.4294706036630744     
  0.33475716265206412      ,  0.32900804302432490      ,   1.3355131575457599     
  0.23942217951890382      ,  0.22517975761350253      ,   1.2383281301111788     
  0.15747459560863264      ,  0.13763619500143201      ,   1.1400007631493552     
   8.5030778844369395E-002 ,   6.5674125912785541E-002 ,   1.0423779110055031     
   2.0287817182709597E-002 ,   8.0849226673441309E-003 ,  0.94702432864755492     
  -3.6688742252638441E-002 ,  -3.6647959318350160E-002 ,  0.85520570116662220     
  -8.4530319157740369E-002 ,  -7.0183985503209742E-002 ,  0.76789306686827385     
 -0.12129874914759281      ,  -9.4198889559875751E-002 ,  0.68578266487044659     
 -0.14525432806844155      , -0.11029539148430681      ,  0.60932557376670549     
 -0.15556162388564931      , -0.11994634888404937      ,  0.53876239312829344     
 -0.15284131922117505      , -0.12446374781749646      ,  0.47415931772987213     
 -0.13944440707397751      , -0.12498684092459350      ,  0.41544303521539272     
 -0.11930249253195355      , -0.12248351306069007      ,  0.36243281295299978     
  -9.7268598535126788E-002 , -0.11776008759970902      ,  0.31486887817539688     
  -7.8040243090963010E-002 , -0.11147595722127562      ,  0.27243673610220331     
  -6.4980178449013160E-002 , -0.10416046098667439      ,  0.23478743889501760     
  -5.9267175665894012E-002 ,  -9.6230268745729916E-002 ,  0.20155404923322520     
  -5.9714508879683215E-002 ,  -8.8006169680094323E-002 ,  0.17236467135236386     
  -6.3332641237090107E-002 ,  -7.9728619465646910E-002 ,  0.14685248014890553     
  -6.6430118740545163E-002 ,  -7.1571715908854167E-002 ,  0.12466318963701144     
  -6.5868155555384125E-002 ,  -6.3655481380319207E-002 ,  0.10546038361411331     
  -6.0058541616245555E-002 ,  -5.6056462123818873E-002 ,   8.8929096525659293E-002
  -4.9401714452995391E-002 ,  -4.8816733180471229E-002 ,   7.4777989758615271E-002
  -3.6049441675634078E-002 ,  -4.1951440676735785E-002 ,   6.2740423449201291E-002
  -2.3091966384951468E-002 ,  -3.5455032936478358E-002 ,   5.2574679744355923E-002
  -1.3458793134715104E-002 ,  -2.9306336777311121E-002 ,   4.4063552248866676E-002
  -8.9186595372409624E-003 ,  -2.3472631137315080E-002 ,   3.7013479116549064E-002
  -9.5193878415866968E-003 ,  -1.7912860613176592E-002 ,   3.1253364298961861E-002
  -1.3639124692518358E-002 ,  -1.2580119031930273E-002 ,   2.6633202873642056E-002
  -1.8600511349236605E-002 ,  -7.4235194168164684E-003 ,   2.3022601941961349E-002
  -2.1610423438009011E-002 ,  -2.3895526643297050E-003 ,   2.0309267999732566E-002
  -2.0690502918154472E-002 ,   2.5769764294678002E-003 ,   1.8397514567913990E-002
  -1.5285389464359945E-002 ,   7.5323600723385788E-003 ,   1.7206829832404586E-002
  -6.3613157191713138E-003 ,   1.2533681512562971E-002 ,   1.6670532691262046E-002
   4.0123990918872867E-003 ,   1.7638739228033853E-002 ,   1.6734536573687991E-002
   1.3433294418914143E-002 ,   2.2906157954650883E-002 ,   1.7356233333978746E-002
   2.0010122700948776E-002 ,   2.8395651775810059E-002 ,   1.8503504123173291E-002
   2.2991932789695208E-002 ,   3.4168411947193139E-002 ,   2.0153860122593532E-002
   2.2980099809837815E-002 ,   4.0287598573695890E-002 ,   2.2293713141477826E-002
   2.1673286617770984E-002 ,   4.6818920772964574E-002 ,   2.4917774122068557E-002
   2.1255311254699507E-002 ,   5.3831294641373525E-002 ,   2.8028576376258642E-002
   2.3651104048449167E-002 ,   6.1397572269541886E-002 ,   3.1636119741692989E-002
   2.9909436149161573E-002 ,   6.9595338313741359E-002 ,   3.5757631659391192E-002
   3.9914498450882900E-002 ,   7.8507773281989768E-002 ,   4.0417441327286856E-002
   5.2506639776015600E-002 ,   8.8224584786854909E-002 ,   4.5646963479192816E-002
   6.5951161807333084E-002 ,   9.8843009576148722E-002 ,   5.1484788894276025E-002
   7.8580211356349156E-002 ,  0.11046889017470396      ,   5.7976879384914290E-002
   8.9382526870168733E-002 ,  0.12321783041693192      ,   6.5176865672310277E-002
   9.8343980814422430E-002 ,  0.13721643393795990      ,   7.3146447170941875E-002
  0.10643585375067251      ,  0.15260362868110805      ,   8.1955893190802181E-002
  0.11527244936918528      ,  0.16953207845828508      ,   9.1684645344361937E-002
  0.12657142236052679      ,  0.18816967925929715      ,  0.10242202090719046     
  0.14161121970395410      ,  0.20870113291326453      ,  0.11426801639108988     
  0.16087093378625009      ,  0.23132958326445305      ,  0.12733420946757795     
  0.18396567737559585      ,  0.25627828942655712      ,  0.14174475538966241     
  0.20988456892839452      ,  0.28379229583655963      ,  0.15763747088302618     
  0.23743592065280919      ,  0.31414003829503662      ,  0.17516499368889293     
  0.26573799959037514      ,  0.34761479704822135      ,  0.19449599897351566     
  0.29458425199081323      ,  0.38453586975492132      ,  0.21581644392278115     
  0.32456166649172252      ,  0.42524928569696840      ,  0.23933079802753432     
  0.35689235204131875      ,  0.47012781380497676      ,  0.26526319755009375     
  0.39306838952235418      ,  0.51956992601299135      ,  0.29385843679191381     
  0.43442154432330082      ,  0.57399725820589576      ,  0.32538267396696935     
  0.48178610660710947      ,  0.63384995688781476      ,  0.36012368314484444     
  0.53537080442831964      ,  0.69957910375106158      ,  0.39839042277848546     
  0.59487319221033907      ,  0.77163516659707754      ,  0.44051161226904401     
  0.65977860402709665      ,  0.85045113084173762      ,  0.48683290717601213     
  0.72971782589219625      ,  0.93641862573563228      ,  0.53771213779833738     
  0.80473775889229759      ,   1.0298549921469877      ,  0.59351192318830193     
  0.88537683647718313      ,   1.1309588877514196      ,  0.65458879492291688     
  0.97251715737321076      ,   1.2397517747754763      ,  0.72127777049431474     
   1.0670694609769720      ,   1.3560026313389530      ,  0.79387112490455902     
   1.1695905292860025      ,   1.4791337050455708      ,  0.87258995955215146     
   1.2799150602178595      ,   1.6081064368808913      ,  0.95754712642466444     
   1.3968306401894754      ,   1.7412893019177593      ,   1.0487002384026967     
   1.5177988866869310      ,   1.8763138155898438      ,   1.1457940364240928     
   1.6387887458766179      ,   2.0099318942507094      ,   1.2482924930836636     
   1.7544179940210836      ,   2.1378973961878445      ,   1.3553029398616954     
   1.8586237369237728      ,   2.2549064777318151      ,   1.4654974099608737     
   1.9457956130637313      ,   2.3546433513064033      ,   1.5770403371301229     
   2.0118428262892851      ,   2.4299858367995242      ,   1.6875364451886767     
   2.0545690564441537      ,   2.4734218891438644      ,   1.7940172231606923     
   2.0731997626939225      ,   2.4777056673536721      ,   1.8929871604190438     
   2.0674166847976769      ,   2.4367331707699966      ,   1.9805495722426576     
   2.0363617064556236      ,   2.3465443731214122      ,   2.0526239233744605     
   1.9779295496670710      ,   2.2062768910334571      ,   2.1052507294668348     
   1.8885765284566383      ,   2.0188375363135775      ,   2.1349578202379615     
   1.7639365418761646      ,   1.7910618331619277      ,   2.1391383069182974     
   1.6006346485031200      ,   1.5332228917328097      ,   2.1163745456471621     
   1.3994657897074156      ,   1.2579174386146803      ,   2.0666422782241312     
   1.1691945025622836      ,  0.97854134297999718      ,   1.9913488137310020     
  0.92855417935252482      ,  0.70769136313762082      ,   1.8931943560315410     
  0.70203502790156957      ,  0.45583824664640421      ,   1.7758848688803412     
  0.50755719582490566      ,  0.23050927023430751      ,   1.6437546594339536     
  0.34674209048087878      ,   3.6050505143438528E-002 ,   1.5013681551015559     
  0.20936543604309005      , -0.12611607209068093      ,   1.3531623917873992     
   8.3949048472929097E-002 , -0.25691646736808738      ,   1.2031709132144586     
  -3.6485176028884514E-002 , -0.35892099368569275      ,   1.0548452921163320     
 -0.15354599741546116      , -0.43566570606659138      ,  0.91096991287466522     
 -0.26447906565017448      , -0.49109073009665027      ,  0.77365276665340721     
 -0.36365816595970163      , -0.52913030916021508      ,  0.64436993400604248     
 -0.44412981814715291      , -0.55344944453988010      ,  0.52404215255857545     
 -0.49926489743012226      , -0.56730092427670731      ,  0.41312580382037600     
 -0.52473056750586633      , -0.57347008422848955      ,  0.31170564749703555     
 -0.52070278400556902      , -0.57427697668179878      ,  0.21958131569322537     
 -0.49358980223067683      , -0.57161183544461391      ,  0.13634331255018414     
 -0.45596177304222291      , -0.56698665329823184      ,   6.1436906494710515E-002
 -0.42364050947003384      , -0.56159171937918373      ,  -5.7860203865394491E-003
 -0.41053390376043614      , -0.55635054902165548      ,  -6.6026161440253139E-002
 -0.42371615022634063      , -0.55196980285759600      , -0.12000557659049557     
 -0.46128202709917393      , -0.54898280315761561      , -0.16844453580434451     
 -0.51369298047008793      , -0.54778643087851842      , -0.21204493240616626     
 -0.56773760841661436      , -0.54867180518917957      , -0.25147893945101157     
 -0.61150516656796539      , -0.55184942003972071      , -0.28738176978518815     
 -0.63852041633809042      , -0.55746948611134617      , -0.32034758760914694     
 -0.64952491327227668      , -0.56563819546380900      , -0.35092779030212551     
 -0.65138184848281766      , -0.57643054706452279      , -0.37963102752785310     
 -0.65381290703191641      , -0.58990027587016369      , -0.40692444907360542     
 -0.66554718655391287      , -0.60608733244994850      , -0.43323577496980942     
 -0.69148496835827178      , -0.62502327145361625      , -0.45895586375767139     
 -0.73170669922095011      , -0.64673482781757508      , -0.48444152011735980     
 -0.78225556971961452      , -0.67124588940194041      , -0.51001833407320762     
 -0.83710052943856772      , -0.69857801281065290      , -0.53598338297267722     
 -0.89048262619634755      , -0.72874957445346822      , -0.56260765637729260     
 -0.93881134543792699      , -0.76177360083665890      , -0.59013808461061679     
 -0.98148433761523457      , -0.79765428065106081      , -0.61879906548882424     
  -1.0204859873715102      , -0.83638212735544426      , -0.64879339212775489     
  -1.0591479282199350      , -0.87792773658273071      , -0.68030248910997815     
  -1.1007201284966095      , -0.92223407105529098      , -0.71348586628439714     
  -1.1473110663136881      , -0.96920721151846778      , -0.74847970091958682     
  -1.1994610927166534      ,  -1.0187055419305131      , -0.78539446213172392     
  -1.2563183974838130      ,  -1.0705273990196120      , -0.82431149933192061     
  -1.3161984978617760      ,  -1.1243973202013882      , -0.86527853247538133     
  -1.3772382993485823      ,  -1.1799511806106666      , -0.90830401053099619     
  -1.4378893329368374      ,  -1.2367207301277516      , -0.95335035097060483     
  -1.4971108250979235      ,  -1.2941183324021865      ,  -1.0003261428697443     
  -1.5542744952092435      ,  -1.3514230708375985      ,  -1.0490774950421622     
  -1.6089088198076702      ,  -1.4077698097463391      ,  -1.0993788430539364     
  -1.6604416807448588      ,  -1.4621432513207209      ,  -1.1509236968342043     
  -1.7080524040095972      ,  -1.5133794522476787      ,  -1.2033160107705185     
  -1.7506626912458088      ,  -1.5601775654106953      ,  -1.2560630796131806     
  -1.7870277885018826      ,  -1.6011246243680743      ,  -1.3085710842048905     
  -1.8158591197467344      ,  -1.6347358360637099      ,  -1.3601445955361895     
  -1.8359177301377245      ,  -1.6595119318158782      ,  -1.4099914444430315     
  -1.8460481747656350      ,  -1.6740135290221811      ,  -1.4572343171030444     
  -1.8451547454439190      ,  -1.6769501584963395      ,  -1.5009301808173732     
  -1.8321432612002164      ,  -1.6672787674971616      ,  -1.5400981306903612     
  -1.8058609545324293      ,  -1.6443034919369328      ,  -1.5737554593945751     
  -1.7650707717300083      ,  -1.6077659040101648      ,  -1.6009607280829263     
  -1.7085011997436226      ,  -1.5579135285661139      ,  -1.6208614663653091     
  -1.6350190723430991      ,  -1.4955348932514001      ,  -1.6327430334951276     
  -1.5439711168019881      ,  -1.4219521617279289      ,  -1.6360743587605571     
  -1.4357080654080041      ,  -1.3389674036710908      ,  -1.6305459717501778     
  -1.3122133121122099      ,  -1.2487650483012311      ,  -1.6160960912620492     
  -1.1775968745209218      ,  -1.1537797725597216      ,  -1.5929215969596866     
  -1.0380570325222982      ,  -1.0565444878607058      ,  -1.5614723340519292     
 -0.90096387615443163      , -0.95953593668434656      ,  -1.5224291288345679     
 -0.77318932461136525      , -0.86503506073693992      ,  -1.4766677720079291     
 -0.65946788901891007      , -0.77501596540308193      ,  -1.4252127180413876     
 -0.56168107874285222      , -0.69107193118611820      ,  -1.3691851115140485     
 -0.47926384111511172      , -0.61438085835291323      ,  -1.3097498964083438     
 -0.41021660876400218      , -0.54570708471447615      ,  -1.2480662595137457     
 -0.35212094895651241      , -0.48543260907053182      ,  -1.1852446890097597     
 -0.30285876857668026      , -0.43360875900124374      ,  -1.1223127313895014     
 -0.26098716963994595      , -0.39001913247825576      ,  -1.0601903307828902     
 -0.22582276113030134      , -0.35424575937535829      , -0.99967460534226515     
 -0.19731632893532122      , -0.32573229227028422      , -0.94143315192369736     
 -0.17580421869655014      , -0.30384011645547843      , -0.88600449845689855     
 -0.16171739606501542      , -0.28789518263124692      , -0.83380411625177198     
 -0.15531416559914452      , -0.27722489743748402      , -0.78513440532441636     
 -0.15648329323702648      , -0.27118548665555725      , -0.74019720831002611     
 -0.16464649539513418      , -0.26918090226847574      , -0.69910763092864081     
 -0.17877361493504898      , -0.27067465841662991      , -0.66190819981108051     
 -0.19750662509853656      , -0.27519604925744096      , -0.62858263694646577     
 -0.21936718587453660      , -0.28234211350831079      , -0.59906875283833150     
 -0.24299997229086923      , -0.29177653783712260      , -0.57327014725614533     
 -0.26738954453083652      , -0.30322648557970211      , -0.55106655451075470     
 -0.29199185442530234      , -0.31647813139018632      , -0.53232278152552437     
 -0.31674550524547390      , -0.33137149483996187      , -0.51689626622335638     
 -0.34196523793846528      , -0.34779500501769461      , -0.50464333648177084     
 -0.36815651963427981      , -0.36568009573819377      , -0.49542428169247349     
 -0.39581190945926698      , -0.38499602525408183      , -0.48910736481874190     
 -0.42525035380610282      , -0.40574503181382809      , -0.48557190700941305     
 -0.45654158635499964      , -0.42795787285999853      , -0.48471057270616202     
 -0.48952742915831743      , -0.45168974702394493      , -0.48643097339798735     
 -0.52392047504365502      , -0.47701656066061776      , -0.49065669468592232     
 -0.55943809882714557      , -0.50403147131716031      , -0.49732783551610799     
 -0.59592261427998416      , -0.53284161661660823      , -0.50640113126787600     
 -0.63340825640437459      , -0.56356491644376672      , -0.51784971444532857     
 -0.67211817701493171      , -0.59632681739133375      , -0.53166254835454352     
 -0.71240081027752944      , -0.63125682995497168      , -0.54784355050508726     
 -0.75463480174061248      , -0.66848469021474177      , -0.56641040358499717     
 -0.79913847402749272      , -0.70813595849571220      , -0.58739303269851206     
 -0.84611262906193574      , -0.75032684820996909      , -0.61083170811569854     
 -0.89562893682373368      , -0.79515806005460743      , -0.63677471314776146     
 -0.94765764122373564      , -0.84270738243510879      , -0.66527549721122536     
  -1.0021148066847285      , -0.89302081239096343      , -0.69638921528000819     
  -1.0589049352137381      , -0.94610195840523448      , -0.73016853783086644     
  -1.1179396852269097      ,  -1.0018995157737431      , -0.76665860183091661     
  -1.1791243392484902      ,  -1.0602926681694629      , -0.80589096597885568     
  -1.2423155702824378      ,  -1.1210743804092265      , -0.84787643615008990     
  -1.3072624903556704      ,  -1.1839327250420781      , -0.89259664507869874     
  -1.3735458992885969      ,  -1.2484306490633519      , -0.93999431056875693     
  -1.4405289312069829      ,  -1.3139849560736494      , -0.98996216730446873     
  -1.5073285168849542      ,  -1.3798457674096958      ,  -1.0423306780223585     
  -1.5728136232139815      ,  -1.4450783338110693      ,  -1.0968547897873986     
  -1.6356336215114207      ,  -1.5085497731547308      ,  -1.1532002176860552     
  -1.6942767955072520      ,  -1.5689240468697017      ,  -1.2109300134128256     
  -1.7471528728403063      ,  -1.6246691407812124      ,  -1.2694925020919510     
  -1.7926847303703881      ,  -1.6740808026929315      ,  -1.3282120238056812     
  -1.8293869580771522      ,  -1.7153270618634235      ,  -1.3862842519564700     
  -1.8559082964279632      ,  -1.7465168280709595      ,  -1.4427781088534570     
  -1.8710236953508552      ,  -1.7657938748848623      ,  -1.4966463657802502     
  -1.8735770049460512      ,  -1.7714543110066963      ,  -1.5467467920685003     
  -1.8623913469647935      ,  -1.7620813487078815      ,  -1.5918751048897211     
  -1.8361776076162553      ,  -1.7366862849086970      ,  -1.6308099101921392     
  -1.7934836416980127      ,  -1.6948400507549732      ,  -1.6623683407229719     
  -1.7327414177648897      ,  -1.6367767362150747      ,  -1.6854693344275800     
  -1.6524859388743105      ,  -1.5634504866980163      ,  -1.6991997322826975     
  -1.5518239785896513      ,  -1.4765310201841704      ,  -1.7028769857454698     
  -1.4311850720095500      ,  -1.3783307488594123      ,  -1.6961016460448777     
  -1.2932370334197343      ,  -1.2716669436537500      ,  -1.6787932562460715     
  -1.1435718959325663      ,  -1.1596733249467557      ,  -1.6512048610538417     
 -0.99049813841426326      ,  -1.0455842051320325      ,  -1.6139138845134358     
 -0.84341653879823497      , -0.93251858183882830      ,  -1.5677901395865363     
 -0.71019357868553301      , -0.82329035218042435      ,  -1.5139446234270537     
 -0.59505383946153867      , -0.72026464386512257      ,  -1.4536649478973556     
 -0.49827398596229588      , -0.62527101860698397      ,  -1.3883443792293637     
 -0.41744002802142977      , -0.53957446906770634      ,  -1.3194114175192606     
 -0.34912080004588580      , -0.46389691918436793      ,  -1.2482658107355322     
 -0.29015204627441366      , -0.39847670576091254      ,  -1.1762252245048130     
 -0.23834117811975397      , -0.34315158107041943      ,  -1.1044848893203174     
 -0.19268302267705209      , -0.29745160266351045      ,  -1.0340907775608119     
 -0.15322647056357153      , -0.26069089022894731      , -0.96592546022966486     
 -0.12072857145866200      , -0.23205059843253328      , -0.90070485909712150     
  -9.6221270076297299E-002 , -0.21064875873199193      , -0.83898363355433903     
  -8.0591658378420986E-002 , -0.19559537939723376      , -0.78116684156170324     
  -7.4244019946063916E-002 , -0.18603315816078411      , -0.72752567936784129     
  -7.6885261361217427E-002 , -0.18116536963129981      , -0.67821542530855661     
  -8.7460434796384726E-002 , -0.18027307394903186      , -0.63329409850843954     
 -0.10425345354517551      , -0.18272393010137675      , -0.59274072934587274     
 -0.12514594593616582      , -0.18797475401396574      , -0.55647248585787767     
 -0.14798919587663492      , -0.19556967171577358      , -0.52436018980393284     
 -0.17100172251334644      , -0.20513537557731906      , -0.49624198298935779     
 -0.19308202260437390      , -0.21637465526718860      , -0.47193507244194055     
 -0.21394223754287017      , -0.22905907577723930      , -0.45124560031800964     
 -0.23402386586112253      , -0.24302142513539784      , -0.43397676066707219     
 -0.25422892678662540      , -0.25814835544495218      , -0.41993532984433485     
 -0.27555865481997305      , -0.27437348785925458      , -0.40893679872533489     
 -0.29877517613175758      , -0.29167113772052305      , -0.40080929976955437     
 -0.32418527518099083      , -0.31005073261561378      , -0.39539651574186374     
 -0.35159956742975640      , -0.32955193639568431      , -0.39255974355020584     
 -0.38046226905254305      , -0.35024045017466282      , -0.39217926911047751     
 -0.41009400196202045      , -0.37220443197803904      , -0.39415518944159794     
 -0.43995794924939263      , -0.39555145607950276      , -0.39840779768278439     
 -0.46985817888910902      , -0.42040591799337096      , -0.40487762625429907     
 -0.50000866288129187      , -0.44690677909479126      , -0.41352522341094500     
 -0.53096129827593908      , -0.47520553392195697      , -0.42433071913709575     
 -0.56343167762665480      , -0.50546427174952702      , -0.43729321766365337     
 -0.59809330134294614      , -0.53785369066681721      , -0.45243003565478301     
 -0.63541403589709489      , -0.57255090604011283      , -0.46977578700513067     
 -0.67558498737277950      , -0.60973687501055940      , -0.48938129681772835     
 -0.71855344147055245      , -0.64959323398722135      , -0.51131230806695893     
 -0.76413358021530309      , -0.69229831675282183      , -0.53564792425562802     
 -0.81214446854775524      , -0.73802208723464602      , -0.56247870966875946     
 -0.86252132257699377      , -0.78691968457225403      , -0.59190434535887448     
 -0.91536247387937708      , -0.83912324162272045      , -0.62403071376360286     
 -0.97090251413828255      , -0.89473160635231996      , -0.65896625826376010     
  -1.0294295571798588      , -0.95379757650101715      , -0.69681743709137578     
  -1.0911804513245853      ,  -1.0163122633497086      , -0.73768306581018306     
  -1.1562473884163367      ,  -1.0821862475180342      , -0.78164732251353786     
  -1.2245156874091918      ,  -1.1512273020640964      , -0.82877118020333218     
  -1.2956339026929260      ,  -1.2231146665016239      , -0.87908203927150175     
  -1.3690030919755276      ,  -1.2973701971690170      , -0.93256137033902720     
  -1.4437684248715448      ,  -1.3733272361202213      , -0.98913025796572596     
  -1.5188045813459876      ,  -1.4500987710790152      ,  -1.0486328760822481     
  -1.5927022309852719      ,  -1.5265474263521797      ,  -1.1108181454454200     
  -1.6637773198077801      ,  -1.6012610163540415      ,  -1.1753201399794371     
  -1.7301273497335430      ,  -1.6725387318242921      ,  -1.2416382341557344     
  -1.7897429582426976      ,  -1.7383943355206446      ,  -1.3091185144058646     
  -1.8406535382885842      ,  -1.7965837066088675      ,  -1.3769385845074287     
  -1.8810593419378816      ,  -1.8446642303873391      ,  -1.4440985090625240     
  -1.9093983956024418      ,  -1.8800923057294496      ,  -1.5094211411549825     
  -1.9243193285991167      ,  -1.9003620552261886      ,  -1.5715652975031595     
  -1.9245669600392832      ,  -1.9031827982302114      ,  -1.6290549666315841     
  -1.9088177986236838      ,  -1.8866851170226828      ,  -1.6803267568421569     
  -1.8755214043675905      ,  -1.8496363551116888      ,  -1.7237959816215145     
  -1.8228193391736951      ,  -1.7916380410675179      ,  -1.7579391792960299     
  -1.7486379698507100      ,  -1.7132726957006661      ,  -1.7813877595971110     
  -1.6510827345592327      ,  -1.6161684807156373      ,  -1.7930244250309093     
  -1.5292628172317428      ,  -1.5029588695350191      ,  -1.7920717886868647     
  -1.3845588220947216      ,  -1.3771305048812259      ,  -1.7781619623086107     
  -1.2220046869247023      ,  -1.2427725453127778      ,  -1.7513773102249932     
  -1.0509037920381099      ,  -1.1042599496768615      ,  -1.7122560386931081     
 -0.88346412679300190      , -0.96591582889212391      ,  -1.6617612036872165     
 -0.73111794446190670      , -0.83170052098099057      ,  -1.6012170039848961     
 -0.60052100802755859      , -0.70496700230654741      ,  -1.5322206851177955     
 -0.49222400555763240      , -0.58830656487150945      ,  -1.4565410779602899     
 -0.40248213905602348      , -0.48349030064061937      ,  -1.3760153333794944     
 -0.32608374462992074      , -0.39149578312941646      ,  -1.2924539848468182     
 -0.25844896912120124      , -0.31259772590773183      ,  -1.2075617072594529     
 -0.19666508414563205      , -0.24649732083023929      ,  -1.1228778477963137     
 -0.13972173875784205      , -0.19246644036208602      ,  -1.0397377047734631     
  -8.8227616027388878E-002 , -0.14948788969210711      , -0.95925310181428824     
  -4.3835586701915417E-002 , -0.11637925082458615      , -0.88230924416551371     
  -8.5695834003539917E-003 ,  -9.1893903499562668E-002 , -0.80957411805612767     
   1.5804344433643765E-002 ,  -7.4797586472046762E-002 , -0.74151662997261869     
   2.8284204022926970E-002 ,  -6.3922072050415557E-002 , -0.67843005825751912     
   2.8977283060416522E-002 ,  -5.8199293618304448E-002 , -0.62045799615403852     
   1.9248227824823050E-002 ,  -5.6679925827361408E-002 , -0.56762064194083117     
   1.6216069245093123E-003 ,  -5.8540348368154201E-002 , -0.51983993214592517     
  -2.0594158855163823E-002 ,  -6.3081452805168317E-002 , -0.47696256091195804     
  -4.3926794515931712E-002 ,  -6.9722116155089525E-002 , -0.43878036149152644     
  -6.5466322729104562E-002 ,  -7.7989515728857151E-002 , -0.40504784664213661     
  -8.3480638948732602E-002 ,  -8.7507878633341765E-002 , -0.37549692761449566     
  -9.7710653565554390E-002 ,  -9.7986779594274140E-002 , -0.34984897538591037     
 -0.10924004144953529      , -0.10920972673848564      , -0.32782447175601614     
 -0.11998806931962969      , -0.12102349597512529      , -0.30915053859972014     
 -0.13200292886958742      , -0.13332847406205278      , -0.29356664452594172     
 -0.14678747180445745      , -0.14607013108359065      , -0.28082877981958682     
 -0.16486104204417301      , -0.15923164952925400      , -0.27071237047079422     
 -0.18567363819754726      , -0.17282767687931797      , -0.26301417569665608     
 -0.20787520843605020      , -0.18689913183338283      , -0.25755338429269542     
 -0.22983384239622057      , -0.20150897378470639      , -0.25417209580375427     
 -0.25022053857292165      , -0.21673883553326737      , -0.25273534436015060     
 -0.26846117927099306      , -0.23268641671678922      , -0.25313079693558804     
 -0.28490886285279660      , -0.24946353727361886      , -0.25526823416466127     
 -0.30069427095410073      , -0.26719475444867991      , -0.25907890083227025     
 -0.31732734135077967      , -0.28601645195124986      , -0.26451479464037853     
 -0.33620536749441188      , -0.30607631475629160      , -0.27154794566341145     
 -0.35820254797618867      , -0.32753310681370912      , -0.28016972472774587     
 -0.38347295421185412      , -0.35055667081892139      , -0.29039020643681313     
 -0.41151533741723434      , -0.37532806847835753      , -0.30223760130804356     
 -0.44145644609755852      , -0.40203977563750370      , -0.31575776104721937     
 -0.47243919547371982      , -0.43089583842782897      , -0.33101375087482215     
 -0.50397398909145896      , -0.46211188333042980      , -0.34808547250654798     
 -0.53613390178759057      , -0.49591485471487706      , -0.36706931029059908     
 -0.56953857661312490      , -0.53254232681396518      , -0.38807776046718501     
 -0.60515248292533896      , -0.57224120193494643      , -0.41123898881699250     
 -0.64398845221298473      , -0.61526556162170254      , -0.43669624430404413     
 -0.68683246030199419      , -0.66187338119341854      , -0.46460703482419996     
 -0.73408442682217800      , -0.71232174967747208      , -0.49514194493394065     
 -0.78575581706959685      , -0.76686015654029704      , -0.52848294357277537     
 -0.84160221925917078      , -0.82572131529877424      , -0.56482099157809673     
 -0.90132148888803187      , -0.88910889631946843      , -0.60435271386681955     
 -0.96473095320962776      , -0.95718144561732144      , -0.64727584989268017     
  -1.0318539552492005      ,  -1.0300316888973573      , -0.69378314002236041     
  -1.1028870236470423      ,  -1.1076603862467747      , -0.74405424852281254     
  -1.1780648458988172      ,  -1.1899439527310121      , -0.79824527282869806     
  -1.2574709849413046      ,  -1.2765952520927344      , -0.85647535524582685     
  -1.3408478878007344      ,  -1.3671173852263221      , -0.91880991527361622     
  -1.4274452084332294      ,  -1.4607510350535038      , -0.98524008462433921     
  -1.5159264489858664      ,  -1.5564171138177354      ,  -1.0556580887928402     
  -1.6043455040572467      ,  -1.6526582029154728      ,  -1.1298286242713289     
  -1.6902095535909281      ,  -1.7475846497656911      ,  -1.2073567810173433     
  -1.7706476127726662      ,  -1.8388341462472721      ,  -1.2876538045436170     
  -1.8426811268770902      ,  -1.9235568958115867      ,  -1.3699030094540989     
  -1.9035391016564369      ,  -1.9984414754470683      ,  -1.4530294256971485     
  -1.9509101226687233      ,  -2.0597981597360326      ,  -1.5356781714554506     
  -1.9830278533844254      ,  -2.1037152903137084      ,  -1.6162078635177315     
  -1.9985535308912390      ,  -2.1262985059202357      ,  -1.6927062008074754     
  -1.9963004743932304      ,  -2.1239908924464261      ,  -1.7630346532475247     
  -1.9748934811964023      ,  -2.0939542405694795      ,  -1.8249073791125396     
  -1.9324702265507243      ,  -2.0344698460352229      ,  -1.8760056647451384     
  -1.8665477896274030      ,  -1.9452969176045305      ,  -1.9141233645507050     
  -1.7742255257860979      ,  -1.8279153874829066      ,  -1.9373317682185185     
  -1.6529603141517006      ,  -1.6855855241203963      ,  -1.9441455890870691     
  -1.5021228796688266      ,  -1.5231832073349167      ,  -1.9336674312105187     
  -1.3252137276633662      ,  -1.3468136481388202      ,  -1.9056880830014979     
  -1.1318216453435002      ,  -1.1632561703974931      ,  -1.8607252165892612     
 -0.93736972722226430      , -0.97933229922058140      ,  -1.7999928104286804     
 -0.75866915640916244      , -0.80130503042066714      ,  -1.7253055011865772     
 -0.60667216259136980      , -0.63440384938197447      ,  -1.6389329214769353     
 -0.48246487761128443      , -0.48253394132337513      ,  -1.5434260887480573     
 -0.37981660228040959      , -0.34818283590830196      ,  -1.4414396800717835     
 -0.29044172996662232      , -0.23249812814134732      ,  -1.3355709038006018     
 -0.20768187353134593      , -0.13548555971593074      ,  -1.2282293332833776     
 -0.12796707325752099      ,  -5.6269906219155272E-002 ,  -1.1215446562215881     
  -5.0887457747369191E-002 ,   6.6318975710786821E-003 ,  -1.0173126590833490     
   2.1491311883155582E-002 ,   5.5061524558877140E-002 , -0.91697499538263172     
   8.5661703724511776E-002 ,   9.1014157251776917E-002 , -0.82162566727776609     
  0.13774852599198392      ,  0.11648438835860699      , -0.73203639435533829     
  0.17444992049355657      ,  0.13336077817771405      , -0.64869359043157415     
  0.19381494506701649      ,  0.14336166147433382      , -0.57184093095123456     
  0.19586542290571621      ,  0.14800295290998974      , -0.50152299788620158     
  0.18298206296212072      ,  0.14858893126008563      , -0.43762692591034791     
  0.15985609525164959      ,  0.14621829166196354      , -0.37992018122204974     
  0.13279652567359135      ,  0.14179943589764171      , -0.32808352909402183     
  0.10837882410895620      ,  0.13607060347492927      , -0.28173890008174274     
   9.1773428388470732E-002 ,  0.12962183015824019      , -0.24047229154001515     
   8.5365024773378845E-002 ,  0.12291679566143585      , -0.20385209363802392     
   8.8228982908362022E-002 ,  0.11631340530896644      , -0.17144335712803233     
   9.6679751653195367E-002 ,  0.11008249150981247      , -0.14281856471464840     
  0.10567505694229826      ,  0.10442437711713656      , -0.11756546009112379     
  0.11056447021187170      ,   9.9483265975480822E-002 ,  -9.5292450698742537E-002
  0.10859799472258266      ,   9.5359557810579046E-002 ,  -7.5632046969053610E-002
   9.9734555199954764E-002 ,   9.2120256097234787E-002 ,  -5.8242741815565935E-002
   8.6529536695849230E-002 ,   8.9807670522331809E-002 ,  -4.2809675278040152E-002
   7.3164917695777168E-002 ,   8.8446624947945987E-002 ,  -2.9044373790967137E-002
   6.3963574428852102E-002 ,   8.8050377067792895E-002 ,  -1.6683803224649796E-002
   6.1912861958612418E-002 ,   8.8625443418063860E-002 ,  -5.4889303017962065E-003
   6.7711808570378909E-002 ,   9.0175506903978228E-002 ,   4.7570517042281801E-003
   7.9645917608409264E-002 ,   9.2704565893845861E-002 ,   1.4250710197358178E-002
   9.4288179123868263E-002 ,   9.6219465629758111E-002 ,   2.3170478593267770E-002
  0.10774570971222616      ,  0.10073193503900983      ,   3.1678808289697137E-002
  0.11700267430820874      ,  0.10626023546901686      ,   3.9924315065625528E-002
  0.12090048865979580      ,  0.11283051264599034      ,   4.8043883403733036E-002
  0.12044284216164179      ,  0.12047792935848968      ,   5.6164704860415256E-002
  0.11835562571283080      ,  0.12924764397219127      ,   6.4406236612651963E-002
  0.11808666007732249      ,  0.13919568879702723      ,   7.2882074089193616E-002
  0.12261514431287270      ,  0.15038979239713457      ,   8.1701737491125151E-002
  0.13348922705645397      ,  0.16291018095003260      ,   9.0972376317400280E-002
  0.15040596977913126      ,  0.17685038546522014      ,  0.10080039897459114     
  0.17144342399025014      ,  0.19231807375030874      ,  0.11129303635303416     
  0.19383135765159079      ,  0.20943591808758993      ,  0.12255984902471209     
  0.21497421895706911      ,  0.22834250119983526      ,  0.13471418753482758     
  0.23336651874446621      ,  0.24919325368583059      ,  0.14787461413054032     
  0.24909131773326029      ,  0.27216140501006614      ,  0.16216629213985403     
  0.26374952378331645      ,  0.29743891648856235      ,  0.17772234594660688     
  0.27987380802955952      ,  0.32523734746483168      ,  0.19468518987864572     
  0.30006108759025579      ,  0.35578858369275485      ,  0.21320781800241143     
  0.32614488860960067      ,  0.38934532818804513      ,  0.23345503833546014     
  0.35869346058606133      ,  0.42618121744158366      ,  0.25560462372991749     
  0.39698506097864938      ,  0.46659037743175252      ,  0.27984833683908750     
  0.43943771890163152      ,  0.51088617139247883      ,  0.30639276713294245     
  0.48431671852456798      ,  0.55939881143258230      ,  0.33545989260639347     
  0.53045371099712468      ,  0.61247140525082377      ,  0.36728724609690205     
  0.57771586499787475      ,  0.67045388387585647      ,  0.40212752422049775     
  0.62706555641020023      ,  0.73369410400377422      ,  0.44024742390437027     
  0.68021576841940701      ,  0.80252523878664739      ,  0.48192542541007199     
  0.73904508979164474      ,  0.87724836805713469      ,  0.52744816004763362     
  0.80501795577512758      ,  0.95810896533412482      ,  0.57710490493869326     
  0.87882702195717433      ,   1.0452657805728223      ,  0.63117963775002872     
  0.96035699719209633      ,   1.1387504820354777      ,  0.68993996663175328     
   1.0489211668825862      ,   1.2384164273482181      ,  0.75362213632406572     
   1.1436048293383074      ,   1.3438752066554114      ,  0.82241122208398265     
   1.2435081270990602      ,   1.4544203201472676      ,  0.89641559472431365     
   1.3477316729278321      ,   1.5689387609178072      ,  0.97563482829485038     
   1.4550756082912761      ,   1.6858136658766292      ,   1.0599205065801458     
   1.5635801171235042      ,   1.8028248692118054      ,   1.1489299706560232     
   1.6701633768816186      ,   1.9170593339240956      ,   1.2420740599845279     
   1.7706424277958821      ,   2.0248499264203508      ,   1.3384614507544750     
   1.8602762736307967      ,   2.1217681005363196      ,   1.4368443490931841     
   1.9346492670907105      ,   2.2027020523138305      ,   1.5355729780716709     
   1.9904302263146409      ,   2.2620538223631388      ,   1.6325691829374855     
   2.0255949429927735      ,   2.2940825631095625      ,   1.7253318865775926     
   2.0390603088699462      ,   2.2934025096515773      ,   1.8109879719485740     
   2.0299880100781387      ,   2.2556108582566328      ,   1.8864000927656583     
   1.9970697006641733      ,   2.1779756365249536      ,   1.9483366994347122     
   1.9380257406223398      ,   2.0600674067786091      ,   1.9936988387326597     
   1.8495170403978873      ,   1.9041894755754216      ,   2.0197843039439829     
   1.7277421832707669      ,   1.7154692943814802      ,   2.0245557812127513     
   1.5700676733208618      ,   1.5015302430138926      ,   2.0068705581414674     
   1.3778294443953165      ,   1.2717598040209583      ,   1.9666297015238157     
   1.1596050143838352      ,   1.0362971825751546      ,   1.9048163682796677     
  0.93270065040845462      ,  0.80493991239132967      ,   1.8234138682300103     
  0.71913224957307786      ,  0.58618396610125834      ,   1.7252181534258575     
  0.53527659409833284      ,  0.38656124625243360      ,   1.6135790714816123     
  0.38398596920438649      ,  0.21034630813473335      ,   1.4921143988777912     
  0.25760723237469851      ,   5.9608695163686748E-002 ,   1.3644388805009304     
  0.14617323238215127      ,  -6.5479933137011226E-002 ,   1.2339398472094227     
   4.2519383123217402E-002 , -0.16620055027530495      ,   1.1036162944159156     
  -5.6365382470881548E-002 , -0.24481000764352695      ,  0.97598429919751772     
 -0.14974854597041126      , -0.30410886996064257      ,  0.85304136147876719     
 -0.23421888844876707      , -0.34709476490187574      ,  0.73627664433751827     
 -0.30495491284691495      , -0.37671289195006802      ,  0.62671257737338548     
 -0.35703303857092572      , -0.39569614814294074      ,  0.52496455981118595     
 -0.38678249986178176      , -0.40647782964416257      ,  0.43130818574931273     
 -0.39318611925401425      , -0.41115746707718875      ,  0.34574645755035577     
 -0.37908375022986296      , -0.41150210621487715      ,  0.26807221390270930     
 -0.35159908744183133      , -0.40896890310199524      ,  0.19792318892810590     
 -0.32111389022773290      , -0.40473875859198022      ,  0.13482868670199558     
 -0.29861894172597031      , -0.39975409662649936      ,   7.8247876867343358E-002
 -0.29229155220980413      , -0.39475651542952789      ,   2.7600314319150377E-002
 -0.30485214646715397      , -0.39032191242298492      ,  -1.7710416716385423E-002
 -0.33291007040539972      , -0.38689192741735651      ,  -5.8278932325788971E-002
 -0.36849486078741978      , -0.38480132170628584      ,  -9.4685166360762144E-002
 -0.40208999244817517      , -0.38430135678688487      , -0.12748546907213734     
 -0.42602375828809635      , -0.38557946906189577      , -0.15720688788408219     
 -0.43701991251724265      , -0.38877563790933228      , -0.18434394603443194     
 -0.43705389620137813      , -0.39399586905819672      , -0.20935734501658584     
 -0.43228304976118093      , -0.40132319833040991      , -0.23267411661505247     
 -0.43054137097185524      , -0.41082658358391927      , -0.25468883757681537     
 -0.43845138576160869      , -0.42256800707019559      , -0.27576559431625691     
 -0.45928102360574791      , -0.43660806267782115      , -0.29624044721241904     
 -0.49221576419148938      , -0.45301025559336150      , -0.31642419513785502     
 -0.53309182711131153      , -0.47184419680003337      , -0.33660528206910106     
 -0.57617452237375588      , -0.49318783156868379      , -0.35705272011539529     
 -0.61629997274310866      , -0.51712879917563415      , -0.37801892807114496     
 -0.65061394289772267      , -0.54376497977004823      , -0.39974240249018106     
 -0.67931168214102977      , -0.57320424278403181      , -0.42245014997122587     
 -0.70520095279724249      , -0.60556336871600913      , -0.44635981535506558     
 -0.73239423505375334      , -0.64096607180850518      , -0.47168144125200534     
 -0.76474292171946467      , -0.67954000459510544      , -0.49861879002709569     
 -0.80462529876462818      , -0.72141257642418488      , -0.52737015029433365     
 -0.85244971229734134      , -0.76670536747726248      , -0.55812853633776005     
 -0.90690896601828141      , -0.81552686917319506      , -0.59108117101442681     
 -0.96576471594644531      , -0.86796323453109814      , -0.62640812116689004     
  -1.0268027184916497      , -0.92406668383501045      , -0.66427993038313904     
  -1.0885900790376695      , -0.98384119101453216      , -0.70485406880495360     
  -1.1507844332523465      ,  -1.0472250883707017      , -0.74826999640014280     
  -1.2139528672617250      ,  -1.1140702913966432      , -0.79464261903395428     
  -1.2790595157321285      ,  -1.1841179882630797      , -0.84405391227026083     
  -1.3468779301758727      ,  -1.2569708943107780      , -0.89654250528706636     
  -1.4175507651284143      ,  -1.3320625811600497      , -0.95209106900782137     
  -1.4904058358731089      ,  -1.4086249955284553      ,  -1.0106114543405447     
  -1.5640181720040787      ,  -1.4856561204709910      ,  -1.0719276969676881     
  -1.6364307878305711      ,  -1.5618908147046162      ,  -1.1357572641826892     
  -1.7054260344828638      ,  -1.6357791596741007      ,  -1.2016912837629112     
  -1.7687640130788418      ,  -1.7054780339848252      ,  -1.2691749722667758     
  -1.8243492429895849      ,  -1.7688628873783263      ,  -1.3374900584707226     
  -1.8703225543365392      ,  -1.8235674200729917      ,  -1.4057416326856329     
  -1.9050869551249370      ,  -1.8670585584756816      ,  -1.4728524544807782     
  -1.9272719682338835      ,  -1.8967521385750084      ,  -1.5375681751794532     
  -1.9356389533218072      ,  -1.9101705150628026      ,  -1.5984769812271005     
  -1.9289393448377790      ,  -1.9051366868038477      ,  -1.6540466183546458     
  -1.9057550365222831      ,  -1.8799909029060546      ,  -1.7026804229180070     
  -1.8643706773580220      ,  -1.8338064567641899      ,  -1.7427917898376235     
  -1.8027537245548966      ,  -1.7665738233804884      ,  -1.7728935811366489     
  -1.7187533504390353      ,  -1.6793193399910480      ,  -1.7916957382361516     
  -1.6106600916136204      ,  -1.5741287994909499      ,  -1.7982014834472844     
  -1.4782380457855997      ,  -1.4540585711738296      ,  -1.7917907942460058     
  -1.3241435128318635      ,  -1.3229355864692047      ,  -1.7722800115972297     
  -1.1551886448623896      ,  -1.1850684983651558      ,  -1.7399488134297523     
 -0.98232999448354696      ,  -1.0449098261764556      ,  -1.6955300711564372     
 -0.81825553397275086      , -0.90671780055009554      ,  -1.6401634518064443     
 -0.67306988728203465      , -0.77426443399857336      ,  -1.5753188259838156     
 -0.55097193621101259      , -0.65062418559314306      ,  -1.5026994293425207     
 -0.45035353402115369      , -0.53805960856055846      ,  -1.4241365517228026     
 -0.36641204407139949      , -0.43800192017994610      ,  -1.3414871510683963     
 -0.29387973428980207      , -0.35111004356225739      ,  -1.2565436330226010     
 -0.22870361225007441      , -0.27738372851379317      ,  -1.1709618668190174     
 -0.16871886924973994      , -0.21630490680726164      ,  -1.0862101432000582     
 -0.11363410212610962      , -0.16698485479310698      ,  -1.0035388660824414     
  -6.4590746152311682E-002 , -0.12830075441590932      , -0.92396866930221366     
  -2.3512932719498232E-002 ,  -9.9011800828282467E-002 , -0.84829344980179178     
   7.5740470406179053E-003 ,  -7.7850703932708876E-002 , -0.77709439787087953     
   2.7139440596351930E-002 ,  -6.3590613793592488E-002 , -0.71076127246323817     
   3.4599227887400198E-002 ,  -5.5090083998159803E-002 , -0.64951768650273467     
   3.0591007505126274E-002 ,  -5.1319928652182122E-002 , -0.59344783846858606     
   1.7028063022809532E-002 ,  -5.1376111790610725E-002 , -0.54252281249798806     
  -3.1173095548135948E-003 ,  -5.4482506497482014E-002 , -0.49662518528688282     
  -2.6313887907031402E-002 ,  -5.9986771525834218E-002 , -0.45557118450738321     
  -4.9176834490304293E-002 ,  -6.7351918144290771E-002 , -0.41913003141958882     
  -6.9194473795019001E-002 ,  -7.6145498697450006E-002 , -0.38704037906701927     
  -8.5242503274365763E-002 ,  -8.6027798752510112E-002 , -0.35902394463510756     
  -9.7704357898047309E-002 ,  -9.6739974650656230E-002 , -0.33479655016284376     
 -0.10815535259723641      , -0.10809274326090544      , -0.31407684844854894     
 -0.11872465859241714      , -0.11995598579839001      , -0.29659303637498741     
 -0.13135304373184706      , -0.13224945471734162      , -0.28208785835243927     
 -0.14718234347840994      , -0.14493465480064185      , -0.27032218738771446     
 -0.16625317657597530      , -0.15800789211005009      , -0.26107744707156139     
 -0.18758175333398594      , -0.17149443591142843      , -0.25415710912940392     
 -0.20956819092991497      , -0.18544371031143450      , -0.24938747116086327     
 -0.23058723673400222      , -0.19992541770844602      , -0.24661788975310234     
 -0.24955695194122268      , -0.21502649063002746      , -0.24572061646105828     
 -0.26629419066051335      , -0.23084876878264615      , -0.24659035883437774     
 -0.28154697553512420      , -0.24750730180244249      , -0.24914366600070298     
 -0.29671279219746671      , -0.26512918355277493      , -0.25331821830752771     
 -0.31336147693092153      , -0.28385282959556735      , -0.25907208303752821     
 -0.33274063867773884      , -0.30382761469181757      , -0.26638298299531660     
 -0.35543280453009968      , -0.32521379106320952      , -0.27524761149537930     
 -0.38126730656073116      , -0.34818260996592526      , -0.28568101558953890     
 -0.40949577069783860      , -0.37291656820932029      , -0.29771605884614949     
 -0.43915118396288111      , -0.39960969688581727      , -0.31140296518496530     
 -0.46945408132163513      , -0.42846780097640164      , -0.32680893569513642     
 -0.50012206629966571      , -0.45970854475326928      , -0.34401782048743806     
 -0.53148236388000913      , -0.49356125796539929      , -0.36312981686817919     
 -0.56436486792758511      , -0.53026631045188799      , -0.38426115281641809     
 -0.59983453023453048      , -0.57007386672513005      , -0.40754370016543978     
 -0.63887489660376029      , -0.61324178576453203      , -0.43312444421807728     
 -0.68214049746180916      , -0.66003237338925247      , -0.46116471487057925     
 -0.72985716665397649      , -0.71070762410160104      , -0.49183905773979042     
 -0.78188608047627162      , -0.76552250598750449      , -0.52533359135827784     
 -0.83790548428079759      , -0.82471574748206744      , -0.56184365743896569     
 -0.89762557332602000      , -0.88849748268377926      , -0.60157052509409392     
 -0.96094839244622077      , -0.95703301110356997      , -0.64471685702333670     
  -1.0280142974620710      ,  -1.0304218440011301      , -0.69148058764199649     
  -1.0991247870835170      ,  -1.1086711689674305      , -0.74204680358594444     
  -1.1745762072444343      ,  -1.1916629079707703      , -0.79657716295425818     
  -1.2544611989012961      ,  -1.2791137317463777      , -0.85519635278332806     
  -1.3384895396049978      ,  -1.3705278083744008      , -0.91797508300500474     
  -1.4258575486664891      ,  -1.4651428133852800      , -0.98490917658624821     
  -1.5151741595462256      ,  -1.5618709377351614      ,  -1.0558944769156287     
  -1.6044471324409217      ,  -1.6592384213378226      ,  -1.1306976022292721     
  -1.6911449358227872      ,  -1.7553295920387670      ,  -1.2089230872994532     
  -1.7723594211799034      ,  -1.8477444638281029      ,  -1.2899782167765024     
  -1.8450736614903129      ,  -1.9335823784575716      ,  -1.3730379039287575     
  -1.9064812937929683      ,  -2.0094673378281551      ,  -1.4570132840711101     
  -1.9542464656337575      ,  -2.0716324741702135      ,  -1.5405291632885045     
  -1.9865941295375509      ,  -2.1160799622598705      ,  -1.6219168435451898     
  -2.0021900821215421      ,  -2.1388267571723301      ,  -1.6992297223010837     
  -1.9998568784817641      ,  -2.1362343452227091      ,  -1.7702888766971601     
  -1.9782224989062969      ,  -2.1054020599515408      ,  -1.8327639813947796     
  -1.9354128379500457      ,  -2.0445807668991480      ,  -1.8842909353405151     
  -1.8689145539824368      ,  -1.9535423966589387      ,  -1.9226215166584080     
  -1.7757838341540286      ,  -1.8338290488603362      ,  -1.9457930344686416     
  -1.6534430695038480      ,  -1.6888114028237018      ,  -1.9522989358118306     
  -1.5012775628265491      ,  -1.5235141097589926      ,  -1.9412368422279591     
  -1.3229005361932362      ,  -1.3442120210571691      ,  -1.9124105565793181     
  -1.1281341649353633      ,  -1.1578532144471796      ,  -1.8663681352799042     
 -0.93269356204549225      , -0.97140576902449882      ,  -1.8043683566136113     
 -0.75356218443305378      , -0.79124071353522030      ,  -1.7282803210774276     
 -0.60157757180345928      , -0.62264865754680543      ,  -1.6404321365977033     
 -0.47749419028271145      , -0.46954913069346166      ,  -1.5434317569348321     
 -0.37477108283436922      , -0.33440429339267902      ,  -1.4399846537350298     
 -0.28497460821782650      , -0.21830781663064763      ,  -1.3327295467317848     
 -0.20145691685908304      , -0.12119519779513725      ,  -1.2241066936955947     
 -0.12076366720444780      ,  -4.2115597683410992E-002 ,  -1.1162655197519116     
  -4.2650955437410015E-002 ,   2.0486709436646308E-002 ,  -1.0110115465697123     
   3.0645503505475132E-002 ,   6.8517777469615099E-002 , -0.90978775496973741     
   9.5476170501568605E-002 ,  0.10402626193743578      , -0.81368293448099915     
  0.14786852517704940      ,  0.12904874663052246      , -0.72345890814728753     
  0.18447662683096538      ,  0.14550507020936551      , -0.63958917068628618     
  0.20336902560294365      ,  0.15513562773870865      , -0.56230283043951657     
  0.20466421007416691      ,  0.15947093878374241      , -0.49162931722975295     
  0.19092277174736455      ,  0.15982416769303215      , -0.42744079806285401     
  0.16707974841426304      ,  0.15729872395344635      , -0.36949047281843572     
  0.13969587262885805      ,  0.15280484568268940      , -0.31744585488358845     
  0.11552427533269437      ,  0.14708076104513482      , -0.27091679461893292     
   9.9766819956047081E-002 ,  0.14071543813105639      , -0.22947842460269577     
   9.4670827214076339E-002 ,  0.13417102251796589      , -0.19268945063371956     
   9.9047575066592189E-002 ,  0.12780384748378712      , -0.16010633292912446     
  0.10890968206226456      ,  0.12188343978152048      , -0.13129393972555115     
  0.11897552851898785      ,  0.11660929459036382      , -0.10583324203678925     
  0.12449390623199154      ,  0.11212541045637760      ,  -8.3326575815892520E-002
  0.12278112809618079      ,  0.10853270131855734      ,  -6.3400941043187109E-002
  0.11400323004815532      ,  0.10589946947631626      ,  -4.5709745725188280E-002
  0.10099071316423863      ,  0.10427015253733518      ,  -2.9933342086985087E-002
   8.8172486029131053E-002 ,  0.10367256371322282      ,  -1.5778645510833335E-002
   8.0005102617998133E-002 ,  0.10412383785823971      ,  -2.9780755577153233E-003
   7.9455165404872671E-002 ,  0.10563528140448651      ,   8.7119867305855848E-003
   8.7063179078896338E-002 ,  0.10821630655474181      ,   1.9513070123515407E-002
  0.10088261241349016      ,  0.11187761099747581      ,   2.9626691293402192E-002
  0.11726692779655279      ,  0.11663374533339807      ,   3.9236545986113792E-002
  0.13219391267240782      ,  0.12250519210664432      ,   4.8510742915426050E-002
  0.14265235414489377      ,  0.12952006322130361      ,   5.7604029240280456E-002
  0.14761817845772909      ,  0.13771550677706540      ,   6.6659972083182917E-002
  0.14830993785911198      ,  0.14713890001021801      ,   7.5813073027227965E-002
  0.14767201460699719      ,  0.15784889200725963      ,   8.5190802334656729E-002
  0.14929933988927874      ,  0.16991634801598865      ,   9.4915547152699190E-002
  0.15620224472248226      ,  0.18342523629126711      ,  0.10510647354626416     
  0.16984541933952571      ,  0.19847348819084690      ,  0.11588130609579436     
  0.18977144526172582      ,  0.21517385232113451      ,  0.12735803123493067     
  0.21389977267661262      ,  0.23365475348327366      ,  0.13965653162546596     
  0.23936290683984252      ,  0.25406115644904970      ,  0.15290015875808619     
  0.26357056382987692      ,  0.27655542254615456      ,  0.16721724963564050     
  0.28512729883158067      ,  0.30131813284431563      ,  0.18274259076972924     
  0.30429284996667449      ,  0.32854883440907107      ,  0.19961882863850883     
  0.32284688776764003      ,  0.35846664439448767      ,  0.21799781994534886     
  0.34343802703675169      ,  0.39131061915952309      ,  0.23804190709181647     
  0.36867899110951463      ,  0.42733976025768178      ,  0.25992509369566286     
  0.40032571525936345      ,  0.46683248383084736      ,  0.28383408103491098     
  0.43882307687763245      ,  0.51008532201043177      ,  0.30996910807541045     
  0.48334803129598614      ,  0.55741055142552731      ,  0.33854451411498021     
  0.53229867474352399      ,  0.60913235169282998      ,  0.36978891269851522     
  0.58402604153687310      ,  0.66558098285394907      ,  0.40394482676344723     
  0.63752806022556874      ,  0.72708433304494668      ,  0.44126758626840140     
  0.69284950271065071      ,  0.79395602623684047      ,  0.48202322918040019     
  0.75105589330896683      ,  0.86647909879151963      ,  0.52648507335109662     
  0.81382635491301614      ,  0.94488406424180749      ,  0.57492854014299799     
  0.88286015306521082      ,   1.0293200115880103      ,  0.62762371220481183     
  0.95934354024855595      ,   1.1198172657769607      ,  0.68482500244872102     
   1.0436596649377567      ,   1.2162401498838087      ,  0.74675720953346603     
   1.1353869880090963      ,   1.3182286351005581      ,  0.81359715612049432     
   1.2334911021547188      ,   1.4251283035935616      ,  0.88545008151459337     
   1.3365331124104187      ,   1.5359092905780751      ,  0.96232003866968674     
   1.4427310007097147      ,   1.6490769691601981      ,   1.0440737963954980     
   1.5498208936978761      ,   1.7625803520093120      ,   1.1303982621456463     
   1.6548306899023302      ,   1.8737286770511576      ,   1.2207523257973252     
   1.7540065927299986      ,   1.9791323337539792      ,   1.3143153831750887     
   1.8431051342502835      ,   2.0746905761774594      ,   1.4099366878493840     
   1.9180288318657255      ,   2.1556539445227054      ,   1.5060920462594489     
   1.9754891206711398      ,   2.2167915023342668      ,   1.6008569537318578     
   2.0133087551795019      ,   2.2526884218042524      ,   1.6919075042317528     
   2.0302143426496930      ,   2.2581843870692953      ,   1.7765613825387028     
   2.0252698931800146      ,   2.2289354566246842      ,   1.8518697931255470     
   1.9972205166055694      ,   2.1620431645734275      ,   1.9147661847452768     
   1.9439790352299879      ,   2.0566529170936714      ,   1.9622686169821451     
   1.8624529736221100      ,   1.9143940614837531      ,   1.9917204286638490     
   1.7489607486050347      ,   1.7395340488428781      ,   2.0010411052933321     
   1.6005696102314426      ,   1.5387608201874197      ,   1.9889499507456627     
   1.4175708078346314      ,   1.3205875736851553      ,   1.9551235362441517     
   1.2066482479592777      ,   1.0944698721640391      ,   1.9002562817400708     
  0.98292677579458154      ,  0.86980197130440695      ,   1.8260108125278076     
  0.76750705202501723      ,  0.65498696600371087      ,   1.7348662255019947     
  0.57852871998293554      ,  0.45674402410833626      ,   1.6298915649064565     
  0.42212911475437642      ,  0.27974115223213653      ,   1.5144830970439576     
  0.29288166404038418      ,  0.12655500924438956      ,   1.3921050714225933     
  0.18121166772386382      ,  -2.1093609545281568E-003 ,   1.2660659784698975     
   7.9247596787996061E-002 , -0.10703999294361360      ,   1.1393497488246689     
  -1.7121301717772805E-002 , -0.19008160102014149      ,   1.0145082306768012     
 -0.10827530569602911      , -0.25371953242299472      ,  0.89361081724419855     
 -0.19172846196001223      , -0.30073129688479561      ,  0.77824067797363217     
 -0.26329715028847367      , -0.33392454246025399      ,  0.66952453904332021     
 -0.31834297082069002      , -0.35596005720225277      ,  0.56818335328088643     
 -0.35303553087353001      , -0.36924698732802863      ,  0.47459326396003948     
 -0.36563823814263668      , -0.37589322082260024      ,  0.38884895656509771     
 -0.35767820790476579      , -0.37769423707262845      ,  0.31082411065795684     
 -0.33458098093610805      , -0.37614639022080093      ,  0.24022584882287670     
 -0.30517532995883978      , -0.37247398388673925      ,  0.17664171537082027     
 -0.27973126924037134      , -0.36766269850571237      ,  0.11957883348917736     
 -0.26697641181285903      , -0.36249455027626887      ,   6.8495581330194732E-002
 -0.27132462393082180      , -0.35758150586839088      ,   2.2826506073900316E-002
 -0.29158858221191702      , -0.35339622047587044      ,  -1.7998639778078043E-002
 -0.32169953977352861      , -0.35029923678836039      ,  -5.4540824849171811E-002
 -0.35307765945833219      , -0.34856251030891594      ,  -8.7341759806201569E-002
 -0.37773011096802095      , -0.34838942264384626      , -0.11691723052267909     
 -0.39097144596377453      , -0.34993159229674742      , -0.14375306250130479     
 -0.39284896952415427      , -0.35330285041969134      , -0.16830313786135651     
 -0.38783123497485195      , -0.35859075534454887      , -0.19098898192971681     
 -0.38294010162712128      , -0.36586599856871060      , -0.21220052210168877     
 -0.38509951046944357      , -0.37519002047089617      , -0.23229769598738090     
 -0.39875732765743122      , -0.38662111437854607      , -0.25161264904947012     
 -0.42461829358178826      , -0.40021925684407017      , -0.27045231471455861     
 -0.45978644474968378      , -0.41604986199587363      , -0.28910121329269922     
 -0.49910477924060542      , -0.43418661921318441      , -0.30782434099060302     
 -0.53714213970071156      , -0.45471353602796433      , -0.32687004780146445     
 -0.57010766428643123      , -0.47772627159494169      , -0.34647282392138790     
 -0.59702084879621964      , -0.50333280959024207      , -0.36685592925790400     
 -0.61976897903555062      , -0.53165348217388397      , -0.38823381009042951     
 -0.64213887522717006      , -0.56282031778690689      , -0.41081425140154459     
 -0.66830383024308493      , -0.59697564414214421      , -0.43480021307211597     
 -0.70139581077823043      , -0.63426983296738892      , -0.46039129315319621     
 -0.74265848290456971      , -0.67485802422642949      , -0.48778475182937375     
 -0.79137730616829438      , -0.71889561443919947      , -0.51717601545449898     
 -0.84548342775301366      , -0.76653223684161209      , -0.54875856116675947     
 -0.90252322012209407      , -0.81790390218311593      , -0.58272305918769784     
 -0.96060235626469692      , -0.87312291159351063      , -0.61925562236534037     
  -1.0189646983351548      , -0.93226510369459192      , -0.65853498173058778     
  -1.0780422098405373      , -0.99535396770232754      , -0.70072837453749337     
  -1.1390420634638068      ,  -1.0623411591474730      , -0.74598590049483626     
  -1.2033088156317977      ,  -1.1330830190770358      , -0.79443307761640658     
  -1.2717364332503873      ,  -1.2073128544503686      , -0.84616131890993951     
  -1.3444178469687258      ,  -1.2846090303135032      , -0.90121606603373261     
  -1.4205812751144404      ,  -1.3643594057596606      , -0.95958237131782331     
  -1.4987459816097000      ,  -1.4457233725700702      ,  -1.0211678349887090     
  -1.5769741776903827      ,  -1.5275937779192856      ,  -1.0857830039380234     
  -1.6531059357142694      ,  -1.6085623533591964      ,  -1.1531196477268890     
  -1.7249210628753777      ,  -1.6868938939161400      ,  -1.2227277695525685     
  -1.7902370607807467      ,  -1.7605161903145281      ,  -1.2939927958138346     
  -1.8469834924753648      ,  -1.8270343129837907      ,  -1.3661151039794051     
  -1.8932750207506084      ,  -1.8837787772127064      ,  -1.4380948387112886     
  -1.9274641415106670      ,  -1.9278966816365157      ,  -1.5087257139824952     
  -1.9481328517470973      ,  -1.9564922881605553      ,  -1.5766020145148025     
  -1.9539985703317755      ,  -1.9668179842404507      ,  -1.6401430354681412     
  -1.9437472160639686      ,  -1.9565078935156675      ,  -1.6976384459203631     
  -1.9158410098424175      ,  -1.9238352622592316      ,  -1.7473162883833551     
  -1.8683742654226443      ,  -1.8679631247608479      ,  -1.7874324592804500     
  -1.7990790995708936      ,  -1.7891488963989355      ,  -1.8163767754887499     
  -1.7056235921729945      ,  -1.6888613174542515      ,  -1.8327867172578691     
  -1.5863734035433210      ,  -1.5697756537403367      ,  -1.8356565804305158     
  -1.4417167172411480      ,  -1.4356308657342878      ,  -1.8244281277482193     
  -1.2757398864918124      ,  -1.2909575812169940      ,  -1.7990497282333926     
  -1.0974166705531059      ,  -1.1407118013422741      ,  -1.7599946421626305     
 -0.91984005125437318      , -0.98986866166433762      ,  -1.7082349636031091     
 -0.75647857043654698      , -0.84303727905915227      ,  -1.6451744759519611     
 -0.61607465434506081      , -0.70414998917810345      ,  -1.5725497021054149     
