   1.2457127479628400      ,   2.1229450724483714      ,   1.4655193661558268     
   2.1408734406073742      ,   2.1929852415350255      ,   1.5610585270229873     
   2.3046294723779304      ,   2.2400776937172493      ,   1.6539053462152871     
   2.3112717719823705      ,   2.2589017442634218      ,   1.7415228812149708     
   2.2222374017880129      ,   2.2447042742917840      ,   1.8210630112943438     
   2.1316916162919206      ,   2.1939089102960634      ,   1.8894909061409448     
   2.0391364878503584      ,   2.1047402225179983      ,   1.9437656688917380     
   1.9416504489317168      ,   1.9777454803439807      ,   1.9810672081207392     
   1.8254321174778614      ,   1.8160821072783706      ,   1.9990464820024860     
   1.6826374421501915      ,   1.6254624622894605      ,   1.9960649989817625     
   1.5079831063398534      ,   1.4137129629515430      ,   1.9713841858516696     
   1.3035134727529329      ,   1.1899972664110152      ,   1.9252693066812612     
   1.0798426457401351      ,  0.96384218103004549      ,   1.8589865037522069     
  0.85612574394695684      ,  0.74415591195967179      ,   1.7746919444430655     
  0.65311903516215031      ,  0.53842131673974125      ,   1.6752329415465239     
  0.48256037139195002      ,  0.35218728446955988      ,   1.5638959838847664     
  0.34294081586676045      ,  0.18889565376218667      ,   1.4441420266186100     
  0.22525720782326913      ,   5.0001978019320249E-002 ,   1.3193650556489360     
  0.12032017241254284      ,  -6.4700883798565631E-002 ,   1.1926989228874905     
   2.2263669401566419E-002 , -0.15666063759309845      ,   1.0668841267543117     
  -7.0848512046064474E-002 , -0.22813426990100699      ,  0.94419438639734021     
 -0.15763971057462881      , -0.28180797976757588      ,  0.82641469034470127     
 -0.23450909656737784      , -0.32049834109380249      ,  0.71485843581946695     
 -0.29686427149507899      , -0.34694074961631782      ,  0.61041059040920653     
 -0.34037983711566949      , -0.36365620077566646      ,  0.51358530372947420     
 -0.36228011964184370      , -0.37288048745330526      ,  0.42458891988492709     
 -0.36259165545066335      , -0.37653861886822665      ,  0.34338204425120999     
 -0.34506941247235445      , -0.37624917459232166      ,  0.26973670639260389     
 -0.31724304498113876      , -0.37334652660465156      ,  0.20328652779630416     
 -0.28907079691538123      , -0.36891220776140959      ,  0.14356912745924336     
 -0.27027420566607030      , -0.36380958762195265      ,   9.0060855130340983E-002
 -0.26731003936163922      , -0.35871823902491112      ,   4.2204439621893741E-002
 -0.28135011309394592      , -0.35416596004674755      ,  -5.6961569239652996E-004
 -0.30816240646000453      , -0.35055746826940914      ,  -3.8826978221081797E-002
 -0.33988027092443657      , -0.34819944144875398      ,  -7.3117879548269940E-002
 -0.36792585078230211      , -0.34732196114584557      , -0.10396913675487859     
 -0.38601105978289568      , -0.34809661831423416      , -0.13187907821838246     
 -0.39217883977536128      , -0.35065163044657438      , -0.15731475324318300     
 -0.38922060361793276      , -0.35508434474769440      , -0.18071090378070817     
 -0.38338619587894340      , -0.36147149037983400      , -0.20247026648446861     
 -0.38193625277606114      , -0.36987751301508459      , -0.22296485238673353     
 -0.39053340726343294      , -0.38036128702789984      , -0.24253791924495635     
 -0.41145677544434484      , -0.39298146021187508      , -0.26150640862046931     
 -0.44317262179033978      , -0.40780064560972051      , -0.28016366693359418     
 -0.48123812718871184      , -0.42488863596647064      , -0.29878230811027573     
 -0.52010443822687769      , -0.44432477860534586      , -0.31761710598075332     
 -0.55514572686467800      , -0.46619961183729980      , -0.33690782818834025     
 -0.58419208820361235      , -0.49061582772856122      , -0.35688194075595159     
 -0.60804847108226090      , -0.51768858938690709      , -0.37775712423213165     
 -0.62989847235465302      , -0.54754519301577265      , -0.39974354894277481     
 -0.65393729420521463      , -0.58032402491292434      , -0.42304585861538374     
 -0.68383998361877774      , -0.61617272046811900      , -0.44786480869756806     
 -0.72164328066954708      , -0.65524538527947807      , -0.47439849813077212     
 -0.76736524446485177      , -0.69769868729453444      , -0.50284312115890861     
 -0.81937051555078377      , -0.74368657348523226      , -0.53339314892254241     
 -0.87524036028421115      , -0.79335330605295495      , -0.56624082914757556     
 -0.93277328253382463      , -0.84682445416439756      , -0.60157486641105617     
 -0.99073914567123689      , -0.90419542278911047      , -0.63957811587315860     
  -1.0491414685057829      , -0.96551705894731876      , -0.68042409129601356     
  -1.1089642774478405      ,  -1.0307778612015503      , -0.72427205599499500     
  -1.1715879677855914      ,  -1.0998823509037625      , -0.77126043706710912     
  -1.2381524938618234      ,  -1.1726252724491224      , -0.82149828508863920     
  -1.3091009459714746      ,  -1.2486615134322572      , -0.87505450283288311     
  -1.3840076316078249      ,  -1.3274720230237296      , -0.93194460068929952     
  -1.4616620723074656      ,  -1.4083266142620134      , -0.99211482113025040     
  -1.5402979840602631      ,  -1.4902454189606513      ,  -1.0554236320282695     
  -1.6178420033272165      ,  -1.5719619618454443      ,  -1.1216208443547895     
  -1.6921005410632983      ,  -1.6518923291820697      ,  -1.1903249890188543     
  -1.7608722094344333      ,  -1.7281166388091584      ,  -1.2610001085055818     
  -1.8220229018234504      ,  -1.7983807511966154      ,  -1.3329337815139992     
  -1.8735605595215405      ,  -1.8601274883067285      ,  -1.4052189689836077     
  -1.9137071737535469      ,  -1.9105669316404634      ,  -1.4767430611370855     
  -1.9409290289487733      ,  -1.9467938643396794      ,  -1.5461881616983577     
  -1.9538862904509542      ,  -1.9659562972366709      ,  -1.6120469374818855     
  -1.9512962396404026      ,  -1.9654717519920386      ,  -1.6726580056065574     
  -1.9317441319233191      ,  -1.9432777608327523      ,  -1.7262635486630262     
  -1.8935050987603657      ,  -1.8980912374186156      ,  -1.7710894706649931     
  -1.8344655537614636      ,  -1.8296406962393050      ,  -1.8054450031124267     
  -1.7522673167509033      ,  -1.7388294866500131      ,  -1.8278346624583925     
  -1.6448374571628113      ,  -1.6277909378168240      ,  -1.8370716452890137     
  -1.5114559654307398      ,  -1.4998095542228083      ,  -1.8323791687938058     
  -1.3543284033868592      ,  -1.3591048903602743      ,  -1.8134659116009328     
  -1.1801437060132574      ,  -1.2105014823689850      ,  -1.7805641330966038     
  -1.0003908375549799      ,  -1.0590317642324893      ,  -1.7344240464755345     
 -0.82897911862952323      , -0.90953204853726333      ,  -1.6762645840380972     
 -0.67734443816661616      , -0.76629045839720311      ,  -1.6076872838821734     
 -0.55030955444324769      , -0.63279111119684861      ,  -1.5305650890616394     
 -0.44597336590656417      , -0.51157614327258938      ,  -1.4469203331926654     
 -0.35878506904554142      , -0.40422348056081997      ,  -1.3588058440310067     
 -0.28278628041940740      , -0.31141976406450217      ,  -1.2682004526181798     
 -0.21353538035611314      , -0.23309778801163680      ,  -1.1769262441082506     
 -0.14881851229606038      , -0.16860623877588951      ,  -1.0865906987991416     
  -8.8571822116063043E-002 , -0.11688420726929609      , -0.99855328422125944     
  -3.4335688238052511E-002 ,  -7.6620826960369842E-002 , -0.91391352682143312     
   1.1506717047824258E-002 ,  -4.6388750188870759E-002 , -0.83351620498294843     
   4.6505611184991608E-002 ,  -2.4747247274474339E-002 , -0.75796889974055193     
   6.8814118654124096E-002 ,  -1.0315729998428632E-002 , -0.68766743138630215     
   7.7701960271746529E-002 ,  -1.8214478280048640E-003 , -0.62282540323619306     
   7.3883071985328008E-002 ,   1.8736213420180853E-003 , -0.56350492439458066     
   5.9598989394169147E-002 ,   1.7615356216361129E-003 , -0.50964642339749555     
   3.8378346363712151E-002 ,  -1.3118115952818158E-003 , -0.46109619835676158     
   1.4435553625194830E-002 ,  -6.6396574477651698E-003 , -0.41763093670120399     
  -8.2048707956639925E-003 ,  -1.3643028666461270E-002 , -0.37897887546563841     
  -2.6622118754093815E-002 ,  -2.1857230537399887E-002 , -0.34483757807297111     
  -3.9641085259219909E-002 ,  -3.0917647516997382E-002 , -0.31488850072089442     
  -4.7963807886421010E-002 ,  -4.0545828998756465E-002 , -0.28880863680281205     
  -5.3740202074775582E-002 ,  -5.0536458215814865E-002 , -0.26627958437632082     
  -5.9734666255867507E-002 ,  -6.0745535952676205E-002 , -0.24699439830948178     
  -6.8376096495422298E-002 ,  -7.1079928829461902E-002 , -0.23066257968419340     
  -8.0995044968366764E-002 ,  -8.1488312368645233E-002 , -0.21701353068754367     
  -9.7469591620763907E-002 ,  -9.1953464011745173E-002 , -0.20579877078846398     
 -0.11636384823130594      , -0.10248581711414667      , -0.19679317430099824     
 -0.13549067691341896      , -0.11311816375377477      , -0.18979545356896593     
 -0.15269859725973947      , -0.12390138486828309      , -0.18462807785078555     
 -0.16661146712477978      , -0.13490108585741281      , -0.18113678659492613     
 -0.17707084619605792      , -0.14619502096295234      , -0.17918982768631697     
 -0.18514311135321029      , -0.15787119815256992      , -0.17867702656820605     
 -0.19271274355847684      , -0.17002656630521587      , -0.17950877083502106     
 -0.20182673444410076      , -0.18276619714175962      , -0.18161497674609636     
 -0.21403012561145895      , -0.19620288481528092      , -0.18494408884528565     
 -0.22991765455395416      , -0.21045709584136973      , -0.18946215116338330     
 -0.24903638746197071      , -0.22565721072115474      , -0.19515197798646983     
 -0.27014816071503572      , -0.24194000588268194      , -0.20201244354666020     
 -0.29174146739562029      , -0.25945133017162558      , -0.21005790288735099     
 -0.31260524776996768      , -0.27834693379168085      , -0.21931775023200070     
 -0.33226508024691054      , -0.29879340902458551      , -0.22983611610438576     
 -0.35113972090858780      , -0.32096920087564484      , -0.24167169986552495     
 -0.37038201964587314      , -0.34506564151254326      , -0.25489772989084503     
 -0.39148254774330593      , -0.37128795436713680      , -0.26960203892761031     
 -0.41579322499233784      , -0.39985616123761175      , -0.28588723682235340     
 -0.44414401253932978      , -0.43100580761439661      , -0.30387095630563832     
 -0.47667792895897226      , -0.46498839643186035      , -0.32368613929883611     
 -0.51294242699031778      , -0.50207138687697239      , -0.34548132058916198     
 -0.55218296559722924      , -0.54253757078717313      , -0.36942085189663620     
 -0.59371826641458192      , -0.58668358224765382      , -0.39568499136519159     
 -0.63725652434960001      , -0.63481722373640304      , -0.42446976021377292     
 -0.68304340132641683      , -0.68725320205339335      , -0.45598643837758396     
 -0.73180343330025277      , -0.74430675725310036      , -0.49046053302116105     
 -0.78451758149948370      , -0.80628453708180048      , -0.52813000635325302     
 -0.84213705235686176      , -0.87347191981658512      , -0.56924249093951840     
 -0.90534460959308405      , -0.94611582648685610      , -0.61405115097201413     
 -0.97443907257299500      ,  -1.0244019038421510      , -0.66280876718600912     
  -1.0493563188958726      ,  -1.1084248294944457      , -0.71575953398672687     
  -1.1297788638504529      ,  -1.1981504370039850      , -0.77312796625371349     
  -1.2152497469097274      ,  -1.2933684551491871      , -0.83510423251032928     
  -1.3052073120693830      ,  -1.3936350120537007      , -0.90182518174023896     
  -1.3988941835985929      ,  -1.4982048238685792      , -0.97335034643113805     
  -1.4951536163087562      ,  -1.6059543643073384      ,  -1.0496323335922244     
  -1.5921910114381814      ,  -1.7152995155211928      ,  -1.1304813258783022     
  -1.6874265509026223      ,  -1.8241144286973070      ,  -1.2155239907546520     
  -1.7775681334034878      ,  -1.9296626473165661      ,  -1.3041580287422825     
  -1.8589594791416155      ,  -2.0285567510694142      ,  -1.3955049591156097     
  -1.9281092957353705      ,  -2.1167681279727408      ,  -1.4883655626288721     
  -1.9821715384958092      ,  -2.1897124730225968      ,  -1.5811845732323351     
  -2.0191485906287356      ,  -2.2424368401855683      ,  -1.6720334281675850     
  -2.0377415224277793      ,  -2.2699274515027903      ,  -1.7586215675428791     
  -2.0369420215485285      ,  -2.2675410704442771      ,  -1.8383470568267553     
  -2.0155337828189039      ,  -2.2315354793862863      ,  -1.9083951718011813     
  -1.9716625889244264      ,  -2.1596393728573404      ,  -1.9658881976733313     
  -1.9026271046862815      ,  -2.0515673608482117      ,  -2.0080809159886481     
  -1.8050929904502071      ,  -1.9093654042820782      ,  -2.0325851947350984     
  -1.6760195198830827      ,  -1.7374802521795818      ,  -2.0375963442642169     
  -1.5145554914154495      ,  -1.5424908645419049      ,  -2.0220870557072868     
  -1.3247316828663547      ,  -1.3325138890316865      ,  -1.9859351503616736     
  -1.1177802853112027      ,  -1.1163770895205816      ,  -1.9299604824015189     
 -0.91163148669298122      , -0.90271463970216792      ,  -1.8558625427495614     
 -0.72508851999291546      , -0.69915333805288005      ,  -1.7660691607004873     
 -0.56879952246919763      , -0.51172455627362157      ,  -1.6635226118661581     
 -0.44135371002088819      , -0.34456902251457822      ,  -1.5514380456062040     
 -0.33385553041690752      , -0.19992742058226354      ,  -1.4330689555593126     
 -0.23666547491420220      ,  -7.8353635495356427E-002 ,  -1.3115070018535810     
 -0.14321948962503081      ,   2.0938678205007655E-002 ,  -1.1895322925370455     
  -5.1054015972106348E-002 ,   9.9683331970804839E-002 ,  -1.0695188846258392     
   3.8632373098861972E-002 ,  0.16018938887226788      , -0.95339135265482711     
  0.12210396721281033      ,  0.20502955102225520      , -0.84262287340932207     
  0.19441654152815607      ,  0.23680505324691808      , -0.73826321303702513     
  0.25064679705911547      ,  0.25798571518553559      , -0.64098540203572851     
  0.28695659809109919      ,  0.27081406721431378      , -0.55114169936627055     
  0.30156689952462878      ,  0.27725876812910116      , -0.46882179683512121     
  0.29562639601913165      ,  0.27900274777112255      , -0.39390850780487019     
  0.27371300131296600      ,  0.27745373025931797      , -0.32612810965688144     
  0.24351300583451008      ,  0.27376767687771925      , -0.26509396378805872     
  0.21433756950538674      ,  0.26887844999022875      , -0.21034304104239709     
  0.19467936444317566      ,  0.26352928555378896      , -0.16136561312245876     
  0.18969144866512988      ,  0.25830338361003830      , -0.11762872548202521     
  0.19969318152804205      ,  0.25365213339961845      ,  -7.8594230329419618E-002
  0.22034805035258156      ,  0.24992028571985089      ,  -4.3732198406493103E-002
  0.24440756039622213      ,  0.24736787928073103      ,  -1.2530495478973122E-002
  0.26433193337183858      ,  0.24618901419420672      ,   1.5498761649762946E-002
  0.27485360559254141      ,  0.24652771658972086      ,   4.0815242249198726E-002
  0.27464280953521270      ,  0.24849120507191619      ,   6.3848395057936713E-002
  0.26657002214415992      ,  0.25216088680275600      ,   8.4996947291091016E-002
  0.25651748037986455      ,  0.25760140041147883      ,  0.10462953672164868     
  0.25118940784396210      ,  0.26486799812752337      ,  0.12308617297080882     
  0.25575281098183439      ,  0.27401252828755540      ,  0.14068028317307485     
  0.27217767593289932      ,  0.28508824596383264      ,  0.15770114704959190     
  0.29880327664147704      ,  0.29815364605313538      ,  0.17441656789863064     
  0.33117148483533126      ,  0.31327548066923111      ,  0.19107565995241765     
  0.36375770468636809      ,  0.33053109129916319      ,  0.20791165978693618     
  0.39196503983729525      ,  0.35001015569947541      ,  0.22514469075587282     
  0.41367702931138089      ,  0.37181591944846470      ,  0.24298442539145085     
  0.42984007684477032      ,  0.39606595177792658      ,  0.26163260189036275     
  0.44392314388426879      ,  0.42289243397840254      ,  0.28128535757025835     
  0.46053161055506742      ,  0.45244195537173576      ,  0.30213534479742682     
  0.48375497724772926      ,  0.48487475552864823      ,  0.32437359347328226     
  0.51587265684924688      ,  0.52036331095555033      ,  0.34819107871969512     
  0.55683242766162266      ,  0.55909011875466963      ,  0.37377994279216353     
  0.60459026192963661      ,  0.60124447776365575      ,  0.40133430624077332     
  0.65610328322577627      ,  0.64701800872700355      ,  0.43105058462564538     
  0.70856992272439945      ,  0.69659858914627970      ,  0.46312720335904639     
  0.76044968906767751      ,  0.75016230682968776      ,  0.49776357426593426     
  0.81190158059649264      ,  0.80786296208517894      ,  0.53515816326300703     
  0.86453360190560469      ,  0.86981857845954313      ,  0.57550543970562862     
  0.92064596365520179      ,  0.93609432723212493      ,  0.61899145589766924     
  0.98233239755064905      ,   1.0066812497723858      ,  0.66578776291098896     
   1.0507983253095741      ,   1.0814702020791576      ,  0.71604333133576936     
   1.1260964231104869      ,   1.1602205871984252      ,  0.76987412117325282     
   1.2072737141664938      ,   1.2425237379106899      ,  0.82734994640491488     
   1.2927640646295773      ,   1.3277613327337383      ,  0.88847832494687062     
   1.3807946064194041      ,   1.4150600519922343      ,  0.95318511823163443     
   1.4696150991483632      ,   1.5032448850857092      ,   1.0212919774044968     
   1.5574838334760965      ,   1.5907951368249806      ,   1.0924909602993793     
   1.6424929962458052      ,   1.6758092336481305      ,   1.1663171991790231     
   1.7224096640658435      ,   1.7559867539213359      ,   1.2421212063624751     
   1.7946886483668030      ,   1.8286383484215454      ,   1.3190432973004009     
   1.8566894549618651      ,   1.8907357477549998      ,   1.3959936298273332     
   1.9059833551479013      ,   1.9390139414672936      ,   1.4716423658616045     
   1.9405727502933419      ,   1.9701347168167749      ,   1.5444252179966029     
   1.9589042389696649      ,   1.9809139931688384      ,   1.6125698074137198     
   1.9596776513922738      ,   1.9686042965658759      ,   1.6741474332865141     
   1.9415433657499261      ,   1.9312090665239734      ,   1.7271526879999526     
   1.9028084562215506      ,   1.8677898948641325      ,   1.7696097139064220     
   1.8412737908569694      ,   1.7787157727778797      ,   1.7996990584772179     
   1.7543435257066418      ,   1.6658004180897077      ,   1.8158938485468463     
   1.6395915187857941      ,   1.5322841264031259      ,   1.8170896522382194     
   1.4959711031796592      ,   1.3826410816817760      ,   1.8027103842661085     
   1.3256613797797407      ,   1.2222271300857113      ,   1.7727740487535097     
   1.1359720586054420      ,   1.0568173954948450      ,   1.7279072363722550     
  0.93981161743063668      ,  0.89210699497372936      ,   1.6693051785598141     
  0.75283157798065803      ,  0.73325371885859658      ,   1.5986429288824242     
  0.58755082270372883      ,  0.58452759738698601      ,   1.5179506812892458     
  0.44884353883628580      ,  0.44910440619877645      ,   1.4294706036630744     
  0.33451352503621079      ,  0.32900804302432490      ,   1.3355131575457599     
  0.23907426722713884      ,  0.22517975761350253      ,   1.2383281301111788     
  0.15704285782422053      ,  0.13763619500143201      ,   1.1400007631493552     
   8.4564354322685498E-002 ,   6.5674125912785541E-002 ,   1.0423779110055031     
   1.9849144482388531E-002 ,   8.0849226673441309E-003 ,  0.94702432864755492     
  -3.7038922948467098E-002 ,  -3.6647959318350160E-002 ,  0.85520570116662220     
  -8.4745114978669378E-002 ,  -7.0183985503209742E-002 ,  0.76789306686827385     
 -0.12135321169619505      ,  -9.4198889559875751E-002 ,  0.68578266487044659     
 -0.14514956500286724      , -0.11029539148430681      ,  0.60932557376670549     
 -0.15532545303780856      , -0.11994634888404937      ,  0.53876239312829344     
 -0.15252541010243512      , -0.12446374781749646      ,  0.47415931772987213     
 -0.13911702597800707      , -0.12498684092459350      ,  0.41544303521539272     
 -0.11903612406495966      , -0.12248351306069007      ,  0.36243281295299978     
  -9.7123570889877553E-002 , -0.11776008759970902      ,  0.31486887817539688     
  -7.8048365508024159E-002 , -0.11147595722127562      ,  0.27243673610220331     
  -6.5134283341814869E-002 , -0.10416046098667439      ,  0.23478743889501760     
  -5.9521531817318438E-002 ,  -9.6230268745729916E-002 ,  0.20155404923322520     
  -5.9997436459155985E-002 ,  -8.8006169680094323E-002 ,  0.17236467135236386     
  -6.3568120134798026E-002 ,  -7.9728619465646910E-002 ,  0.14685248014890553     
  -6.6561742773541904E-002 ,  -7.1571715908854167E-002 ,  0.12466318963701144     
  -6.5877684194830297E-002 ,  -6.3655481380319207E-002 ,  0.10546038361411331     
  -5.9972750828436540E-002 ,  -5.6056462123818873E-002 ,   8.8929096525659293E-002
  -4.9284640695175637E-002 ,  -4.8816733180471229E-002 ,   7.4777989758615271E-002
  -3.5981608999222842E-002 ,  -4.1951440676735785E-002 ,   6.2740423449201291E-002
  -2.3142788498911236E-002 ,  -3.5455032936478358E-002 ,   5.2574679744355923E-002
  -1.3661427430748592E-002 ,  -2.9306336777311121E-002 ,   4.4063552248866676E-002
  -9.2564236181451928E-003 ,  -2.3472631137315080E-002 ,   3.7013479116549064E-002
  -9.9290786788921344E-003 ,  -1.7912860613176592E-002 ,   3.1253364298961861E-002
  -1.4030670818013583E-002 ,  -1.2580119031930273E-002 ,   2.6633202873642056E-002
  -1.8886565471319977E-002 ,  -7.4235194168164684E-003 ,   2.3022601941961349E-002
  -2.1735809634316004E-002 ,  -2.3895526643297050E-003 ,   2.0309267999732566E-002
  -2.0651253342124191E-002 ,   2.5769764294678002E-003 ,   1.8397514567913990E-002
  -1.5130569054483846E-002 ,   7.5323600723385788E-003 ,   1.7206829832404586E-002
  -6.1766762770403653E-003 ,   1.2533681512562971E-002 ,   1.6670532691262046E-002
   4.1336423210934095E-003 ,   1.7638739228033853E-002 ,   1.6734536573687991E-002
   1.3422656187975397E-002 ,   2.2906157954650883E-002 ,   1.7356233333978746E-002
   1.9847844233233190E-002 ,   2.8395651775810059E-002 ,   1.8503504123173291E-002
   2.2714347491528317E-002 ,   3.4168411947193139E-002 ,   2.0153860122593532E-002
   2.2667688224917850E-002 ,   4.0287598573695890E-002 ,   2.2293713141477826E-002
   2.1423431933625427E-002 ,   4.6818920772964574E-002 ,   2.4917774122068557E-002
   2.1149111485366703E-002 ,   5.3831294641373525E-002 ,   2.8028576376258642E-002
   2.3725727753040982E-002 ,   6.1397572269541886E-002 ,   3.1636119741692989E-002
   3.0145591958765757E-002 ,   6.9595338313741359E-002 ,   3.5757631659391192E-002
   4.0243322371093411E-002 ,   7.8507773281989768E-002 ,   4.0417441327286856E-002
   5.2833606757535359E-002 ,   8.8224584786854909E-002 ,   4.5646963479192816E-002
   6.6188775735046862E-002 ,   9.8843009576148722E-002 ,   5.1484788894276025E-002
   7.8678179869461379E-002 ,  0.11046889017470396      ,   5.7976879384914290E-002
   8.9344991743306248E-002 ,  0.12321783041693192      ,   6.5176865672310277E-002
   9.8227896462669023E-002 ,  0.13721643393795990      ,   7.3146447170941875E-002
  0.10633118265944640      ,  0.15260362868110805      ,   8.1955893190802181E-002
  0.11527117172841672      ,  0.16953207845828508      ,   9.1684645344361937E-002
  0.12673622170175802      ,  0.18816967925929715      ,  0.10242202090719046     
  0.14195470773918259      ,  0.20870113291326453      ,  0.11426801639108988     
  0.16135244756783093      ,  0.23132958326445305      ,  0.12733420946757795     
  0.18450649593679158      ,  0.25627828942655712      ,  0.14174475538966241     
  0.21039605289835778      ,  0.28379229583655963      ,  0.15763747088302618     
  0.23785067204726440      ,  0.31414003829503662      ,  0.17516499368889293     
  0.26603313187178634      ,  0.34761479704822135      ,  0.19449599897351566     
  0.29478867090952504      ,  0.38453586975492132      ,  0.21581644392278115     
  0.32474499816098279      ,  0.42524928569696840      ,  0.23933079802753432     
  0.35713979446615091      ,  0.47012781380497676      ,  0.26526319755009375     
  0.39345083195942016      ,  0.51956992601299135      ,  0.29385843679191381     
  0.43497183096034719      ,  0.57399725820589576      ,  0.32538267396696935     
  0.48248975674316041      ,  0.63384995688781476      ,  0.36012368314484444     
  0.53617394266827112      ,  0.69957910375106158      ,  0.39839042277848546     
  0.59570404926559950      ,  0.77163516659707754      ,  0.44051161226904401     
  0.66057401998804410      ,  0.85045113084173762      ,  0.48683290717601213     
  0.73044451098463259      ,  0.93641862573563228      ,  0.53771213779833738     
  0.80540043640804981      ,   1.0298549921469877      ,  0.59351192318830193     
  0.88601107648524635      ,   1.1309588877514196      ,  0.65458879492291688     
  0.97317130389848261      ,   1.2397517747754763      ,  0.72127777049431474     
   1.0677844115028947      ,   1.3560026313389530      ,  0.79387112490455902     
   1.1703861500209958      ,   1.4791337050455708      ,  0.87258995955215146     
   1.2807879991646056      ,   1.6081064368808913      ,  0.95754712642466444     
   1.3977625799451574      ,   1.7412893019177593      ,   1.0487002384026967     
   1.5187696806641637      ,   1.8763138155898438      ,   1.1457940364240928     
   1.6397872616768154      ,   2.0099318942507094      ,   1.2482924930836636     
   1.7554453120556328      ,   2.1378973961878445      ,   1.3553029398616954     
   1.8596878409135889      ,   2.2549064777318151      ,   1.4654974099608737     
   1.9469016380636370      ,   2.3546433513064033      ,   1.5770403371301229     
   2.0129849224248666      ,   2.4299858367995242      ,   1.6875364451886767     
   2.0557273943149839      ,   2.4734218891438644      ,   1.7940172231606923     
   2.0743419904119080      ,   2.4777056673536721      ,   1.8929871604190438     
   2.0685012051882437      ,   2.4367331707699966      ,   1.9805495722426576     
   2.0373410178139650      ,   2.3465443731214122      ,   2.0526239233744605     
   1.9787537815534595      ,   2.2062768910334571      ,   2.1052507294668348     
   1.8891987124235279      ,   2.0188375363135775      ,   2.1349578202379615     
   1.7643211249130568      ,   1.7910618331619277      ,   2.1391383069182974     
   1.6007685753191627      ,   1.5332228917328097      ,   2.1163745456471621     
   1.3993679647534956      ,   1.2579174386146803      ,   2.0666422782241312     
   1.1689163480103020      ,  0.97854134297999718      ,   1.9913488137310020     
  0.92815983381701039      ,  0.70769136313762082      ,   1.8931943560315410     
  0.70155573728591702      ,  0.45583824664640421      ,   1.7758848688803412     
  0.50696132389801662      ,  0.23050927023430751      ,   1.6437546594339536     
  0.34597315073367807      ,   3.6050505143438528E-002 ,   1.5013681551015559     
  0.20840209790963765      , -0.12611607209068093      ,   1.3531623917873992     
   8.2826061119578895E-002 , -0.25691646736808738      ,   1.2031709132144586     
  -3.7688389166255581E-002 , -0.35892099368569275      ,   1.0548452921163320     
 -0.15472817029045569      , -0.43566570606659138      ,  0.91096991287466522     
 -0.26554111803812064      , -0.49109073009665027      ,  0.77365276665340721     
 -0.36452144000824083      , -0.52913030916021508      ,  0.64436993400604248     
 -0.44474645789559991      , -0.55344944453988010      ,  0.52404215255857545     
 -0.49962431163149501      , -0.56730092427670731      ,  0.41312580382037600     
 -0.52486724281436392      , -0.57347008422848955      ,  0.31170564749703555     
 -0.52070525747763829      , -0.57427697668179878      ,  0.21958131569322537     
 -0.49360102417431284      , -0.57161183544461391      ,  0.13634331255018414     
 -0.45615561554050882      , -0.56698665329823184      ,   6.1436906494710515E-002
 -0.42416931563071342      , -0.56159171937918373      ,  -5.7860203865394491E-003
 -0.41146624101856094      , -0.55635054902165548      ,  -6.6026161440253139E-002
 -0.42499754972849463      , -0.55196980285759600      , -0.12000557659049557     
 -0.46273941347798631      , -0.54898280315761561      , -0.16844453580434451     
 -0.51508346700440388      , -0.54778643087851842      , -0.21204493240616626     
 -0.56882743910620137      , -0.54867180518917957      , -0.25147893945101157     
 -0.61215173879839824      , -0.55184942003972071      , -0.28738176978518815     
 -0.63872448311208807      , -0.55746948611134617      , -0.32034758760914694     
 -0.64942901682771792      , -0.56563819546380900      , -0.35092779030212551     
 -0.65121309644001713      , -0.57643054706452279      , -0.37963102752785310     
 -0.65379417119853034      , -0.58990027587016369      , -0.40692444907360542     
 -0.66581570209840202      , -0.60608733244994850      , -0.43323577496980942     
 -0.69204991263105475      , -0.62502327145361625      , -0.45895586375767139     
 -0.73245557341061163      , -0.64673482781757508      , -0.48444152011735980     
 -0.78300081514742548      , -0.67124588940194041      , -0.51001833407320762     
 -0.83764786014367265      , -0.69857801281065290      , -0.53598338297267722     
 -0.89069695247972291      , -0.72874957445346822      , -0.56260765637729260     
 -0.93865638471318680      , -0.76177360083665890      , -0.59013808461061679     
 -0.98102260026205013      , -0.79765428065106081      , -0.61879906548882424     
  -1.0198436628930625      , -0.83638212735544426      , -0.64879339212775489     
  -1.0584636110165544      , -0.87792773658273071      , -0.68030248910997815     
  -1.1000993819400806      , -0.92223407105529098      , -0.71348586628439714     
  -1.1468016380003700      , -0.96920721151846778      , -0.74847970091958682     
  -1.1990527213654603      ,  -1.0187055419305131      , -0.78539446213172392     
  -1.2559620570560168      ,  -1.0705273990196120      , -0.82431149933192061     
  -1.3158346477304426      ,  -1.1243973202013882      , -0.86527853247538133     
  -1.3768225449992164      ,  -1.1799511806106666      , -0.90830401053099619     
  -1.4374068227591930      ,  -1.2367207301277516      , -0.95335035097060483     
  -1.4965766400737266      ,  -1.2941183324021865      ,  -1.0003261428697443     
  -1.5537234179031068      ,  -1.3514230708375985      ,  -1.0490774950421622     
  -1.6083811620405024      ,  -1.4077698097463391      ,  -1.0993788430539364     
  -1.6599713200830364      ,  -1.4621432513207209      ,  -1.1509236968342043     
  -1.7076602276841877      ,  -1.5133794522476787      ,  -1.2033160107705185     
  -1.7503554641260588      ,  -1.5601775654106953      ,  -1.2560630796131806     
  -1.7868005144602339      ,  -1.6011246243680743      ,  -1.3085710842048905     
  -1.8156985861961705      ,  -1.6347358360637099      ,  -1.3601445955361895     
  -1.8358056398364138      ,  -1.6595119318158782      ,  -1.4099914444430315     
  -1.8459633114568654      ,  -1.6740135290221811      ,  -1.4572343171030444     
  -1.8450743962793652      ,  -1.6769501584963395      ,  -1.5009301808173732     
  -1.8320444392203725      ,  -1.6672787674971616      ,  -1.5400981306903612     
  -1.8057219596114915      ,  -1.6443034919369328      ,  -1.5737554593945751     
  -1.7648734985328687      ,  -1.6077659040101648      ,  -1.6009607280829263     
  -1.7082344237399818      ,  -1.5579135285661139      ,  -1.6208614663653091     
  -1.6346826294190042      ,  -1.4955348932514001      ,  -1.6327430334951276     
  -1.5435802531515013      ,  -1.4219521617279289      ,  -1.6360743587605571     
  -1.4352961777061770      ,  -1.3389674036710908      ,  -1.6305459717501778     
  -1.3118301603487315      ,  -1.2487650483012311      ,  -1.6160960912620492     
  -1.1772992969738358      ,  -1.1537797725597216      ,  -1.5929215969596866     
  -1.0378920680808712      ,  -1.0565444878607058      ,  -1.5614723340519292     
 -0.90095046310954441      , -0.95953593668434656      ,  -1.5224291288345679     
 -0.77330968314197568      , -0.86503506073693992      ,  -1.4766677720079291     
 -0.65967542344175856      , -0.77501596540308193      ,  -1.4252127180413876     
 -0.56191970422832416      , -0.69107193118611820      ,  -1.3691851115140485     
 -0.47948702768045365      , -0.61438085835291323      ,  -1.3097498964083438     
 -0.41039852594899079      , -0.54570708471447615      ,  -1.2480662595137457     
 -0.35225898265287164      , -0.48543260907053182      ,  -1.1852446890097597     
 -0.30296992455538885      , -0.43360875900124374      ,  -1.1223127313895014     
 -0.26110112763110460      , -0.39001913247825576      ,  -1.0601903307828902     
 -0.22597381777479414      , -0.35424575937535829      , -0.99967460534226515     
 -0.19753593874527381      , -0.32573229227028422      , -0.94143315192369736     
 -0.17611528449440206      , -0.30384011645547843      , -0.88600449845689855     
 -0.16213087072472249      , -0.28789518263124692      , -0.83380411625177198     
 -0.15582803812516385      , -0.27722489743748402      , -0.78513440532441636     
 -0.15708373853571866      , -0.27118548665555725      , -0.74019720831002611     
 -0.16531082314147025      , -0.26918090226847574      , -0.69910763092864081     
 -0.17947452895966359      , -0.27067465841662991      , -0.66190819981108051     
 -0.19821711069214129      , -0.27519604925744096      , -0.62858263694646577     
 -0.22006511406072124      , -0.28234211350831079      , -0.59906875283833150     
 -0.24367139986156924      , -0.29177653783712260      , -0.57327014725614533     
 -0.26802986360070674      , -0.30322648557970211      , -0.55106655451075470     
 -0.29260445550579905      , -0.31647813139018632      , -0.53232278152552437     
 -0.31733833066446804      , -0.33137149483996187      , -0.51689626622335638     
 -0.34254625645874087      , -0.34779500501769461      , -0.50464333648177084     
 -0.36872949272580735      , -0.36568009573819377      , -0.49542428169247349     
 -0.39637371617392725      , -0.38499602525408183      , -0.48910736481874190     
 -0.42579063492496755      , -0.40574503181382809      , -0.48557190700941305     
 -0.45704473221668962      , -0.42795787285999853      , -0.48471057270616202     
 -0.48997620332885128      , -0.45168974702394493      , -0.48643097339798735     
 -0.52430006563710940      , -0.47701656066061776      , -0.49065669468592232     
 -0.55973928497293346      , -0.50403147131716031      , -0.49732783551610799     
 -0.59614307230737740      , -0.53284161661660823      , -0.50640113126787600     
 -0.63355169957173629      , -0.56356491644376672      , -0.51784971444532857     
 -0.67219178122692680      , -0.59632681739133375      , -0.53166254835454352     
 -0.71241194136998109      , -0.63125682995497168      , -0.54784355050508726     
 -0.75458822424823435      , -0.66848469021474177      , -0.56641040358499717     
 -0.79903495180744877      , -0.70813595849571220      , -0.58739303269851206     
 -0.84594926115232572      , -0.75032684820996909      , -0.61083170811569854     
 -0.89540094257100977      , -0.79515806005460743      , -0.63677471314776146     
 -0.94736084917478480      , -0.84270738243510879      , -0.66527549721122536     
  -1.0017479579695874      , -0.89302081239096343      , -0.69638921528000819     
  -1.0584711018206630      , -0.94610195840523448      , -0.73016853783086644     
  -1.1174465195864873      ,  -1.0018995157737431      , -0.76665860183091661     
  -1.1785833288525451      ,  -1.0602926681694629      , -0.80589096597885568     
  -1.2417407840751931      ,  -1.1210743804092265      , -0.84787643615008990     
  -1.3066693634853384      ,  -1.1839327250420781      , -0.89259664507869874     
  -1.3729504175692446      ,  -1.2484306490633519      , -0.93999431056875693     
  -1.4399472568082641      ,  -1.3139849560736494      , -0.98996216730446873     
  -1.5067767994402932      ,  -1.3798457674096958      ,  -1.0423306780223585     
  -1.5723076023249332      ,  -1.4450783338110693      ,  -1.0968547897873986     
  -1.6351877099883003      ,  -1.5085497731547308      ,  -1.1532002176860552     
  -1.6939025989104524      ,  -1.5689240468697017      ,  -1.2109300134128256     
  -1.7468574199711699      ,  -1.6246691407812124      ,  -1.2694925020919510     
  -1.7924688961177893      ,  -1.6740808026929315      ,  -1.3282120238056812     
  -1.8292445452412385      ,  -1.7153270618634235      ,  -1.3862842519564700     
  -1.8558260276081850      ,  -1.7465168280709595      ,  -1.4427781088534570     
  -1.8709820912223014      ,  -1.7657938748848623      ,  -1.4966463657802502     
  -1.8735519555294582      ,  -1.7714543110066963      ,  -1.5467467920685003     
  -1.8623561993136042      ,  -1.7620813487078815      ,  -1.5918751048897211     
  -1.8361057639346192      ,  -1.7366862849086970      ,  -1.6308099101921392     
  -1.7933518733045124      ,  -1.6948400507549732      ,  -1.6623683407229719     
  -1.7325341887588335      ,  -1.6367767362150747      ,  -1.6854693344275800     
  -1.6522007750209360      ,  -1.5634504866980163      ,  -1.6991997322826975     
  -1.5514770439141061      ,  -1.4765310201841704      ,  -1.7028769857454698     
  -1.4308145170741779      ,  -1.3783307488594123      ,  -1.6961016460448777     
  -1.2928999283181202      ,  -1.2716669436537500      ,  -1.6787932562460715     
  -1.1433305877058326      ,  -1.1596733249467557      ,  -1.6512048610538417     
 -0.99039675984971731      ,  -1.0455842051320325      ,  -1.6139138845134358     
 -0.84345859521843713      , -0.93251858183882830      ,  -1.5677901395865363     
 -0.71033753744003669      , -0.82329035218042435      ,  -1.5139446234270537     
 -0.59523226445490474      , -0.72026464386512257      ,  -1.4536649478973556     
 -0.49842226973822717      , -0.62527101860698397      ,  -1.3883443792293637     
 -0.41751731024459554      , -0.53957446906770634      ,  -1.3194114175192606     
 -0.34911734138892098      , -0.46389691918436793      ,  -1.2482658107355322     
 -0.29008629726071489      , -0.39847670576091254      ,  -1.1762252245048130     
 -0.23825120638113204      , -0.34315158107041943      ,  -1.1044848893203174     
 -0.19261579274555160      , -0.29745160266351045      ,  -1.0340907775608119     
 -0.15322750078479752      , -0.26069089022894731      , -0.96592546022966486     
 -0.12083371542953211      , -0.23205059843253328      , -0.90070485909712150     
  -9.6451497175881432E-002 , -0.21064875873199193      , -0.83898363355433903     
  -8.0950910595715964E-002 , -0.19559537939723376      , -0.78116684156170324     
  -7.4719783037260415E-002 , -0.18603315816078411      , -0.72752567936784129     
  -7.7451426264794801E-002 , -0.18116536963129981      , -0.67821542530855661     
  -8.8082086324707098E-002 , -0.18027307394903186      , -0.63329409850843954     
 -0.10489311242676391      , -0.18272393010137675      , -0.59274072934587274     
 -0.12577039929204076      , -0.18797475401396574      , -0.55647248585787767     
 -0.14857555532136746      , -0.19556967171577358      , -0.52436018980393284     
 -0.17154112115978012      , -0.20513537557731906      , -0.49624198298935779     
 -0.19357972496884382      , -0.21637465526718860      , -0.47193507244194055     
 -0.21441390549174910      , -0.22905907577723930      , -0.45124560031800964     
 -0.23448895411082693      , -0.24302142513539784      , -0.43397676066707219     
 -0.25470316307138319      , -0.25814835544495218      , -0.41993532984433485     
 -0.27604789737747354      , -0.27437348785925458      , -0.40893679872533489     
 -0.29927252257515030      , -0.29167113772052305      , -0.40080929976955437     
 -0.32467228664490033      , -0.31005073261561378      , -0.39539651574186374     
 -0.35205119519046907      , -0.32955193639568431      , -0.39255974355020584     
 -0.38085390026518207      , -0.35024045017466282      , -0.39217926911047751     
 -0.41040833287741851      , -0.37220443197803904      , -0.39415518944159794     
 -0.44018941697617386      , -0.39555145607950276      , -0.39840779768278439     
 -0.47001349668931119      , -0.42040591799337096      , -0.40487762625429907     
 -0.50010336463078786      , -0.44690677909479126      , -0.41352522341094500     
 -0.53101360401957243      , -0.47520553392195697      , -0.42433071913709575     
 -0.56345589612164804      , -0.50546427174952702      , -0.43729321766365337     
 -0.59809504746550823      , -0.53785369066681721      , -0.45243003565478301     
 -0.63538877736562172      , -0.57255090604011283      , -0.46977578700513067     
 -0.67552018309042416      , -0.60973687501055940      , -0.48938129681772835     
 -0.71843327743616037      , -0.64959323398722135      , -0.51131230806695893     
 -0.76394448839875795      , -0.69229831675282183      , -0.53564792425562802     
 -0.81187948961108602      , -0.73802208723464602      , -0.56247870966875946     
 -0.86218195454574664      , -0.78691968457225403      , -0.59190434535887448     
 -0.91495768785182863      , -0.83912324162272045      , -0.62403071376360286     
 -0.97044569162508987      , -0.89473160635231996      , -0.65896625826376010     
  -1.0289347867503946      , -0.95379757650101715      , -0.69681743709137578     
  -1.0906596783266260      ,  -1.0163122633497086      , -0.73768306581018306     
  -1.1557093870935744      ,  -1.0821862475180342      , -0.78164732251353786     
  -1.2239669960280875      ,  -1.1512273020640964      , -0.82877118020333218     
  -1.2950810838500368      ,  -1.2231146665016239      , -0.87908203927150175     
  -1.3684552314607417      ,  -1.2973701971690170      , -0.93256137033902720     
  -1.4432387771961837      ,  -1.3733272361202213      , -0.98913025796572596     
  -1.5183106443877621      ,  -1.4500987710790152      ,  -1.0486328760822481     
  -1.5922640997708779      ,  -1.5265474263521797      ,  -1.1108181454454200     
  -1.6634147170181941      ,  -1.6012610163540415      ,  -1.1753201399794371     
  -1.7298561017902623      ,  -1.6725387318242921      ,  -1.2416382341557344     
  -1.7895718058122534      ,  -1.7383943355206446      ,  -1.3091185144058646     
  -1.8405820245832245      ,  -1.7965837066088675      ,  -1.3769385845074287     
  -1.8810771583228152      ,  -1.8446642303873391      ,  -1.4440985090625240     
  -1.9094861192849646      ,  -1.8800923057294496      ,  -1.5094211411549825     
  -1.9244501626124586      ,  -1.9003620552261886      ,  -1.5715652975031595     
  -1.9247090303170620      ,  -1.9031827982302114      ,  -1.6290549666315841     
  -1.9089367811612190      ,  -1.8866851170226828      ,  -1.6803267568421569     
  -1.8755836288576333      ,  -1.8496363551116888      ,  -1.7237959816215145     
  -1.8227958675405165      ,  -1.7916380410675179      ,  -1.7579391792960299     
  -1.7485102367931240      ,  -1.7132726957006661      ,  -1.7813877595971110     
  -1.6508497837449585      ,  -1.6161684807156373      ,  -1.7930244250309093     
  -1.5289485144894965      ,  -1.5029588695350191      ,  -1.7920717886868647     
  -1.3842146579377070      ,  -1.3771305048812259      ,  -1.7781619623086107     
  -1.2217013677767394      ,  -1.2427725453127778      ,  -1.7513773102249932     
  -1.0507067120151961      ,  -1.1042599496768615      ,  -1.7122560386931081     
 -0.88339932629166595      , -0.96591582889212391      ,  -1.6617612036872165     
 -0.73115248174088165      , -0.83170052098099057      ,  -1.6012170039848961     
 -0.60057891911255101      , -0.70496700230654741      ,  -1.5322206851177955     
 -0.49222586451197714      , -0.58830656487150945      ,  -1.4565410779602899     
 -0.40237735821042819      , -0.48349030064061937      ,  -1.3760153333794944     
 -0.32586212337723658      , -0.39149578312941646      ,  -1.2924539848468182     
 -0.25813678170374710      , -0.31259772590773183      ,  -1.2075617072594529     
 -0.19631359470391405      , -0.24649732083023929      ,  -1.1228778477963137     
 -0.13939309563310184      , -0.19246644036208602      ,  -1.0397377047734631     
  -8.7981407648841353E-002 , -0.14948788969210711      , -0.95925310181428824     
  -4.3718375125347118E-002 , -0.11637925082458615      , -0.88230924416551371     
  -8.6084682237027241E-003 ,  -9.1893903499562668E-002 , -0.80957411805612767     
   1.5604335671757154E-002 ,  -7.4797586472046762E-002 , -0.74151662997261869     
   2.7939665486953334E-002 ,  -6.3922072050415557E-002 , -0.67843005825751912     
   2.8523449465368344E-002 ,  -5.8199293618304448E-002 , -0.62045799615403852     
   1.8733484361119174E-002 ,  -5.6679925827361408E-002 , -0.56762064194083117     
   1.0994135857892943E-003 ,  -5.8540348368154201E-002 , -0.51983993214592517     
  -2.1075321349525153E-002 ,  -6.3081452805168317E-002 , -0.47696256091195804     
  -4.4333591249960370E-002 ,  -6.9722116155089525E-002 , -0.43878036149152644     
  -6.5787937664309973E-002 ,  -7.7989515728857151E-002 , -0.40504784664213661     
  -8.3730538365234863E-002 ,  -8.7507878633341765E-002 , -0.37549692761449566     
  -9.7921447562435038E-002 ,  -9.7986779594274140E-002 , -0.34984897538591037     
 -0.10945251539579666      , -0.10920972673848564      , -0.32782447175601614     
 -0.12023759112044255      , -0.12102349597512529      , -0.30915053859972014     
 -0.13230745338729638      , -0.13332847406205278      , -0.29356664452594172     
 -0.14714094188844165      , -0.14607013108359065      , -0.28082877981958682     
 -0.16523437221480103      , -0.15923164952925400      , -0.27071237047079422     
 -0.18602319327096767      , -0.17282767687931797      , -0.26301417569665608     
 -0.20815632969196463      , -0.18689913183338283      , -0.25755338429269542     
 -0.23001516009967563      , -0.20150897378470639      , -0.25417209580375427     
 -0.25029424342974144      , -0.21673883553326737      , -0.25273534436015060     
 -0.26844555978759194      , -0.23268641671678922      , -0.25313079693558804     
 -0.28484202975329537      , -0.24946353727361886      , -0.25526823416466127     
 -0.30062114332913487      , -0.26719475444867991      , -0.25907890083227025     
 -0.31728441629998450      , -0.28601645195124986      , -0.26451479464037853     
 -0.33620856376234143      , -0.30607631475629160      , -0.27154794566341145     
 -0.35824224646208136      , -0.32753310681370912      , -0.28016972472774587     
 -0.38351777906934242      , -0.35055667081892139      , -0.29039020643681313     
 -0.41152320730541914      , -0.37532806847835753      , -0.30223760130804356     
 -0.44138897667533683      , -0.40203977563750370      , -0.31575776104721937     
 -0.47227442789582719      , -0.43089583842782897      , -0.33101375087482215     
 -0.50371305831807989      , -0.46211188333042980      , -0.34808547250654798     
 -0.53579948951235579      , -0.49591485471487706      , -0.36706931029059908     
 -0.56916602817008188      , -0.53254232681396518      , -0.38807776046718501     
 -0.60477712084577251      , -0.57224120193494643      , -0.41123898881699250     
 -0.64363383126163332      , -0.61526556162170254      , -0.43669624430404413     
 -0.68650365760576537      , -0.66187338119341854      , -0.46460703482419996     
 -0.73376833414214371      , -0.71232174967747208      , -0.49514194493394065     
 -0.78542773565796153      , -0.76686015654029704      , -0.52848294357277537     
 -0.84123587084152540      , -0.82572131529877424      , -0.56482099157809673     
 -0.90089859250281257      , -0.88910889631946843      , -0.60435271386681955     
 -0.96424705675330358      , -0.95718144561732144      , -0.64727584989268017     
  -1.0313189825421851      ,  -1.0300316888973573      , -0.69378314002236041     
  -1.1023212317063296      ,  -1.1076603862467747      , -0.74405424852281254     
  -1.1774926057624344      ,  -1.1899439527310121      , -0.79824527282869806     
  -1.2569152912323878      ,  -1.2765952520927344      , -0.85647535524582685     
  -1.3403276715577532      ,  -1.3671173852263221      , -0.91880991527361622     
  -1.4269758804625443      ,  -1.4607510350535038      , -0.98524008462433921     
  -1.5155224311882500      ,  -1.5564171138177354      ,  -1.0556580887928402     
  -1.6040225454175367      ,  -1.6526582029154728      ,  -1.1298286242713289     
  -1.6899848088383520      ,  -1.7475846497656911      ,  -1.2073567810173433     
  -1.7705367503984895      ,  -1.8388341462472721      ,  -1.2876538045436170     
  -1.8426935009324039      ,  -1.9235568958115867      ,  -1.3699030094540989     
  -1.9036732000202106      ,  -1.9984414754470683      ,  -1.4530294256971485     
  -1.9511512772133521      ,  -2.0597981597360326      ,  -1.5356781714554506     
  -1.9833488022832915      ,  -2.1037152903137084      ,  -1.6162078635177315     
  -1.9989170219043728      ,  -2.1262985059202357      ,  -1.6927062008074754     
  -1.9966626539816978      ,  -2.1239908924464261      ,  -1.7630346532475247     
  -1.9752073538460830      ,  -2.0939542405694795      ,  -1.8249073791125396     
  -1.9326894340049323      ,  -2.0344698460352229      ,  -1.8760056647451384     
  -1.8666317978709470      ,  -1.9452969176045305      ,  -1.9141233645507050     
  -1.7741475154768207      ,  -1.8279153874829066      ,  -1.9373317682185185     
  -1.6527179210316103      ,  -1.6855855241203963      ,  -1.9441455890870691     
  -1.5017486872508721      ,  -1.5231832073349167      ,  -1.9336674312105187     
  -1.3247776186405718      ,  -1.3468136481388202      ,  -1.9056880830014979     
  -1.1314139565099797      ,  -1.1632561703974931      ,  -1.8607252165892612     
 -0.93705970029148655      , -0.97933229922058140      ,  -1.7999928104286804     
 -0.75845825521148280      , -0.80130503042066714      ,  -1.7253055011865772     
 -0.60648888581291993      , -0.63440384938197447      ,  -1.6389329214769353     
 -0.48221352786041355      , -0.48253394132337513      ,  -1.5434260887480573     
 -0.37943080715895716      , -0.34818283590830196      ,  -1.4414396800717835     
 -0.28990624417216437      , -0.23249812814134732      ,  -1.3355709038006018     
 -0.20702897377040441      , -0.13548555971593074      ,  -1.2282293332833776     
 -0.12726194873411739      ,  -5.6269906219155272E-002 ,  -1.1215446562215881     
  -5.0209827145295066E-002 ,   6.6318975710786821E-003 ,  -1.0173126590833490     
   2.2064982349420462E-002 ,   5.5061524558877140E-002 , -0.91697499538263172     
   8.6071907682296750E-002 ,   9.1014157251776917E-002 , -0.82162566727776609     
  0.13796091695935031      ,  0.11648438835860699      , -0.73203639435533829     
  0.17445895097959985      ,  0.13336077817771405      , -0.64869359043157415     
  0.19364465783529408      ,  0.14336166147433382      , -0.57184093095123456     
  0.19556791222312420      ,  0.14800295290998974      , -0.50152299788620158     
  0.18263222785731270      ,  0.14858893126008563      , -0.43762692591034791     
  0.15954043664910741      ,  0.14621829166196354      , -0.37992018122204974     
  0.13259530918108750      ,  0.14179943589764171      , -0.32808352909402183     
  0.10834492335199733      ,  0.13607060347492927      , -0.28173890008174274     
   9.1915134150543268E-002 ,  0.12962183015824019      , -0.24047229154001515     
   8.5640663921712795E-002 ,  0.12291679566143585      , -0.20385209363802392     
   8.8557351875514889E-002 ,  0.11631340530896644      , -0.17144335712803233     
   9.6964318896670232E-002 ,  0.11008249150981247      , -0.14281856471464840     
  0.10583458298543857      ,  0.10442437711713656      , -0.11756546009112379     
  0.11056013779274164      ,   9.9483265975480822E-002 ,  -9.5292450698742537E-002
  0.10844798850407131      ,   9.5359557810579046E-002 ,  -7.5632046969053610E-002
   9.9510570308009541E-002 ,   9.2120256097234787E-002 ,  -5.8242741815565935E-002
   8.6334912565951050E-002 ,   8.9807670522331809E-002 ,  -4.2809675278040152E-002
   7.3100271306536943E-002 ,   8.8446624947945987E-002 ,  -2.9044373790967137E-002
   6.4091212910712222E-002 ,   8.8050377067792895E-002 ,  -1.6683803224649796E-002
   6.2232898134743669E-002 ,   8.8625443418063860E-002 ,  -5.4889303017962065E-003
   6.8159225123585451E-002 ,   9.0175506903978228E-002 ,   4.7570517042281801E-003
   8.0110428616080753E-002 ,   9.2704565893845861E-002 ,   1.4250710197358178E-002
   9.4650662791387716E-002 ,   9.6219465629758111E-002 ,   2.3170478593267770E-002
  0.10791891420547615      ,  0.10073193503900983      ,   3.1678808289697137E-002
  0.11696198224218118      ,  0.10626023546901686      ,   3.9924315065625528E-002
  0.12069369264758605      ,  0.11283051264599034      ,   4.8043883403733036E-002
  0.12017500129378655      ,  0.12047792935848968      ,   5.6164704860415256E-002
  0.11815369964275199      ,  0.12924764397219127      ,   6.4406236612651963E-002
  0.11805596984156982      ,  0.13919568879702723      ,   7.2882074089193616E-002
  0.12280296808678215      ,  0.15038979239713457      ,   8.1701737491125151E-002
  0.13386838566865758      ,  0.16291018095003260      ,   9.0972376317400280E-002
  0.15088412719332217      ,  0.17685038546522014      ,  0.10080039897459114     
  0.17189494445945208      ,  0.19231807375030874      ,  0.11129303635303416     
  0.19414084719444374      ,  0.20943591808758993      ,  0.12255984902471209     
  0.21507668021860066      ,  0.22834250119983526      ,  0.13471418753482758     
  0.23326998511848240      ,  0.24919325368583059      ,  0.14787461413054032     
  0.24887388742515035      ,  0.27216140501006614      ,  0.16216629213985403     
  0.26353183725961205      ,  0.29743891648856235      ,  0.17772234594660688     
  0.27977691653768483      ,  0.32523734746483168      ,  0.19468518987864572     
  0.30016494413139716      ,  0.35578858369275485      ,  0.21320781800241143     
  0.32646217972299929      ,  0.38934532818804513      ,  0.23345503833546014     
  0.35916754586482208      ,  0.42618121744158366      ,  0.25560462372991749     
  0.39751204751940122      ,  0.46659037743175252      ,  0.27984833683908750     
  0.43990435020021801      ,  0.51088617139247883      ,  0.30639276713294245     
  0.48464032739305474      ,  0.55939881143258230      ,  0.33545989260639347     
  0.53060975454413684      ,  0.61247140525082377      ,  0.36728724609690205     
  0.57774318501197564      ,  0.67045388387585647      ,  0.40212752422049775     
  0.62704816368951799      ,  0.73369410400377422      ,  0.44024742390437027     
  0.68024922021034429      ,  0.80252523878664739      ,  0.48192542541007199     
  0.73920129520474454      ,  0.87724836805713469      ,  0.52744816004763362     
  0.80532194795651424      ,  0.95810896533412482      ,  0.57710490493869326     
  0.87925340333444901      ,   1.0452657805728223      ,  0.63117963775002872     
  0.96084542570263198      ,   1.1387504820354777      ,  0.68993996663175328     
   1.0494029784298824      ,   1.2384164273482181      ,  0.75362213632406572     
   1.1440293396461678      ,   1.3438752066554114      ,  0.82241122208398265     
   1.2438585325064786      ,   1.4544203201472676      ,  0.89641559472431365     
   1.3480260617600213      ,   1.5689387609178072      ,  0.97563482829485038     
   1.4553555635932354      ,   1.6858136658766292      ,   1.0599205065801458     
   1.5638940533934496      ,   1.8028248692118054      ,   1.1489299706560232     
   1.6705520184129763      ,   1.9170593339240956      ,   1.2420740599845279     
   1.7711305442309844      ,   2.0248499264203508      ,   1.3384614507544750     
   1.8608706652056461      ,   2.1217681005363196      ,   1.4368443490931841     
   1.9353405081658945      ,   2.2027020523138305      ,   1.5355729780716709     
   1.9911955948765141      ,   2.2620538223631388      ,   1.6325691829374855     
   2.0264012519549035      ,   2.2940825631095625      ,   1.7253318865775926     
   2.0398664398442912      ,   2.2934025096515773      ,   1.8109879719485740     
   2.0307472847954267      ,   2.2556108582566328      ,   1.8864000927656583     
   1.9977323990251443      ,   2.1779756365249536      ,   1.9483366994347122     
   1.9385426138437323      ,   2.0600674067786091      ,   1.9936988387326597     
   1.8498452854139251      ,   1.9041894755754216      ,   2.0197843039439829     
   1.7278550760904783      ,   1.7154692943814802      ,   2.0245557812127513     
   1.5699667751361970      ,   1.5015302430138926      ,   2.0068705581414674     
   1.3775539189043642      ,   1.2717598040209583      ,   1.9666297015238157     
   1.1592278004062648      ,   1.0362971825751546      ,   1.9048163682796677     
  0.93229897137631423      ,  0.80493991239132967      ,   1.8234138682300103     
  0.71873512567438280      ,  0.58618396610125834      ,   1.7252181534258575     
  0.53483890340144413      ,  0.38656124625243360      ,   1.6135790714816123     
  0.38343212168232932      ,  0.21034630813473335      ,   1.4921143988777912     
  0.25689340346288575      ,   5.9608695163686748E-002 ,   1.3644388805009304     
  0.14531086267110485      ,  -6.5479933137011226E-002 ,   1.2339398472094227     
   4.1566660767887384E-002 , -0.16620055027530495      ,   1.1036162944159156     
  -5.7323433609917263E-002 , -0.24481000764352695      ,  0.97598429919751772     
 -0.15062207530258559      , -0.30410886996064257      ,  0.85304136147876719     
 -0.23493193860441003      , -0.34709476490187574      ,  0.73627664433751827     
 -0.30545783534654553      , -0.37671289195006802      ,  0.62671257737338548     
 -0.35730936916183409      , -0.39569614814294074      ,  0.52496455981118595     
 -0.38685330894530895      , -0.40647782964416257      ,  0.43130818574931273     
 -0.39311320670851452      , -0.41115746707718875      ,  0.34574645755035577     
 -0.37896844558309800      , -0.41150210621487715      ,  0.26807221390270930     
 -0.35156953738303737      , -0.40896890310199524      ,  0.19792318892810590     
 -0.32129579503642913      , -0.40473875859198022      ,  0.13482868670199558     
 -0.29909497746162617      , -0.39975409662649936      ,   7.8247876867343358E-002
 -0.29306613531750281      , -0.39475651542952789      ,   2.7600314319150377E-002
 -0.30583940983334396      , -0.39032191242298492      ,  -1.7710416716385423E-002
 -0.33395312636799396      , -0.38689192741735651      ,  -5.8278932325788971E-002
 -0.36941208753974641      , -0.38480132170628584      ,  -9.4685166360762144E-002
 -0.40273396414091239      , -0.38430135678688487      , -0.12748546907213734     
 -0.42633245746028869      , -0.38557946906189577      , -0.15720688788408219     
 -0.43704073267294236      , -0.38877563790933228      , -0.18434394603443194     
 -0.43692903957298290      , -0.39399586905819672      , -0.20935734501658584     
 -0.43219872671652204      , -0.40132319833040991      , -0.23267411661505247     
 -0.43065911506241256      , -0.41082658358391927      , -0.25468883757681537     
 -0.43884895465679641      , -0.42256800707019559      , -0.27576559431625691     
 -0.45992532848827139      , -0.43660806267782115      , -0.29624044721241904     
 -0.49297559407427161      , -0.45301025559336150      , -0.31642419513785502     
 -0.53378402142792059      , -0.47184419680003337      , -0.33660528206910106     
 -0.57662730994147149      , -0.49318783156868379      , -0.35705272011539529     
 -0.61641126353655995      , -0.51712879917563415      , -0.37801892807114496     
 -0.65038314113084084      , -0.54376497977004823      , -0.39974240249018106     
 -0.67883344601343776      , -0.57320424278403181      , -0.42245014997122587     
 -0.70462500242573056      , -0.60556336871600913      , -0.44635981535506558     
 -0.73186904249208862      , -0.64096607180850518      , -0.47168144125200534     
 -0.76436594014968073      , -0.67954000459510544      , -0.49861879002709569     
 -0.80441687337686552      , -0.72141257642418488      , -0.52737015029433365     
 -0.85235656112550928      , -0.76670536747726248      , -0.55812853633776005     
 -0.90683219774425095      , -0.81552686917319506      , -0.59108117101442681     
 -0.96560000037171179      , -0.86796323453109814      , -0.62640812116689004     
  -1.0264773608228805      , -0.92406668383501045      , -0.66427993038313904     
  -1.0880840818677735      , -0.98384119101453216      , -0.70485406880495360     
  -1.1501299615943437      ,  -1.0472250883707017      , -0.74826999640014280     
  -1.2132158901811019      ,  -1.1140702913966432      , -0.79464261903395428     
  -1.2783140204861174      ,  -1.1841179882630797      , -0.84405391227026083     
  -1.3461839738073680      ,  -1.2569708943107780      , -0.89654250528706636     
  -1.4169434833659849      ,  -1.3320625811600497      , -0.95209106900782137     
  -1.4898964739048157      ,  -1.4086249955284553      ,  -1.0106114543405447     
  -1.5636031935551133      ,  -1.4856561204709910      ,  -1.0719276969676881     
  -1.6361028101645352      ,  -1.5618908147046162      ,  -1.1357572641826892     
  -1.7051811201037121      ,  -1.6357791596741007      ,  -1.2016912837629112     
  -1.7686029368946903      ,  -1.7054780339848252      ,  -1.2691749722667758     
  -1.8242739105722194      ,  -1.7688628873783263      ,  -1.3374900584707226     
  -1.8703307962420825      ,  -1.8235674200729917      ,  -1.4057416326856329     
  -1.9051686860001995      ,  -1.8670585584756816      ,  -1.4728524544807782     
  -1.9274080179415107      ,  -1.8967521385750084      ,  -1.5375681751794532     
  -1.9358022485000077      ,  -1.9101705150628026      ,  -1.5984769812271005     
  -1.9290974556173091      ,  -1.9051366868038477      ,  -1.6540466183546458     
  -1.9058733682942210      ,  -1.8799909029060546      ,  -1.7026804229180070     
  -1.8644162561598634      ,  -1.8338064567641899      ,  -1.7427917898376235     
  -1.8027000819542989      ,  -1.7665738233804884      ,  -1.7728935811366489     
  -1.7185870551783722      ,  -1.6793193399910480      ,  -1.7916957382361516     
  -1.6103885722274425      ,  -1.5741287994909499      ,  -1.7982014834472844     
  -1.4778961422134613      ,  -1.4540585711738296      ,  -1.7917907942460058     
  -1.3237931160213232      ,  -1.3229355864692047      ,  -1.7722800115972297     
  -1.1549042327341730      ,  -1.1850684983651558      ,  -1.7399488134297523     
 -0.98216794624047954      ,  -1.0449098261764556      ,  -1.6955300711564372     
 -0.81822104910385163      , -0.90671780055009554      ,  -1.6401634518064443     
 -0.67310958134476828      , -0.77426443399857336      ,  -1.5753188259838156     
 -0.55100302261175649      , -0.65062418559314306      ,  -1.5026994293425207     
 -0.45030471177521647      , -0.53805960856055846      ,  -1.4241365517228026     
 -0.36624820830836358      , -0.43800192017994610      ,  -1.3414871510683963     
 -0.29360631454600916      , -0.35111004356225739      ,  -1.2565436330226010     
 -0.22835873661157363      , -0.27738372851379317      ,  -1.1709618668190174     
 -0.16836022528066935      , -0.21630490680726164      ,  -1.0862101432000582     
 -0.11332461538699212      , -0.16698485479310698      ,  -1.0035388660824414     
  -6.4385998077810119E-002 , -0.12830075441590932      , -0.92396866930221366     
  -2.3452191506276407E-002 ,  -9.9011800828282467E-002 , -0.84829344980179178     
   7.4726802897949474E-003 ,  -7.7850703932708876E-002 , -0.77709439787087953     
   2.6880324181647000E-002 ,  -6.3590613793592488E-002 , -0.71076127246323817     
   3.4207663879816975E-002 ,  -5.5090083998159803E-002 , -0.64951768650273467     
   3.0109217440025274E-002 ,  -5.1319928652182122E-002 , -0.59344783846858606     
   1.6508526038712116E-002 ,  -5.1376111790610725E-002 , -0.54252281249798806     
  -3.6210671215216941E-003 ,  -5.4482506497482014E-002 , -0.49662518528688282     
  -2.6757935814271654E-002 ,  -5.9986771525834218E-002 , -0.45557118450738321     
  -4.9536457677004500E-002 ,  -6.7351918144290771E-002 , -0.41913003141958882     
  -6.9469620517731687E-002 ,  -7.6145498697450006E-002 , -0.38704037906701927     
  -8.5456644483434041E-002 ,  -8.6027798752510112E-002 , -0.35902394463510756     
  -9.7896399631940786E-002 ,  -9.6739974650656230E-002 , -0.33479655016284376     
 -0.10836672258577737      , -0.10809274326090544      , -0.31407684844854894     
 -0.11898548506131858      , -0.11995598579839001      , -0.29659303637498741     
 -0.13167176709825215      , -0.13224945471734162      , -0.28208785835243927     
 -0.14754209275017219      , -0.14493465480064185      , -0.27032218738771446     
 -0.16661622353658589      , -0.15800789211005009      , -0.26107744707156139     
 -0.18790090691685751      , -0.17149443591142843      , -0.25415710912940392     
 -0.20980170935550477      , -0.18544371031143450      , -0.24938747116086327     
 -0.23071241441739596      , -0.19992541770844602      , -0.24661788975310234     
 -0.24957766529064265      , -0.21502649063002746      , -0.24572061646105828     
 -0.26623958104751383      , -0.23084876878264615      , -0.24659035883437774     
 -0.28146153865572499      , -0.24750730180244249      , -0.24914366600070298     
 -0.29664125259177598      , -0.26512918355277493      , -0.25331821830752771     
 -0.31333371450164482      , -0.28385282959556735      , -0.25907208303752821     
 -0.33276186789213680      , -0.30382761469181757      , -0.26638298299531660     
 -0.35548227862706300      , -0.32521379106320952      , -0.27524761149537930     
 -0.38130582500800358      , -0.34818260996592526      , -0.28568101558953890     
 -0.40947927234058307      , -0.37291656820932029      , -0.29771605884614949     
 -0.43904566650438359      , -0.39960969688581727      , -0.31140296518496530     
 -0.46924666606005894      , -0.42846780097640164      , -0.32680893569513642     
 -0.49982443388649489      , -0.45970854475326928      , -0.34401782048743806     
 -0.53112558966582935      , -0.49356125796539929      , -0.36312981686817919     
 -0.56398784498595411      , -0.53026631045188799      , -0.38426115281641809     
 -0.59947042949142804      , -0.57007386672513005      , -0.40754370016543978     
 -0.63854058976944783      , -0.61324178576453203      , -0.43312444421807728     
 -0.68183246583317003      , -0.66003237338925247      , -0.46116471487057925     
 -0.72955482503432945      , -0.71070762410160104      , -0.49183905773979042     
 -0.78156072829278833      , -0.76552250598750449      , -0.52533359135827784     
 -0.83753123758678572      , -0.82471574748206744      , -0.56184365743896569     
 -0.89718823598856501      , -0.88849748268377926      , -0.60157052509409392     
 -0.96044937345030734      , -0.95703301110356997      , -0.64471685702333670     
  -1.0274688748245606      ,  -1.0304218440011301      , -0.69148058764199649     
  -1.0985563105307785      ,  -1.1086711689674305      , -0.74204680358594444     
  -1.1740092316696902      ,  -1.1916629079707703      , -0.79657716295425818     
  -1.2539165125559140      ,  -1.2791137317463777      , -0.85519635278332806     
  -1.3379827559315458      ,  -1.3705278083744008      , -0.91797508300500474     
  -1.4254010619122093      ,  -1.4651428133852800      , -0.98490917658624821     
  -1.5147806596918678      ,  -1.5618709377351614      ,  -1.0558944769156287     
  -1.6041321887383693      ,  -1.6592384213378226      ,  -1.1306976022292721     
  -1.6909266830456773      ,  -1.7553295920387670      ,  -1.2089230872994532     
  -1.7722549336867857      ,  -1.8477444638281029      ,  -1.2899782167765024     
  -1.8450934422076184      ,  -1.9335823784575716      ,  -1.3730379039287575     
  -1.9066243573068113      ,  -2.0094673378281551      ,  -1.4570132840711101     
  -1.9544980381854089      ,  -2.0716324741702135      ,  -1.5405291632885045     
  -1.9869264126401969      ,  -2.1160799622598705      ,  -1.6219168435451898     
  -2.0025650860554114      ,  -2.1388267571723301      ,  -1.6992297223010837     
  -2.0002299619943917      ,  -2.1362343452227091      ,  -1.7702888766971601     
  -1.9785458857823703      ,  -2.1054020599515408      ,  -1.8327639813947796     
  -1.9356394049600809      ,  -2.0445807668991480      ,  -1.8842909353405151     
  -1.8690030436113318      ,  -1.9535423966589387      ,  -1.9226215166584080     
  -1.7757068469832955      ,  -1.8338290488603362      ,  -1.9457930344686416     
  -1.6531979988401844      ,  -1.6888114028237018      ,  -1.9522989358118306     
  -1.5008972983650681      ,  -1.5235141097589926      ,  -1.9412368422279591     
  -1.3224558666335908      ,  -1.3442120210571691      ,  -1.9124105565793181     
  -1.1277165978070394      ,  -1.1578532144471796      ,  -1.8663681352799042     
 -0.93237294104878010      , -0.97140576902449882      ,  -1.8043683566136113     
 -0.75333930862155463      , -0.79124071353522030      ,  -1.7282803210774276     
 -0.60137969289249205      , -0.62264865754680543      ,  -1.6404321365977033     
 -0.47722521860187550      , -0.46954913069346166      ,  -1.5434317569348321     
 -0.37436547846009832      , -0.33440429339267902      ,  -1.4399846537350298     
 -0.28441863763108610      , -0.21830781663064763      ,  -1.3327295467317848     
 -0.20078450915051804      , -0.12119519779513725      ,  -1.2241066936955947     
 -0.12004144336907337      ,  -4.2115597683410992E-002 ,  -1.1162655197519116     
  -4.1959583595817591E-002 ,   2.0486709436646308E-002 ,  -1.0110115465697123     
   3.1229219621670509E-002 ,   6.8517777469615099E-002 , -0.90978775496973741     
   9.5892969094423700E-002 ,  0.10402626193743578      , -0.81368293448099915     
  0.14808477586362340      ,  0.12904874663052246      , -0.72345890814728753     
  0.18448790571163282      ,  0.14550507020936551      , -0.63958917068628618     
  0.20320093854212734      ,  0.15513562773870865      , -0.56230283043951657     
  0.20437089606020034      ,  0.15947093878374241      , -0.49162931722975295     
  0.19058152063425884      ,  0.15982416769303215      , -0.42744079806285401     
  0.16677931055084902      ,  0.15729872395344635      , -0.36949047281843572     
  0.13951780313639386      ,  0.15280484568268940      , -0.31744585488358845     
  0.11552095647444749      ,  0.14708076104513482      , -0.27091679461893292     
   9.9943933111727612E-002 ,  0.14071543813105639      , -0.22947842460269577     
   9.4982421446267257E-002 ,  0.13417102251796589      , -0.19268945063371956     
   9.9407659665336962E-002 ,  0.12780384748378712      , -0.16010633292912446     
  0.10921791286944396      ,  0.12188343978152048      , -0.13129393972555115     
  0.11914912451124202      ,  0.11660929459036382      , -0.10583324203678925     
  0.12449542864404234      ,  0.11212541045637760      ,  -8.3326575815892520E-002
  0.12263278878874287      ,  0.10853270131855734      ,  -6.3400941043187109E-002
  0.11378218173895417      ,  0.10589946947631626      ,  -4.5709745725188280E-002
  0.10080529516987849      ,  0.10427015253733518      ,  -2.9933342086985087E-002
   8.8125927888123734E-002 ,  0.10367256371322282      ,  -1.5778645510833335E-002
   8.0158764345117567E-002 ,  0.10412383785823971      ,  -2.9780755577153233E-003
   7.9804779390818439E-002 ,  0.10563528140448651      ,   8.7119867305855848E-003
   8.7537324122892474E-002 ,  0.10821630655474181      ,   1.9513070123515407E-002
  0.10136476330549006      ,  0.11187761099747581      ,   2.9626691293402192E-002
  0.11763409755155275      ,  0.11663374533339807      ,   3.9236545986113792E-002
  0.13235881088907336      ,  0.12250519210664432      ,   4.8510742915426050E-002
  0.14259428913641461      ,  0.12952006322130361      ,   5.7604029240280456E-002
  0.14739153100215452      ,  0.13771550677706540      ,   6.6659972083182917E-002
  0.14802667059425811      ,  0.14713890001021801      ,   7.5813073027227965E-002
  0.14746375590747271      ,  0.15784889200725963      ,   8.5190802334656729E-002
  0.14927210412293249      ,  0.16991634801598865      ,   9.4915547152699190E-002
  0.15639981532522368      ,  0.18342523629126711      ,  0.10510647354626416     
  0.17023431121705912      ,  0.19847348819084690      ,  0.11588130609579436     
  0.19025260155418641      ,  0.21517385232113451      ,  0.12735803123493067     
  0.21434294031392537      ,  0.23365475348327366      ,  0.13965653162546596     
  0.23965190963617283      ,  0.25406115644904970      ,  0.15290015875808619     
  0.26364373961341953      ,  0.27655542254615456      ,  0.16721724963564050     
  0.28499878172788939      ,  0.30131813284431563      ,  0.18274259076972924     
  0.30404705799457166      ,  0.32854883440907107      ,  0.19961882863850883     
  0.32260826573751378      ,  0.35846664439448767      ,  0.21799781994534886     
  0.34332720756771107      ,  0.39131061915952309      ,  0.23804190709181647     
  0.36877143880274998      ,  0.42733976025768178      ,  0.25992509369566286     
  0.40062755356037683      ,  0.46683248383084736      ,  0.28383408103491098     
  0.43927199293887337      ,  0.51008532201043177      ,  0.30996910807541045     
  0.48383798396423250      ,  0.55741055142552731      ,  0.33854451411498021     
  0.53271887820168073      ,  0.60913235169282998      ,  0.36978891269851522     
  0.58429981030684996      ,  0.66558098285394907      ,  0.40394482676344723     
  0.63763726173147683      ,  0.72708433304494668      ,  0.44126758626840140     
  0.69283600917278831      ,  0.79395602623684047      ,  0.48202322918040019     
  0.75100074416890539      ,  0.86647909879151963      ,  0.52648507335109662     
  0.81381634893664623      ,  0.94488406424180749      ,  0.57492854014299799     
  0.88295604836529973      ,   1.0293200115880103      ,  0.62762371220481183     
  0.95956206496608187      ,   1.1198172657769607      ,  0.68482500244872102     
   1.0439746702151933      ,   1.2162401498838087      ,  0.74675720953346603     
   1.1357469031479495      ,   1.3182286351005581      ,  0.81359715612049432     
   1.2338438083741610      ,   1.4251283035935616      ,  0.88545008151459337     
   1.3368474930415397      ,   1.5359092905780751      ,  0.96232003866968674     
   1.4430071326699969      ,   1.6490769691601981      ,   1.0440737963954980     
   1.5500866330851384      ,   1.7625803520093120      ,   1.1303982621456463     
   1.6551283262157106      ,   1.8737286770511576      ,   1.2207523257973252     
   1.7543764998443394      ,   1.9791323337539792      ,   1.3143153831750887     
   1.8435729395924862      ,   2.0746905761774594      ,   1.4099366878493840     
   1.9185995238140918      ,   2.1556539445227054      ,   1.5060920462594489     
   1.9761477043392128      ,   2.2167915023342668      ,   1.6008569537318578     
   2.0140246104302388      ,   2.2526884218042524      ,   1.6919075042317528     
   2.0309463053665855      ,   2.2581843870692953      ,   1.7765613825387028     
   2.0259704747380733      ,   2.2289354566246842      ,   1.8518697931255470     
   1.9978392154445432      ,   2.1620431645734275      ,   1.9147661847452768     
   1.9444658118441223      ,   2.0566529170936714      ,   1.9622686169821451     
   1.8627636245406649      ,   1.9143940614837531      ,   1.9917204286638490     
   1.7490657362284179      ,   1.7395340488428781      ,   2.0010411052933321     
   1.6004659687003675      ,   1.5387608201874197      ,   1.9889499507456627     
   1.4172925913719363      ,   1.3205875736851553      ,   1.9551235362441517     
   1.2062659049924718      ,   1.0944698721640391      ,   1.9002562817400708     
  0.98252272146548636      ,  0.86980197130440695      ,   1.8260108125278076     
  0.76712503447870817      ,  0.65498696600371087      ,   1.7348662255019947     
  0.57813689837017146      ,  0.45674402410833626      ,   1.6298915649064565     
  0.42165001160257182      ,  0.27974115223213653      ,   1.5144830970439576     
  0.29225692974445217      ,  0.12655500924438956      ,   1.3921050714225933     
  0.18043576711303788      ,  -2.1093609545281568E-003 ,   1.2660659784698975     
   7.8365088051504259E-002 , -0.10703999294361360      ,   1.1393497488246689     
  -1.8033513337822341E-002 , -0.19008160102014149      ,   1.0145082306768012     
 -0.10912941235470708      , -0.25371953242299472      ,  0.89361081724419855     
 -0.19244533691949539      , -0.30073129688479561      ,  0.77824067797363217     
 -0.26382044322177850      , -0.33392454246025399      ,  0.66952453904332021     
 -0.31864727176256569      , -0.35596005720225277      ,  0.56818335328088643     
 -0.35313091601396046      , -0.36924698732802863      ,  0.47459326396003948     
 -0.36557316331888368      , -0.37589322082260024      ,  0.38884895656509771     
 -0.35753924116462893      , -0.37769423707262845      ,  0.31082411065795684     
 -0.33448396929549346      , -0.37614639022080093      ,  0.24022584882287670     
 -0.30524259112224122      , -0.37247398388673925      ,  0.17664171537082027     
 -0.28005640828846495      , -0.36766269850571237      ,  0.11957883348917736     
 -0.26758896470036231      , -0.36249455027626887      ,   6.8495581330194732E-002
 -0.27217130480132384      , -0.35758150586839088      ,   2.2826506073900316E-002
 -0.29254189500747579      , -0.35339622047587044      ,  -1.7998639778078043E-002
 -0.32259341548038195      , -0.35029923678836039      ,  -5.4540824849171811E-002
 -0.35375961374227904      , -0.34856251030891594      ,  -8.7341759806201569E-002
 -0.37811260161624016      , -0.34838942264384626      , -0.11691723052267909     
 -0.39106389680267317      , -0.34993159229674742      , -0.14375306250130479     
 -0.39275715891327401      , -0.35330285041969134      , -0.16830313786135651     
 -0.38772131785482628      , -0.35859075534454887      , -0.19098898192971681     
 -0.38297854499106154      , -0.36586599856871060      , -0.21220052210168877     
 -0.38539187975065986      , -0.37519002047089617      , -0.23229769598738090     
 -0.39930982395461301      , -0.38662111437854607      , -0.25161264904947012     
 -0.42533536108338610      , -0.40021925684407017      , -0.27045231471455861     
 -0.46050377742424603      , -0.41604986199587363      , -0.28910121329269922     
 -0.49964582414530090      , -0.43418661921318441      , -0.30782434099060302     
 -0.53737859566742308      , -0.45471353602796433      , -0.32687004780146445     
 -0.57000218160100546      , -0.47772627159494169      , -0.34647282392138790     
 -0.59663601465754190      , -0.50333280959024207      , -0.36685592925790400     
 -0.61923987162406380      , -0.53165348217388397      , -0.38823381009042951     
 -0.64162126280981480      , -0.56282031778690689      , -0.41081425140154459     
 -0.66791923305190481      , -0.59697564414214421      , -0.43480021307211597     
 -0.70119385867788120      , -0.63426983296738892      , -0.46039129315319621     
 -0.74260793995022889      , -0.67485802422642949      , -0.48778475182937375     
 -0.79138554185918597      , -0.71889561443919947      , -0.51717601545449898     
 -0.84543475199836804      , -0.76653223684161209      , -0.54875856116675947     
 -0.90232118271618056      , -0.81790390218311593      , -0.58272305918769784     
 -0.96020071208294877      , -0.87312291159351063      , -0.61925562236534037     
  -1.0183769216475882      , -0.93226510369459192      , -0.65853498173058778     
  -1.0773287496263684      , -0.99535396770232754      , -0.70072837453749337     
  -1.1382836315931997      ,  -1.0623411591474730      , -0.74598590049483626     
  -1.2025783246305255      ,  -1.1330830190770358      , -0.79443307761640658     
  -1.2710803278926595      ,  -1.2073128544503686      , -0.84616131890993951     
  -1.3438516733833963      ,  -1.2846090303135032      , -0.90121606603373261     
  -1.4200978393964703      ,  -1.3643594057596606      , -0.95958237131782331     
  -1.4983299230336624      ,  -1.4457233725700702      ,  -1.0211678349887090     
  -1.5766154264122656      ,  -1.5275937779192856      ,  -1.0857830039380234     
  -1.6528064343302236      ,  -1.6085623533591964      ,  -1.1531196477268890     
  -1.7246932091903489      ,  -1.6868938939161400      ,  -1.2227277695525685     
  -1.7900964229636227      ,  -1.7605161903145281      ,  -1.2939927958138346     
  -1.8469403495816339      ,  -1.8270343129837907      ,  -1.3661151039794051     
  -1.8933285375697009      ,  -1.8837787772127064      ,  -1.4380948387112886     
  -1.9276006129270735      ,  -1.9278966816365157      ,  -1.5087257139824952     
  -1.9483272558541453      ,  -1.9564922881605553      ,  -1.5766020145148025     
  -1.9542177744213911      ,  -1.9668179842404507      ,  -1.6401430354681412     
  -1.9439535383913866      ,  -1.9565078935156675      ,  -1.6976384459203631     
  -1.9159957595174544      ,  -1.9238352622592316      ,  -1.7473162883833551     
  -1.8684417364182033      ,  -1.8679631247608479      ,  -1.7874324592804500     
  -1.7990319392173404      ,  -1.7891488963989355      ,  -1.8163767754887499     
  -1.7054502038907502      ,  -1.6888613174542515      ,  -1.8327867172578691     
  -1.5860866100469584      ,  -1.5697756537403367      ,  -1.8356565804305158     
  -1.4413599818941938      ,  -1.4356308657342878      ,  -1.8244281277482193     
  -1.2753838859495352      ,  -1.2909575812169940      ,  -1.7990497282333926     
  -1.0971384168923497      ,  -1.1407118013422741      ,  -1.7599946421626305     
 -0.91968564905434558      , -0.98986866166433762      ,  -1.7082349636031091     
 -0.75643184769358718      , -0.84303727905915227      ,  -1.6451744759519611     
 -0.61606329014129790      , -0.70414998917810345      ,  -1.5725497021054149     
