  0.83689156104035356      ,   2.1229450724483714      ,   1.4655193661558268     
   1.4663759774848522      ,   2.1929852415350255      ,   1.5610585270229873     
   1.6805211013512993      ,   2.2400776937172493      ,   1.6539053462152871     
   1.7667323861190694      ,   2.2589017442634218      ,   1.7415228812149708     
   1.7608579578279397      ,   2.2447042742917840      ,   1.8210630112943438     
   1.7210806024088816      ,   2.1939089102960634      ,   1.8894909061409448     
   1.6725786227289177      ,   2.1047402225179983      ,   1.9437656688917380     
   1.6305196215777096      ,   1.9777454803439807      ,   1.9810672081207392     
   1.5978376398793230      ,   1.8160821072783706      ,   1.9990464820024860     
   1.5732052321270187      ,   1.6254624622894605      ,   1.9960649989817625     
   1.5516074087899445      ,   1.4137129629515430      ,   1.9713841858516696     
   1.5270838406879872      ,   1.1899972664110152      ,   1.9252693066812612     
   1.4939773422779414      ,  0.96384218103004549      ,   1.8589865037522069     
   1.4479310551001572      ,  0.74415591195967179      ,   1.7746919444430655     
   1.3862243429601360      ,  0.53842131673974125      ,   1.6752329415465239     
   1.3080130093681668      ,  0.35218728446955988      ,   1.5638959838847664     
   1.2146712728187310      ,  0.18889565376218667      ,   1.4441420266186100     
   1.1100681212661887      ,   5.0001978019320249E-002 ,   1.3193650556489360     
   1.0000496540092929      ,  -6.4700883798565631E-002 ,   1.1926989228874905     
  0.89027437326160019      , -0.15666063759309845      ,   1.0668841267543117     
  0.78292288047100034      , -0.22813426990100699      ,  0.94419438639734021     
  0.67521033315116152      , -0.28180797976757588      ,  0.82641469034470127     
  0.56182343790025624      , -0.32049834109380249      ,  0.71485843581946695     
  0.43920586963956010      , -0.34694074961631782      ,  0.61041059040920653     
  0.30849892763210951      , -0.36365620077566646      ,  0.51358530372947420     
  0.17606298701641035      , -0.37288048745330526      ,  0.42458891988492709     
   5.1864980078962362E-002 , -0.37653861886822665      ,  0.34338204425120999     
  -5.3199871702301650E-002 , -0.37624917459232166      ,  0.26973670639260389     
 -0.12972312420496462      , -0.37334652660465156      ,  0.20328652779630416     
 -0.17163074335062364      , -0.36891220776140959      ,  0.14356912745924336     
 -0.17795065617603986      , -0.36380958762195265      ,   9.0060855130340983E-002
 -0.15426400490883146      , -0.35871823902491112      ,   4.2204439621893741E-002
 -0.11235644053313515      , -0.35416596004674755      ,  -5.6961569239652996E-004
  -6.6886139920697196E-002 , -0.35055746826940914      ,  -3.8826978221081797E-002
  -3.1065386054490621E-002 , -0.34819944144875398      ,  -7.3117879548269940E-002
  -1.4829750390585206E-002 , -0.34732196114584557      , -0.10396913675487859     
  -2.4856535603213749E-002 , -0.34809661831423416      , -0.13187907821838246     
  -6.3745237085499798E-002 , -0.35065163044657438      , -0.15731475324318300     
 -0.12837039433218597      , -0.35508434474769440      , -0.18071090378070817     
 -0.20922466509440929      , -0.36147149037983400      , -0.20247026648446861     
 -0.29201627060562324      , -0.36987751301508459      , -0.22296485238673353     
 -0.36113280328963138      , -0.38036128702789984      , -0.24253791924495635     
 -0.40367823976003120      , -0.39298146021187508      , -0.26150640862046931     
 -0.41317884111594444      , -0.40780064560972051      , -0.28016366693359418     
 -0.39197348770904261      , -0.42488863596647064      , -0.29878230811027573     
 -0.35073151590872681      , -0.44432477860534586      , -0.31761710598075332     
 -0.30440688081604017      , -0.46619961183729980      , -0.33690782818834025     
 -0.26685919554542992      , -0.49061582772856122      , -0.35688194075595159     
 -0.24797160125462642      , -0.51768858938690709      , -0.37775712423213165     
 -0.25375604566580590      , -0.54754519301577265      , -0.39974354894277481     
 -0.28669769274012780      , -0.58032402491292434      , -0.42304585861538374     
 -0.34496497742802862      , -0.61617272046811900      , -0.44786480869756806     
 -0.42138127346988558      , -0.65524538527947807      , -0.47439849813077212     
 -0.50381934078364266      , -0.69769868729453444      , -0.50284312115890861     
 -0.57809399235612402      , -0.74368657348523226      , -0.53339314892254241     
 -0.63262801367211874      , -0.79335330605295495      , -0.56624082914757556     
 -0.66267579418887723      , -0.84682445416439756      , -0.60157486641105617     
 -0.67200890152556791      , -0.90419542278911047      , -0.63957811587315860     
 -0.67119605718110265      , -0.96551705894731876      , -0.68042409129601356     
 -0.67322990673061855      ,  -1.0307778612015503      , -0.72427205599499500     
 -0.68878094260980460      ,  -1.0998823509037625      , -0.77126043706710912     
 -0.72342264973309134      ,  -1.1726252724491224      , -0.82149828508863920     
 -0.77718053992518565      ,  -1.2486615134322572      , -0.87505450283288311     
 -0.84522991186694818      ,  -1.3274720230237296      , -0.93194460068929952     
 -0.91930035895947704      ,  -1.4083266142620134      , -0.99211482113025040     
 -0.99029260532746832      ,  -1.4902454189606513      ,  -1.0554236320282695     
  -1.0516892260109951      ,  -1.5719619618454443      ,  -1.1216208443547895     
  -1.1018033301193304      ,  -1.6518923291820697      ,  -1.1903249890188543     
  -1.1434290018605533      ,  -1.7281166388091584      ,  -1.2610001085055818     
  -1.1815076818043673      ,  -1.7983807511966154      ,  -1.3329337815139992     
  -1.2204161035546919      ,  -1.8601274883067285      ,  -1.4052189689836077     
  -1.2621121821672447      ,  -1.9105669316404634      ,  -1.4767430611370855     
  -1.3057022166625210      ,  -1.9467938643396794      ,  -1.5461881616983577     
  -1.3483501931438615      ,  -1.9659562972366709      ,  -1.6120469374818855     
  -1.3868575068369355      ,  -1.9654717519920386      ,  -1.6726580056065574     
  -1.4189696332440447      ,  -1.9432777608327523      ,  -1.7262635486630262     
  -1.4437886047380035      ,  -1.8980912374186156      ,  -1.7710894706649931     
  -1.4613685573589241      ,  -1.8296406962393050      ,  -1.8054450031124267     
  -1.4720293598964487      ,  -1.7388294866500131      ,  -1.8278346624583925     
  -1.4758553177336624      ,  -1.6277909378168240      ,  -1.8370716452890137     
  -1.4725277603241387      ,  -1.4998095542228083      ,  -1.8323791687938058     
  -1.4614108590326389      ,  -1.3591048903602743      ,  -1.8134659116009328     
  -1.4417535323980728      ,  -1.2105014823689850      ,  -1.7805641330966038     
  -1.4129139965471886      ,  -1.0590317642324893      ,  -1.7344240464755345     
  -1.3745736217612854      , -0.90953204853726333      ,  -1.6762645840380972     
  -1.3269350321929048      , -0.76629045839720311      ,  -1.6076872838821734     
  -1.2708818750394575      , -0.63279111119684861      ,  -1.5305650890616394     
  -1.2080269898453937      , -0.51157614327258938      ,  -1.4469203331926654     
  -1.1405309229400160      , -0.40422348056081997      ,  -1.3588058440310067     
  -1.0706039888915522      , -0.31141976406450217      ,  -1.2682004526181798     
 -0.99978211295123232      , -0.23309778801163680      ,  -1.1769262441082506     
 -0.92833613227741474      , -0.16860623877588951      ,  -1.0865906987991416     
 -0.85526147565643051      , -0.11688420726929609      , -0.99855328422125944     
 -0.77896995396089996      ,  -7.6620826960369842E-002 , -0.91391352682143312     
 -0.69832066936006187      ,  -4.6388750188870759E-002 , -0.83351620498294843     
 -0.61346150046040115      ,  -2.4747247274474339E-002 , -0.75796889974055193     
 -0.52615757706008204      ,  -1.0315729998428632E-002 , -0.68766743138630215     
 -0.43958090691446883      ,  -1.8214478280048640E-003 , -0.62282540323619306     
 -0.35775632731280477      ,   1.8736213420180853E-003 , -0.56350492439458066     
 -0.28493232769456234      ,   1.7615356216361129E-003 , -0.50964642339749555     
 -0.22503335295412275      ,  -1.3118115952818158E-003 , -0.46109619835676158     
 -0.18116382110016191      ,  -6.6396574477651698E-003 , -0.41763093670120399     
 -0.15506851295048069      ,  -1.3643028666461270E-002 , -0.37897887546563841     
 -0.14656634839905736      ,  -2.1857230537399887E-002 , -0.34483757807297111     
 -0.15315104356026837      ,  -3.0917647516997382E-002 , -0.31488850072089442     
 -0.17004273941025111      ,  -4.0545828998756465E-002 , -0.28880863680281205     
 -0.19087045194131813      ,  -5.0536458215814865E-002 , -0.26627958437632082     
 -0.20887689498502091      ,  -6.0745535952676205E-002 , -0.24699439830948178     
 -0.21829299226093768      ,  -7.1079928829461902E-002 , -0.23066257968419340     
 -0.21552947754581539      ,  -8.1488312368645233E-002 , -0.21701353068754367     
 -0.19993450123226603      ,  -9.1953464011745173E-002 , -0.20579877078846398     
 -0.17390676617960671      , -0.10248581711414667      , -0.19679317430099824     
 -0.14227414915390207      , -0.11311816375377477      , -0.18979545356896593     
 -0.11114044652395098      , -0.12390138486828309      , -0.18462807785078555     
  -8.6616346251635057E-002 , -0.13490108585741281      , -0.18113678659492613     
  -7.3733912520486972E-002 , -0.14619502096295234      , -0.17918982768631697     
  -7.5581405232702986E-002 , -0.15787119815256992      , -0.17867702656820605     
  -9.2644747517504220E-002 , -0.17002656630521587      , -0.17950877083502106     
 -0.12250341515320078      , -0.18276619714175962      , -0.18161497674609636     
 -0.16011827426943134      , -0.19620288481528092      , -0.18494408884528565     
 -0.19879531764576711      , -0.21045709584136973      , -0.18946215116338330     
 -0.23162540605372159      , -0.22565721072115474      , -0.19515197798646983     
 -0.25304376304126286      , -0.24194000588268194      , -0.20201244354666020     
 -0.26016694799704859      , -0.25945133017162558      , -0.21005790288735099     
 -0.25356700377602570      , -0.27834693379168085      , -0.21931775023200070     
 -0.23715880337110104      , -0.29879340902458551      , -0.22983611610438576     
 -0.21714795444696164      , -0.32096920087564484      , -0.24167169986552495     
 -0.20046773898051701      , -0.34506564151254326      , -0.25489772989084503     
 -0.19334622541320481      , -0.37128795436713680      , -0.26960203892761031     
 -0.20031195675064661      , -0.39985616123761175      , -0.28588723682235340     
 -0.22351766461674599      , -0.43100580761439661      , -0.30387095630563832     
 -0.26225260821215457      , -0.46498839643186035      , -0.32368613929883611     
 -0.31279558270494523      , -0.50207138687697239      , -0.34548132058916198     
 -0.36892443687237930      , -0.54253757078717313      , -0.36942085189663620     
 -0.42325101367753787      , -0.58668358224765382      , -0.39568499136519159     
 -0.46917352269134210      , -0.63481722373640304      , -0.42446976021377292     
 -0.50286851934538168      , -0.68725320205339335      , -0.45598643837758396     
 -0.52457469030603510      , -0.74430675725310036      , -0.49046053302116105     
 -0.53856196409615820      , -0.80628453708180048      , -0.52813000635325302     
 -0.55170084353306936      , -0.87347191981658512      , -0.56924249093951840     
 -0.57125865724906166      , -0.94611582648685610      , -0.61405115097201413     
 -0.60289065480174608      ,  -1.0244019038421510      , -0.66280876718600912     
 -0.64940330317392425      ,  -1.1084248294944457      , -0.71575953398672687     
 -0.71024879963349707      ,  -1.1981504370039850      , -0.77312796625371349     
 -0.78162604844932115      ,  -1.2933684551491871      , -0.83510423251032928     
 -0.85741120939161453      ,  -1.3936350120537007      , -0.90182518174023896     
 -0.93111480012758741      ,  -1.4982048238685792      , -0.97335034643113805     
 -0.99827719057503628      ,  -1.6059543643073384      ,  -1.0496323335922244     
  -1.0579733211118949      ,  -1.7152995155211928      ,  -1.1304813258783022     
  -1.1125036788271856      ,  -1.8241144286973070      ,  -1.2155239907546520     
  -1.1655848485999860      ,  -1.9296626473165661      ,  -1.3041580287422825     
  -1.2201721993833252      ,  -2.0285567510694142      ,  -1.3955049591156097     
  -1.2770135153808093      ,  -2.1167681279727408      ,  -1.4883655626288721     
  -1.3345066912290995      ,  -2.1897124730225968      ,  -1.5811845732323351     
  -1.3897423339497501      ,  -2.2424368401855683      ,  -1.6720334281675850     
  -1.4399851685945921      ,  -2.2699274515027903      ,  -1.7586215675428791     
  -1.4836576695565826      ,  -2.2675410704442771      ,  -1.8383470568267553     
  -1.5203663721966325      ,  -2.2315354793862863      ,  -1.9083951718011813     
  -1.5502577315408070      ,  -2.1596393728573404      ,  -1.9658881976733313     
  -1.5733218735399237      ,  -2.0515673608482117      ,  -2.0080809159886481     
  -1.5890379833633415      ,  -1.9093654042820782      ,  -2.0325851947350984     
  -1.5963749910994074      ,  -1.7374802521795818      ,  -2.0375963442642169     
  -1.5939639540085238      ,  -1.5424908645419049      ,  -2.0220870557072868     
  -1.5802758846718159      ,  -1.3325138890316865      ,  -1.9859351503616736     
  -1.5537494670217431      ,  -1.1163770895205816      ,  -1.9299604824015189     
  -1.5129143347884610      , -0.90271463970216792      ,  -1.8558625427495614     
  -1.4566114547930589      , -0.69915333805288005      ,  -1.7660691607004873     
  -1.3844157892862559      , -0.51172455627362157      ,  -1.6635226118661581     
  -1.2972914079525490      , -0.34456902251457822      ,  -1.5514380456062040     
  -1.1983026997093085      , -0.19992742058226354      ,  -1.4330689555593126     
  -1.0928352079220469      ,  -7.8353635495356427E-002 ,  -1.3115070018535810     
 -0.98742208770190754      ,   2.0938678205007655E-002 ,  -1.1895322925370455     
 -0.88675340975008610      ,   9.9683331970804839E-002 ,  -1.0695188846258392     
 -0.79063402765417212      ,  0.16018938887226788      , -0.95339135265482711     
 -0.69414286781212053      ,  0.20502955102225520      , -0.84262287340932207     
 -0.59127666761646480      ,  0.23680505324691808      , -0.73826321303702513     
 -0.47888759304853290      ,  0.25798571518553559      , -0.64098540203572851     
 -0.35867490615802639      ,  0.27081406721431378      , -0.55114169936627055     
 -0.23699129810826158      ,  0.27725876812910116      , -0.46882179683512121     
 -0.12292773457390775      ,  0.27900274777112255      , -0.39390850780487019     
  -2.5834010690368461E-002 ,  0.27745373025931797      , -0.32612810965688144     
   4.6501757286169468E-002 ,  0.27376767687771925      , -0.26509396378805872     
   8.8975822566094834E-002 ,  0.26887844999022875      , -0.21034304104239709     
  0.10029958132160006      ,  0.26352928555378896      , -0.16136561312245876     
   8.4154540113067819E-002 ,  0.25830338361003830      , -0.11762872548202521     
   4.9352649069570223E-002 ,  0.25365213339961845      ,  -7.8594230329419618E-002
   7.9898949831748705E-003 ,  0.24992028571985089      ,  -4.3732198406493103E-002
  -2.7656541897782785E-002 ,  0.24736787928073103      ,  -1.2530495478973122E-002
  -4.7335324276928839E-002 ,  0.24618901419420672      ,   1.5498761649762946E-002
  -4.3760430525894262E-002 ,  0.24652771658972086      ,   4.0815242249198726E-002
  -1.3648493765482449E-002 ,  0.24849120507191619      ,   6.3848395057936713E-002
   4.0964021424638751E-002 ,  0.25216088680275600      ,   8.4996947291091016E-002
  0.11232314726949054      ,  0.25760140041147883      ,  0.10462953672164868     
  0.18835669726849991      ,  0.26486799812752337      ,  0.12308617297080882     
  0.25543521439733785      ,  0.27401252828755540      ,  0.14068028317307485     
  0.30144292507604636      ,  0.28508824596383264      ,  0.15770114704959190     
  0.31868603915252947      ,  0.29815364605313538      ,  0.17441656789863064     
  0.30628835294268186      ,  0.31327548066923111      ,  0.19107565995241765     
  0.27094314522047369      ,  0.33053109129916319      ,  0.20791165978693618     
  0.22486272344891009      ,  0.35001015569947541      ,  0.22514469075587282     
  0.18160801159625070      ,  0.37181591944846470      ,  0.24298442539145085     
  0.15261959838225381      ,  0.39606595177792658      ,  0.26163260189036275     
  0.14610857353789691      ,  0.42289243397840254      ,  0.28128535757025835     
  0.16687715125127522      ,  0.45244195537173576      ,  0.30213534479742682     
  0.21548805265724791      ,  0.48487475552864823      ,  0.32437359347328226     
  0.28708774268992343      ,  0.52036331095555033      ,  0.34819107871969512     
  0.37122809351587432      ,  0.55909011875466963      ,  0.37377994279216353     
  0.45378645835301895      ,  0.60124447776365575      ,  0.40133430624077332     
  0.52081630881181462      ,  0.64701800872700355      ,  0.43105058462564538     
  0.56296319347695367      ,  0.69659858914627970      ,  0.46312720335904639     
  0.57877195060197495      ,  0.75016230682968776      ,  0.49776357426593426     
  0.57535566236882663      ,  0.80786296208517894      ,  0.53515816326300703     
  0.56565824120076835      ,  0.86981857845954313      ,  0.57550543970562862     
  0.56342880010185337      ,  0.93609432723212493      ,  0.61899145589766924     
  0.57883265075700086      ,   1.0066812497723858      ,  0.66578776291098896     
  0.61672715873286321      ,   1.0814702020791576      ,  0.71604333133576936     
  0.67673508585166564      ,   1.1602205871984252      ,  0.76987412117325282     
  0.75354560484627198      ,   1.2425237379106899      ,  0.82734994640491488     
  0.83769760866589860      ,   1.3277613327337383      ,  0.88847832494687062     
  0.91816751867044244      ,   1.4150600519922343      ,  0.95318511823163443     
  0.98658445775216264      ,   1.5032448850857092      ,   1.0212919774044968     
   1.0404995031147966      ,   1.5907951368249806      ,   1.0924909602993793     
   1.0834345254597051      ,   1.6758092336481305      ,   1.1663171991790231     
   1.1221140664377220      ,   1.7559867539213359      ,   1.2421212063624751     
   1.1628467370993885      ,   1.8286383484215454      ,   1.3190432973004009     
   1.2087840585069569      ,   1.8907357477549998      ,   1.3959936298273332     
   1.2590155977596265      ,   1.9390139414672936      ,   1.4716423658616045     
   1.3096196659831800      ,   1.9701347168167749      ,   1.5444252179966029     
   1.3559096007200726      ,   1.9809139931688384      ,   1.6125698074137198     
   1.3945231462975489      ,   1.9686042965658759      ,   1.6741474332865141     
   1.4242350075519774      ,   1.9312090665239734      ,   1.7271526879999526     
   1.4454150268887194      ,   1.8677898948641325      ,   1.7696097139064220     
   1.4589356802793052      ,   1.7787157727778797      ,   1.7996990584772179     
   1.4653271256527782      ,   1.6658004180897077      ,   1.8158938485468463     
   1.4644608676048108      ,   1.5322841264031259      ,   1.8170896522382194     
   1.4556461036833912      ,   1.3826410816817760      ,   1.8027103842661085     
   1.4379144361422740      ,   1.2222271300857113      ,   1.7727740487535097     
   1.4103300176915456      ,   1.0568173954948450      ,   1.7279072363722550     
   1.3722632113442688      ,  0.89210699497372936      ,   1.6693051785598141     
   1.3236294082225681      ,  0.73325371885859658      ,   1.5986429288824242     
   1.2650913620000233      ,  0.58452759738698601      ,   1.5179506812892458     
   1.1981628402423550      ,  0.44910440619877645      ,   1.4294706036630744     
   1.1250768430144309      ,  0.32900804302432490      ,   1.3355131575457599     
   1.0482780826676972      ,  0.22517975761350253      ,   1.2383281301111788     
  0.96957924790222549      ,  0.13763619500143201      ,   1.1400007631493552     
  0.88937999924455313      ,   6.5674125912785541E-002 ,   1.0423779110055031     
  0.80655371391810049      ,   8.0849226673441309E-003 ,  0.94702432864755492     
  0.71925158078236939      ,  -3.6647959318350160E-002 ,  0.85520570116662220     
  0.62620379897604928      ,  -7.0183985503209742E-002 ,  0.76789306686827385     
  0.52782127579411964      ,  -9.4198889559875751E-002 ,  0.68578266487044659     
  0.42664703141809185      , -0.11029539148430681      ,  0.60932557376670549     
  0.32708653117108871      , -0.11994634888404937      ,  0.53876239312829344     
  0.23464776408538426      , -0.12446374781749646      ,  0.47415931772987213     
  0.15504718813098334      , -0.12498684092459350      ,  0.41544303521539272     
   9.3386510710743248E-002 , -0.12248351306069007      ,  0.36243281295299978     
   5.3344353613555356E-002 , -0.11776008759970902      ,  0.31486887817539688     
   3.6290861177617081E-002 , -0.11147595722127562      ,  0.27243673610220331     
   4.0481879696479664E-002 , -0.10416046098667439      ,  0.23478743889501760     
   6.0770704042523549E-002 ,  -9.6230268745729916E-002 ,  0.20155404923322520     
   8.9273713349174652E-002 ,  -8.8006169680094323E-002 ,  0.17236467135236386     
  0.11693623236636627      ,  -7.9728619465646910E-002 ,  0.14685248014890553     
  0.13534964065765107      ,  -7.1571715908854167E-002 ,  0.12466318963701144     
  0.13826718968697710      ,  -6.3655481380319207E-002 ,  0.10546038361411331     
  0.12276873948918401      ,  -5.6056462123818873E-002 ,   8.8929096525659293E-002
   8.9994946061521044E-002 ,  -4.8816733180471229E-002 ,   7.4777989758615271E-002
   4.5057105678774786E-002 ,  -4.1951440676735785E-002 ,   6.2740423449201291E-002
  -4.0858533350322506E-003 ,  -3.5455032936478358E-002 ,   5.2574679744355923E-002
  -4.8392205276888707E-002 ,  -2.9306336777311121E-002 ,   4.4063552248866676E-002
  -7.9517865556257825E-002 ,  -2.3472631137315080E-002 ,   3.7013479116549064E-002
  -9.1363079831583066E-002 ,  -1.7912860613176592E-002 ,   3.1253364298961861E-002
  -8.1401729441550247E-002 ,  -1.2580119031930273E-002 ,   2.6633202873642056E-002
  -5.1536519397965115E-002 ,  -7.4235194168164684E-003 ,   2.3022601941961349E-002
  -7.9403255212073393E-003 ,  -2.3895526643297050E-003 ,   2.0309267999732566E-002
   4.0341439709766461E-002 ,   2.5769764294678002E-003 ,   1.8397514567913990E-002
   8.3472406287023154E-002 ,   7.5323600723385788E-003 ,   1.7206829832404586E-002
  0.11274503646183000      ,   1.2533681512562971E-002 ,   1.6670532691262046E-002
  0.12210005610008701      ,   1.7638739228033853E-002 ,   1.6734536573687991E-002
  0.10941032681775976      ,   2.2906157954650883E-002 ,   1.7356233333978746E-002
   7.7268833624999186E-002 ,   2.8395651775810059E-002 ,   1.8503504123173291E-002
   3.2645905224773605E-002 ,   3.4168411947193139E-002 ,   2.0153860122593532E-002
  -1.4761640125140372E-002 ,   4.0287598573695890E-002 ,   2.2293713141477826E-002
  -5.4755224828791561E-002 ,   4.6818920772964574E-002 ,   2.4917774122068557E-002
  -7.8537691290930009E-002 ,   5.3831294641373525E-002 ,   2.8028576376258642E-002
  -8.0182485197450082E-002 ,   6.1397572269541886E-002 ,   3.1636119741692989E-002
  -5.7905306083266106E-002 ,   6.9595338313741359E-002 ,   3.5757631659391192E-002
  -1.4837619251984575E-002 ,   7.8507773281989768E-002 ,   4.0417441327286856E-002
   4.1374622430922346E-002 ,   8.8224584786854909E-002 ,   4.5646963479192816E-002
  0.10031465821966681      ,   9.8843009576148722E-002 ,   5.1484788894276025E-002
  0.15112563694568137      ,  0.11046889017470396      ,   5.7976879384914290E-002
  0.18459632018041525      ,  0.12321783041693192      ,   6.5176865672310277E-002
  0.19494550472110161      ,  0.13721643393795990      ,   7.3146447170941875E-002
  0.18135587046429794      ,  0.15260362868110805      ,   8.1955893190802181E-002
  0.14860522642250212      ,  0.16953207845828508      ,   9.1684645344361937E-002
  0.10598991871542199      ,  0.18816967925929715      ,  0.10242202090719046     
   6.4778080449229711E-002 ,  0.20870113291326453      ,  0.11426801639108988     
   3.5628187632528917E-002 ,  0.23132958326445305      ,  0.12733420946757795     
   2.6979960246001636E-002 ,  0.25627828942655712      ,  0.14174475538966241     
   4.3989615932335122E-002 ,  0.28379229583655963      ,  0.15763747088302618     
   8.7414607026202629E-002 ,  0.31414003829503662      ,  0.17516499368889293     
  0.15279870902498380      ,  0.34761479704822135      ,  0.19449599897351566     
  0.23081510419622400      ,  0.38453586975492132      ,  0.21581644392278115     
  0.30914518575704270      ,  0.42524928569696840      ,  0.23933079802753432     
  0.37536547931847586      ,  0.47012781380497676      ,  0.26526319755009375     
  0.42008606015691552      ,  0.51956992601299135      ,  0.29385843679191381     
  0.43979023437338355      ,  0.57399725820589576      ,  0.32538267396696935     
  0.43840779209807923      ,  0.63384995688781476      ,  0.36012368314484444     
  0.42635048517309537      ,  0.69957910375106158      ,  0.39839042277848546     
  0.41691403713305725      ,  0.77163516659707754      ,  0.44051161226904401     
  0.42207116766466335      ,  0.85045113084173762      ,  0.48683290717601213     
  0.45002760574088668      ,  0.93641862573563228      ,  0.53771213779833738     
  0.50453147784374730      ,   1.0298549921469877      ,  0.59351192318830193     
  0.58434320717782151      ,   1.1309588877514196      ,  0.65458879492291688     
  0.68248171839557004      ,   1.2397517747754763      ,  0.72127777049431474     
  0.78680042603378531      ,   1.3560026313389530      ,  0.79387112490455902     
  0.88367478124889498      ,   1.4791337050455708      ,  0.87258995955215146     
  0.96383868844352671      ,   1.6081064368808913      ,  0.95754712642466444     
   1.0263775379595568      ,   1.7412893019177593      ,   1.0487002384026967     
   1.0780538790778942      ,   1.8763138155898438      ,   1.1457940364240928     
   1.1289151095593064      ,   2.0099318942507094      ,   1.2482924930836636     
   1.1870227214674447      ,   2.1378973961878445      ,   1.3553029398616954     
   1.2548215394736932      ,   2.2549064777318151      ,   1.4654974099608737     
   1.3286208252896767      ,   2.3546433513064033      ,   1.5770403371301229     
   1.4012632008201713      ,   2.4299858367995242      ,   1.6875364451886767     
   1.4662920442490575      ,   2.4734218891438644      ,   1.7940172231606923     
   1.5207606321344531      ,   2.4777056673536721      ,   1.8929871604190438     
   1.5650312048255033      ,   2.4367331707699966      ,   1.9805495722426576     
   1.6006710772353583      ,   2.3465443731214122      ,   2.0526239233744605     
   1.6285941340819998      ,   2.2062768910334571      ,   2.1052507294668348     
   1.6484162406315666      ,   2.0188375363135775      ,   2.1349578202379615     
   1.6587093393308159      ,   1.7910618331619277      ,   2.1391383069182974     
   1.6574965115087048      ,   1.5332228917328097      ,   2.1163745456471621     
   1.6425813687115229      ,   1.2579174386146803      ,   2.0666422782241312     
   1.6116435597506844      ,  0.97854134297999718      ,   1.9913488137310020     
   1.5622427509127939      ,  0.70769136313762082      ,   1.8931943560315410     
   1.4919685957786355      ,  0.45583824664640421      ,   1.7758848688803412     
   1.3990131212517334      ,  0.23050927023430751      ,   1.6437546594339536     
   1.2833874299949037      ,   3.6050505143438528E-002 ,   1.5013681551015559     
   1.1487055153236807      , -0.12611607209068093      ,   1.3531623917873992     
   1.0036187275718909      , -0.25691646736808738      ,   1.2031709132144586     
  0.86027478584203976      , -0.35892099368569275      ,   1.0548452921163320     
  0.72711670391913641      , -0.43566570606659138      ,  0.91096991287466522     
  0.60142571394073707      , -0.49109073009665027      ,  0.77365276665340721     
  0.47247564048483415      , -0.52913030916021508      ,  0.64436993400604248     
  0.33175890943125308      , -0.55344944453988010      ,  0.52404215255857545     
  0.17923057216345517      , -0.56730092427670731      ,  0.41312580382037600     
   2.3986409339389281E-002 , -0.57347008422848955      ,  0.31170564749703555     
 -0.11874316904355162      , -0.57427697668179878      ,  0.21958131569322537     
 -0.23275976572390689      , -0.57161183544461391      ,  0.13634331255018414     
 -0.30558719159145697      , -0.56698665329823184      ,   6.1436906494710515E-002
 -0.33164709303635281      , -0.56159171937918373      ,  -5.7860203865394491E-003
 -0.31473960294918446      , -0.55635054902165548      ,  -6.6026161440253139E-002
 -0.26902197360910057      , -0.55196980285759600      , -0.12000557659049557     
 -0.21504209109421107      , -0.54898280315761561      , -0.16844453580434451     
 -0.17104881397668159      , -0.54778643087851842      , -0.21204493240616626     
 -0.14821910933427504      , -0.54867180518917957      , -0.25147893945101157     
 -0.15294603200113502      , -0.55184942003972071      , -0.28738176978518815     
 -0.18873315149275471      , -0.55746948611134617      , -0.32034758760914694     
 -0.25458880267370021      , -0.56563819546380900      , -0.35092779030212551     
 -0.34257672987508880      , -0.57643054706452279      , -0.37963102752785310     
 -0.43757999418980426      , -0.58990027587016369      , -0.40692444907360542     
 -0.52087658913528667      , -0.60608733244994850      , -0.43323577496980942     
 -0.57625901471144403      , -0.62502327145361625      , -0.45895586375767139     
 -0.59581017539297088      , -0.64673482781757508      , -0.48444152011735980     
 -0.58285859249358640      , -0.67124588940194041      , -0.51001833407320762     
 -0.55057509722529419      , -0.69857801281065290      , -0.53598338297267722     
 -0.51628779998490759      , -0.72874957445346822      , -0.56260765637729260     
 -0.49457092413547099      , -0.76177360083665890      , -0.59013808461061679     
 -0.49373796271332338      , -0.79765428065106081      , -0.61879906548882424     
 -0.51649365332511055      , -0.83638212735544426      , -0.64879339212775489     
 -0.56136376387334486      , -0.87792773658273071      , -0.68030248910997815     
 -0.62302458779830472      , -0.92223407105529098      , -0.71348586628439714     
 -0.69254146857674759      , -0.96920721151846778      , -0.74847970091958682     
 -0.75914782447890183      ,  -1.0187055419305131      , -0.78539446213172392     
 -0.81377524423485526      ,  -1.0705273990196120      , -0.82431149933192061     
 -0.85245802205055754      ,  -1.1243973202013882      , -0.86527853247538133     
 -0.87745412920359944      ,  -1.1799511806106666      , -0.90830401053099619     
 -0.89563523919553567      ,  -1.2367207301277516      , -0.95335035097060483     
 -0.91525400795686451      ,  -1.2941183324021865      ,  -1.0003261428697443     
 -0.94267663532848689      ,  -1.3514230708375985      ,  -1.0490774950421622     
 -0.98036648514945213      ,  -1.4077698097463391      ,  -1.0993788430539364     
  -1.0266152811656075      ,  -1.4621432513207209      ,  -1.1509236968342043     
  -1.0767671464374247      ,  -1.5133794522476787      ,  -1.2033160107705185     
  -1.1253300639288859      ,  -1.5601775654106953      ,  -1.2560630796131806     
  -1.1681348532969911      ,  -1.6011246243680743      ,  -1.3085710842048905     
  -1.2035745053004840      ,  -1.6347358360637099      ,  -1.3601445955361895     
  -1.2324486502889347      ,  -1.6595119318158782      ,  -1.4099914444430315     
  -1.2568195239220972      ,  -1.6740135290221811      ,  -1.4572343171030444     
  -1.2786966868375678      ,  -1.6769501584963395      ,  -1.5009301808173732     
  -1.2991497198769508      ,  -1.6672787674971616      ,  -1.5400981306903612     
  -1.3180557036157574      ,  -1.6443034919369328      ,  -1.5737554593945751     
  -1.3343869049919697      ,  -1.6077659040101648      ,  -1.6009607280829263     
  -1.3467649377540403      ,  -1.5579135285661139      ,  -1.6208614663653091     
  -1.3539735784422642      ,  -1.4955348932514001      ,  -1.6327430334951276     
  -1.3552364885039481      ,  -1.4219521617279289      ,  -1.6360743587605571     
  -1.3502437113468844      ,  -1.3389674036710908      ,  -1.6305459717501778     
  -1.3390326306008455      ,  -1.2487650483012311      ,  -1.6160960912620492     
  -1.3218450069603975      ,  -1.1537797725597216      ,  -1.5929215969596866     
  -1.2990300349654147      ,  -1.0565444878607058      ,  -1.5614723340519292     
  -1.2710050145984606      , -0.95953593668434656      ,  -1.5224291288345679     
  -1.2382510446939927      , -0.86503506073693992      ,  -1.4766677720079291     
  -1.2013118789299939      , -0.77501596540308193      ,  -1.4252127180413876     
  -1.1607710349890628      , -0.69107193118611820      ,  -1.3691851115140485     
  -1.1171987043705922      , -0.61438085835291323      ,  -1.3097498964083438     
  -1.0710809601128326      , -0.54570708471447615      ,  -1.2480662595137457     
  -1.0227617821996846      , -0.48543260907053182      ,  -1.1852446890097597     
 -0.97243318118823396      , -0.43360875900124374      ,  -1.1223127313895014     
 -0.92019340510748082      , -0.39001913247825576      ,  -1.0601903307828902     
 -0.86616321998300716      , -0.35424575937535829      , -0.99967460534226515     
 -0.81062276026206059      , -0.32573229227028422      , -0.94143315192369736     
 -0.75412287383014842      , -0.30384011645547843      , -0.88600449845689855     
 -0.69753805981643935      , -0.28789518263124692      , -0.83380411625177198     
 -0.64205189601601176      , -0.27722489743748402      , -0.78513440532441636     
 -0.58908522136854025      , -0.27118548665555725      , -0.74019720831002611     
 -0.54018359558613116      , -0.26918090226847574      , -0.69910763092864081     
 -0.49687578246606012      , -0.27067465841662991      , -0.66190819981108051     
 -0.46050892656508297      , -0.27519604925744096      , -0.62858263694646577     
 -0.43206798999331092      , -0.28234211350831079      , -0.59906875283833150     
 -0.41199907378071116      , -0.29177653783712260      , -0.57327014725614533     
 -0.40007286672488740      , -0.30322648557970211      , -0.55106655451075470     
 -0.39533570989978900      , -0.31647813139018632      , -0.53232278152552437     
 -0.39619137603638194      , -0.33137149483996187      , -0.51689626622335638     
 -0.40063034162496763      , -0.34779500501769461      , -0.50464333648177084     
 -0.40657839077785984      , -0.36568009573819377      , -0.49542428169247349     
 -0.41228909787802798      , -0.38499602525408183      , -0.48910736481874190     
 -0.41667808812296236      , -0.40574503181382809      , -0.48557190700941305     
 -0.41950645978556245      , -0.42795787285999853      , -0.48471057270616202     
 -0.42136472951444875      , -0.45168974702394493      , -0.48643097339798735     
 -0.42346984757817752      , -0.47701656066061776      , -0.49065669468592232     
 -0.42734097530986836      , -0.50403147131716031      , -0.49732783551610799     
 -0.43444319169166407      , -0.53284161661660823      , -0.50640113126787600     
 -0.44587785606533420      , -0.56356491644376672      , -0.51784971444532857     
 -0.46217045574680632      , -0.59632681739133375      , -0.53166254835454352     
 -0.48318282876922580      , -0.63125682995497168      , -0.54784355050508726     
 -0.50816323033914268      , -0.66848469021474177      , -0.56641040358499717     
 -0.53593399161601007      , -0.70813595849571220      , -0.58739303269851206     
 -0.56518955195509812      , -0.75032684820996909      , -0.61083170811569854     
 -0.59483888663732243      , -0.79515806005460743      , -0.63677471314776146     
 -0.62429527277071695      , -0.84270738243510879      , -0.66527549721122536     
 -0.65361767427144768      , -0.89302081239096343      , -0.69638921528000819     
 -0.68345165428449006      , -0.94610195840523448      , -0.73016853783086644     
 -0.71478781060403440      ,  -1.0018995157737431      , -0.76665860183091661     
 -0.74861952744964699      ,  -1.0602926681694629      , -0.80589096597885568     
 -0.78561150853184680      ,  -1.1210743804092265      , -0.84787643615008990     
 -0.82587965645130823      ,  -1.1839327250420781      , -0.89259664507869874     
 -0.86894363523677642      ,  -1.2484306490633519      , -0.93999431056875693     
 -0.91386060706617545      ,  -1.3139849560736494      , -0.98996216730446873     
 -0.95949094730666284      ,  -1.3798457674096958      ,  -1.0423306780223585     
  -1.0047967418087063      ,  -1.4450783338110693      ,  -1.0968547897873986     
  -1.0490565566831269      ,  -1.5085497731547308      ,  -1.1532002176860552     
  -1.0919165286011425      ,  -1.5689240468697017      ,  -1.2109300134128256     
  -1.1332770259518123      ,  -1.6246691407812124      ,  -1.2694925020919510     
  -1.1730912437164343      ,  -1.6740808026929315      ,  -1.3282120238056812     
  -1.2111830037198923      ,  -1.7153270618634235      ,  -1.3862842519564700     
  -1.2471640687566266      ,  -1.7465168280709595      ,  -1.4427781088534570     
  -1.2804688039512564      ,  -1.7657938748848623      ,  -1.4966463657802502     
  -1.3104633483547867      ,  -1.7714543110066963      ,  -1.5467467920685003     
  -1.3365587374502448      ,  -1.7620813487078815      ,  -1.5918751048897211     
  -1.3582721539305920      ,  -1.7366862849086970      ,  -1.6308099101921392     
  -1.3752215842944913      ,  -1.6948400507549732      ,  -1.6623683407229719     
  -1.3870776216155525      ,  -1.6367767362150747      ,  -1.6854693344275800     
  -1.3935113703516022      ,  -1.5634504866980163      ,  -1.6991997322826975     
  -1.3941687576057877      ,  -1.4765310201841704      ,  -1.7028769857454698     
  -1.3886824893253866      ,  -1.3783307488594123      ,  -1.6961016460448777     
  -1.3767171740216508      ,  -1.2716669436537500      ,  -1.6787932562460715     
  -1.3580361622160335      ,  -1.1596733249467557      ,  -1.6512048610538417     
  -1.3325776009710051      ,  -1.0455842051320325      ,  -1.6139138845134358     
  -1.3005261386848135      , -0.93251858183882830      ,  -1.5677901395865363     
  -1.2623617846448385      , -0.82329035218042435      ,  -1.5139446234270537     
  -1.2188601385567375      , -0.72026464386512257      ,  -1.4536649478973556     
  -1.1710164931875862      , -0.62527101860698397      ,  -1.3883443792293637     
  -1.1198821854567014      , -0.53957446906770634      ,  -1.3194114175192606     
  -1.0663421634861163      , -0.46389691918436793      ,  -1.2482658107355322     
  -1.0109151267131402      , -0.39847670576091254      ,  -1.1762252245048130     
 -0.95368239545254818      , -0.34315158107041943      ,  -1.1044848893203174     
 -0.89440999916097674      , -0.29745160266351045      ,  -1.0340907775608119     
 -0.83283165535746140      , -0.26069089022894731      , -0.96592546022966486     
 -0.76897586188032252      , -0.23205059843253328      , -0.90070485909712150     
 -0.70340743949398377      , -0.21064875873199193      , -0.83898363355433903     
 -0.63730929691058591      , -0.19559537939723376      , -0.78116684156170324     
 -0.57240690834630104      , -0.18603315816078411      , -0.72752567936784129     
 -0.51079012470051699      , -0.18116536963129981      , -0.67821542530855661     
 -0.45469273740335076      , -0.18027307394903186      , -0.63329409850843954     
 -0.40625958827766229      , -0.18272393010137675      , -0.59274072934587274     
 -0.36729827608165561      , -0.18797475401396574      , -0.55647248585787767     
 -0.33900878278940466      , -0.19556967171577358      , -0.52436018980393284     
 -0.32171388988933669      , -0.20513537557731906      , -0.49624198298935779     
 -0.31465577951758555      , -0.21637465526718860      , -0.47193507244194055     
 -0.31595127901757603      , -0.22905907577723930      , -0.45124560031800964     
 -0.32278538594808759      , -0.24302142513539784      , -0.43397676066707219     
 -0.33185968330396443      , -0.25814835544495218      , -0.41993532984433485     
 -0.34001723182167259      , -0.27437348785925458      , -0.40893679872533489     
 -0.34488536266300418      , -0.29167113772052305      , -0.40080929976955437     
 -0.34535539426294604      , -0.31005073261561378      , -0.39539651574186374     
 -0.34176218367261735      , -0.32955193639568431      , -0.39255974355020584     
 -0.33571871611808268      , -0.35024045017466282      , -0.39217926911047751     
 -0.32967078796183585      , -0.37220443197803904      , -0.39415518944159794     
 -0.32631690374948519      , -0.39555145607950276      , -0.39840779768278439     
 -0.32804621421839220      , -0.42040591799337096      , -0.40487762625429907     
 -0.33649196967490658      , -0.44690677909479126      , -0.41352522341094500     
 -0.35223953383190454      , -0.47520553392195697      , -0.42433071913709575     
 -0.37471169713345392      , -0.50546427174952702      , -0.43729321766365337     
 -0.40226620440060723      , -0.53785369066681721      , -0.45243003565478301     
 -0.43253417667425720      , -0.57255090604011283      , -0.46977578700513067     
 -0.46297348220642259      , -0.60973687501055940      , -0.48938129681772835     
 -0.49152163783118108      , -0.64959323398722135      , -0.51131230806695893     
 -0.51715871431966354      , -0.69229831675282183      , -0.53564792425562802     
 -0.54018647884873428      , -0.73802208723464602      , -0.56247870966875946     
 -0.56211655122644699      , -0.78691968457225403      , -0.59190434535887448     
 -0.58520483558667302      , -0.83912324162272045      , -0.62403071376360286     
 -0.61179758762930703      , -0.89473160635231996      , -0.65896625826376010     
 -0.64369859248747219      , -0.95379757650101715      , -0.69681743709137578     
 -0.68172176540665130      ,  -1.0163122633497086      , -0.73768306581018306     
 -0.72551692276277024      ,  -1.0821862475180342      , -0.78164732251353786     
 -0.77370013928310988      ,  -1.1512273020640964      , -0.82877118020333218     
 -0.82427203998271015      ,  -1.2231146665016239      , -0.87908203927150175     
 -0.87522473042752091      ,  -1.2973701971690170      , -0.93256137033902720     
 -0.92513235049591080      ,  -1.3733272361202213      , -0.98913025796572596     
 -0.97348034143026685      ,  -1.4500987710790152      ,  -1.0486328760822481     
  -1.0205887733648225      ,  -1.5265474263521797      ,  -1.1108181454454200     
  -1.0671838220686558      ,  -1.6012610163540415      ,  -1.1753201399794371     
  -1.1138402321839322      ,  -1.6725387318242921      ,  -1.2416382341557344     
  -1.1605596379767407      ,  -1.7383943355206446      ,  -1.3091185144058646     
  -1.2066595271791276      ,  -1.7965837066088675      ,  -1.3769385845074287     
  -1.2509835342264830      ,  -1.8446642303873391      ,  -1.4440985090625240     
  -1.2922869910101955      ,  -1.8800923057294496      ,  -1.5094211411549825     
  -1.3295819906989399      ,  -1.9003620552261886      ,  -1.5715652975031595     
  -1.3622822444872371      ,  -1.9031827982302114      ,  -1.6290549666315841     
  -1.3901261980313626      ,  -1.8866851170226828      ,  -1.6803267568421569     
  -1.4129768185769869      ,  -1.8496363551116888      ,  -1.7237959816215145     
  -1.4306280059915595      ,  -1.7916380410675179      ,  -1.7579391792960299     
  -1.4427000884473458      ,  -1.7132726957006661      ,  -1.7813877595971110     
  -1.4486366931206318      ,  -1.6161684807156373      ,  -1.7930244250309093     
  -1.4477697985467057      ,  -1.5029588695350191      ,  -1.7920717886868647     
  -1.4394124939685333      ,  -1.3771305048812259      ,  -1.7781619623086107     
  -1.4229565612043100      ,  -1.2427725453127778      ,  -1.7513773102249932     
  -1.3979729510170296      ,  -1.1042599496768615      ,  -1.7122560386931081     
  -1.3643222192155486      , -0.96591582889212391      ,  -1.6617612036872165     
  -1.3222733913573745      , -0.83170052098099057      ,  -1.6012170039848961     
  -1.2726047320623026      , -0.70496700230654741      ,  -1.5322206851177955     
  -1.2166264243807414      , -0.58830656487150945      ,  -1.4565410779602899     
  -1.1560440599938691      , -0.48349030064061937      ,  -1.3760153333794944     
  -1.0926108631823428      , -0.39149578312941646      ,  -1.2924539848468182     
  -1.0276294145509695      , -0.31259772590773183      ,  -1.2075617072594529     
 -0.96152593692187638      , -0.24649732083023929      ,  -1.1228778477963137     
 -0.89378473351487164      , -0.19246644036208602      ,  -1.0397377047734631     
 -0.82336139196529656      , -0.14948788969210711      , -0.95925310181428824     
 -0.74939193855860864      , -0.11637925082458615      , -0.88230924416551371     
 -0.67185218821412718      ,  -9.1893903499562668E-002 , -0.80957411805612767     
 -0.59190078774629473      ,  -7.4797586472046762E-002 , -0.74151662997261869     
 -0.51183467949283035      ,  -6.3922072050415557E-002 , -0.67843005825751912     
 -0.43475695019796085      ,  -5.8199293618304448E-002 , -0.62045799615403852     
 -0.36413223098891501      ,  -5.6679925827361408E-002 , -0.56762064194083117     
 -0.30335784748152578      ,  -5.8540348368154201E-002 , -0.51983993214592517     
 -0.25536420845228230      ,  -6.3081452805168317E-002 , -0.47696256091195804     
 -0.22219002459894738      ,  -6.9722116155089525E-002 , -0.43878036149152644     
 -0.20451904846566554      ,  -7.7989515728857151E-002 , -0.40504784664213661     
 -0.20127522664728048      ,  -8.7507878633341765E-002 , -0.37549692761449566     
 -0.20946567132542562      ,  -9.7986779594274140E-002 , -0.34984897538591037     
 -0.22445793566311906      , -0.10920972673848564      , -0.32782447175601614     
 -0.24074109678202918      , -0.12102349597512529      , -0.30915053859972014     
 -0.25300890178351054      , -0.13332847406205278      , -0.29356664452594172     
 -0.25726790980368086      , -0.14607013108359065      , -0.28082877981958682     
 -0.25167965884263260      , -0.15923164952925400      , -0.27071237047079422     
 -0.23691732106823921      , -0.17282767687931797      , -0.26301417569665608     
 -0.21592466131798180      , -0.18689913183338283      , -0.25755338429269542     
 -0.19315303791212385      , -0.20150897378470639      , -0.25417209580375427     
 -0.17354858007381263      , -0.21673883553326737      , -0.25273534436015060     
 -0.16158957299601570      , -0.23268641671678922      , -0.25313079693558804     
 -0.16051615688231899      , -0.24946353727361886      , -0.25526823416466127     
 -0.17175565881415450      , -0.26719475444867991      , -0.25907890083227025     
 -0.19456960591321362      , -0.28601645195124986      , -0.26451479464037853     
 -0.22604533304381841      , -0.30607631475629160      , -0.27154794566341145     
 -0.26156538077705371      , -0.32753310681370912      , -0.28016972472774587     
 -0.29575831305995975      , -0.35055667081892139      , -0.29039020643681313     
 -0.32374664959104249      , -0.37532806847835753      , -0.30223760130804356     
 -0.34237468918309449      , -0.40203977563750370      , -0.31575776104721937     
 -0.35105710388440231      , -0.43089583842782897      , -0.33101375087482215     
 -0.35194560879481546      , -0.46211188333042980      , -0.34808547250654798     
 -0.34931711865734788      , -0.49591485471487706      , -0.36706931029059908     
 -0.34841587693563603      , -0.53254232681396518      , -0.38807776046718501     
 -0.35420875761681792      , -0.57224120193494643      , -0.41123898881699250     
 -0.37041954504431424      , -0.61526556162170254      , -0.43669624430404413     
 -0.39891698333399628      , -0.66187338119341854      , -0.46460703482419996     
 -0.43938134627032494      , -0.71232174967747208      , -0.49514194493394065     
 -0.48927224876758002      , -0.76686015654029704      , -0.52848294357277537     
 -0.54426881166496011      , -0.82572131529877424      , -0.56482099157809673     
 -0.59931717409811180      , -0.88910889631946843      , -0.60435271386681955     
 -0.65012927542202470      , -0.95718144561732144      , -0.64727584989268017     
 -0.69460746809226903      ,  -1.0300316888973573      , -0.69378314002236041     
 -0.73354304146977622      ,  -1.1076603862467747      , -0.74405424852281254     
 -0.77021867003426436      ,  -1.1899439527310121      , -0.79824527282869806     
 -0.80907054602110617      ,  -1.2765952520927344      , -0.85647535524582685     
 -0.85399117341546527      ,  -1.3671173852263221      , -0.91880991527361622     
 -0.90693710385901860      ,  -1.4607510350535038      , -0.98524008462433921     
 -0.96729015465271428      ,  -1.5564171138177354      ,  -1.0556580887928402     
  -1.0321420063398679      ,  -1.6526582029154728      ,  -1.1298286242713289     
  -1.0974228915496069      ,  -1.7475846497656911      ,  -1.2073567810173433     
  -1.1594534040586555      ,  -1.8388341462472721      ,  -1.2876538045436170     
  -1.2161683866699342      ,  -1.9235568958115867      ,  -1.3699030094540989     
  -1.2673850605160577      ,  -1.9984414754470683      ,  -1.4530294256971485     
  -1.3141264745992083      ,  -2.0597981597360326      ,  -1.5356781714554506     
  -1.3575747626885801      ,  -2.1037152903137084      ,  -1.6162078635177315     
  -1.3982755967571003      ,  -2.1262985059202357      ,  -1.6927062008074754     
  -1.4358929242368879      ,  -2.1239908924464261      ,  -1.7630346532475247     
  -1.4694436676071154      ,  -2.0939542405694795      ,  -1.8249073791125396     
  -1.4977180372971972      ,  -2.0344698460352229      ,  -1.8760056647451384     
  -1.5195896293573290      ,  -1.9452969176045305      ,  -1.9141233645507050     
  -1.5340949207222840      ,  -1.8279153874829066      ,  -1.9373317682185185     
  -1.5403518954019371      ,  -1.6855855241203963      ,  -1.9441455890870691     
  -1.5374549030770821      ,  -1.5231832073349167      ,  -1.9336674312105187     
  -1.5244348065034339      ,  -1.3468136481388202      ,  -1.9056880830014979     
  -1.5003062188319158      ,  -1.1632561703974931      ,  -1.8607252165892612     
  -1.4641993598659744      , -0.97933229922058140      ,  -1.7999928104286804     
  -1.4155838406037489      , -0.80130503042066714      ,  -1.7253055011865772     
  -1.3545923526102821      , -0.63440384938197447      ,  -1.6389329214769353     
  -1.2824026015621082      , -0.48253394132337513      ,  -1.5434260887480573     
  -1.2015160774478566      , -0.34818283590830196      ,  -1.4414396800717835     
  -1.1156161115797696      , -0.23249812814134732      ,  -1.3355709038006018     
  -1.0286565070385179      , -0.13548555971593074      ,  -1.2282293332833776     
 -0.94324063625110111      ,  -5.6269906219155272E-002 ,  -1.1215446562215881     
 -0.85923232373771041      ,   6.6318975710786821E-003 ,  -1.0173126590833490     
 -0.77389363160295299      ,   5.5061524558877140E-002 , -0.91697499538263172     
 -0.68369070936789467      ,   9.1014157251776917E-002 , -0.82162566727776609     
 -0.58651325114944242      ,  0.11648438835860699      , -0.73203639435533829     
 -0.48308388411257963      ,  0.13336077817771405      , -0.64869359043157415     
 -0.37714108186096840      ,  0.14336166147433382      , -0.57184093095123456     
 -0.27456421820845373      ,  0.14800295290998974      , -0.50152299788620158     
 -0.18201342421478481      ,  0.14858893126008563      , -0.43762692591034791     
 -0.10573790880445048      ,  0.14621829166196354      , -0.37992018122204974     
  -5.0742114127853934E-002 ,  0.14179943589764171      , -0.32808352909402183     
  -2.0018746884674716E-002 ,  0.13607060347492927      , -0.28173890008174274     
  -1.3654824388172613E-002 ,  0.12962183015824019      , -0.24047229154001515     
  -2.8103270797872337E-002 ,  0.12291679566143585      , -0.20385209363802392     
  -5.6246177371409321E-002 ,  0.11631340530896644      , -0.17144335712803233     
  -8.8637353053298229E-002 ,  0.11008249150981247      , -0.14281856471464840     
 -0.11548222746458275      ,  0.10442437711713656      , -0.11756546009112379     
 -0.12846745732736564      ,   9.9483265975480822E-002 ,  -9.5292450698742537E-002
 -0.12215387173986267      ,   9.5359557810579046E-002 ,  -7.5632046969053610E-002
  -9.5091419808814678E-002 ,   9.2120256097234787E-002 ,  -5.8242741815565935E-002
  -5.0391221482718365E-002 ,   8.9807670522331809E-002 ,  -4.2809675278040152E-002
   4.7889121091805355E-003 ,   8.8446624947945987E-002 ,  -2.9044373790967137E-002
   6.0865162502201114E-002 ,   8.8050377067792895E-002 ,  -1.6683803224649796E-002
  0.10788547728747966      ,   8.8625443418063860E-002 ,  -5.4889303017962065E-003
  0.13742691937191234      ,   9.0175506903978228E-002 ,   4.7570517042281801E-003
  0.14427952689179260      ,   9.2704565893845861E-002 ,   1.4250710197358178E-002
  0.12784723415383709      ,   9.6219465629758111E-002 ,   2.3170478593267770E-002
   9.2684450822280495E-002 ,  0.10073193503900983      ,   3.1678808289697137E-002
   4.7528161058167311E-002 ,  0.10626023546901686      ,   3.9924315065625528E-002
   3.0398126412106040E-003 ,  0.11283051264599034      ,   4.8043883403733036E-002
  -3.0563470116146817E-002 ,  0.12047792935848968      ,   5.6164704860415256E-002
  -4.5154136771637300E-002 ,  0.12924764397219127      ,   6.4406236612651963E-002
  -3.5907193380312001E-002 ,  0.13919568879702723      ,   7.2882074089193616E-002
  -2.4304376004184933E-003 ,  0.15038979239713457      ,   8.1701737491125151E-002
   5.0646949959506929E-002 ,  0.16291018095003260      ,   9.0972376317400280E-002
  0.11435760758667475      ,  0.17685038546522014      ,  0.10080039897459114     
  0.17738116668966850      ,  0.19231807375030874      ,  0.11129303635303416     
  0.22851668750467338      ,  0.20943591808758993      ,  0.12255984902471209     
  0.25898606056970946      ,  0.22834250119983526      ,  0.13471418753482758     
  0.26450208716917928      ,  0.24919325368583059      ,  0.14787461413054032     
  0.24673103943643665      ,  0.27216140501006614      ,  0.16216629213985403     
  0.21316981607604701      ,  0.29743891648856235      ,  0.17772234594660688     
  0.17494070209853094      ,  0.32523734746483168      ,  0.19468518987864572     
  0.14360539753180290      ,  0.35578858369275485      ,  0.21320781800241143     
  0.12886608776140313      ,  0.38934532818804513      ,  0.23345503833546014     
  0.13756265809212612      ,  0.42618121744158366      ,  0.25560462372991749     
  0.17292335402159892      ,  0.46659037743175252      ,  0.27984833683908750     
  0.23354013848456065      ,  0.51088617139247883      ,  0.30639276713294245     
  0.31268919447444959      ,  0.55939881143258230      ,  0.33545989260639347     
  0.39903148339053734      ,  0.61247140525082377      ,  0.36728724609690205     
  0.47918071027735570      ,  0.67045388387585647      ,  0.40212752422049775     
  0.54156246940388231      ,  0.73369410400377422      ,  0.44024742390437027     
  0.58027886515693194      ,  0.80252523878664739      ,  0.48192542541007199     
  0.59744458583076254      ,  0.87724836805713469      ,  0.52744816004763362     
  0.60263027886477127      ,  0.95810896533412482      ,  0.57710490493869326     
  0.60922831131204558      ,   1.0452657805728223      ,  0.63117963775002872     
  0.62954848990694035      ,   1.1387504820354777      ,  0.68993996663175328     
  0.67130076295839169      ,   1.2384164273482181      ,  0.75362213632406572     
  0.73634411540365929      ,   1.3438752066554114      ,  0.82241122208398265     
  0.82061329011675888      ,   1.4544203201472676      ,  0.89641559472431365     
  0.91483308147263454      ,   1.5689387609178072      ,  0.97563482829485038     
   1.0071963437500298      ,   1.6858136658766292      ,   1.0599205065801458     
   1.0881540315550882      ,   1.8028248692118054      ,   1.1489299706560232     
   1.1544017656139507      ,   1.9170593339240956      ,   1.2420740599845279     
   1.2090150104130031      ,   2.0248499264203508      ,   1.3384614507544750     
   1.2582413450483136      ,   2.1217681005363196      ,   1.4368443490931841     
   1.3076159169965007      ,   2.2027020523138305      ,   1.5355729780716709     
   1.3594184425041931      ,   2.2620538223631388      ,   1.6325691829374855     
   1.4122605749142849      ,   2.2940825631095625      ,   1.7253318865775926     
   1.4625528539577810      ,   2.2934025096515773      ,   1.8109879719485740     
   1.5066696721250541      ,   2.2556108582566328      ,   1.8864000927656583     
   1.5423565487947846      ,   2.1779756365249536      ,   1.9483366994347122     
   1.5687538835216526      ,   2.0600674067786091      ,   1.9936988387326597     
   1.5855828993454157      ,   1.9041894755754216      ,   2.0197843039439829     
   1.5923838634580247      ,   1.7154692943814802      ,   2.0245557812127513     
   1.5882092008615241      ,   1.5015302430138926      ,   2.0068705581414674     
   1.5716707656447340      ,   1.2717598040209583      ,   1.9666297015238157     
   1.5411258429522390      ,   1.0362971825751546      ,   1.9048163682796677     
   1.4949141146266438      ,  0.80493991239132967      ,   1.8234138682300103     
   1.4317033393204996      ,  0.58618396610125834      ,   1.7252181534258575     
   1.3510558650600801      ,  0.38656124625243360      ,   1.6135790714816123     
   1.2542402986255592      ,  0.21034630813473335      ,   1.4921143988777912     
   1.1450297774633085      ,   5.9608695163686748E-002 ,   1.3644388805009304     
   1.0297240462321093      ,  -6.5479933137011226E-002 ,   1.2339398472094227     
  0.91523479679904340      , -0.16620055027530495      ,   1.1036162944159156     
  0.80516779301727670      , -0.24481000764352695      ,  0.97598429919751772     
  0.69706958017746390      , -0.30410886996064257      ,  0.85304136147876719     
  0.58444117078500879      , -0.34709476490187574      ,  0.73627664433751827     
  0.46184206194642186      , -0.37671289195006802      ,  0.62671257737338548     
  0.32880930868371344      , -0.39569614814294074      ,  0.52496455981118595     
  0.19097475185261972      , -0.40647782964416257      ,  0.43130818574931273     
   5.8612028501624877E-002 , -0.41115746707718875      ,  0.34574645755035577     
  -5.6371301016764519E-002 , -0.41150210621487715      ,  0.26807221390270930     
 -0.14329921334313039      , -0.40896890310199524      ,  0.19792318892810590     
 -0.19474076819427244      , -0.40473875859198022      ,  0.13482868670199558     
 -0.20833359108253829      , -0.39975409662649936      ,   7.8247876867343358E-002
 -0.18856256359083692      , -0.39475651542952789      ,   2.7600314319150377E-002
 -0.14699477072328929      , -0.39032191242298492      ,  -1.7710416716385423E-002
  -9.9132862467468955E-002 , -0.38689192741735651      ,  -5.8278932325788971E-002
  -5.9331060410332349E-002 , -0.38480132170628584      ,  -9.4685166360762144E-002
  -3.8261915045275749E-002 , -0.38430135678688487      , -0.12748546907213734     
  -4.3245499801420881E-002 , -0.38557946906189577      , -0.15720688788408219     
  -7.7920097002007915E-002 , -0.38877563790933228      , -0.18434394603443194     
 -0.14048573588471364      , -0.39399586905819672      , -0.20935734501658584     
 -0.22243375788184475      , -0.40132319833040991      , -0.23267411661505247     
 -0.30954818478077878      , -0.41082658358391927      , -0.25468883757681537     
 -0.38530557286235645      , -0.42256800707019559      , -0.27576559431625691     
 -0.43532763905294836      , -0.43660806267782115      , -0.29624044721241904     
 -0.45160603592053356      , -0.45301025559336150      , -0.31642419513785502     
 -0.43536814515897371      , -0.47184419680003337      , -0.33660528206910106     
 -0.39697360411895199      , -0.49318783156868379      , -0.35705272011539529     
 -0.35190780008068367      , -0.51712879917563415      , -0.37801892807114496     
 -0.31485859131501709      , -0.54376497977004823      , -0.39974240249018106     
 -0.29614453697021975      , -0.57320424278403181      , -0.42245014997122587     
 -0.30173830551909636      , -0.60556336871600913      , -0.44635981535506558     
 -0.33400406942140781      , -0.64096607180850518      , -0.47168144125200534     
 -0.39121182800924365      , -0.67954000459510544      , -0.49861879002709569     
 -0.46652906855208776      , -0.72141257642418488      , -0.52737015029433365     
 -0.54824032281762347      , -0.76670536747726248      , -0.55812853633776005     
 -0.62250929031583635      , -0.81552686917319506      , -0.59108117101442681     
 -0.67808879189642635      , -0.86796323453109814      , -0.62640812116689004     
 -0.71056364255570692      , -0.92406668383501045      , -0.66427993038313904     
 -0.72384902071173329      , -0.98384119101453216      , -0.70485406880495360     
 -0.72825099237595092      ,  -1.0472250883707017      , -0.74826999640014280     
 -0.73609978017559163      ,  -1.1140702913966432      , -0.79464261903395428     
 -0.75718590157245902      ,  -1.1841179882630797      , -0.84405391227026083     
 -0.79609543558603924      ,  -1.2569708943107780      , -0.89654250528706636     
 -0.85181329076600387      ,  -1.3320625811600497      , -0.95209106900782137     
 -0.91869866893397323      ,  -1.4086249955284553      ,  -1.0106114543405447     
 -0.98843856125811880      ,  -1.4856561204709910      ,  -1.0719276969676881     
  -1.0530232252148497      ,  -1.5618908147046162      ,  -1.1357572641826892     
  -1.1077485080247100      ,  -1.6357791596741007      ,  -1.2016912837629112     
  -1.1524480522279863      ,  -1.7054780339848252      ,  -1.2691749722667758     
  -1.1903667763250603      ,  -1.7688628873783263      ,  -1.3374900584707226     
  -1.2257892656145271      ,  -1.8235674200729917      ,  -1.4057416326856329     
  -1.2618534390134690      ,  -1.8670585584756816      ,  -1.4728524544807782     
  -1.2993902077438153      ,  -1.8967521385750084      ,  -1.5375681751794532     
  -1.3370109556704148      ,  -1.9101705150628026      ,  -1.5984769812271005     
  -1.3721352008664269      ,  -1.9051366868038477      ,  -1.6540466183546458     
  -1.4022649681034660      ,  -1.8799909029060546      ,  -1.7026804229180070     
  -1.4258058093860220      ,  -1.8338064567641899      ,  -1.7427917898376235     
  -1.4421588100042984      ,  -1.7665738233804884      ,  -1.7728935811366489     
  -1.4513150730348614      ,  -1.6793193399910480      ,  -1.7916957382361516     
  -1.4533723101595160      ,  -1.5741287994909499      ,  -1.7982014834472844     
  -1.4482448641185759      ,  -1.4540585711738296      ,  -1.7917907942460058     
  -1.4356133933460633      ,  -1.3229355864692047      ,  -1.7722800115972297     
  -1.4150381040191420      ,  -1.1850684983651558      ,  -1.7399488134297523     
  -1.3861451067136930      ,  -1.0449098261764556      ,  -1.6955300711564372     
  -1.3488258219421030      , -0.90671780055009554      ,  -1.6401634518064443     
  -1.3034130808226392      , -0.77426443399857336      ,  -1.5753188259838156     
  -1.2507940414604599      , -0.65062418559314306      ,  -1.5026994293425207     
  -1.1923970904480488      , -0.53805960856055846      ,  -1.4241365517228026     
  -1.1299807107993578      , -0.43800192017994610      ,  -1.3414871510683963     
  -1.0652058628045811      , -0.35111004356225739      ,  -1.2565436330226010     
 -0.99911418116002826      , -0.27738372851379317      ,  -1.1709618668190174     
 -0.93178727107577874      , -0.21630490680726164      ,  -1.0862101432000582     
 -0.86245159345010403      , -0.16698485479310698      ,  -1.0035388660824414     
 -0.79004268337764205      , -0.12830075441590932      , -0.92396866930221366     
 -0.71395163894860680      ,  -9.9011800828282467E-002 , -0.84829344980179178     
 -0.63460240844221205      ,  -7.7850703932708876E-002 , -0.77709439787087953     
 -0.55365399191816400      ,  -6.3590613793592488E-002 , -0.71076127246323817     
 -0.47382554679771510      ,  -5.5090083998159803E-002 , -0.64951768650273467     
 -0.39848832379290638      ,  -5.1319928652182122E-002 , -0.59344783846858606     
 -0.33120015537025327      ,  -5.1376111790610725E-002 , -0.54252281249798806     
 -0.27527375330235593      ,  -5.4482506497482014E-002 , -0.49662518528688282     
 -0.23335753160568248      ,  -5.9986771525834218E-002 , -0.45557118450738321     
 -0.20697915879962714      ,  -6.7351918144290771E-002 , -0.41913003141958882     
 -0.19608102096691357      ,  -7.6145498697450006E-002 , -0.38704037906701927     
 -0.19869345969316182      ,  -8.6027798752510112E-002 , -0.35902394463510756     
 -0.21095387662392420      ,  -9.6739974650656230E-002 , -0.33479655016284376     
 -0.22761719102250083      , -0.10809274326090544      , -0.31407684844854894     
 -0.24301177528736428      , -0.11995598579839001      , -0.29659303637498741     
 -0.25219423689752329      , -0.13224945471734162      , -0.28208785835243927     
 -0.25198951970747757      , -0.14493465480064185      , -0.27032218738771446     
 -0.24165290998055833      , -0.15800789211005009      , -0.26107744707156139     
 -0.22297132535412525      , -0.17149443591142843      , -0.25415710912940392     
 -0.19976024871450360      , -0.18544371031143450      , -0.24938747116086327     
 -0.17693021257864844      , -0.19992541770844602      , -0.24661788975310234     
 -0.15944392353896236      , -0.21502649063002746      , -0.24572061646105828     
 -0.15141368875785527      , -0.23084876878264615      , -0.24659035883437774     
 -0.15540291049780325      , -0.24750730180244249      , -0.24914366600070298     
 -0.17192442256078369      , -0.26512918355277493      , -0.25331821830752771     
 -0.19921053202771480      , -0.28385282959556735      , -0.25907208303752821     
 -0.23340688027349979      , -0.30382761469181757      , -0.26638298299531660     
 -0.26928302531725123      , -0.32521379106320952      , -0.27524761149537930     
 -0.30137404330452705      , -0.34818260996592526      , -0.28568101558953890     
 -0.32529182465986739      , -0.37291656820932029      , -0.29771605884614949     
 -0.33885659825813519      , -0.39960969688581727      , -0.31140296518496530     
 -0.34269652994822491      , -0.42846780097640164      , -0.32680893569513642     
 -0.34007330095990046      , -0.45970854475326928      , -0.34401782048743806     
 -0.33596867619687848      , -0.49356125796539929      , -0.36312981686817919     
 -0.33580117427102552      , -0.53026631045188799      , -0.38426115281641809     
 -0.34424885186114845      , -0.57007386672513005      , -0.40754370016543978     
 -0.36442685221554033      , -0.61324178576453203      , -0.43312444421807728     
 -0.39738789924949747      , -0.66003237338925247      , -0.46116471487057925     
 -0.44188140792465158      , -0.71070762410160104      , -0.49183905773979042     
 -0.49447125640556588      , -0.76552250598750449      , -0.52533359135827784     
 -0.55021450839174268      , -0.82471574748206744      , -0.56184365743896569     
 -0.60395741342363851      , -0.88849748268377926      , -0.60157052509409392     
 -0.65193861635792916      , -0.95703301110356997      , -0.64471685702333670     
 -0.69306552410133460      ,  -1.0304218440011301      , -0.69148058764199649     
 -0.72925012595218064      ,  -1.1086711689674305      , -0.74204680358594444     
 -0.76460365093804816      ,  -1.1916629079707703      , -0.79657716295425818     
 -0.80383607031842552      ,  -1.2791137317463777      , -0.85519635278332806     
 -0.85053702021407274      ,  -1.3705278083744008      , -0.91797508300500474     
 -0.90596294983930559      ,  -1.4651428133852800      , -0.98490917658624821     
 -0.96867292784747427      ,  -1.5618709377351614      ,  -1.0558944769156287     
  -1.0351011834057529      ,  -1.6592384213378226      ,  -1.1306976022292721     
  -1.1009173990982726      ,  -1.7553295920387670      ,  -1.2089230872994532     
  -1.1626455671764824      ,  -1.8477444638281029      ,  -1.2899782167765024     
  -1.2187242529921976      ,  -1.9335823784575716      ,  -1.3730379039287575     
  -1.2694801930196065      ,  -2.0094673378281551      ,  -1.4570132840711101     
  -1.3162203999714355      ,  -2.0716324741702135      ,  -1.5405291632885045     
  -1.3601252785614564      ,  -2.1160799622598705      ,  -1.6219168435451898     
  -1.4015405926280655      ,  -2.1388267571723301      ,  -1.6992297223010837     
  -1.4398817512367179      ,  -2.1362343452227091      ,  -1.7702888766971601     
  -1.4739925359095905      ,  -2.1054020599515408      ,  -1.8327639813947796     
  -1.5026100768663526      ,  -2.0445807668991480      ,  -1.8842909353405151     
  -1.5246425400337369      ,  -1.9535423966589387      ,  -1.9226215166584080     
  -1.5391857290209756      ,  -1.8338290488603362      ,  -1.9457930344686416     
  -1.5453955879944041      ,  -1.6888114028237018      ,  -1.9522989358118306     
  -1.5423693259743037      ,  -1.5235141097589926      ,  -1.9412368422279591     
  -1.5291128006276142      ,  -1.3442120210571691      ,  -1.9124105565793181     
  -1.5045997645236715      ,  -1.1578532144471796      ,  -1.8663681352799042     
  -1.4679131211783252      , -0.97140576902449882      ,  -1.8043683566136113     
  -1.4184772664989740      , -0.79124071353522030      ,  -1.7282803210774276     
  -1.3563951741336830      , -0.62264865754680543      ,  -1.6404321365977033     
  -1.2828523245169217      , -0.46954913069346166      ,  -1.5434317569348321     
  -1.2004214851024775      , -0.33440429339267902      ,  -1.4399846537350298     
  -1.1129308799290394      , -0.21830781663064763      ,  -1.3327295467317848     
  -1.0245135296105563      , -0.12119519779513725      ,  -1.2241066936955947     
 -0.93788622528127052      ,  -4.2115597683410992E-002 ,  -1.1162655197519116     
 -0.85286859941848070      ,   2.0486709436646308E-002 ,  -1.0110115465697123     
 -0.76654467040191532      ,   6.8517777469615099E-002 , -0.90978775496973741     
 -0.67519893400482200      ,  0.10402626193743578      , -0.81368293448099915     
 -0.57665485837653874      ,  0.12904874663052246      , -0.72345890814728753     
 -0.47172527981088103      ,  0.14550507020936551      , -0.63958917068628618     
 -0.36436431135410513      ,  0.15513562773870865      , -0.56230283043951657     
 -0.26071384494919081      ,  0.15947093878374241      , -0.49162931722975295     
 -0.16766051183982189      ,  0.15982416769303215      , -0.42744079806285401     
  -9.1596371835362220E-002 ,  0.15729872395344635      , -0.36949047281843572     
  -3.7563988841287185E-002 ,  0.15280484568268940      , -0.31744585488358845     
  -8.4621994533535996E-003 ,  0.14708076104513482      , -0.27091679461893292     
  -4.1217806181818532E-003 ,  0.14071543813105639      , -0.22947842460269577     
  -2.0589516357202024E-002 ,  0.13417102251796589      , -0.19268945063371956     
  -5.0291103421224871E-002 ,  0.12780384748378712      , -0.16010633292912446     
  -8.3429440941574354E-002 ,  0.12188343978152048      , -0.13129393972555115     
 -0.11005635883904712      ,  0.11660929459036382      , -0.10583324203678925     
 -0.12188067984243856      ,  0.11212541045637760      ,  -8.3326575815892520E-002
 -0.11361983478342062      ,  0.10853270131855734      ,  -6.3400941043187109E-002
  -8.4110271376636292E-002 ,  0.10589946947631626      ,  -4.5709745725188280E-002
  -3.6862215115139957E-002 ,  0.10427015253733518      ,  -2.9933342086985087E-002
   2.0525923736594981E-002 ,  0.10367256371322282      ,  -1.5778645510833335E-002
   7.8083130781047963E-002 ,  0.10412383785823971      ,  -2.9780755577153233E-003
  0.12559680449421237      ,  0.10563528140448651      ,   8.7119867305855848E-003
  0.15457282424361501      ,  0.10821630655474181      ,   1.9513070123515407E-002
  0.15999109227247393      ,  0.11187761099747581      ,   2.9626691293402192E-002
  0.14173151768256598      ,  0.11663374533339807      ,   3.9236545986113792E-002
  0.10500207509043433      ,  0.12250519210664432      ,   4.8510742915426050E-002
   5.9132320503068714E-002 ,  0.12952006322130361      ,   5.7604029240280456E-002
   1.5103662160138715E-002 ,  0.13771550677706540      ,   6.6659972083182917E-002
  -1.6842106758249140E-002 ,  0.14713890001021801      ,   7.5813073027227965E-002
  -2.8741295507290508E-002 ,  0.15784889200725963      ,   8.5190802334656729E-002
  -1.6048567520897603E-002 ,  0.16991634801598865      ,   9.4915547152699190E-002
   2.1244602464480008E-002 ,  0.18342523629126711      ,  0.10510647354626416     
   7.8039173160088099E-002 ,  0.19847348819084690      ,  0.11588130609579436     
  0.14487407225314017      ,  0.21517385232113451      ,  0.12735803123493067     
  0.21000543230661503      ,  0.23365475348327366      ,  0.13965653162546596     
  0.26199529455734433      ,  0.25406115644904970      ,  0.15290015875808619     
  0.29217060856316429      ,  0.27655542254615456      ,  0.16721724963564050     
  0.29682021568871270      ,  0.30131813284431563      ,  0.18274259076972924     
  0.27858817172411054      ,  0.32854883440907107      ,  0.19961882863850883     
  0.24599733354422904      ,  0.35846664439448767      ,  0.21799781994534886     
  0.21078839899217386      ,  0.39131061915952309      ,  0.23804190709181647     
  0.18453409538615709      ,  0.42733976025768178      ,  0.25992509369566286     
  0.17649460404933301      ,  0.46683248383084736      ,  0.28383408103491098     
  0.19283960802479599      ,  0.51008532201043177      ,  0.30996910807541045     
  0.23599062193080322      ,  0.55741055142552731      ,  0.33854451411498021     
  0.30360659572930265      ,  0.60913235169282998      ,  0.36978891269851522     
  0.38796255568769489      ,  0.66558098285394907      ,  0.40394482676344723     
  0.47689681345660700      ,  0.72708433304494668      ,  0.44126758626840140     
  0.55686977375143842      ,  0.79395602623684047      ,  0.48202322918040019     
  0.61733437793525170      ,  0.86647909879151963      ,  0.52648507335109662     
  0.65462904293085311      ,  0.94488406424180749      ,  0.57492854014299799     
  0.67352389242000610      ,   1.0293200115880103      ,  0.62762371220481183     
  0.68538724488213620      ,   1.1198172657769607      ,  0.68482500244872102     
  0.70363220679541660      ,   1.2162401498838087      ,  0.74675720953346603     
  0.73881249100583168      ,   1.3182286351005581      ,  0.81359715612049432     
  0.79567096977287044      ,   1.4251283035935616      ,  0.88545008151459337     
  0.87241510195921812      ,   1.5359092905780751      ,  0.96232003866968674     
  0.96142343911167338      ,   1.6490769691601981      ,   1.0440737963954980     
   1.0516395705720993      ,   1.7625803520093120      ,   1.1303982621456463     
   1.1329831615503798      ,   1.8737286770511576      ,   1.2207523257973252     
   1.2006181829995728      ,   1.9791323337539792      ,   1.3143153831750887     
   1.2558887257408538      ,   2.0746905761774594      ,   1.4099366878493840     
   1.3037510478673133      ,   2.1556539445227054      ,   1.5060920462594489     
   1.3492102854264894      ,   2.2167915023342668      ,   1.6008569537318578     
   1.3948575762412698      ,   2.2526884218042524      ,   1.6919075042317528     
   1.4402392746495571      ,   2.2581843870692953      ,   1.7765613825387028     
   1.4828217871619958      ,   2.2289354566246842      ,   1.8518697931255470     
   1.5196228276048951      ,   2.1620431645734275      ,   1.9147661847452768     
   1.5483942782519815      ,   2.0566529170936714      ,   1.9622686169821451     
   1.5678308357443711      ,   1.9143940614837531      ,   1.9917204286638490     
   1.5771164253176093      ,   1.7395340488428781      ,   2.0010411052933321     
   1.5754152509354735      ,   1.5387608201874197      ,   1.9889499507456627     
   1.5616297210049686      ,   1.3205875736851553      ,   1.9551235362441517     
   1.5344148755149358      ,   1.0944698721640391      ,   1.9002562817400708     
   1.4923531417159990      ,  0.86980197130440695      ,   1.8260108125278076     
   1.4342690114836485      ,  0.65498696600371087      ,   1.7348662255019947     
   1.3597329022228877      ,  0.45674402410833626      ,   1.6298915649064565     
   1.2697623268789948      ,  0.27974115223213653      ,   1.5144830970439576     
   1.1675182268761297      ,  0.12655500924438956      ,   1.3921050714225933     
   1.0584043842531601      ,  -2.1093609545281568E-003 ,   1.2660659784698975     
  0.94864721376961902      , -0.10703999294361360      ,   1.1393497488246689     
  0.84212324005303796      , -0.19008160102014149      ,   1.0145082306768012     
  0.73762353571694506      , -0.25371953242299472      ,  0.89361081724419855     
  0.62977150095165746      , -0.30073129688479561      ,  0.77824067797363217     
  0.51316181188219390      , -0.33392454246025399      ,  0.66952453904332021     
  0.38623802086622044      , -0.35596005720225277      ,  0.56818335328088643     
  0.25291121438749786      , -0.36924698732802863      ,  0.47459326396003948     
  0.12180206822728461      , -0.37589322082260024      ,  0.38884895656509771     
   3.8025311312680646E-003 , -0.37769423707262845      ,  0.31082411065795684     
  -9.0599933625788123E-002 , -0.37614639022080093      ,  0.24022584882287670     
 -0.15327972259274938      , -0.37247398388673925      ,  0.17664171537082027     
 -0.18010967647686310      , -0.36766269850571237      ,  0.11957883348917736     
 -0.17271602686790530      , -0.36249455027626887      ,   6.8495581330194732E-002
 -0.13947273877453698      , -0.35758150586839088      ,   2.2826506073900316E-002
  -9.3956182580530276E-002 , -0.35339622047587044      ,  -1.7998639778078043E-002
  -5.0715235627553555E-002 , -0.35029923678836039      ,  -5.4540824849171811E-002
  -2.1696045574859730E-002 , -0.34856251030891594      ,  -8.7341759806201569E-002
  -1.5540078887226430E-002 , -0.34838942264384626      , -0.11691723052267909     
  -3.7472726628261052E-002 , -0.34993159229674742      , -0.14375306250130479     
  -8.7943897999257087E-002 , -0.35330285041969134      , -0.16830313786135651     
 -0.16112976675340274      , -0.35859075534454887      , -0.19098898192971681     
 -0.24513579394224599      , -0.36586599856871060      , -0.21220052210168877     
 -0.32452991547384191      , -0.37519002047089617      , -0.23229769598738090     
 -0.38423114002106346      , -0.38662111437854607      , -0.25161264904947012     
 -0.41352807516633633      , -0.40021925684407017      , -0.27045231471455861     
 -0.40942415951603828      , -0.41604986199587363      , -0.28910121329269922     
 -0.37803869011671487      , -0.43418661921318441      , -0.30782434099060302     
 -0.33257624804008590      , -0.45471353602796433      , -0.32687004780146445     
 -0.28821539132054447      , -0.47772627159494169      , -0.34647282392138790     
 -0.25734514591696478      , -0.50333280959024207      , -0.36685592925790400     
 -0.24815505072229713      , -0.53165348217388397      , -0.38823381009042951     
 -0.26520958347051832      , -0.56282031778690689      , -0.41081425140154459     
 -0.30933813058303583      , -0.59697564414214421      , -0.43480021307211597     
 -0.37655290396799607      , -0.63426983296738892      , -0.46039129315319621     
 -0.45739886691773501      , -0.67485802422642949      , -0.48778475182937375     
 -0.53834371180305840      , -0.71889561443919947      , -0.51717601545449898     
 -0.60563697470942612      , -0.76653223684161209      , -0.54875856116675947     
 -0.65012214197895868      , -0.81790390218311593      , -0.58272305918769784     
 -0.67061316152107231      , -0.87312291159351063      , -0.61925562236534037     
 -0.67416534449427623      , -0.93226510369459192      , -0.65853498173058778     
 -0.67302992706802278      , -0.99535396770232754      , -0.70072837453749337     
 -0.67976435609795227      ,  -1.0623411591474730      , -0.74598590049483626     
 -0.70309230279715984      ,  -1.1330830190770358      , -0.79443307761640658     
 -0.74619555517034586      ,  -1.2073128544503686      , -0.84616131890993951     
 -0.80689911315182883      ,  -1.2846090303135032      , -0.90121606603373261     
 -0.87865243180644215      ,  -1.3643594057596606      , -0.95958237131782331     
 -0.95241300011453178      ,  -1.4457233725700702      ,  -1.0211678349887090     
  -1.0197768656217368      ,  -1.5275937779192856      ,  -1.0857830039380234     
  -1.0761675743595220      ,  -1.6085623533591964      ,  -1.1531196477268890     
  -1.1220219182449460      ,  -1.6868938939161400      ,  -1.2227277695525685     
  -1.1614031597826540      ,  -1.7605161903145281      ,  -1.2939927958138346     
  -1.1993082647132665      ,  -1.8270343129837907      ,  -1.3661151039794051     
  -1.2392169176495975      ,  -1.8837787772127064      ,  -1.4380948387112886     
  -1.2818229854812000      ,  -1.9278966816365157      ,  -1.5087257139824952     
  -1.3252295468651556      ,  -1.9564922881605553      ,  -1.5766020145148025     
  -1.3662550805387761      ,  -1.9668179842404507      ,  -1.6401430354681412     
  -1.4020015720013490      ,  -1.9565078935156675      ,  -1.6976384459203631     
  -1.4308086834915343      ,  -1.9238352622592316      ,  -1.7473162883833551     
  -1.4522653372235368      ,  -1.8679631247608479      ,  -1.7874324592804500     
  -1.4666145394663352      ,  -1.7891488963989355      ,  -1.8163767754887499     
  -1.4741113722688262      ,  -1.6888613174542515      ,  -1.8327867172578691     
  -1.4746676465413169      ,  -1.5697756537403367      ,  -1.8356565804305158     
  -1.4678109215968451      ,  -1.4356308657342878      ,  -1.8244281277482193     
  -1.4528353700211589      ,  -1.2909575812169940      ,  -1.7990497282333926     
  -1.4290205862815770      ,  -1.1407118013422741      ,  -1.7599946421626305     
  -1.3958529594466882      , -0.98986866166433762      ,  -1.7082349636031091     
  -1.3532333445817841      , -0.84303727905915227      ,  -1.6451744759519611     
  -1.3016625244828692      , -0.70414998917810345      ,  -1.5725497021054149     
