   1.1745072487864778      ,   2.1229450724483714      ,   1.4655193661558268     
   2.0106247128961323      ,   2.1929852415350255      ,   1.5610585270229873     
   2.1924003011913751      ,   2.2400776937172493      ,   1.6539053462152871     
   2.2152266706104795      ,   2.2589017442634218      ,   1.7415228812149708     
   2.1304589806154288      ,   2.2447042742917840      ,   1.8210630112943438     
   2.0410651887898452      ,   2.1939089102960634      ,   1.8894909061409448     
   1.9475174319001269      ,   2.1047402225179983      ,   1.9437656688917380     
   1.8491052830992150      ,   1.9777454803439807      ,   1.9810672081207392     
   1.7328249187606086      ,   1.8160821072783706      ,   1.9990464820024860     
   1.5917643644653339      ,   1.6254624622894605      ,   1.9960649989817625     
   1.4216745115551055      ,   1.4137129629515430      ,   1.9713841858516696     
   1.2263891487850958      ,   1.1899972664110152      ,   1.9252693066812612     
   1.0185282800062938      ,  0.96384218103004549      ,   1.8589865037522069     
  0.81790245449281307      ,  0.74415591195967179      ,   1.7746919444430655     
  0.64280542623812653      ,  0.53842131673974125      ,   1.6752329415465239     
  0.49995267037079200      ,  0.35218728446955988      ,   1.5638959838847664     
  0.38324276279458014      ,  0.18889565376218667      ,   1.4441420266186100     
  0.28123977082937751      ,   5.0001978019320249E-002 ,   1.3193650556489360     
  0.18405651708433760      ,  -6.4700883798565631E-002 ,   1.1926989228874905     
   8.6179458983130036E-002 , -0.15666063759309845      ,   1.0668841267543117     
  -1.3212286645282498E-002 , -0.22813426990100699      ,  0.94419438639734021     
 -0.11107992191447794      , -0.28180797976757588      ,  0.82641469034470127     
 -0.20190025866279759      , -0.32049834109380249      ,  0.71485843581946695     
 -0.27914694897865261      , -0.34694074961631782      ,  0.61041059040920653     
 -0.33663129790270713      , -0.36365620077566646      ,  0.51358530372947420     
 -0.36972272142420226      , -0.37288048745330526      ,  0.42458891988492709     
 -0.37656373705556828      , -0.37653861886822665      ,  0.34338204425120999     
 -0.35920709065004036      , -0.37624917459232166      ,  0.26973670639260389     
 -0.32425980241901137      , -0.37334652660465156      ,  0.20328652779630416     
 -0.28236048819745541      , -0.36891220776140959      ,  0.14356912745924336     
 -0.24601510703686502      , -0.36380958762195265      ,   9.0060855130340983E-002
 -0.22618744316126271      , -0.35871823902491112      ,   4.2204439621893741E-002
 -0.22900838455142225      , -0.35416596004674755      ,  -5.6961569239652996E-004
 -0.25402874005848891      , -0.35055746826940914      ,  -3.8826978221081797E-002
 -0.29460250465954252      , -0.34819944144875398      ,  -7.3117879548269940E-002
 -0.34014574804056497      , -0.34732196114584557      , -0.10396913675487859     
 -0.37950551269550792      , -0.34809661831423416      , -0.13187907821838246     
 -0.40436994237527851      , -0.35065163044657438      , -0.15731475324318300     
 -0.41167447685336289      , -0.35508434474769440      , -0.18071090378070817     
 -0.40433256071875473      , -0.36147149037983400      , -0.20247026648446861     
 -0.39010907746546153      , -0.36987751301508459      , -0.22296485238673353     
 -0.37898712578199278      , -0.38036128702789984      , -0.24253791924495635     
 -0.37993718087665046      , -0.39298146021187508      , -0.26150640862046931     
 -0.39824630588978766      , -0.40780064560972051      , -0.28016366693359418     
 -0.43422632302573000      , -0.42488863596647064      , -0.29878230811027573     
 -0.48350609184525484      , -0.44432477860534586      , -0.31761710598075332     
 -0.53866616852201898      , -0.46619961183729980      , -0.33690782818834025     
 -0.59169054813151867      , -0.49061582772856122      , -0.35688194075595159     
 -0.63647441552560435      , -0.51768858938690709      , -0.37775712423213165     
 -0.67057467633834744      , -0.54754519301577265      , -0.39974354894277481     
 -0.69566114070082585      , -0.58032402491292434      , -0.42304585861538374     
 -0.71661685532930663      , -0.61617272046811900      , -0.44786480869756806     
 -0.73971707453070878      , -0.65524538527947807      , -0.47439849813077212     
 -0.77059646384715663      , -0.69769868729453444      , -0.50284312115890861     
 -0.81269242853875445      , -0.74368657348523226      , -0.53339314892254241     
 -0.86657398342467185      , -0.79335330605295495      , -0.56624082914757556     
 -0.93021047511834365      , -0.84682445416439756      , -0.60157486641105617     
 -0.99996068362543855      , -0.90419542278911047      , -0.63957811587315860     
  -1.0719011601313526      , -0.96551705894731876      , -0.68042409129601356     
  -1.1430449409589778      ,  -1.0307778612015503      , -0.72427205599499500     
  -1.2120535849274945      ,  -1.0998823509037625      , -0.77126043706710912     
  -1.2792465562555571      ,  -1.1726252724491224      , -0.82149828508863920     
  -1.3459994393068708      ,  -1.2486615134322572      , -0.87505450283288311     
  -1.4138465703288445      ,  -1.3274720230237296      , -0.93194460068929952     
  -1.4836553012440423      ,  -1.4083266142620134      , -0.99211482113025040     
  -1.5551365442365113      ,  -1.4902454189606513      ,  -1.0554236320282695     
  -1.6267916494706944      ,  -1.5719619618454443      ,  -1.1216208443547895     
  -1.6962399245352022      ,  -1.6518923291820697      ,  -1.1903249890188543     
  -1.7607542313964379      ,  -1.7281166388091584      ,  -1.2610001085055818     
  -1.8177810679176554      ,  -1.7983807511966154      ,  -1.3329337815139992     
  -1.8652647858164582      ,  -1.8601274883067285      ,  -1.4052189689836077     
  -1.9017149867966043      ,  -1.9105669316404634      ,  -1.4767430611370855     
  -1.9260734417112597      ,  -1.9467938643396794      ,  -1.5461881616983577     
  -1.9374826838891772      ,  -1.9659562972366709      ,  -1.6120469374818855     
  -1.9350350320288694      ,  -1.9654717519920386      ,  -1.6726580056065574     
  -1.9175392566139799      ,  -1.9432777608327523      ,  -1.7262635486630262     
  -1.8833242095082252      ,  -1.8980912374186156      ,  -1.7710894706649931     
  -1.8301181476008244      ,  -1.8296406962393050      ,  -1.8054450031124267     
  -1.7550998127591042      ,  -1.7388294866500131      ,  -1.8278346624583925     
  -1.6553050622285426      ,  -1.6277909378168240      ,  -1.8370716452890137     
  -1.5286423828404434      ,  -1.4998095542228083      ,  -1.8323791687938058     
  -1.3756739807658582      ,  -1.3591048903602743      ,  -1.8134659116009328     
  -1.2018260673612060      ,  -1.2105014823689850      ,  -1.7805641330966038     
  -1.0187253032752261      ,  -1.0590317642324893      ,  -1.7344240464755345     
 -0.84247488895179323      , -0.90953204853726333      ,  -1.6762645840380972     
 -0.68780402470610447      , -0.76629045839720311      ,  -1.6076872838821734     
 -0.56160852664135608      , -0.63279111119684861      ,  -1.5305650890616394     
 -0.46166159722990174      , -0.51157614327258938      ,  -1.4469203331926654     
 -0.38055516575668275      , -0.40422348056081997      ,  -1.3588058440310067     
 -0.31021869339567831      , -0.31141976406450217      ,  -1.2682004526181798     
 -0.24451600291441955      , -0.23309778801163680      ,  -1.1769262441082506     
 -0.18019502386253342      , -0.16860623877588951      ,  -1.0865906987991416     
 -0.11686431658902167      , -0.11688420726929609      , -0.99855328422125944     
  -5.6380793222917946E-002 ,  -7.6620826960369842E-002 , -0.91391352682143312     
  -1.9311916305714411E-003 ,  -4.6388750188870759E-002 , -0.83351620498294843     
   4.2929694666029937E-002 ,  -2.4747247274474339E-002 , -0.75796889974055193     
   7.5104279531832102E-002 ,  -1.0315729998428632E-002 , -0.68766743138630215     
   9.2584418444196598E-002 ,  -1.8214478280048640E-003 , -0.62282540323619306     
   9.4901631142958229E-002 ,   1.8736213420180853E-003 , -0.56350492439458066     
   8.3385207400288278E-002 ,   1.7615356216361129E-003 , -0.50964642339749555     
   6.1155037840448942E-002 ,  -1.3118115952818158E-003 , -0.46109619835676158     
   3.2745755552177604E-002 ,  -6.6396574477651698E-003 , -0.41763093670120399     
   3.3209231538351997E-003 ,  -1.3643028666461270E-002 , -0.37897887546563841     
  -2.2404560027504232E-002 ,  -2.1857230537399887E-002 , -0.34483757807297111     
  -4.1240050511986225E-002 ,  -3.0917647516997382E-002 , -0.31488850072089442     
  -5.2233516613342759E-002 ,  -4.0545828998756465E-002 , -0.28880863680281205     
  -5.6770840363076558E-002 ,  -5.0536458215814865E-002 , -0.26627958437632082     
  -5.8023887012106382E-002 ,  -6.0745535952676205E-002 , -0.24699439830948178     
  -5.9928906307834387E-002 ,  -7.1079928829461902E-002 , -0.23066257968419340     
  -6.6011432030639597E-002 ,  -8.1488312368645233E-002 , -0.21701353068754367     
  -7.8394180621176021E-002 ,  -9.1953464011745173E-002 , -0.20579877078846398     
  -9.7247594939191745E-002 , -0.10248581711414667      , -0.19679317430099824     
 -0.12081366156169475      , -0.11311816375377477      , -0.18979545356896593     
 -0.14598661622482481      , -0.12390138486828309      , -0.18462807785078555     
 -0.16928404207505166      , -0.13490108585741281      , -0.18113678659492613     
 -0.18791896836371719      , -0.14619502096295234      , -0.17918982768631697     
 -0.20064256387914348      , -0.15787119815256992      , -0.17867702656820605     
 -0.20809972869388293      , -0.17002656630521587      , -0.17950877083502106     
 -0.21259999473701024      , -0.18276619714175962      , -0.18161497674609636     
 -0.21739247121574476      , -0.19620288481528092      , -0.18494408884528565     
 -0.22568548796764684      , -0.21045709584136973      , -0.18946215116338330     
 -0.23972107099011070      , -0.22565721072115474      , -0.19515197798646983     
 -0.26018046364820469      , -0.24194000588268194      , -0.20201244354666020     
 -0.28608121323765706      , -0.25945133017162558      , -0.21005790288735099     
 -0.31517585159754824      , -0.27834693379168085      , -0.21931775023200070     
 -0.34471774827719143      , -0.29879340902458551      , -0.22983611610438576     
 -0.37235311615225342      , -0.32096920087564484      , -0.24167169986552495     
 -0.39686160279177762      , -0.34506564151254326      , -0.25489772989084503     
 -0.41852012455503951      , -0.37128795436713680      , -0.26960203892761031     
 -0.43899074956332135      , -0.39985616123761175      , -0.28588723682235340     
 -0.46078969646661982      , -0.43100580761439661      , -0.30387095630563832     
 -0.48652761261144734      , -0.46498839643186035      , -0.32368613929883611     
 -0.51817535770829926      , -0.50207138687697239      , -0.34548132058916198     
 -0.55658391691781617      , -0.54253757078717313      , -0.36942085189663620     
 -0.60138848496953967      , -0.58668358224765382      , -0.39568499136519159     
 -0.65129723434373132      , -0.63481722373640304      , -0.42446976021377292     
 -0.70464675614881755      , -0.68725320205339335      , -0.45598643837758396     
 -0.76002919324614793      , -0.74430675725310036      , -0.49046053302116105     
 -0.81678171625739915      , -0.80628453708180048      , -0.52813000635325302     
 -0.87518455965895225      , -0.87347191981658512      , -0.56924249093951840     
 -0.93632242255678244      , -0.94611582648685610      , -0.61405115097201413     
  -1.0016836768406989      ,  -1.0244019038421510      , -0.66280876718600912     
  -1.0726527785632898      ,  -1.1084248294944457      , -0.71575953398672687     
  -1.1500629257230222      ,  -1.1981504370039850      , -0.77312796625371349     
  -1.2339235976428471      ,  -1.2933684551491871      , -0.83510423251032928     
  -1.3233550453482890      ,  -1.3936350120537007      , -0.90182518174023896     
  -1.4166882629613280      ,  -1.4982048238685792      , -0.97335034643113805     
  -1.5116505561552160      ,  -1.6059543643073384      ,  -1.0496323335922244     
  -1.6055627046983136      ,  -1.7152995155211928      ,  -1.1304813258783022     
  -1.6955165943292743      ,  -1.8241144286973070      ,  -1.2155239907546520     
  -1.7785534681793305      ,  -1.9296626473165661      ,  -1.3041580287422825     
  -1.8518774798920818      ,  -2.0285567510694142      ,  -1.3955049591156097     
  -1.9130923718446144      ,  -2.1167681279727408      ,  -1.4883655626288721     
  -1.9603789495881712      ,  -2.1897124730225968      ,  -1.5811845732323351     
  -1.9925131375674492      ,  -2.2424368401855683      ,  -1.6720334281675850     
  -2.0086838341175928      ,  -2.2699274515027903      ,  -1.7586215675428791     
  -2.0081514823988020      ,  -2.2675410704442771      ,  -1.8383470568267553     
  -1.9898318269774369      ,  -2.2315354793862863      ,  -1.9083951718011813     
  -1.9518949505568237      ,  -2.1596393728573404      ,  -1.9658881976733313     
  -1.8914846400304599      ,  -2.0515673608482117      ,  -2.0080809159886481     
  -1.8047403470528385      ,  -1.9093654042820782      ,  -2.0325851947350984     
  -1.6874585383424083      ,  -1.7374802521795818      ,  -2.0375963442642169     
  -1.5368420910931331      ,  -1.5424908645419049      ,  -2.0220870557072868     
  -1.3544952979940814      ,  -1.3325138890316865      ,  -1.9859351503616736     
  -1.1497631493034179      ,  -1.1163770895205816      ,  -1.9299604824015189     
 -0.94087460244335408      , -0.90271463970216792      ,  -1.8558625427495614     
 -0.75014549434818778      , -0.69915333805288005      ,  -1.7660691607004873     
 -0.59283495096150962      , -0.51172455627362157      ,  -1.6635226118661581     
 -0.46932143105775398      , -0.34456902251457822      ,  -1.5514380456062040     
 -0.36909882784721543      , -0.19992742058226354      ,  -1.4330689555593126     
 -0.27969559965022767      ,  -7.8353635495356427E-002 ,  -1.3115070018535810     
 -0.19200371373542846      ,   2.0938678205007655E-002 ,  -1.1895322925370455     
 -0.10179673993763003      ,   9.9683331970804839E-002 ,  -1.0695188846258392     
  -9.4652919379727696E-003 ,  0.16018938887226788      , -0.95339135265482711     
   8.1115592969461303E-002 ,  0.20502955102225520      , -0.84262287340932207     
  0.16410832962440858      ,  0.23680505324691808      , -0.73826321303702513     
  0.23320214125793229      ,  0.25798571518553559      , -0.64098540203572851     
  0.28284659145959673      ,  0.27081406721431378      , -0.55114169936627055     
  0.30928168960664343      ,  0.27725876812910116      , -0.46882179683512121     
  0.31148730401214664      ,  0.27900274777112255      , -0.39390850780487019     
  0.29199212163720023      ,  0.27745373025931797      , -0.32612810965688144     
  0.25720122132192874      ,  0.27376767687771925      , -0.26509396378805872     
  0.21673484732323559      ,  0.26887844999022875      , -0.21034304104239709     
  0.18148269989631083      ,  0.26352928555378896      , -0.16136561312245876     
  0.16075785862350001      ,  0.25830338361003830      , -0.11762872548202521     
  0.15962496675951368      ,  0.25365213339961845      ,  -7.8594230329419618E-002
  0.17750851897177866      ,  0.24992028571985089      ,  -4.3732198406493103E-002
  0.20857101930285207      ,  0.24736787928073103      ,  -1.2530495478973122E-002
  0.24366619086534891      ,  0.24618901419420672      ,   1.5498761649762946E-002
  0.27320575562385857      ,  0.24652771658972086      ,   4.0815242249198726E-002
  0.29003804839118702      ,  0.24849120507191619      ,   6.3848395057936713E-002
  0.29149654403799824      ,  0.25216088680275600      ,   8.4996947291091016E-002
  0.28008138016421225      ,  0.25760140041147883      ,  0.10462953672164868     
  0.26259673194968591      ,  0.26486799812752337      ,  0.12308617297080882     
  0.24796519382018184      ,  0.27401252828755540      ,  0.14068028317307485     
  0.24440736874774538      ,  0.28508824596383264      ,  0.15770114704959190     
  0.25695682976396517      ,  0.29815364605313538      ,  0.17441656789863064     
  0.28610038546849825      ,  0.31327548066923111      ,  0.19107565995241765     
  0.32785588810920274      ,  0.33053109129916319      ,  0.20791165978693618     
  0.37517174864739483      ,  0.35001015569947541      ,  0.22514469075587282     
  0.42021002328168638      ,  0.37181591944846470      ,  0.24298442539145085     
  0.45680738009877980      ,  0.39606595177792658      ,  0.26163260189036275     
  0.48232452884021026      ,  0.42289243397840254      ,  0.28128535757025835     
  0.49830789518673568      ,  0.45244195537173576      ,  0.30213534479742682     
  0.50980061165517798      ,  0.48487475552864823      ,  0.32437359347328226     
  0.52358932478027043      ,  0.52036331095555033      ,  0.34819107871969512     
  0.54602807569039302      ,  0.55909011875466963      ,  0.37377994279216353     
  0.58119321531191159      ,  0.60124447776365575      ,  0.40133430624077332     
  0.62992591777426554      ,  0.64701800872700355      ,  0.43105058462564538     
  0.68995121949665039      ,  0.69659858914627970      ,  0.46312720335904639     
  0.75692593357818461      ,  0.75016230682968776      ,  0.49776357426593426     
  0.82602822402029363      ,  0.80786296208517894      ,  0.53515816326300703     
  0.89355449076888338      ,  0.86981857845954313      ,  0.57550543970562862     
  0.95798582651385589      ,  0.93609432723212493      ,  0.61899145589766924     
   1.0201853727067793      ,   1.0066812497723858      ,  0.66578776291098896     
   1.0827381173643722      ,   1.0814702020791576      ,  0.71604333133576936     
   1.1487745677409529      ,   1.1602205871984252      ,  0.76987412117325282     
   1.2207594090310945      ,   1.2425237379106899      ,  0.82734994640491488     
   1.2996402126939497      ,   1.3277613327337383      ,  0.88847832494687062     
   1.3845430904191884      ,   1.4150600519922343      ,  0.95318511823163443     
   1.4729998337650725      ,   1.5032448850857092      ,   1.0212919774044968     
   1.5615504382236682      ,   1.5907951368249806      ,   1.0924909602993793     
   1.6464825139542798      ,   1.6758092336481305      ,   1.1663171991790231     
   1.7244537720772277      ,   1.7559867539213359      ,   1.2421212063624751     
   1.7928266431147644      ,   1.8286383484215454      ,   1.3190432973004009     
   1.8497015195314672      ,   1.8907357477549998      ,   1.3959936298273332     
   1.8937618369901736      ,   1.9390139414672936      ,   1.4716423658616045     
   1.9240582756306435      ,   1.9701347168167749      ,   1.5444252179966029     
   1.9397920768905965      ,   1.9809139931688384      ,   1.6125698074137198     
   1.9400967245860576      ,   1.9686042965658759      ,   1.6741474332865141     
   1.9238066031075420      ,   1.9312090665239734      ,   1.7271526879999526     
   1.8892277708118594      ,   1.8677898948641325      ,   1.7696097139064220     
   1.8339700761247442      ,   1.7787157727778797      ,   1.7996990584772179     
   1.7549644496430039      ,   1.6658004180897077      ,   1.8158938485468463     
   1.6488830494920239      ,   1.5322841264031259      ,   1.8170896522382194     
   1.5132612788458479      ,   1.3826410816817760      ,   1.8027103842661085     
   1.3485226091834304      ,   1.2222271300857113      ,   1.7727740487535097     
   1.1605495913372286      ,   1.0568173954948450      ,   1.7279072363722550     
  0.96227621809627473      ,  0.89210699497372936      ,   1.6693051785598141     
  0.77158856516412733      ,  0.73325371885859658      ,   1.5986429288824242     
  0.60429627250170725      ,  0.58452759738698601      ,   1.5179506812892458     
  0.46702654623679413      ,  0.44910440619877645      ,   1.4294706036630744     
  0.35683368969339629      ,  0.32900804302432490      ,   1.3355131575457599     
  0.26620633143996181      ,  0.22517975761350253      ,   1.2383281301111788     
  0.18768746556016808      ,  0.13763619500143201      ,   1.1400007631493552     
  0.11605998890777240      ,   6.5674125912785541E-002 ,   1.0423779110055031     
   4.8920127534010802E-002 ,   8.0849226673441309E-003 ,  0.94702432864755492     
  -1.3563368543325127E-002 ,  -3.6647959318350160E-002 ,  0.85520570116662220     
  -6.9339449735423456E-002 ,  -7.0183985503209742E-002 ,  0.76789306686827385     
 -0.11538574649643343      ,  -9.4198889559875751E-002 ,  0.68578266487044659     
 -0.14864937204646431      , -0.11029539148430681      ,  0.60932557376670549     
 -0.16689543333856952      , -0.11994634888404937      ,  0.53876239312829344     
 -0.16940582716899860      , -0.12446374781749646      ,  0.47415931772987213     
 -0.15746604179000689      , -0.12498684092459350      ,  0.41544303521539272     
 -0.13451427708010527      , -0.12248351306069007      ,  0.36243281295299978     
 -0.10578841033471942      , -0.11776008759970902      ,  0.31486887817539688     
  -7.7389136671519532E-002 , -0.11147595722127562      ,  0.27243673610220331     
  -5.4907581566435847E-002 , -0.10416046098667439      ,  0.23478743889501760     
  -4.2025076105822658E-002 ,  -9.6230268745729916E-002 ,  0.20155404923322520     
  -3.9584707079414173E-002 ,  -8.8006169680094323E-002 ,  0.17236467135236386     
  -4.5476566094005091E-002 ,  -7.9728619465646910E-002 ,  0.14685248014890553     
  -5.5378241005220596E-002 ,  -7.1571715908854167E-002 ,  0.12466318963701144     
  -6.4106982830596029E-002 ,  -6.3655481380319207E-002 ,  0.10546038361411331     
  -6.7164135324109892E-002 ,  -5.6056462123818873E-002 ,   8.8929096525659293E-002
  -6.2022455613924166E-002 ,  -4.8816733180471229E-002 ,   7.4777989758615271E-002
  -4.8807771842256070E-002 ,  -4.1951440676735785E-002 ,   6.2740423449201291E-002
  -3.0199841587260145E-002 ,  -3.5455032936478358E-002 ,   5.2574679744355923E-002
  -1.0580379963329788E-002 ,  -2.9306336777311121E-002 ,   4.4063552248866676E-002
   5.3276812233856302E-003 ,  -2.3472631137315080E-002 ,   3.7013479116549064E-002
   1.3912031334007157E-002 ,  -1.7912860613176592E-002 ,   3.1253364298961861E-002
   1.3758774412449713E-002 ,  -1.2580119031930273E-002 ,   2.6633202873642056E-002
   6.0498382957326086E-003 ,  -7.4235194168164684E-003 ,   2.3022601941961349E-002
  -5.8307562578219438E-003 ,  -2.3895526643297050E-003 ,   2.0309267999732566E-002
  -1.7345729622045475E-002 ,   2.5769764294678002E-003 ,   1.8397514567913990E-002
  -2.4179150557167919E-002 ,   7.5323600723385788E-003 ,   1.7206829832404586E-002
  -2.3512151651380410E-002 ,   1.2533681512562971E-002 ,   1.6670532691262046E-002
  -1.4818601133017563E-002 ,   1.7638739228033853E-002 ,   1.6734536573687991E-002
   4.1224387000340760E-005 ,   2.2906157954650883E-002 ,   1.7356233333978746E-002
   1.7441672910177158E-002 ,   2.8395651775810059E-002 ,   1.8503504123173291E-002
   3.3133103100367059E-002 ,   3.4168411947193139E-002 ,   2.0153860122593532E-002
   4.3551010740895992E-002 ,   4.0287598573695890E-002 ,   2.2293713141477826E-002
   4.6890058806175292E-002 ,   4.6818920772964574E-002 ,   2.4917774122068557E-002
   4.3624279404769935E-002 ,   5.3831294641373525E-002 ,   2.8028576376258642E-002
   3.6332549173819714E-002 ,   6.1397572269541886E-002 ,   3.1636119741692989E-002
   2.8895507059875907E-002 ,   6.9595338313741359E-002 ,   3.5757631659391192E-002
   2.5316376011949488E-002 ,   7.8507773281989768E-002 ,   4.0417441327286856E-002
   2.8532217471509885E-002 ,   8.8224584786854909E-002 ,   4.5646963479192816E-002
   3.9576947488918469E-002 ,   9.8843009576148722E-002 ,   5.1484788894276025E-002
   5.7336387147217657E-002 ,  0.11046889017470396      ,   5.7976879384914290E-002
   7.8952978913889638E-002 ,  0.12321783041693192      ,   6.5176865672310277E-002
  0.10074891013558603      ,  0.13721643393795990      ,   7.3146447170941875E-002
  0.11938324637900098      ,  0.15260362868110805      ,   8.1955893190802181E-002
  0.13288762838854362      ,  0.16953207845828508      ,   9.1684645344361937E-002
  0.14126768193212405      ,  0.18816967925929715      ,  0.10242202090719046     
  0.14649692940044332      ,  0.20870113291326453      ,  0.11426801639108988     
  0.15191641749672721      ,  0.23132958326445305      ,  0.12733420946757795     
  0.16123446587598808      ,  0.25627828942655712      ,  0.14174475538966241     
  0.17744419303420073      ,  0.28379229583655963      ,  0.15763747088302618     
  0.20199473722546779      ,  0.31414003829503662      ,  0.17516499368889293     
  0.23445985709283915      ,  0.34761479704822135      ,  0.19449599897351566     
  0.27278897234775290      ,  0.38453586975492132      ,  0.21581644392278115     
  0.31405399192551475      ,  0.42524928569696840      ,  0.23933079802753432     
  0.35545881060326906      ,  0.47012781380497676      ,  0.26526319755009375     
  0.39529415593408024      ,  0.51956992601299135      ,  0.29385843679191381     
  0.43353322637096603      ,  0.57399725820589576      ,  0.32538267396696935     
  0.47187886147218983      ,  0.63384995688781476      ,  0.36012368314484444     
  0.51325666043602136      ,  0.69957910375106158      ,  0.39839042277848546     
  0.56093894488606066      ,  0.77163516659707754      ,  0.44051161226904401     
  0.61760971690793132      ,  0.85045113084173762      ,  0.48683290717601213     
  0.68468796424647849      ,  0.93641862573563228      ,  0.53771213779833738     
  0.76211689476058986      ,   1.0298549921469877      ,  0.59351192318830193     
  0.84865144103137746      ,   1.1309588877514196      ,  0.65458879492291688     
  0.94249743858791724      ,   1.2397517747754763      ,  0.72127777049431474     
   1.0420233010928048      ,   1.3560026313389530      ,  0.79387112490455902     
   1.1462238927501700      ,   1.4791337050455708      ,  0.87258995955215146     
   1.2546990602167065      ,   1.6081064368808913      ,  0.95754712642466444     
   1.3671038050121498      ,   1.7412893019177593      ,   1.0487002384026967     
   1.4822679045121425      ,   1.8763138155898438      ,   1.1457940364240928     
   1.5973903808220522      ,   2.0099318942507094      ,   1.2482924930836636     
   1.7078099198733834      ,   2.1378973961878445      ,   1.3553029398616954     
   1.8076962061203929      ,   2.2549064777318151      ,   1.4654974099608737     
   1.8914747275285764      ,   2.3546433513064033      ,   1.5770403371301229     
   1.9551765399233754      ,   2.4299858367995242      ,   1.6875364451886767     
   1.9968909059233402      ,   2.4734218891438644      ,   1.7940172231606923     
   2.0162054394701996      ,   2.4777056673536721      ,   1.8929871604190438     
   2.0131383083197361      ,   2.4367331707699966      ,   1.9805495722426576     
   1.9870917578237350      ,   2.3465443731214122      ,   2.0526239233744605     
   1.9361039510433187      ,   2.2062768910334571      ,   2.1052507294668348     
   1.8565549120225417      ,   2.0188375363135775      ,   2.1349578202379615     
   1.7436002318173895      ,   1.7910618331619277      ,   2.1391383069182974     
   1.5928289596504721      ,   1.5332228917328097      ,   2.1163745456471621     
   1.4035259377912417      ,   1.2579174386146803      ,   2.0666422782241312     
   1.1829313462788311      ,  0.97854134297999718      ,   1.9913488137310020     
  0.94913973359092785      ,  0.70769136313762082      ,   1.8931943560315410     
  0.72806022922465474      ,  0.45583824664640421      ,   1.7758848688803412     
  0.54053016161272460      ,  0.23050927023430751      ,   1.6437546594339536     
  0.38930105923740760      ,   3.6050505143438528E-002 ,   1.5013681551015559     
  0.26231419584767335      , -0.12611607209068093      ,   1.3531623917873992     
  0.14528464681374509      , -0.25691646736808738      ,   1.2031709132144586     
   2.8997059173610520E-002 , -0.35892099368569275      ,   1.0548452921163320     
  -8.9355944386182287E-002 , -0.43566570606659138      ,  0.91096991287466522     
 -0.20708271619965291      , -0.49109073009665027      ,  0.77365276665340721     
 -0.31767616179706154      , -0.52913030916021508      ,  0.64436993400604248     
 -0.41269626274207671      , -0.55344944453988010      ,  0.52404215255857545     
 -0.48360514253019665      , -0.56730092427670731      ,  0.41312580382037600     
 -0.52364317826241280      , -0.57347008422848955      ,  0.31170564749703555     
 -0.52989296833507638      , -0.57427697668179878      ,  0.21958131569322537     
 -0.50530642014852889      , -0.57161183544461391      ,  0.13634331255018414     
 -0.45984407944815431      , -0.56698665329823184      ,   6.1436906494710515E-002
 -0.40941071230846043      , -0.56159171937918373      ,  -5.7860203865394491E-003
 -0.37183962603442583      , -0.55635054902165548      ,  -6.6026161440253139E-002
 -0.36119566859457758      , -0.55196980285759600      , -0.12000557659049557     
 -0.38327413863990994      , -0.54898280315761561      , -0.16844453580434451     
 -0.43425144295992590      , -0.54778643087851842      , -0.21204493240616626     
 -0.50247077117866812      , -0.54867180518917957      , -0.25147893945101157     
 -0.57246850869454768      , -0.55184942003972071      , -0.28738176978518815     
 -0.62999926483338020      , -0.55746948611134617      , -0.32034758760914694     
 -0.66641710269643306      , -0.56563819546380900      , -0.35092779030212551     
 -0.68093915806321403      , -0.57643054706452279      , -0.37963102752785310     
 -0.68016722859175782      , -0.58990027587016369      , -0.40692444907360542     
 -0.67524509383617748      , -0.60608733244994850      , -0.43323577496980942     
 -0.67784209230375181      , -0.62502327145361625      , -0.45895586375767139     
 -0.69651518548755098      , -0.64673482781757508      , -0.48444152011735980     
 -0.73462639101525495      , -0.67124588940194041      , -0.51001833407320762     
 -0.79013347582449378      , -0.69857801281065290      , -0.53598338297267722     
 -0.85691756737602087      , -0.72874957445346822      , -0.56260765637729260     
 -0.92706985801050168      , -0.76177360083665890      , -0.59013808461061679     
 -0.99343960950684229      , -0.79765428065106081      , -0.61879906548882424     
  -1.0516543481366225      , -0.83638212735544426      , -0.64879339212775489     
  -1.1009708482240619      , -0.87792773658273071      , -0.68030248910997815     
  -1.1437970747239283      , -0.92223407105529098      , -0.71348586628439714     
  -1.1842854270611813      , -0.96920721151846778      , -0.74847970091958682     
  -1.2266780312146692      ,  -1.0187055419305131      , -0.78539446213172392     
  -1.2739928531549161      ,  -1.0705273990196120      , -0.82431149933192061     
  -1.3273548146493643      ,  -1.1243973202013882      , -0.86527853247538133     
  -1.3860007688742526      ,  -1.1799511806106666      , -0.90830401053099619     
  -1.4478020716063664      ,  -1.2367207301277516      , -0.95335035097060483     
  -1.5100456367598905      ,  -1.2941183324021865      ,  -1.0003261428697443     
  -1.5701806765074211      ,  -1.3514230708375985      ,  -1.0490774950421622     
  -1.6262914678080123      ,  -1.4077698097463391      ,  -1.0993788430539364     
  -1.6772008451220515      ,  -1.4621432513207209      ,  -1.1509236968342043     
  -1.7222808658114876      ,  -1.5133794522476787      ,  -1.2033160107705185     
  -1.7611475467613746      ,  -1.5601775654106953      ,  -1.2560630796131806     
  -1.7934028526111323      ,  -1.6011246243680743      ,  -1.3085710842048905     
  -1.8185005871656232      ,  -1.6347358360637099      ,  -1.3601445955361895     
  -1.8357245932461252      ,  -1.6595119318158782      ,  -1.4099914444430315     
  -1.8442215528182286      ,  -1.6740135290221811      ,  -1.4572343171030444     
  -1.8430309315507543      ,  -1.6769501584963395      ,  -1.5009301808173732     
  -1.8310821372127435      ,  -1.6672787674971616      ,  -1.5400981306903612     
  -1.8071615520761604      ,  -1.6443034919369328      ,  -1.5737554593945751     
  -1.7698775402144020      ,  -1.6077659040101648      ,  -1.6009607280829263     
  -1.7176699120767931      ,  -1.5579135285661139      ,  -1.6208614663653091     
  -1.6489270020999087      ,  -1.4955348932514001      ,  -1.6327430334951276     
  -1.5622874801512840      ,  -1.4219521617279289      ,  -1.6360743587605571     
  -1.4571956656376204      ,  -1.3389674036710908      ,  -1.6305459717501778     
  -1.3347036471872686      ,  -1.2487650483012311      ,  -1.6160960912620492     
  -1.1983195809631897      ,  -1.1537797725597216      ,  -1.5929215969596866     
  -1.0544079696876476      ,  -1.0565444878607058      ,  -1.5614723340519292     
 -0.91148438172665969      , -0.95953593668434656      ,  -1.5224291288345679     
 -0.77817599709441321      , -0.86503506073693992      ,  -1.4766677720079291     
 -0.66072862880090755      , -0.77501596540308193      ,  -1.4252127180413876     
 -0.56160837748555870      , -0.69107193118611820      ,  -1.3691851115140485     
 -0.47986793873721734      , -0.61438085835291323      ,  -1.3097498964083438     
 -0.41256447173671285      , -0.54570708471447615      ,  -1.2480662595137457     
 -0.35621285177833001      , -0.48543260907053182      ,  -1.1852446890097597     
 -0.30779339797989258      , -0.43360875900124374      ,  -1.1223127313895014     
 -0.26527570978768622      , -0.39001913247825576      ,  -1.0601903307828902     
 -0.22775463285977732      , -0.35424575937535829      , -0.99967460534226515     
 -0.19530582183569165      , -0.32573229227028422      , -0.94143315192369736     
 -0.16866803721279283      , -0.30384011645547843      , -0.88600449845689855     
 -0.14885578992625104      , -0.28789518263124692      , -0.83380411625177198     
 -0.13678814911024761      , -0.27722489743748402      , -0.78513440532441636     
 -0.13299162070773016      , -0.27118548665555725      , -0.74019720831002611     
 -0.13740986207011019      , -0.26918090226847574      , -0.69910763092864081     
 -0.14933731740270104      , -0.27067465841662991      , -0.66190819981108051     
 -0.16748350391365913      , -0.27519604925744096      , -0.62858263694646577     
 -0.19016057719049625      , -0.28234211350831079      , -0.59906875283833150     
 -0.21556389889856137      , -0.29177653783712260      , -0.57327014725614533     
 -0.24208817820485132      , -0.30322648557970211      , -0.55106655451075470     
 -0.26860329091557300      , -0.31647813139018632      , -0.53232278152552437     
 -0.29461732284345959      , -0.33137149483996187      , -0.51689626622335638     
 -0.32028354621403438      , -0.34779500501769461      , -0.50464333648177084     
 -0.34625363011865318      , -0.36568009573819377      , -0.49542428169247349     
 -0.37342418135482869      , -0.38499602525408183      , -0.48910736481874190     
 -0.40265186087769855      , -0.40574503181382809      , -0.48557190700941305     
 -0.43451607033768386      , -0.42795787285999853      , -0.48471057270616202     
 -0.46918907028930229      , -0.45168974702394493      , -0.48643097339798735     
 -0.50643920836554979      , -0.47701656066061776      , -0.49065669468592232     
 -0.54575402400828832      , -0.50403147131716031      , -0.49732783551610799     
 -0.58653674660325150      , -0.53284161661660823      , -0.50640113126787600     
 -0.62831117297301586      , -0.56356491644376672      , -0.51784971444532857     
 -0.67087174029487329      , -0.59632681739133375      , -0.53166254835454352     
 -0.71433729897756615      , -0.63125682995497168      , -0.54784355050508726     
 -0.75910093972933579      , -0.66848469021474177      , -0.56641040358499717     
 -0.80570186974558267      , -0.70813595849571220      , -0.58739303269851206     
 -0.85466694398792575      , -0.75032684820996909      , -0.61083170811569854     
 -0.90637272452989448      , -0.79515806005460743      , -0.63677471314776146     
 -0.96096505445838654      , -0.84270738243510879      , -0.66527549721122536     
  -1.0183491907225801      , -0.89302081239096343      , -0.69638921528000819     
  -1.0782388552664310      , -0.94610195840523448      , -0.73016853783086644     
  -1.1402350988454355      ,  -1.0018995157737431      , -0.76665860183091661     
  -1.2039001337612290      ,  -1.0602926681694629      , -0.80589096597885568     
  -1.2687977104914356      ,  -1.1210743804092265      , -0.84787643615008990     
  -1.3344869364789855      ,  -1.1839327250420781      , -0.89259664507869874     
  -1.4004749252082662      ,  -1.2484306490633519      , -0.93999431056875693     
  -1.4661490067156990      ,  -1.3139849560736494      , -0.98996216730446873     
  -1.5307166136122767      ,  -1.3798457674096958      ,  -1.0423306780223585     
  -1.5931784000402851      ,  -1.4450783338110693      ,  -1.0968547897873986     
  -1.6523487141936282      ,  -1.5085497731547308      ,  -1.1532002176860552     
  -1.7069208916733143      ,  -1.5689240468697017      ,  -1.2109300134128256     
  -1.7555585758738510      ,  -1.6246691407812124      ,  -1.2694925020919510     
  -1.7969845285847938      ,  -1.6740808026929315      ,  -1.3282120238056812     
  -1.8300390916718350      ,  -1.7153270618634235      ,  -1.3862842519564700     
  -1.8536907104750320      ,  -1.7465168280709595      ,  -1.4427781088534570     
  -1.8669953053359329      ,  -1.7657938748848623      ,  -1.4966463657802502     
  -1.8690136171454337      ,  -1.7714543110066963      ,  -1.5467467920685003     
  -1.8587033374956501      ,  -1.7620813487078815      ,  -1.5918751048897211     
  -1.8348081690768203      ,  -1.7366862849086970      ,  -1.6308099101921392     
  -1.7957745765879498      ,  -1.6948400507549732      ,  -1.6623683407229719     
  -1.7397451708008174      ,  -1.6367767362150747      ,  -1.6854693344275800     
  -1.6647084393002296      ,  -1.5634504866980163      ,  -1.6991997322826975     
  -1.5689185202690519      ,  -1.4765310201841704      ,  -1.7028769857454698     
  -1.4516965936780928      ,  -1.3783307488594123      ,  -1.6961016460448777     
  -1.3146041012027254      ,  -1.2716669436537500      ,  -1.6787932562460715     
  -1.1626450682265950      ,  -1.1596733249467557      ,  -1.6512048610538417     
  -1.0046556955180788      ,  -1.0455842051320325      ,  -1.6139138845134358     
 -0.85183084590283720      , -0.93251858183882830      ,  -1.5677901395865363     
 -0.71430730107055518      , -0.82329035218042435      ,  -1.5139446234270537     
 -0.59775851326746554      , -0.72026464386512257      ,  -1.4536649478973556     
 -0.50245018864612212      , -0.62527101860698397      ,  -1.3883443792293637     
 -0.42487343678644279      , -0.53957446906770634      ,  -1.3194114175192606     
 -0.36013562648671349      , -0.46389691918436793      ,  -1.2482658107355322     
 -0.30375556973220108      , -0.39847670576091254      ,  -1.1762252245048130     
 -0.25262078620725997      , -0.34315158107041943      ,  -1.1044848893203174     
 -0.20529510555442765      , -0.29745160266351045      ,  -1.0340907775608119     
 -0.16187436346995898      , -0.26069089022894731      , -0.96592546022966486     
 -0.12355645194620443      , -0.23205059843253328      , -0.90070485909712150     
  -9.2083645303360523E-002 , -0.21064875873199193      , -0.83898363355433903     
  -6.9191633835856692E-002 , -0.19559537939723376      , -0.78116684156170324     
  -5.6151937595122020E-002 , -0.18603315816078411      , -0.72752567936784129     
  -5.3448176791712106E-002 , -0.18116536963129981      , -0.67821542530855661     
  -6.0604277320088162E-002 , -0.18027307394903186      , -0.63329409850843954     
  -7.6181153486407083E-002 , -0.18272393010137675      , -0.59274072934587274     
  -9.7956807162229570E-002 , -0.18797475401396574      , -0.55647248585787767     
 -0.12328276532722252      , -0.19556967171577358      , -0.52436018980393284     
 -0.14956314587157382      , -0.20513537557731906      , -0.49624198298935779     
 -0.17474968078710099      , -0.21637465526718860      , -0.47193507244194055     
 -0.19771881080480277      , -0.22905907577723930      , -0.45124560031800964     
 -0.21841912709251737      , -0.24302142513539784      , -0.43397676066707219     
 -0.23774548314203134      , -0.25814835544495218      , -0.41993532984433485     
 -0.25718151818699891      , -0.27437348785925458      , -0.40893679872533489     
 -0.27832063673657748      , -0.29167113772052305      , -0.40080929976955437     
 -0.30240431806562318      , -0.31005073261561378      , -0.39539651574186374     
 -0.33000221365946714      , -0.32955193639568431      , -0.39255974355020584     
 -0.36091141193957188      , -0.35024045017466282      , -0.39217926911047751     
 -0.39428859324223026      , -0.37220443197803904      , -0.39415518944159794     
 -0.42896418777388462      , -0.39555145607950276      , -0.39840779768278439     
 -0.46383718218675846      , -0.42040591799337096      , -0.40487762625429907     
 -0.49822777135171969      , -0.44690677909479126      , -0.41352522341094500     
 -0.53208196852873635      , -0.47520553392195697      , -0.42433071913709575     
 -0.56597384179174492      , -0.50546427174952702      , -0.43729321766365337     
 -0.60091913049355705      , -0.53785369066681721      , -0.45243003565478301     
 -0.63807361684487962      , -0.57255090604011283      , -0.46977578700513067     
 -0.67842008099538420      , -0.60973687501055940      , -0.48938129681772835     
 -0.72254092816881643      , -0.64959323398722135      , -0.51131230806695893     
 -0.77053607272237290      , -0.69229831675282183      , -0.53564792425562802     
 -0.82209345461866168      , -0.73802208723464602      , -0.56247870966875946     
 -0.87667078424195310      , -0.78691968457225403      , -0.59190434535887448     
 -0.93371619300686171      , -0.83912324162272045      , -0.62403071376360286     
 -0.99285023897744018      , -0.89473160635231996      , -0.65896625826376010     
  -1.0539519532663959      , -0.95379757650101715      , -0.69681743709137578     
  -1.1171287591983139      ,  -1.0163122633497086      , -0.73768306581018306     
  -1.1825897538348265      ,  -1.0821862475180342      , -0.78164732251353786     
  -1.2504695836973778      ,  -1.1512273020640964      , -0.82877118020333218     
  -1.3206579991259129      ,  -1.2231146665016239      , -0.87908203927150175     
  -1.3926794839891532      ,  -1.2973701971690170      , -0.93256137033902720     
  -1.4656462705528526      ,  -1.3733272361202213      , -0.98913025796572596     
  -1.5382860625081873      ,  -1.4500987710790152      ,  -1.0486328760822481     
  -1.6090294753816734      ,  -1.5265474263521797      ,  -1.1108181454454200     
  -1.6761338637765824      ,  -1.6012610163540415      ,  -1.1753201399794371     
  -1.7378185547047811      ,  -1.6725387318242921      ,  -1.2416382341557344     
  -1.7923883135378424      ,  -1.7383943355206446      ,  -1.3091185144058646     
  -1.8383244175743503      ,  -1.7965837066088675      ,  -1.3769385845074287     
  -1.8743259980518552      ,  -1.8446642303873391      ,  -1.4440985090625240     
  -1.8992904532756254      ,  -1.8800923057294496      ,  -1.5094211411549825     
  -1.9122315985871183      ,  -1.9003620552261886      ,  -1.5715652975031595     
  -1.9121455617401530      ,  -1.9031827982302114      ,  -1.6290549666315841     
  -1.8978445971808793      ,  -1.8866851170226828      ,  -1.6803267568421569     
  -1.8677893890336710      ,  -1.8496363551116888      ,  -1.7237959816215145     
  -1.8199683971945029      ,  -1.7916380410675179      ,  -1.7579391792960299     
  -1.7519092649432417      ,  -1.7132726957006661      ,  -1.7813877595971110     
  -1.6609671567823956      ,  -1.6161684807156373      ,  -1.7930244250309093     
  -1.5450918572907264      ,  -1.5029588695350191      ,  -1.7920717886868647     
  -1.4042304675766781      ,  -1.3771305048812259      ,  -1.7781619623086107     
  -1.2421973220160540      ,  -1.2427725453127778      ,  -1.7513773102249932     
  -1.0681212989651143      ,  -1.1042599496768615      ,  -1.7122560386931081     
 -0.89576798231771293      , -0.96591582889212391      ,  -1.6617612036872165     
 -0.73941148108314947      , -0.83170052098099057      ,  -1.6012170039848961     
 -0.60802828950442855      , -0.70496700230654741      ,  -1.5322206851177955     
 -0.50252564663642174      , -0.58830656487150945      ,  -1.4565410779602899     
 -0.41783095700379802      , -0.48349030064061937      ,  -1.3760153333794944     
 -0.34682601065946872      , -0.39149578312941646      ,  -1.2924539848468182     
 -0.28322347540493953      , -0.31259772590773183      ,  -1.2075617072594529     
 -0.22293201160309539      , -0.24649732083023929      ,  -1.1228778477963137     
 -0.16439570385642055      , -0.19246644036208602      ,  -1.0397377047734631     
 -0.10829045090904880      , -0.14948788969210711      , -0.95925310181428824     
  -5.6835889831623645E-002 , -0.11637925082458615      , -0.88230924416551371     
  -1.2959636708737884E-002 ,  -9.1893903499562668E-002 , -0.80957411805612767     
   2.0490045111994426E-002 ,  -7.4797586472046762E-002 , -0.74151662997261869     
   4.1378589575311396E-002 ,  -6.3922072050415557E-002 , -0.67843005825751912     
   4.8743643921878119E-002 ,  -5.8199293618304448E-002 , -0.62045799615403852     
   4.3075712976639251E-002 ,  -5.6679925827361408E-002 , -0.56762064194083117     
   2.6389064203159448E-002 ,  -5.8540348368154201E-002 , -0.51983993214592517     
   2.0205068748632982E-003 ,  -6.3081452805168317E-002 , -0.47696256091195804     
  -2.5887067245297934E-002 ,  -6.9722116155089525E-002 , -0.43878036149152644     
  -5.3169651766152216E-002 ,  -7.7989515728857151E-002 , -0.40504784664213661     
  -7.6521166349335729E-002 ,  -8.7507878633341765E-002 , -0.37549692761449566     
  -9.4205816461058536E-002 ,  -9.7986779594274140E-002 , -0.34984897538591037     
 -0.10636647349694620      , -0.10920972673848564      , -0.32782447175601614     
 -0.11482291675087221      , -0.12102349597512529      , -0.30915053859972014     
 -0.12242593603248113      , -0.13332847406205278      , -0.29356664452594172     
 -0.13217072238976099      , -0.14607013108359065      , -0.28082877981958682     
 -0.14633123814361573      , -0.15923164952925400      , -0.27071237047079422     
 -0.16585155633096213      , -0.17282767687931797      , -0.26301417569665608     
 -0.19014546325728851      , -0.18689913183338283      , -0.25755338429269542     
 -0.21734361687431714      , -0.20150897378470639      , -0.25417209580375427     
 -0.24490934240631723      , -0.21673883553326737      , -0.25273534436015060     
 -0.27043910229946816      , -0.23268641671678922      , -0.25313079693558804     
 -0.29240382012231597      , -0.24946353727361886      , -0.25526823416466127     
 -0.31060373929114110      , -0.26719475444867991      , -0.25907890083227025     
 -0.32620380800354859      , -0.28601645195124986      , -0.26451479464037853     
 -0.34135450339083506      , -0.30607631475629160      , -0.27154794566341145     
 -0.35853471665960002      , -0.32753310681370912      , -0.28016972472774587     
 -0.37983431273617002      , -0.35055667081892139      , -0.29039020643681313     
 -0.40639940675693964      , -0.37532806847835753      , -0.30223760130804356     
 -0.43819790433354466      , -0.40203977563750370      , -0.31575776104721937     
 -0.47415586145178146      , -0.43089583842782897      , -0.33101375087482215     
 -0.51260228228668148      , -0.46211188333042980      , -0.34808547250654798     
 -0.55187044046505329      , -0.49591485471487706      , -0.36706931029059908     
 -0.59086111166947564      , -0.53254232681396518      , -0.38807776046718501     
 -0.62939223036616576      , -0.57224120193494643      , -0.41123898881699250     
 -0.66823681515204325      , -0.61526556162170254      , -0.43669624430404413     
 -0.70885982020630089      , -0.66187338119341854      , -0.46460703482419996     
 -0.75296423131840362      , -0.71232174967747208      , -0.49514194493394065     
 -0.80201029522461786      , -0.76686015654029704      , -0.52848294357277537     
 -0.85686268358307205      , -0.82572131529877424      , -0.56482099157809673     
 -0.91765899018283581      , -0.88910889631946843      , -0.60435271386681955     
 -0.98390811428089509      , -0.95718144561732144      , -0.64727584989268017     
  -1.0547499797421285      ,  -1.0300316888973573      , -0.69378314002236041     
  -1.1292610040325224      ,  -1.1076603862467747      , -0.74405424852281254     
  -1.2066838681517817      ,  -1.1899439527310121      , -0.79824527282869806     
  -1.2864955484281591      ,  -1.2765952520927344      , -0.85647535524582685     
  -1.3682921581852598      ,  -1.3671173852263221      , -0.91880991527361622     
  -1.4515401567905903      ,  -1.4607510350535038      , -0.98524008462433921     
  -1.5352960610253745      ,  -1.5564171138177354      ,  -1.0556580887928402     
  -1.6180141339790481      ,  -1.6526582029154728      ,  -1.1298286242713289     
  -1.6975369530974738      ,  -1.7475846497656911      ,  -1.2073567810173433     
  -1.7712978858975565      ,  -1.8388341462472721      ,  -1.2876538045436170     
  -1.8366722450705586      ,  -1.9235568958115867      ,  -1.3699030094540989     
  -1.8913372595169309      ,  -1.9984414754470683      ,  -1.4530294256971485     
  -1.9334929488680253      ,  -2.0597981597360326      ,  -1.5356781714554506     
  -1.9618676095694874      ,  -2.1037152903137084      ,  -1.6162078635177315     
  -1.9755286628929210      ,  -2.1262985059202357      ,  -1.6927062008074754     
  -1.9735764074278712      ,  -2.1239908924464261      ,  -1.7630346532475247     
  -1.9548016433707216      ,  -2.0939542405694795      ,  -1.8249073791125396     
  -1.9173741332725451      ,  -2.0344698460352229      ,  -1.8760056647451384     
  -1.8586413014134304      ,  -1.9452969176045305      ,  -1.9141233645507050     
  -1.7751852773268249      ,  -1.8279153874829066      ,  -1.9373317682185185     
  -1.6634107199204533      ,  -1.6855855241203963      ,  -1.9441455890870691     
  -1.5210226273946899      ,  -1.5231832073349167      ,  -1.9336674312105187     
  -1.3495353537131600      ,  -1.3468136481388202      ,  -1.9056880830014979     
  -1.1571122072223325      ,  -1.1632561703974931      ,  -1.8607252165892612     
 -0.95963275322074237      , -0.97933229922058140      ,  -1.7999928104286804     
 -0.77691465915573354      , -0.80130503042066714      ,  -1.7253055011865772     
 -0.62372470357841003      , -0.63440384938197447      ,  -1.6389329214769353     
 -0.50273748318550082      , -0.48253394132337513      ,  -1.5434260887480573     
 -0.40648004857668074      , -0.34818283590830196      ,  -1.4414396800717835     
 -0.32424463490556477      , -0.23249812814134732      ,  -1.3355709038006018     
 -0.24710682604348749      , -0.13548555971593074      ,  -1.2282293332833776     
 -0.16987758428898533      ,  -5.6269906219155272E-002 ,  -1.1215446562215881     
  -9.1329800931734845E-002 ,   6.6318975710786821E-003 ,  -1.0173126590833490     
  -1.3520185839628808E-002 ,   5.5061524558877140E-002 , -0.91697499538263172     
   5.9377123046255545E-002 ,   9.1014157251776917E-002 , -0.82162566727776609     
  0.12235783515996983      ,  0.11648438835860699      , -0.73203639435533829     
  0.17071585065514405      ,  0.13336077817771405      , -0.64869359043157415     
  0.20093347271287643      ,  0.14336166147433382      , -0.57184093095123456     
  0.21139423400706303      ,  0.14800295290998974      , -0.50152299788620158     
  0.20294676180093579      ,  0.14858893126008563      , -0.43762692591034791     
  0.17920058934038230      ,  0.14621829166196354      , -0.37992018122204974     
  0.14630278322539678      ,  0.14179943589764171      , -0.32808352909402183     
  0.11196784726075809      ,  0.13607060347492927      , -0.28173890008174274     
   8.3803400668769290E-002 ,  0.12962183015824019      , -0.24047229154001515     
   6.7388278298673443E-002 ,  0.12291679566143585      , -0.20385209363802392     
   6.4805737842733580E-002 ,  0.11631340530896644      , -0.17144335712803233     
   7.4193552194994378E-002 ,  0.11008249150981247      , -0.14281856471464840     
   9.0465494620188616E-002 ,  0.10442437711713656      , -0.11756546009112379     
  0.10694694184910754      ,   9.9483265975480822E-002 ,  -9.5292450698742537E-002
  0.11739692559848076      ,   9.5359557810579046E-002 ,  -7.5632046969053610E-002
  0.11781388413849998      ,   9.2120256097234787E-002 ,  -5.8242741815565935E-002
  0.10753780528169803      ,   8.9807670522331809E-002 ,  -4.2809675278040152E-002
   8.9376415299214557E-002 ,   8.8446624947945987E-002 ,  -2.9044373790967137E-002
   6.8720370752151899E-002 ,   8.8050377067792895E-002 ,  -1.6683803224649796E-002
   5.1881219206751587E-002 ,   8.8625443418063860E-002 ,  -5.4889303017962065E-003
   4.4154717785487851E-002 ,   9.0175506903978228E-002 ,   4.7570517042281801E-003
   4.8230109520097639E-002 ,   9.2704565893845861E-002 ,   1.4250710197358178E-002
   6.3434122319276906E-002 ,   9.6219465629758111E-002 ,   2.3170478593267770E-002
   8.6007580121155072E-002 ,  0.10073193503900983      ,   3.1678808289697137E-002
  0.11030479333784368      ,  0.10626023546901686      ,   3.9924315065625528E-002
  0.13054122746657937      ,  0.11283051264599034      ,   4.8043883403733036E-002
  0.14254685843375894      ,  0.12047792935848968      ,   5.6164704860415256E-002
  0.14499130383956751      ,  0.12924764397219127      ,   6.4406236612651963E-002
  0.13973047586455234      ,  0.13919568879702723      ,   7.2882074089193616E-002
  0.13119145703680288      ,  0.15038979239713457      ,   8.1701737491125151E-002
  0.12499106050233927      ,  0.16291018095003260      ,   9.0972376317400280E-002
  0.12622352068445272      ,  0.17685038546522014      ,  0.10080039897459114     
  0.13796017336472166      ,  0.19231807375030874      ,  0.11129303635303416     
  0.16041255509275160      ,  0.20943591808758993      ,  0.12255984902471209     
  0.19097919285707504      ,  0.22834250119983526      ,  0.13471418753482758     
  0.22513582465544918      ,  0.24919325368583059      ,  0.14787461413054032     
  0.25789298206645606      ,  0.27216140501006614      ,  0.16216629213985403     
  0.28537131624181911      ,  0.29743891648856235      ,  0.17772234594660688     
  0.30600350401066906      ,  0.32523734746483168      ,  0.19468518987864572     
  0.32099560169091668      ,  0.35578858369275485      ,  0.21320781800241143     
  0.33392026467225261      ,  0.38934532818804513      ,  0.23345503833546014     
  0.34958952849296832      ,  0.42618121744158366      ,  0.25560462372991749     
  0.37258860724121301      ,  0.46659037743175252      ,  0.27984833683908750     
  0.40595639863629229      ,  0.51088617139247883      ,  0.30639276713294245     
  0.45042240094576536      ,  0.55939881143258230      ,  0.33545989260639347     
  0.50440267270775496      ,  0.61247140525082377      ,  0.36728724609690205     
  0.56471789607565026      ,  0.67045388387585647      ,  0.40212752422049775     
  0.62778531529112358      ,  0.73369410400377422      ,  0.44024742390437027     
  0.69088724970498661      ,  0.80252523878664739      ,  0.48192542541007199     
  0.75308403097165832      ,  0.87724836805713469      ,  0.52744816004763362     
  0.81546107046807292      ,  0.95810896533412482      ,  0.57710490493869326     
  0.88065220681524181      ,   1.0452657805728223      ,  0.63117963775002872     
  0.95185887895875088      ,   1.1387504820354777      ,  0.68993996663175328     
   1.0317530965790853      ,   1.2384164273482181      ,  0.75362213632406572     
   1.1216350802161472      ,   1.3438752066554114      ,  0.82241122208398265     
   1.2210496367324104      ,   1.4544203201472676      ,  0.89641559472431365     
   1.3278611067767772      ,   1.5689387609178072      ,  0.97563482829485038     
   1.4386440356105354      ,   1.6858136658766292      ,   1.0599205065801458     
   1.5492020598751324      ,   1.8028248692118054      ,   1.1489299706560232     
   1.6550694208428445      ,   1.9170593339240956      ,   1.2420740599845279     
   1.7519395797378725      ,   2.0248499264203508      ,   1.3384614507544750     
   1.8360347780899864      ,   2.1217681005363196      ,   1.4368443490931841     
   1.9044114646911052      ,   2.2027020523138305      ,   1.5355729780716709     
   1.9551153398853227      ,   2.2620538223631388      ,   1.6325691829374855     
   1.9870779522022444      ,   2.2940825631095625      ,   1.7253318865775926     
   1.9997388749697766      ,   2.2934025096515773      ,   1.8109879719485740     
   1.9924932837743263      ,   2.2556108582566328      ,   1.8864000927656583     
   1.9641106418762222      ,   2.1779756365249536      ,   1.9483366994347122     
   1.9122643855391257      ,   2.0600674067786091      ,   1.9936988387326597     
   1.8333405928346398      ,   1.9041894755754216      ,   2.0197843039439829     
   1.7228220450484986      ,   1.7154692943814802      ,   2.0245557812127513     
   1.5767218196335708      ,   1.5015302430138926      ,   2.0068705581414674     
   1.3944577807803185      ,   1.2717598040209583      ,   1.9666297015238157     
   1.1827287028474487      ,   1.0362971825751546      ,   1.9048163682796677     
  0.95824959160216883      ,  0.80493991239132967      ,   1.8234138682300103     
  0.74508800716414858      ,  0.58618396610125834      ,   1.7252181534258575     
  0.56341092701652906      ,  0.38656124625243360      ,   1.6135790714816123     
  0.41791159769839548      ,  0.21034630813473335      ,   1.4921143988777912     
  0.29946100465888259      ,   5.9608695163686748E-002 ,   1.3644388805009304     
  0.19532493285009372      ,  -6.5479933137011226E-002 ,   1.2339398472094227     
   9.5989502300730056E-002 , -0.16620055027530495      ,   1.1036162944159156     
  -2.9706880882592185E-003 , -0.24481000764352695      ,  0.97598429919751772     
 -0.10120304124051638      , -0.30410886996064257      ,  0.85304136147876719     
 -0.19474648839169062      , -0.34709476490187574      ,  0.73627664433751827     
 -0.27755775095006163      , -0.37671289195006802      ,  0.62671257737338548     
 -0.34306889045929401      , -0.39569614814294074      ,  0.52496455981118595     
 -0.38564465629121858      , -0.40647782964416257      ,  0.43130818574931273     
 -0.40199038658262537      , -0.41115746707718875      ,  0.34574645755035577     
 -0.39250660406376126      , -0.41150210621487715      ,  0.26807221390270930     
 -0.36228242693683638      , -0.40896890310199524      ,  0.19792318892810590     
 -0.32107128154576692      , -0.40473875859198022      ,  0.13482868670199558     
 -0.28158659561010518      , -0.39975409662649936      ,   7.8247876867343358E-002
 -0.25618139107711901      , -0.39475651542952789      ,   2.7600314319150377E-002
 -0.25312819796086761      , -0.39032191242298492      ,  -1.7710416716385423E-002
 -0.27415492438122041      , -0.38689192741735651      ,  -5.8278932325788971E-002
 -0.31416327705442160      , -0.38480132170628584      ,  -9.4685166360762144E-002
 -0.36306415811234460      , -0.38430135678688487      , -0.12748546907213734     
 -0.40905786854725745      , -0.38557946906189577      , -0.15720688788408219     
 -0.44231250076877898      , -0.38877563790933228      , -0.18434394603443194     
 -0.45787979336530893      , -0.39399586905819672      , -0.20935734501658584     
 -0.45698768514742732      , -0.40132319833040991      , -0.23267411661505247     
 -0.44637487844420548      , -0.41082658358391927      , -0.25468883757681537     
 -0.43590347611654134      , -0.42256800707019559      , -0.27576559431625691     
 -0.43528223133030713      , -0.43660806267782115      , -0.29624044721241904     
 -0.45109601884643175      , -0.45301025559336150      , -0.31642419513785502     
 -0.48511052136724947      , -0.47184419680003337      , -0.33660528206910106     
 -0.53418936081802271      , -0.49318783156868379      , -0.35705272011539529     
 -0.59163920345739951      , -0.51712879917563415      , -0.37801892807114496     
 -0.64950305183620127      , -0.54376497977004823      , -0.39974240249018106     
 -0.70109277058686126      , -0.57320424278403181      , -0.42245014997122587     
 -0.74294546064999767      , -0.60556336871600913      , -0.44635981535506558     
 -0.77558133630113257      , -0.64096607180850518      , -0.47168144125200534     
 -0.80290584192943593      , -0.67954000459510544      , -0.49861879002709569     
 -0.83060703360325094      , -0.72141257642418488      , -0.52737015029433365     
 -0.86421659348969371      , -0.76670536747726248      , -0.55812853633776005     
 -0.90751526790816950      , -0.81552686917319506      , -0.59108117101442681     
 -0.96171771335770218      , -0.86796323453109814      , -0.62640812116689004     
  -1.0255358525989828      , -0.92406668383501045      , -0.66427993038313904     
  -1.0959500776156141      , -0.98384119101453216      , -0.70485406880495360     
  -1.1693577531202324      ,  -1.0472250883707017      , -0.74826999640014280     
  -1.2426978849768531      ,  -1.1140702913966432      , -0.79464261903395428     
  -1.3141799935749783      ,  -1.1841179882630797      , -0.84405391227026083     
  -1.3834069174977819      ,  -1.2569708943107780      , -0.89654250528706636     
  -1.4509374924797276      ,  -1.3320625811600497      , -0.95209106900782137     
  -1.5175549992747677      ,  -1.4086249955284553      ,  -1.0106114543405447     
  -1.5835759541008776      ,  -1.4856561204709910      ,  -1.0719276969676881     
  -1.6484492138282518      ,  -1.5618908147046162      ,  -1.1357572641826892     
  -1.7107362455039388      ,  -1.6357791596741007      ,  -1.2016912837629112     
  -1.7684057846474117      ,  -1.7054780339848252      ,  -1.2691749722667758     
  -1.8192681340326029      ,  -1.7688628873783263      ,  -1.3374900584707226     
  -1.8613504586528036      ,  -1.8235674200729917      ,  -1.4057416326856329     
  -1.8930816041032015      ,  -1.8670585584756816      ,  -1.4728524544807782     
  -1.9132670012429276      ,  -1.8967521385750084      ,  -1.5375681751794532     
  -1.9209183151098803      ,  -1.9101705150628026      ,  -1.5984769812271005     
  -1.9150228199721768      ,  -1.9051366868038477      ,  -1.6540466183546458     
  -1.8943156373907346      ,  -1.8799909029060546      ,  -1.7026804229180070     
  -1.8570967181300377      ,  -1.8338064567641899      ,  -1.7427917898376235     
  -1.8011423610040822      ,  -1.7665738233804884      ,  -1.7728935811366489     
  -1.7238068817579233      ,  -1.6793193399910480      ,  -1.7916957382361516     
  -1.6224823182511587      ,  -1.5741287994909499      ,  -1.7982014834472844     
  -1.4956260899164640      ,  -1.4540585711738296      ,  -1.7917907942460058     
  -1.3444372464216745      ,  -1.3229355864692047      ,  -1.7722800115972297     
  -1.1747717491935701      ,  -1.1850684983651558      ,  -1.7399488134297523     
 -0.99802449930438830      ,  -1.0449098261764556      ,  -1.6955300711564372     
 -0.82910594711096941      , -0.90671780055009554      ,  -1.6401634518064443     
 -0.68104876900819622      , -0.77426443399857336      ,  -1.5753188259838156     
 -0.55970218673311101      , -0.65062418559314306      ,  -1.5026994293425207     
 -0.46302301343158192      , -0.53805960856055846      ,  -1.4241365517228026     
 -0.38450506371301829      , -0.43800192017994610      ,  -1.3414871510683963     
 -0.31698059340885343      , -0.35111004356225739      ,  -1.2565436330226010     
 -0.25487629599596684      , -0.27738372851379317      ,  -1.1709618668190174     
 -0.19510193849948623      , -0.21630490680726164      ,  -1.0862101432000582     
 -0.13708274956916724      , -0.16698485479310698      ,  -1.0035388660824414     
  -8.2256272543910144E-002 , -0.12830075441590932      , -0.92396866930221366     
  -3.3280881028536602E-002 ,  -9.9011800828282467E-002 , -0.84829344980179178     
   6.8136311409352085E-003 ,  -7.7850703932708876E-002 , -0.77709439787087953     
   3.5368927303336663E-002 ,  -6.3590613793592488E-002 , -0.71076127246323817     
   5.0668773289635149E-002 ,  -5.5090083998159803E-002 , -0.64951768650273467     
   5.2332114984753132E-002 ,  -5.1319928652182122E-002 , -0.59344783846858606     
   4.1517511912134791E-002 ,  -5.1376111790610725E-002 , -0.54252281249798806     
   2.0888971647186196E-002 ,  -5.4482506497482014E-002 , -0.49662518528688282     
  -5.7224236394696273E-003 ,  -5.9986771525834218E-002 , -0.45557118450738321     
  -3.3976036274841914E-002 ,  -6.7351918144290771E-002 , -0.41913003141958882     
  -5.9895875817027391E-002 ,  -7.6145498697450006E-002 , -0.38704037906701927     
  -8.0733520581444521E-002 ,  -8.6027798752510112E-002 , -0.35902394463510756     
  -9.5545433734735563E-002 ,  -9.6739974650656230E-002 , -0.33479655016284376     
 -0.10528743585320592      , -0.10809274326090544      , -0.31407684844854894     
 -0.11239301434202589      , -0.11995598579839001      , -0.29659303637498741     
 -0.11997225684573910      , -0.13224945471734162      , -0.28208785835243927     
 -0.13087756228738470      , -0.14493465480064185      , -0.27032218738771446     
 -0.14690320780251012      , -0.15800789211005009      , -0.26107744707156139     
 -0.16832895486282673      , -0.17149443591142843      , -0.25415710912940392     
 -0.19391540280133307      , -0.18544371031143450      , -0.24938747116086327     
 -0.22133925863685069      , -0.19992541770844602      , -0.24661788975310234     
 -0.24793797856524974      , -0.21502649063002746      , -0.24572061646105828     
 -0.27154008826368903      , -0.23084876878264615      , -0.24659035883437774     
 -0.29112655177553498      , -0.24750730180244249      , -0.24914366600070298     
 -0.30712214647252101      , -0.26512918355277493      , -0.25331821830752771     
 -0.32123811052984663      , -0.28385282959556735      , -0.25907208303752821     
 -0.33593297386400967      , -0.30382761469181757      , -0.26638298299531660     
 -0.35367663348608908      , -0.32521379106320952      , -0.27524761149537930     
 -0.37625466154407922      , -0.34818260996592526      , -0.28568101558953890     
 -0.40432200711378591      , -0.37291656820932029      , -0.29771605884614949     
 -0.43732504894931629      , -0.39960969688581727      , -0.31140296518496530     
 -0.47379390739317029      , -0.42846780097640164      , -0.32680893569513642     
 -0.51189725730546920      , -0.45970854475326928      , -0.34401782048743806     
 -0.55007672798196805      , -0.49356125796539929      , -0.36312981686817919     
 -0.58755903097350437      , -0.53026631045188799      , -0.38426115281641809     
 -0.62459043383237756      , -0.57007386672513005      , -0.40754370016543978     
 -0.66233640009050287      , -0.61324178576453203      , -0.43312444421807728     
 -0.70250377962892430      , -0.66003237338925247      , -0.46116471487057925     
 -0.74683106731502158      , -0.71070762410160104      , -0.49183905773979042     
 -0.79662240874650048      , -0.76552250598750449      , -0.52533359135827784     
 -0.85246702471364233      , -0.82471574748206744      , -0.56184365743896569     
 -0.91420761371563497      , -0.88849748268377926      , -0.60157052509409392     
 -0.98113200043389603      , -0.95703301110356997      , -0.64471685702333670     
  -1.0522914568927417      ,  -1.0304218440011301      , -0.69148058764199649     
  -1.1268155032227012      ,  -1.1086711689674305      , -0.74204680358594444     
  -1.2041040299386090      ,  -1.1916629079707703      , -0.79657716295425818     
  -1.2838286189319772      ,  -1.2791137317463777      , -0.85519635278332806     
  -1.3657479896434876      ,  -1.3705278083744008      , -0.91797508300500474     
  -1.4494110533202833      ,  -1.4651428133852800      , -0.98490917658624821     
  -1.5338621936570342      ,  -1.5618709377351614      ,  -1.0558944769156287     
  -1.6174668245151518      ,  -1.6592384213378226      ,  -1.1306976022292721     
  -1.6979403236519079      ,  -1.7553295920387670      ,  -1.2089230872994532     
  -1.7725929405270962      ,  -1.8477444638281029      ,  -1.2899782167765024     
  -1.8387121364238004      ,  -1.9335823784575716      ,  -1.3730379039287575     
  -1.8939338643003223      ,  -2.0094673378281551      ,  -1.4570132840711101     
  -1.9364563107019681      ,  -2.0716324741702135      ,  -1.5405291632885045     
  -1.9650288581752995      ,  -2.1160799622598705      ,  -1.6219168435451898     
  -1.9787464673027528      ,  -2.1388267571723301      ,  -1.6992297223010837     
  -1.9767314654621433      ,  -2.1362343452227091      ,  -1.7702888766971601     
  -1.9577834249283159      ,  -2.1054020599515408      ,  -1.8327639813947796     
  -1.9200624513614457      ,  -2.0445807668991480      ,  -1.8842909353405151     
  -1.8608851630001562      ,  -1.9535423966589387      ,  -1.9226215166584080     
  -1.7767846830482064      ,  -1.8338290488603362      ,  -1.9457930344686416     
  -1.6641145701879383      ,  -1.6888114028237018      ,  -1.9522989358118306     
  -1.5205644343907512      ,  -1.5235141097589926      ,  -1.9412368422279591     
  -1.3477250450854747      ,  -1.3442120210571691      ,  -1.9124105565793181     
  -1.1539702020930640      ,  -1.1578532144471796      ,  -1.8663681352799042     
 -0.95549093947517527      , -0.97140576902449882      ,  -1.8043683566136113     
 -0.77234590899622069      , -0.79124071353522030      ,  -1.7282803210774276     
 -0.61923893065971780      , -0.62264865754680543      ,  -1.6404321365977033     
 -0.49848724692758400      , -0.46954913069346166      ,  -1.5434317569348321     
 -0.40224998718075450      , -0.33440429339267902      ,  -1.4399846537350298     
 -0.31963529633461291      , -0.21830781663064763      ,  -1.3327295467317848     
 -0.24171584192939299      , -0.12119519779513725      ,  -1.2241066936955947     
 -0.16341821470996398      ,  -4.2115597683410992E-002 ,  -1.1162655197519116     
  -8.3692875614221188E-002 ,   2.0486709436646308E-002 ,  -1.0110115465697123     
  -4.7873512989374603E-003 ,   6.8517777469615099E-002 , -0.90978775496973741     
   6.8957697351643879E-002 ,  0.10402626193743578      , -0.81368293448099915     
  0.13241639260000748      ,  0.12904874663052246      , -0.72345890814728753     
  0.18081326676137965      ,  0.14550507020936551      , -0.63958917068628618     
  0.21061941530678274      ,  0.15513562773870865      , -0.56230283043951657     
  0.22027791354946019      ,  0.15947093878374241      , -0.49162931722975295     
  0.21078257128060401      ,  0.15982416769303215      , -0.42744079806285401     
  0.18597534126862900      ,  0.15729872395344635      , -0.36949047281843572     
  0.15229205502326809      ,  0.15280484568268940      , -0.31744585488358845     
  0.11772093315205905      ,  0.14708076104513482      , -0.27091679461893292     
   9.0035874478535366E-002 ,  0.14071543813105639      , -0.22947842460269577     
   7.4805176981201094E-002 ,  0.13417102251796589      , -0.19268945063371956     
   7.3916188683148865E-002 ,  0.12780384748378712      , -0.16010633292912446     
   8.5182194244270565E-002 ,  0.12188343978152048      , -0.13129393972555115     
  0.10316195399676488      ,  0.11660929459036382      , -0.10583324203678925     
  0.12090069859611638      ,  0.11212541045637760      ,  -8.3326575815892520E-002
  0.13203273505841062      ,  0.10853270131855734      ,  -6.3400941043187109E-002
  0.13262093379006182      ,  0.10589946947631626      ,  -4.5709745725188280E-002
  0.12223902262698115      ,  0.10427015253733518      ,  -2.9933342086985087E-002
  0.10402946203170370      ,  0.10367256371322282      ,  -1.5778645510833335E-002
   8.3717009913849630E-002 ,  0.10412383785823971      ,  -2.9780755577153233E-003
   6.7841317158597286E-002 ,  0.10563528140448651      ,   8.7119867305855848E-003
   6.1749745276398954E-002 ,  0.10821630655474181      ,   1.9513070123515407E-002
   6.7997008317281074E-002 ,  0.11187761099747581      ,   2.9626691293402192E-002
   8.5639152382665854E-002 ,  0.11663374533339807      ,   3.9236545986113792E-002
  0.11059913936762372      ,  0.12250519210664432      ,   4.8510742915426050E-002
  0.13696713086105236      ,  0.12952006322130361      ,   5.7604029240280456E-002
  0.15883173575809523      ,  0.13771550677706540      ,   6.6659972083182917E-002
  0.17207371631423249      ,  0.14713890001021801      ,   7.5813073027227965E-002
  0.17557566534241084      ,  0.15784889200725963      ,   8.5190802334656729E-002
  0.17150212249779384      ,  0.16991634801598865      ,   9.4915547152699190E-002
  0.16458638622973484      ,  0.18342523629126711      ,  0.10510647354626416     
  0.16065137083110798      ,  0.19847348819084690      ,  0.11588130609579436     
  0.16483595309151694      ,  0.21517385232113451      ,  0.12735803123493067     
  0.18009212838208860      ,  0.23365475348327366      ,  0.13965653162546596     
  0.20640169970946931      ,  0.25406115644904970      ,  0.15290015875808619     
  0.24091107608570614      ,  0.27655542254615456      ,  0.16721724963564050     
  0.27891541866528397      ,  0.30131813284431563      ,  0.18274259076972924     
  0.31538698089585748      ,  0.32854883440907107      ,  0.19961882863850883     
  0.34657361029857386      ,  0.35846664439448767      ,  0.21799781994534886     
  0.37116480948570268      ,  0.39131061915952309      ,  0.23804190709181647     
  0.39066598789070539      ,  0.42733976025768178      ,  0.25992509369566286     
  0.40888170445737870      ,  0.46683248383084736      ,  0.28383408103491098     
  0.43069918055188572      ,  0.51008532201043177      ,  0.30996910807541045     
  0.46059477815614219      ,  0.55741055142552731      ,  0.33854451411498021     
  0.50136481028636637      ,  0.60913235169282998      ,  0.36978891269851522     
  0.55347138692335263      ,  0.66558098285394907      ,  0.40394482676344723     
  0.61516329765381772      ,  0.72708433304494668      ,  0.44126758626840140     
  0.68328558383304583      ,  0.79395602623684047      ,  0.48202322918040019     
  0.75448716708778518      ,  0.86647909879151963      ,  0.52648507335109662     
  0.82640825942538909      ,  0.94488406424180749      ,  0.57492854014299799     
  0.89843018517755369      ,   1.0293200115880103      ,  0.62762371220481183     
  0.97173207017752095      ,   1.1198172657769607      ,  0.68482500244872102     
   1.0486728237707097      ,   1.2162401498838087      ,  0.74675720953346603     
   1.1317730905351053      ,   1.3182286351005581      ,  0.81359715612049432     
   1.2226805821104831      ,   1.4251283035935616      ,  0.88545008151459337     
   1.3214332006873621      ,   1.5359092905780751      ,  0.96232003866968674     
   1.4261734350569859      ,   1.6490769691601981      ,   1.0440737963954980     
   1.5333265287927078      ,   1.7625803520093120      ,   1.1303982621456463     
   1.6381712692040096      ,   1.8737286770511576      ,   1.2207523257973252     
   1.7356623028780440      ,   1.9791323337539792      ,   1.3143153831750887     
   1.8212758709176644      ,   2.0746905761774594      ,   1.4099366878493840     
   1.8916094907750090      ,   2.1556539445227054      ,   1.5060920462594489     
   1.9445584450179831      ,   2.2167915023342668      ,   1.6008569537318578     
   1.9790812465034087      ,   2.2526884218042524      ,   1.6919075042317528     
   1.9947065316263171      ,   2.2581843870692953      ,   1.7765613825387028     
   1.9909498868469688      ,   2.2289354566246842      ,   1.8518697931255470     
   1.9667574392455593      ,   2.1620431645734275      ,   1.9147661847452768     
   1.9200584141739110      ,   2.0566529170936714      ,   1.9622686169821451     
   1.8475407626943590      ,   1.9143940614837531      ,   1.9917204286638490     
   1.7448894622171602      ,   1.7395340488428781      ,   2.0010411052933321     
   1.6079147739219402      ,   1.5387608201874197      ,   1.9889499507456627     
   1.4350200481311011      ,   1.3205875736851553      ,   1.9551235362441517     
   1.2308585957976581      ,   1.0944698721640391      ,   1.9002562817400708     
   1.0095405433555285      ,  0.86980197130440695      ,   1.8260108125278076     
  0.79366378697856665      ,  0.65498696600371087      ,   1.7348662255019947     
  0.60517352325723606      ,  0.45674402410833626      ,   1.6298915649064565     
  0.45289973603132772      ,  0.27974115223213653      ,   1.5144830970439576     
  0.33068101018709500      ,  0.12655500924438956      ,   1.3921050714225933     
  0.22631379312535888      ,  -2.1093609545281568E-003 ,   1.2660659784698975     
  0.12940762059858046      , -0.10703999294361360      ,   1.1393497488246689     
   3.4179162843122043E-002 , -0.19008160102014149      ,   1.0145082306768012     
  -6.0420268565060900E-002 , -0.25371953242299472      ,  0.89361081724419855     
 -0.15161861148852396      , -0.30073129688479561      ,  0.77824067797363217     
 -0.23420665394613027      , -0.33392454246025399      ,  0.66952453904332021     
 -0.30204247934265749      , -0.35596005720225277      ,  0.56818335328088643     
 -0.34947346459359424      , -0.36924698732802863      ,  0.47459326396003948     
 -0.37266552703352340      , -0.37589322082260024      ,  0.38884895656509771     
 -0.37087101058448518      , -0.37769423707262845      ,  0.31082411065795684     
 -0.34746233939572696      , -0.37614639022080093      ,  0.24022584882287670     
 -0.31024019248674850      , -0.37247398388673925      ,  0.17664171537082027     
 -0.27038848870036175      , -0.36766269850571237      ,  0.11957883348917736     
 -0.23986552861827187      , -0.36249455027626887      ,   6.8495581330194732E-002
 -0.22798006951886957      , -0.35758150586839088      ,   2.2826506073900316E-002
 -0.23860050609496181      , -0.35339622047587044      ,  -1.7998639778078043E-002
 -0.26914421039979208      , -0.35029923678836039      ,  -5.4540824849171811E-002
 -0.31160950793998310      , -0.34856251030891594      ,  -8.7341759806201569E-002
 -0.35521436418276675      , -0.34838942264384626      , -0.11691723052267909     
 -0.38978220067078451      , -0.34993159229674742      , -0.14375306250130479     
 -0.40880851132342233      , -0.35330285041969134      , -0.16830313786135651     
 -0.41128976442731668      , -0.35859075534454887      , -0.19098898192971681     
 -0.40181700984036578      , -0.36586599856871060      , -0.21220052210168877     
 -0.38892809245582666      , -0.37519002047089617      , -0.23229769598738090     
 -0.38225414130924351      , -0.38662111437854607      , -0.25161264904947012     
 -0.38947271669251610      , -0.40021925684407017      , -0.27045231471455861     
 -0.41412568228704849      , -0.41604986199587363      , -0.28910121329269922     
 -0.45489356085359900      , -0.43418661921318441      , -0.30782434099060302     
 -0.50635669316398391      , -0.45471353602796433      , -0.32687004780146445     
 -0.56090770584794103      , -0.47772627159494169      , -0.34647282392138790     
 -0.61121957520991943      , -0.50333280959024207      , -0.36685592925790400     
 -0.65248867123553589      , -0.53165348217388397      , -0.38823381009042951     
 -0.68372765177674766      , -0.56282031778690689      , -0.41081425140154459     
 -0.70773673721956665      , -0.59697564414214421      , -0.43480021307211597     
 -0.72987404280955681      , -0.63426983296738892      , -0.46039129315319621     
 -0.75615829878702689      , -0.67485802422642949      , -0.48778475182937375     
 -0.79141080374107675      , -0.71889561443919947      , -0.51717601545449898     
 -0.83802484838703739      , -0.76653223684161209      , -0.54875856116675947     
 -0.89563806030175874      , -0.81790390218311593      , -0.58272305918769784     
 -0.96165834606634104      , -0.87312291159351063      , -0.61925562236534037     
  -1.0323679111488822      , -0.93226510369459192      , -0.65853498173058778     
  -1.1042053032286780      , -0.99535396770232754      , -0.70072837453749337     
  -1.1747969693729545      ,  -1.0623411591474730      , -0.74598590049483626     
  -1.2434109765769106      ,  -1.1330830190770358      , -0.79443307761640658     
  -1.3107393659564619      ,  -1.2073128544503686      , -0.84616131890993951     
  -1.3781852068121307      ,  -1.2846090303135032      , -0.90121606603373261     
  -1.4469929196115783      ,  -1.3643594057596606      , -0.95958237131782331     
  -1.5175521147814011      ,  -1.4457233725700702      ,  -1.0211678349887090     
  -1.5890771107005499      ,  -1.5275937779192856      ,  -1.0857830039380234     
  -1.6597034404454649      ,  -1.6085623533591964      ,  -1.1531196477268890     
  -1.7269015553213261      ,  -1.6868938939161400      ,  -1.2227277695525685     
  -1.7880129652541279      ,  -1.7605161903145281      ,  -1.2939927958138346     
  -1.8406963647583243      ,  -1.8270343129837907      ,  -1.3661151039794051     
  -1.8831466732767239      ,  -1.8837787772127064      ,  -1.4380948387112886     
  -1.9140747541563863      ,  -1.9278966816365157      ,  -1.5087257139824952     
  -1.9325275285452748      ,  -1.9564922881605553      ,  -1.5766020145148025     
  -1.9376440076427466      ,  -1.9668179842404507      ,  -1.6401430354681412     
  -1.9284086451730447      ,  -1.9565078935156675      ,  -1.6976384459203631     
  -1.9034300818853087      ,  -1.9238352622592316      ,  -1.7473162883833551     
  -1.8607707228476735      ,  -1.8679631247608479      ,  -1.7874324592804500     
  -1.7978880667580062      ,  -1.7891488963989355      ,  -1.8163767754887499     
  -1.7118212178516243      ,  -1.6888613174542515      ,  -1.8327867172578691     
  -1.5998455632099871      ,  -1.5697756537403367      ,  -1.8356565804305158     
  -1.4608370130969763      ,  -1.4356308657342878      ,  -1.8244281277482193     
  -1.2973361418682523      ,  -1.2909575812169940      ,  -1.7990497282333926     
  -1.1175791774483104      ,  -1.1407118013422741      ,  -1.7599946421626305     
 -0.93570415651450345      , -0.98986866166433762      ,  -1.7082349636031091     
 -0.76805434097016989      , -0.84303727905915227      ,  -1.6451744759519611     
 -0.62632089030256999      , -0.70414998917810345      ,  -1.5725497021054149     
