  0.50783572566851898      ,   2.1229450724483714      ,   1.4655193661558268     
   1.4866377771412960      ,   2.1929852415350255      ,   1.5610585270229873     
   2.0345558324261206      ,   2.2400776937172493      ,   1.6539053462152871     
   2.4367968123155253      ,   2.2589017442634218      ,   1.7415228812149708     
   2.5773504148209900      ,   2.2447042742917840      ,   1.8210630112943438     
   2.2985041365220953      ,   2.1939089102960634      ,   1.8894909061409448     
   1.8908070650273212      ,   2.1047402225179983      ,   1.9437656688917380     
   1.7005098816275945      ,   1.9777454803439807      ,   1.9810672081207392     
   1.5330046931139447      ,   1.8160821072783706      ,   1.9990464820024860     
   1.5428964267318095      ,   1.6254624622894605      ,   1.9960649989817625     
   1.4225882898101627      ,   1.4137129629515430      ,   1.9713841858516696     
   1.3357162159227121      ,   1.1899972664110152      ,   1.9252693066812612     
   1.0827669859975162      ,  0.96384218103004549      ,   1.8589865037522069     
  0.77751531448198064      ,  0.74415591195967179      ,   1.7746919444430655     
  0.48816344732925754      ,  0.53842131673974125      ,   1.6752329415465239     
  0.31998193592333296      ,  0.35218728446955988      ,   1.5638959838847664     
  0.13138644999469939      ,  0.18889565376218667      ,   1.4441420266186100     
   7.2374877335561666E-002 ,   5.0001978019320249E-002 ,   1.3193650556489360     
   3.5989272954522568E-002 ,  -6.4700883798565631E-002 ,   1.1926989228874905     
  -3.0375694580080867E-003 , -0.15666063759309845      ,   1.0668841267543117     
  -4.4951193276122708E-002 , -0.22813426990100699      ,  0.94419438639734021     
 -0.12190615901694260      , -0.28180797976757588      ,  0.82641469034470127     
 -0.21803492013441664      , -0.32049834109380249      ,  0.71485843581946695     
 -0.28728506349108029      , -0.34694074961631782      ,  0.61041059040920653     
 -0.30537915926875314      , -0.36365620077566646      ,  0.51358530372947420     
 -0.32857950181319046      , -0.37288048745330526      ,  0.42458891988492709     
 -0.33034341183603155      , -0.37653861886822665      ,  0.34338204425120999     
 -0.33108732209949698      , -0.37624917459232166      ,  0.26973670639260389     
 -0.32126599255913924      , -0.37334652660465156      ,  0.20328652779630416     
 -0.33372668031600550      , -0.36891220776140959      ,  0.14356912745924336     
 -0.31827023896215123      , -0.36380958762195265      ,   9.0060855130340983E-002
 -0.33193617833986899      , -0.35871823902491112      ,   4.2204439621893741E-002
 -0.33503276457367764      , -0.35416596004674755      ,  -5.6961569239652996E-004
 -0.34940781875380739      , -0.35055746826940914      ,  -3.8826978221081797E-002
 -0.34965065798230127      , -0.34819944144875398      ,  -7.3117879548269940E-002
 -0.36718085000278355      , -0.34732196114584557      , -0.10396913675487859     
 -0.36328351182267932      , -0.34809661831423416      , -0.13187907821838246     
 -0.36837161180808076      , -0.35065163044657438      , -0.15731475324318300     
 -0.37062415284001959      , -0.35508434474769440      , -0.18071090378070817     
 -0.38179488607781953      , -0.36147149037983400      , -0.20247026648446861     
 -0.39356367274006815      , -0.36987751301508459      , -0.22296485238673353     
 -0.41151605078161396      , -0.38036128702789984      , -0.24253791924495635     
 -0.43224727314052308      , -0.39298146021187508      , -0.26150640862046931     
 -0.44648181930040814      , -0.40780064560972051      , -0.28016366693359418     
 -0.47202158648675402      , -0.42488863596647064      , -0.29878230811027573     
 -0.49013304116441375      , -0.44432477860534586      , -0.31761710598075332     
 -0.51931523902728360      , -0.46619961183729980      , -0.33690782818834025     
 -0.54508988953700421      , -0.49061582772856122      , -0.35688194075595159     
 -0.58789393389696409      , -0.51768858938690709      , -0.37775712423213165     
 -0.61820770901094590      , -0.54754519301577265      , -0.39974354894277481     
 -0.66431607534004522      , -0.58032402491292434      , -0.42304585861538374     
 -0.69727302362865495      , -0.61617272046811900      , -0.44786480869756806     
 -0.74111749747785194      , -0.65524538527947807      , -0.47439849813077212     
 -0.77670461171280314      , -0.69769868729453444      , -0.50284312115890861     
 -0.82839916385094592      , -0.74368657348523226      , -0.53339314892254241     
 -0.87745145494847299      , -0.79335330605295495      , -0.56624082914757556     
 -0.93861608318667289      , -0.84682445416439756      , -0.60157486641105617     
  -1.0024924535602482      , -0.90419542278911047      , -0.63957811587315860     
  -1.0710119531390885      , -0.96551705894731876      , -0.68042409129601356     
  -1.1422542991051450      ,  -1.0307778612015503      , -0.72427205599499500     
  -1.2146820013531123      ,  -1.0998823509037625      , -0.77126043706710912     
  -1.2923738745482829      ,  -1.1726252724491224      , -0.82149828508863920     
  -1.3663819129757271      ,  -1.2486615134322572      , -0.87505450283288311     
  -1.4490428665189365      ,  -1.3274720230237296      , -0.93194460068929952     
  -1.5246649003748149      ,  -1.4083266142620134      , -0.99211482113025040     
  -1.6079447989860634      ,  -1.4902454189606513      ,  -1.0554236320282695     
  -1.6825499363865639      ,  -1.5719619618454443      ,  -1.1216208443547895     
  -1.7629038931107706      ,  -1.6518923291820697      ,  -1.1903249890188543     
  -1.8321211799140813      ,  -1.7281166388091584      ,  -1.2610001085055818     
  -1.9033170774046242      ,  -1.7983807511966154      ,  -1.3329337815139992     
  -1.9603271710069081      ,  -1.8601274883067285      ,  -1.4052189689836077     
  -2.0113809381235841      ,  -1.9105669316404634      ,  -1.4767430611370855     
  -2.0442365079357789      ,  -1.9467938643396794      ,  -1.5461881616983577     
  -2.0637563286110723      ,  -1.9659562972366709      ,  -1.6120469374818855     
  -2.0606361415192413      ,  -1.9654717519920386      ,  -1.6726580056065574     
  -2.0375983485572742      ,  -1.9432777608327523      ,  -1.7262635486630262     
  -1.9891687662420401      ,  -1.8980912374186156      ,  -1.7710894706649931     
  -1.9157670170134704      ,  -1.8296406962393050      ,  -1.8054450031124267     
  -1.8160737290904474      ,  -1.7388294866500131      ,  -1.8278346624583925     
  -1.6913091577254238      ,  -1.6277909378168240      ,  -1.8370716452890137     
  -1.5447610925110173      ,  -1.4998095542228083      ,  -1.8323791687938058     
  -1.3803917423835244      ,  -1.3591048903602743      ,  -1.8134659116009328     
  -1.2067608965357197      ,  -1.2105014823689850      ,  -1.7805641330966038     
  -1.0300646102151261      ,  -1.0590317642324893      ,  -1.7344240464755345     
 -0.86144131753799580      , -0.90953204853726333      ,  -1.6762645840380972     
 -0.70624200156422101      , -0.76629045839720311      ,  -1.6076872838821734     
 -0.57233111527307534      , -0.63279111119684861      ,  -1.5305650890616394     
 -0.45923425809609758      , -0.51157614327258938      ,  -1.4469203331926654     
 -0.36796451478604558      , -0.40422348056081997      ,  -1.3588058440310067     
 -0.29307138967433088      , -0.31141976406450217      ,  -1.2682004526181798     
 -0.23236411853004402      , -0.23309778801163680      ,  -1.1769262441082506     
 -0.18123686904642219      , -0.16860623877588951      ,  -1.0865906987991416     
 -0.13867255148812113      , -0.11688420726929609      , -0.99855328422125944     
 -0.10282401582002504      ,  -7.6620826960369842E-002 , -0.91391352682143312     
  -7.4255319402111358E-002 ,  -4.6388750188870759E-002 , -0.83351620498294843     
  -5.2659863233141514E-002 ,  -2.4747247274474339E-002 , -0.75796889974055193     
  -3.8550058100401623E-002 ,  -1.0315729998428632E-002 , -0.68766743138630215     
  -3.1467762656171024E-002 ,  -1.8214478280048640E-003 , -0.62282540323619306     
  -3.0592348037537045E-002 ,   1.8736213420180853E-003 , -0.56350492439458066     
  -3.4593242430851032E-002 ,   1.7615356216361129E-003 , -0.50964642339749555     
  -4.1743024560359235E-002 ,  -1.3118115952818158E-003 , -0.46109619835676158     
  -5.1059059891575269E-002 ,  -6.6396574477651698E-003 , -0.41763093670120399     
  -6.1454250495498762E-002 ,  -1.3643028666461270E-002 , -0.37897887546563841     
  -7.3262998479963398E-002 ,  -2.1857230537399887E-002 , -0.34483757807297111     
  -8.6052268993653772E-002 ,  -3.0917647516997382E-002 , -0.31488850072089442     
 -0.10029528642947574      ,  -4.0545828998756465E-002 , -0.28880863680281205     
 -0.11487533553607507      ,  -5.0536458215814865E-002 , -0.26627958437632082     
 -0.12959890809784499      ,  -6.0745535952676205E-002 , -0.24699439830948178     
 -0.14295907943560968      ,  -7.1079928829461902E-002 , -0.23066257968419340     
 -0.15510075562150691      ,  -8.1488312368645233E-002 , -0.21701353068754367     
 -0.16545262327161933      ,  -9.1953464011745173E-002 , -0.20579877078846398     
 -0.17499282701571905      , -0.10248581711414667      , -0.19679317430099824     
 -0.18382263721239292      , -0.11311816375377477      , -0.18979545356896593     
 -0.19282091444690477      , -0.12390138486828309      , -0.18462807785078555     
 -0.20183462649720216      , -0.13490108585741281      , -0.18113678659492613     
 -0.21104627824867522      , -0.14619502096295234      , -0.17918982768631697     
 -0.22013179169004085      , -0.15787119815256992      , -0.17867702656820605     
 -0.22909227409590890      , -0.17002656630521587      , -0.17950877083502106     
 -0.23809261673313462      , -0.18276619714175962      , -0.18161497674609636     
 -0.24740933837609391      , -0.19620288481528092      , -0.18494408884528565     
 -0.25776824562598766      , -0.21045709584136973      , -0.18946215116338330     
 -0.26943151346734573      , -0.22565721072115474      , -0.19515197798646983     
 -0.28323649607923274      , -0.24194000588268194      , -0.20201244354666020     
 -0.29914344263568621      , -0.25945133017162558      , -0.21005790288735099     
 -0.31788021734395328      , -0.27834693379168085      , -0.21931775023200070     
 -0.33914309210617494      , -0.29879340902458551      , -0.22983611610438576     
 -0.36350889047143259      , -0.32096920087564484      , -0.24167169986552495     
 -0.39045765631071566      , -0.34506564151254326      , -0.25489772989084503     
 -0.42036799859282864      , -0.37128795436713680      , -0.26960203892761031     
 -0.45269082043933057      , -0.39985616123761175      , -0.28588723682235340     
 -0.48779272247894240      , -0.43100580761439661      , -0.30387095630563832     
 -0.52546389445751096      , -0.46498839643186035      , -0.32368613929883611     
 -0.56628499537251631      , -0.50207138687697239      , -0.34548132058916198     
 -0.61050010409791267      , -0.54253757078717313      , -0.36942085189663620     
 -0.65870917531582462      , -0.58668358224765382      , -0.39568499136519159     
 -0.71130375851492145      , -0.63481722373640304      , -0.42446976021377292     
 -0.76852830231562375      , -0.68725320205339335      , -0.45598643837758396     
 -0.83063856300579564      , -0.74430675725310036      , -0.49046053302116105     
 -0.89743302054889307      , -0.80628453708180048      , -0.52813000635325302     
 -0.96905498997173856      , -0.87347191981658512      , -0.56924249093951840     
  -1.0450200083505050      , -0.94611582648685610      , -0.61405115097201413     
  -1.1254734117248288      ,  -1.0244019038421510      , -0.66280876718600912     
  -1.2098267966336123      ,  -1.1084248294944457      , -0.71575953398672687     
  -1.2982446593078576      ,  -1.1981504370039850      , -0.77312796625371349     
  -1.3900783787137660      ,  -1.2933684551491871      , -0.83510423251032928     
  -1.4853169308634029      ,  -1.3936350120537007      , -0.90182518174023896     
  -1.5830197933088006      ,  -1.4982048238685792      , -0.97335034643113805     
  -1.6825477611023194      ,  -1.6059543643073384      ,  -1.0496323335922244     
  -1.7822691297993880      ,  -1.7152995155211928      ,  -1.1304813258783022     
  -1.8805250939411711      ,  -1.8241144286973070      ,  -1.2155239907546520     
  -1.9748238317433420      ,  -1.9296626473165661      ,  -1.3041580287422825     
  -2.0624921333504642      ,  -2.0285567510694142      ,  -1.3955049591156097     
  -2.1403026272386545      ,  -2.1167681279727408      ,  -1.4883655626288721     
  -2.2047267765873655      ,  -2.1897124730225968      ,  -1.5811845732323351     
  -2.2518579404015915      ,  -2.2424368401855683      ,  -1.6720334281675850     
  -2.2773897214222361      ,  -2.2699274515027903      ,  -1.7586215675428791     
  -2.2768983659229423      ,  -2.2675410704442771      ,  -1.8383470568267553     
  -2.2459351515101784      ,  -2.2315354793862863      ,  -1.9083951718011813     
  -2.1808214475089174      ,  -2.1596393728573404      ,  -1.9658881976733313     
  -2.0790750499425448      ,  -2.0515673608482117      ,  -2.0080809159886481     
  -1.9404551532658068      ,  -1.9093654042820782      ,  -2.0325851947350984     
  -1.7672294532510378      ,  -1.7374802521795818      ,  -2.0375963442642169     
  -1.5646989761555024      ,  -1.5424908645419049      ,  -2.0220870557072868     
  -1.3408993821441251      ,  -1.3325138890316865      ,  -1.9859351503616736     
  -1.1066157609387239      ,  -1.1163770895205816      ,  -1.9299604824015189     
 -0.87447876814802494      , -0.90271463970216792      ,  -1.8558625427495614     
 -0.65757263915076014      , -0.69915333805288005      ,  -1.7660691607004873     
 -0.46672400573302719      , -0.51172455627362157      ,  -1.6635226118661581     
 -0.30790102352486126      , -0.34456902251457822      ,  -1.5514380456062040     
 -0.18072584001786937      , -0.19992742058226354      ,  -1.4330689555593126     
  -7.9758743763043205E-002 ,  -7.8353635495356427E-002 ,  -1.3115070018535810     
   2.2235394020578940E-003 ,   2.0938678205007655E-002 ,  -1.1895322925370455     
   7.0995184685404833E-002 ,   9.9683331970804839E-002 ,  -1.0695188846258392     
  0.12946481047335218      ,  0.16018938887226788      , -0.95339135265482711     
  0.17818253772281434      ,  0.20502955102225520      , -0.84262287340932207     
  0.21645769665277054      ,  0.23680505324691808      , -0.73826321303702513     
  0.24339816326664804      ,  0.25798571518553559      , -0.64098540203572851     
  0.25873784866618343      ,  0.27081406721431378      , -0.55114169936627055     
  0.26346167958072442      ,  0.27725876812910116      , -0.46882179683512121     
  0.25969177219171774      ,  0.27900274777112255      , -0.39390850780487019     
  0.25035733300697188      ,  0.27745373025931797      , -0.32612810965688144     
  0.23862457113109956      ,  0.27376767687771925      , -0.26509396378805872     
  0.22715497824228584      ,  0.26887844999022875      , -0.21034304104239709     
  0.21723137351495531      ,  0.26352928555378896      , -0.16136561312245876     
  0.20869216654138409      ,  0.25830338361003830      , -0.11762872548202521     
  0.20049399839170984      ,  0.25365213339961845      ,  -7.8594230329419618E-002
  0.19171281287554937      ,  0.24992028571985089      ,  -4.3732198406493103E-002
  0.18230855175933508      ,  0.24736787928073103      ,  -1.2530495478973122E-002
  0.17342135532138375      ,  0.24618901419420672      ,   1.5498761649762946E-002
  0.16677608752300296      ,  0.24652771658972086      ,   4.0815242249198726E-002
  0.16380255387250181      ,  0.24849120507191619      ,   6.3848395057936713E-002
  0.16502035853219432      ,  0.25216088680275600      ,   8.4996947291091016E-002
  0.17005644093606143      ,  0.25760140041147883      ,  0.10462953672164868     
  0.17807605044665442      ,  0.26486799812752337      ,  0.12308617297080882     
  0.18837288521758422      ,  0.27401252828755540      ,  0.14068028317307485     
  0.20076568949345378      ,  0.28508824596383264      ,  0.15770114704959190     
  0.21560465032993936      ,  0.29815364605313538      ,  0.17441656789863064     
  0.23349845983237447      ,  0.31327548066923111      ,  0.19107565995241765     
  0.25487046159714954      ,  0.33053109129916319      ,  0.20791165978693618     
  0.27971630296769551      ,  0.35001015569947541      ,  0.22514469075587282     
  0.30760154365795339      ,  0.37181591944846470      ,  0.24298442539145085     
  0.33797180979205305      ,  0.39606595177792658      ,  0.26163260189036275     
  0.37043295578659319      ,  0.42289243397840254      ,  0.28128535757025835     
  0.40500372085483133      ,  0.45244195537173576      ,  0.30213534479742682     
  0.44205676153247664      ,  0.48487475552864823      ,  0.32437359347328226     
  0.48214738549362551      ,  0.52036331095555033      ,  0.34819107871969512     
  0.52576150738685035      ,  0.55909011875466963      ,  0.37377994279216353     
  0.57325460765929392      ,  0.60124447776365575      ,  0.40133430624077332     
  0.62483448767298133      ,  0.64701800872700355      ,  0.43105058462564538     
  0.68064858009218165      ,  0.69659858914627970      ,  0.46312720335904639     
  0.74082953251132189      ,  0.75016230682968776      ,  0.49776357426593426     
  0.80547720081353080      ,  0.80786296208517894      ,  0.53515816326300703     
  0.87457041108911682      ,  0.86981857845954313      ,  0.57550543970562862     
  0.94790574285340068      ,  0.93609432723212493      ,  0.61899145589766924     
   1.0251367403545228      ,   1.0066812497723858      ,  0.66578776291098896     
   1.1058401413084493      ,   1.0814702020791576      ,  0.71604333133576936     
   1.1896234143208941      ,   1.1602205871984252      ,  0.76987412117325282     
   1.2761154544706601      ,   1.2425237379106899      ,  0.82734994640491488     
   1.3649152142979954      ,   1.3277613327337383      ,  0.88847832494687062     
   1.4554161274984081      ,   1.4150600519922343      ,  0.95318511823163443     
   1.5467020693315854      ,   1.5032448850857092      ,   1.0212919774044968     
   1.6374512176858678      ,   1.5907951368249806      ,   1.0924909602993793     
   1.7259804725786332      ,   1.6758092336481305      ,   1.1663171991790231     
   1.8102763621478362      ,   1.7559867539213359      ,   1.2421212063624751     
   1.8880737482549426      ,   1.8286383484215454      ,   1.3190432973004009     
   1.9568665179456441      ,   1.8907357477549998      ,   1.3959936298273332     
   2.0139221026137921      ,   1.9390139414672936      ,   1.4716423658616045     
   2.0562653406338214      ,   1.9701347168167749      ,   1.5444252179966029     
   2.0807292420595385      ,   1.9809139931688384      ,   1.6125698074137198     
   2.0840716713038381      ,   1.9686042965658759      ,   1.6741474332865141     
   2.0631907461353283      ,   1.9312090665239734      ,   1.7271526879999526     
   2.0154334276176558      ,   1.8677898948641325      ,   1.7696097139064220     
   1.9389827373799906      ,   1.7787157727778797      ,   1.7996990584772179     
   1.8332868336135608      ,   1.6658004180897077      ,   1.8158938485468463     
   1.6994595294511987      ,   1.5322841264031259      ,   1.8170896522382194     
   1.5406122117055854      ,   1.3826410816817760      ,   1.8027103842661085     
   1.3620567426586407      ,   1.2222271300857113      ,   1.7727740487535097     
   1.1713326302601992      ,   1.0568173954948450      ,   1.7279072363722550     
  0.97786141716123143      ,  0.89210699497372936      ,   1.6693051785598141     
  0.79198615248348481      ,  0.73325371885859658      ,   1.5986429288824242     
  0.62326996979805405      ,  0.58452759738698601      ,   1.5179506812892458     
  0.47845748601523502      ,  0.44910440619877645      ,   1.4294706036630744     
  0.35998937031016376      ,  0.32900804302432490      ,   1.3355131575457599     
  0.26599158966228703      ,  0.22517975761350253      ,   1.2383281301111788     
  0.19180422921699475      ,  0.13763619500143201      ,   1.1400007631493552     
  0.13212872576841433      ,   6.5674125912785541E-002 ,   1.0423779110055031     
   8.2637402852212299E-002 ,   8.0849226673441309E-003 ,  0.94702432864755492     
   4.0585033088064562E-002 ,  -3.6647959318350160E-002 ,  0.85520570116662220     
   4.7203781240393664E-003 ,  -7.0183985503209742E-002 ,  0.76789306686827385     
  -2.5084613772621851E-002 ,  -9.4198889559875751E-002 ,  0.68578266487044659     
  -4.8388248983675650E-002 , -0.11029539148430681      ,  0.60932557376670549     
  -6.4824867941150027E-002 , -0.11994634888404937      ,  0.53876239312829344     
  -7.4588592253490030E-002 , -0.12446374781749646      ,  0.47415931772987213     
  -7.8631328456504029E-002 , -0.12498684092459350      ,  0.41544303521539272     
  -7.8552847808155440E-002 , -0.12248351306069007      ,  0.36243281295299978     
  -7.6143134195740064E-002 , -0.11776008759970902      ,  0.31486887817539688     
  -7.2746079233492689E-002 , -0.11147595722127562      ,  0.27243673610220331     
  -6.8877248782894585E-002 , -0.10416046098667439      ,  0.23478743889501760     
  -6.4335239320706769E-002 ,  -9.6230268745729916E-002 ,  0.20155404923322520     
  -5.8692313101314210E-002 ,  -8.8006169680094323E-002 ,  0.17236467135236386     
  -5.1860265514938129E-002 ,  -7.9728619465646910E-002 ,  0.14685248014890553     
  -4.4403999733971931E-002 ,  -7.1571715908854167E-002 ,  0.12466318963701144     
  -3.7370637208257444E-002 ,  -6.3655481380319207E-002 ,  0.10546038361411331     
  -3.1754357087025203E-002 ,  -5.6056462123818873E-002 ,   8.8929096525659293E-002
  -2.7986405893816391E-002 ,  -4.8816733180471229E-002 ,   7.4777989758615271E-002
  -2.5772883445562635E-002 ,  -4.1951440676735785E-002 ,   6.2740423449201291E-002
  -2.4318753406330097E-002 ,  -3.5455032936478358E-002 ,   5.2574679744355923E-002
  -2.2769101489763612E-002 ,  -2.9306336777311121E-002 ,   4.4063552248866676E-002
  -2.0606581720111899E-002 ,  -2.3472631137315080E-002 ,   3.7013479116549064E-002
  -1.7817737168045002E-002 ,  -1.7912860613176592E-002 ,   3.1253364298961861E-002
  -1.4795991744053542E-002 ,  -1.2580119031930273E-002 ,   2.6633202873642056E-002
  -1.2072801513707484E-002 ,  -7.4235194168164684E-003 ,   2.3022601941961349E-002
  -1.0030972614782653E-002 ,  -2.3895526643297050E-003 ,   2.0309267999732566E-002
  -8.7351695755855645E-003 ,   2.5769764294678002E-003 ,   1.8397514567913990E-002
  -7.9305050682020230E-003 ,   7.5323600723385788E-003 ,   1.7206829832404586E-002
  -7.1641585808009667E-003 ,   1.2533681512562971E-002 ,   1.6670532691262046E-002
  -5.9466740900665236E-003 ,   1.7638739228033853E-002 ,   1.6734536573687991E-002
  -3.8586420471451613E-003 ,   2.2906157954650883E-002 ,   1.7356233333978746E-002
  -5.7711956371178826E-004 ,   2.8395651775810059E-002 ,   1.8503504123173291E-002
   4.1303651236964389E-003 ,   3.4168411947193139E-002 ,   2.0153860122593532E-002
   1.0380717405456874E-002 ,   4.0287598573695890E-002 ,   2.2293713141477826E-002
   1.8129329146989059E-002 ,   4.6818920772964574E-002 ,   2.4917774122068557E-002
   2.7140841703869462E-002 ,   5.3831294641373525E-002 ,   2.8028576376258642E-002
   3.7022239025346251E-002 ,   6.1397572269541886E-002 ,   3.1636119741692989E-002
   4.7336888430916983E-002 ,   6.9595338313741359E-002 ,   3.5757631659391192E-002
   5.7769949013015014E-002 ,   7.8507773281989768E-002 ,   4.0417441327286856E-002
   6.8263235816639886E-002 ,   8.8224584786854909E-002 ,   4.5646963479192816E-002
   7.9055647224628739E-002 ,   9.8843009576148722E-002 ,   5.1484788894276025E-002
   9.0618169818539526E-002 ,  0.11046889017470396      ,   5.7976879384914290E-002
  0.10351788351873425      ,  0.12321783041693192      ,   6.5176865672310277E-002
  0.11827084761292672      ,  0.13721643393795990      ,   7.3146447170941875E-002
  0.13523713199436405      ,  0.15260362868110805      ,   8.1955893190802181E-002
  0.15458579552305704      ,  0.16953207845828508      ,   9.1684645344361937E-002
  0.17631522367326125      ,  0.18816967925929715      ,  0.10242202090719046     
  0.20030510349234829      ,  0.20870113291326453      ,  0.11426801639108988     
  0.22637689458774238      ,  0.23132958326445305      ,  0.12733420946757795     
  0.25436654515423124      ,  0.25627828942655712      ,  0.14174475538966241     
  0.28420531495421825      ,  0.28379229583655963      ,  0.15763747088302618     
  0.31600106243828491      ,  0.31414003829503662      ,  0.17516499368889293     
  0.35009399961310073      ,  0.34761479704822135      ,  0.19449599897351566     
  0.38706426194190729      ,  0.38453586975492132      ,  0.21581644392278115     
  0.42766619242151044      ,  0.42524928569696840      ,  0.23933079802753432     
  0.47270070531872216      ,  0.47012781380497676      ,  0.26526319755009375     
  0.52286633132645599      ,  0.51956992601299135      ,  0.29385843679191381     
  0.57864354666221274      ,  0.57399725820589576      ,  0.32538267396696935     
  0.64025006618041047      ,  0.63384995688781476      ,  0.36012368314484444     
  0.70768053399491071      ,  0.69957910375106158      ,  0.39839042277848546     
  0.78081059432904576      ,  0.77163516659707754      ,  0.44051161226904401     
  0.85951745791700496      ,  0.85045113084173762      ,  0.48683290717601213     
  0.94377232774523767      ,  0.93641862573563228      ,  0.53771213779833738     
   1.0336723325429547      ,   1.0298549921469877      ,  0.59351192318830193     
   1.1294014966335149      ,   1.1309588877514196      ,  0.65458879492291688     
   1.2311189677055039      ,   1.2397517747754763      ,  0.72127777049431474     
   1.3387969249640330      ,   1.3560026313389530      ,  0.79387112490455902     
   1.4520381992704319      ,   1.4791337050455708      ,  0.87258995955215146     
   1.5699187483790515      ,   1.6081064368808913      ,  0.95754712642466444     
   1.6908898567826753      ,   1.7412893019177593      ,   1.0487002384026967     
   1.8127651712749904      ,   1.8763138155898438      ,   1.1457940364240928     
   1.9327803831249604      ,   2.0099318942507094      ,   1.2482924930836636     
   2.0476843165053809      ,   2.1378973961878445      ,   1.3553029398616954     
   2.1538000954857393      ,   2.2549064777318151      ,   1.4654974099608737     
   2.2470163239058691      ,   2.3546433513064033      ,   1.5770403371301229     
   2.3227125572674057      ,   2.4299858367995242      ,   1.6875364451886767     
   2.3756833679649265      ,   2.4734218891438644      ,   1.7940172231606923     
   2.4001720807082600      ,   2.4777056673536721      ,   1.8929871604190438     
   2.3901399328430895      ,   2.4367331707699966      ,   1.9805495722426576     
   2.3398676946428552      ,   2.3465443731214122      ,   2.0526239233744605     
   2.2449001480034734      ,   2.2062768910334571      ,   2.1052507294668348     
   2.1031742838516529      ,   2.0188375363135775      ,   2.1349578202379615     
   1.9159540548407643      ,   1.7910618331619277      ,   2.1391383069182974     
   1.6881879213614945      ,   1.5332228917328097      ,   2.1163745456471621     
   1.4283512718495941      ,   1.2579174386146803      ,   2.0666422782241312     
   1.1482725840109127      ,  0.97854134297999718      ,   1.9913488137310020     
  0.86298503255891756      ,  0.70769136313762082      ,   1.8931943560315410     
  0.58970575191027286      ,  0.45583824664640421      ,   1.7758848688803412     
  0.34508801210961265      ,  0.23050927023430751      ,   1.6437546594339536     
  0.14093874942769424      ,   3.6050505143438528E-002 ,   1.5013681551015559     
  -1.9868331586981022E-002 , -0.12611607209068093      ,   1.3531623917873992     
 -0.14387041867439476      , -0.25691646736808738      ,   1.2031709132144586     
 -0.24240283894934134      , -0.35892099368569275      ,   1.0548452921163320     
 -0.32536864976700547      , -0.43566570606659138      ,  0.91096991287466522     
 -0.39766842240984024      , -0.49109073009665027      ,  0.77365276665340721     
 -0.45964633266972177      , -0.52913030916021508      ,  0.64436993400604248     
 -0.50962004465739519      , -0.55344944453988010      ,  0.52404215255857545     
 -0.54573369748750733      , -0.56730092427670731      ,  0.41312580382037600     
 -0.56734004169476593      , -0.57347008422848955      ,  0.31170564749703555     
 -0.57626076839304363      , -0.57427697668179878      ,  0.21958131569322537     
 -0.57643544670915525      , -0.57161183544461391      ,  0.13634331255018414     
 -0.57246624440576521      , -0.56698665329823184      ,   6.1436906494710515E-002
 -0.56879929126675799      , -0.56159171937918373      ,  -5.7860203865394491E-003
 -0.56890626202349737      , -0.55635054902165548      ,  -6.6026161440253139E-002
 -0.57394845107959258      , -0.55196980285759600      , -0.12000557659049557     
 -0.58249220408220137      , -0.54898280315761561      , -0.16844453580434451     
 -0.59178942175785909      , -0.54778643087851842      , -0.21204493240616626     
 -0.59938736050073271      , -0.54867180518917957      , -0.25147893945101157     
 -0.60443706444019241      , -0.55184942003972071      , -0.28738176978518815     
 -0.60832247097024639      , -0.55746948611134617      , -0.32034758760914694     
 -0.61384227591289509      , -0.56563819546380900      , -0.35092779030212551     
 -0.62342070046424969      , -0.57643054706452279      , -0.37963102752785310     
 -0.63793805131847681      , -0.58990027587016369      , -0.40692444907360542     
 -0.65673276996190322      , -0.60608733244994850      , -0.43323577496980942     
 -0.67835060878364029      , -0.62502327145361625      , -0.45895586375767139     
 -0.70160249688402621      , -0.64673482781757508      , -0.48444152011735980     
 -0.72625982110110143      , -0.67124588940194041      , -0.51001833407320762     
 -0.75301367918224793      , -0.69857801281065290      , -0.53598338297267722     
 -0.78292508146974249      , -0.72874957445346822      , -0.56260765637729260     
 -0.81671661867926371      , -0.76177360083665890      , -0.59013808461061679     
 -0.85433495958526762      , -0.79765428065106081      , -0.61879906548882424     
 -0.89511155442385348      , -0.83638212735544426      , -0.64879339212775489     
 -0.93827566996181533      , -0.87792773658273071      , -0.68030248910997815     
 -0.98340182933431064      , -0.92223407105529098      , -0.71348586628439714     
  -1.0306391593889530      , -0.96920721151846778      , -0.74847970091958682     
  -1.0805929324141246      ,  -1.0187055419305131      , -0.78539446213172392     
  -1.1338090091248456      ,  -1.0705273990196120      , -0.82431149933192061     
  -1.1902853175292054      ,  -1.1243973202013882      , -0.86527853247538133     
  -1.2493785612684953      ,  -1.1799511806106666      , -0.90830401053099619     
  -1.3099791266663414      ,  -1.2367207301277516      , -0.95335035097060483     
  -1.3708000075745299      ,  -1.2941183324021865      ,  -1.0003261428697443     
  -1.4306770311725607      ,  -1.3514230708375985      ,  -1.0490774950421622     
  -1.4886564679554968      ,  -1.4077698097463391      ,  -1.0993788430539364     
  -1.5438376721447391      ,  -1.4621432513207209      ,  -1.1509236968342043     
  -1.5951933736017216      ,  -1.5133794522476787      ,  -1.2033160107705185     
  -1.6414940414218251      ,  -1.5601775654106953      ,  -1.2560630796131806     
  -1.6813374077917416      ,  -1.6011246243680743      ,  -1.3085710842048905     
  -1.7132452951928707      ,  -1.6347358360637099      ,  -1.3601445955361895     
  -1.7357600651386651      ,  -1.6595119318158782      ,  -1.4099914444430315     
  -1.7474868352068611      ,  -1.6740135290221811      ,  -1.4572343171030444     
  -1.7471084231024889      ,  -1.6769501584963395      ,  -1.5009301808173732     
  -1.7334160406964929      ,  -1.6672787674971616      ,  -1.5400981306903612     
  -1.7054011738909254      ,  -1.6443034919369328      ,  -1.5737554593945751     
  -1.6624227967305629      ,  -1.6077659040101648      ,  -1.6009607280829263     
  -1.6043954558039095      ,  -1.5579135285661139      ,  -1.6208614663653091     
  -1.5319417176325889      ,  -1.4955348932514001      ,  -1.6327430334951276     
  -1.4464940840769309      ,  -1.4219521617279289      ,  -1.6360743587605571     
  -1.3503136484319538      ,  -1.3389674036710908      ,  -1.6305459717501778     
  -1.2464017058026577      ,  -1.2487650483012311      ,  -1.6160960912620492     
  -1.1383169109014819      ,  -1.1537797725597216      ,  -1.5929215969596866     
  -1.0298939132334108      ,  -1.0565444878607058      ,  -1.5614723340519292     
 -0.92485896335663376      , -0.95953593668434656      ,  -1.5224291288345679     
 -0.82640306860188850      , -0.86503506073693992      ,  -1.4766677720079291     
 -0.73682256357141696      , -0.77501596540308193      ,  -1.4252127180413876     
 -0.65732576113901864      , -0.69107193118611820      ,  -1.3691851115140485     
 -0.58806749785535839      , -0.61438085835291323      ,  -1.3097498964083438     
 -0.52839664433979194      , -0.54570708471447615      ,  -1.2480662595137457     
 -0.47721919497416937      , -0.48543260907053182      ,  -1.1852446890097597     
 -0.43335804844024534      , -0.43360875900124374      ,  -1.1223127313895014     
 -0.39582524254101775      , -0.39001913247825576      ,  -1.0601903307828902     
 -0.36396034897497831      , -0.35424575937535829      , -0.99967460534226515     
 -0.33743067541821070      , -0.32573229227028422      , -0.94143315192369736     
 -0.31612583721785747      , -0.30384011645547843      , -0.88600449845689855     
 -0.30000256475269871      , -0.28789518263124692      , -0.83380411625177198     
 -0.28894322429509589      , -0.27722489743748402      , -0.78513440532441636     
 -0.28267865530939124      , -0.27118548665555725      , -0.74019720831002611     
 -0.28079213339261933      , -0.26918090226847574      , -0.69910763092864081     
 -0.28278617019655089      , -0.27067465841662991      , -0.66190819981108051     
 -0.28816889250959410      , -0.27519604925744096      , -0.62858263694646577     
 -0.29651189688495300      , -0.28234211350831079      , -0.59906875283833150     
 -0.30745455094854079      , -0.29177653783712260      , -0.57327014725614533     
 -0.32066672844198946      , -0.30322648557970211      , -0.55106655451075470     
 -0.33580610019046297      , -0.31647813139018632      , -0.53232278152552437     
 -0.35250582063610320      , -0.33137149483996187      , -0.51689626622335638     
 -0.37040856548963424      , -0.34779500501769461      , -0.50464333648177084     
 -0.38923107859933104      , -0.36568009573819377      , -0.49542428169247349     
 -0.40882269770914997      , -0.38499602525408183      , -0.48910736481874190     
 -0.42918656029327990      , -0.40574503181382809      , -0.48557190700941305     
 -0.45045485326547480      , -0.42795787285999853      , -0.48471057270616202     
 -0.47283152816833862      , -0.45168974702394493      , -0.48643097339798735     
 -0.49652988855271618      , -0.47701656066061776      , -0.49065669468592232     
 -0.52173044216787134      , -0.50403147131716031      , -0.49732783551610799     
 -0.54857058853284535      , -0.53284161661660823      , -0.50640113126787600     
 -0.57716197260998947      , -0.56356491644376672      , -0.51784971444532857     
 -0.60762157789715410      , -0.59632681739133375      , -0.53166254835454352     
 -0.64009952554290694      , -0.63125682995497168      , -0.54784355050508726     
 -0.67479167086484282      , -0.66848469021474177      , -0.56641040358499717     
 -0.71193391644279347      , -0.70813595849571220      , -0.58739303269851206     
 -0.75178164957459082      , -0.75032684820996909      , -0.61083170811569854     
 -0.79458017597349317      , -0.79515806005460743      , -0.63677471314776146     
 -0.84053167506532966      , -0.84270738243510879      , -0.66527549721122536     
 -0.88976231509449100      , -0.89302081239096343      , -0.69638921528000819     
 -0.94229251286856952      , -0.94610195840523448      , -0.73016853783086644     
 -0.99801471315137957      ,  -1.0018995157737431      , -0.76665860183091661     
  -1.0566824701225090      ,  -1.0602926681694629      , -0.80589096597885568     
  -1.1179121731889099      ,  -1.1210743804092265      , -0.84787643615008990     
  -1.1811947424759370      ,  -1.1839327250420781      , -0.89259664507869874     
  -1.2459106846742241      ,  -1.2484306490633519      , -0.93999431056875693     
  -1.3113397183435809      ,  -1.3139849560736494      , -0.98996216730446873     
  -1.3766587960322147      ,  -1.3798457674096958      ,  -1.0423306780223585     
  -1.4409275142187932      ,  -1.4450783338110693      ,  -1.0968547897873986     
  -1.5030658796674718      ,  -1.5085497731547308      ,  -1.1532002176860552     
  -1.5618335074808272      ,  -1.5689240468697017      ,  -1.2109300134128256     
  -1.6158200335157216      ,  -1.6246691407812124      ,  -1.2694925020919510     
  -1.6634532298587703      ,  -1.6740808026929315      ,  -1.3282120238056812     
  -1.7030272182421733      ,  -1.7153270618634235      ,  -1.3862842519564700     
  -1.7327503610524413      ,  -1.7465168280709595      ,  -1.4427781088534570     
  -1.7508120488555752      ,  -1.7657938748848623      ,  -1.4966463657802502     
  -1.7554694360900163      ,  -1.7714543110066963      ,  -1.5467467920685003     
  -1.7451569699475691      ,  -1.7620813487078815      ,  -1.5918751048897211     
  -1.7186207211649038      ,  -1.7366862849086970      ,  -1.6308099101921392     
  -1.6750747432239574      ,  -1.6948400507549732      ,  -1.6623683407229719     
  -1.6143685876718339      ,  -1.6367767362150747      ,  -1.6854693344275800     
  -1.5371456309663356      ,  -1.5634504866980163      ,  -1.6991997322826975     
  -1.4449641488153759      ,  -1.4765310201841704      ,  -1.7028769857454698     
  -1.3403478763177565      ,  -1.3783307488594123      ,  -1.6961016460448777     
  -1.2267297931162795      ,  -1.2716669436537500      ,  -1.6787932562460715     
  -1.1082543922293326      ,  -1.1596733249467557      ,  -1.6512048610538417     
 -0.98941983957345814      ,  -1.0455842051320325      ,  -1.6139138845134358     
 -0.87458383210382606      , -0.93251858183882830      ,  -1.5677901395865363     
 -0.76742236981814727      , -0.82329035218042435      ,  -1.5139446234270537     
 -0.67048666145254010      , -0.72026464386512257      ,  -1.4536649478973556     
 -0.58500273582402984      , -0.62527101860698397      ,  -1.3883443792293637     
 -0.51097877071538911      , -0.53957446906770634      ,  -1.3194114175192606     
 -0.44756211977712806      , -0.46389691918436793      ,  -1.2482658107355322     
 -0.39349712458979647      , -0.39847670576091254      ,  -1.1762252245048130     
 -0.34752880460681590      , -0.34315158107041943      ,  -1.1044848893203174     
 -0.30866073814222789      , -0.29745160266351045      ,  -1.0340907775608119     
 -0.27624873117200582      , -0.26069089022894731      , -0.96592546022966486     
 -0.24995612218825827      , -0.23205059843253328      , -0.90070485909712150     
 -0.22961732203106683      , -0.21064875873199193      , -0.83898363355433903     
 -0.21506959339538256      , -0.19559537939723376      , -0.78116684156170324     
 -0.20601612865510147      , -0.18603315816078411      , -0.72752567936784129     
 -0.20196795539061471      , -0.18116536963129981      , -0.67821542530855661     
 -0.20228026494009640      , -0.18027307394903186      , -0.63329409850843954     
 -0.20625857245042342      , -0.18272393010137675      , -0.59274072934587274     
 -0.21327684066336533      , -0.18797475401396574      , -0.55647248585787767     
 -0.22284566748692533      , -0.19556967171577358      , -0.52436018980393284     
 -0.23460132606664671      , -0.20513537557731906      , -0.49624198298935779     
 -0.24823515563035523      , -0.21637465526718860      , -0.47193507244194055     
 -0.26341662445204739      , -0.22905907577723930      , -0.45124560031800964     
 -0.27976380511343951      , -0.24302142513539784      , -0.43397676066707219     
 -0.29688264095834460      , -0.25814835544495218      , -0.41993532984433485     
 -0.31445158351500563      , -0.27437348785925458      , -0.40893679872533489     
 -0.33230095561270534      , -0.29167113772052305      , -0.40080929976955437     
 -0.35044327182726620      , -0.31005073261561378      , -0.39539651574186374     
 -0.36904214559721377      , -0.32955193639568431      , -0.39255974355020584     
 -0.38834034360369457      , -0.35024045017466282      , -0.39217926911047751     
 -0.40858419622831732      , -0.37220443197803904      , -0.39415518944159794     
 -0.42997715618208859      , -0.39555145607950276      , -0.39840779768278439     
 -0.45267635542973184      , -0.42040591799337096      , -0.40487762625429907     
 -0.47682415739392153      , -0.44690677909479126      , -0.41352522341094500     
 -0.50259233043422558      , -0.47520553392195697      , -0.42433071913709575     
 -0.53021493834898814      , -0.50546427174952702      , -0.43729321766365337     
 -0.55999591730499421      , -0.53785369066681721      , -0.45243003565478301     
 -0.59229142202074614      , -0.57255090604011283      , -0.46977578700513067     
 -0.62747723445021142      , -0.60973687501055940      , -0.48938129681772835     
 -0.66591342606586934      , -0.64959323398722135      , -0.51131230806695893     
 -0.70791357935927990      , -0.69229831675282183      , -0.53564792425562802     
 -0.75371992765377571      , -0.73802208723464602      , -0.56247870966875946     
 -0.80348369368178063      , -0.78691968457225403      , -0.59190434535887448     
 -0.85725158937836066      , -0.83912324162272045      , -0.62403071376360286     
 -0.91496134484561387      , -0.89473160635231996      , -0.65896625826376010     
 -0.97644827386612110      , -0.95379757650101715      , -0.69681743709137578     
  -1.0414607354390015      ,  -1.0163122633497086      , -0.73768306581018306     
  -1.1096769439392671      ,  -1.0821862475180342      , -0.78164732251353786     
  -1.1807126295472450      ,  -1.1512273020640964      , -0.82877118020333218     
  -1.2541112103858261      ,  -1.2231146665016239      , -0.87908203927150175     
  -1.3293148291476224      ,  -1.2973701971690170      , -0.93256137033902720     
  -1.4056225345438813      ,  -1.3733272361202213      , -0.98913025796572596     
  -1.4821470754497126      ,  -1.4500987710790152      ,  -1.0486328760822481     
  -1.5577817168755899      ,  -1.5265474263521797      ,  -1.1108181454454200     
  -1.6311835997169133      ,  -1.6012610163540415      ,  -1.1753201399794371     
  -1.7007735921699370      ,  -1.6725387318242921      ,  -1.2416382341557344     
  -1.7647480664841779      ,  -1.7383943355206446      ,  -1.3091185144058646     
  -1.8210978486385132      ,  -1.7965837066088675      ,  -1.3769385845074287     
  -1.8676336217201324      ,  -1.8446642303873391      ,  -1.4440985090625240     
  -1.9020234904856828      ,  -1.8800923057294496      ,  -1.5094211411549825     
  -1.9218546566912427      ,  -1.9003620552261886      ,  -1.5715652975031595     
  -1.9247345596531837      ,  -1.9031827982302114      ,  -1.6290549666315841     
  -1.9084450592885118      ,  -1.8866851170226828      ,  -1.6803267568421569     
  -1.8711549008256414      ,  -1.8496363551116888      ,  -1.7237959816215145     
  -1.8116810924983591      ,  -1.7916380410675179      ,  -1.7579391792960299     
  -1.7297721310816443      ,  -1.7132726957006661      ,  -1.7813877595971110     
  -1.6263716808334332      ,  -1.6161684807156373      ,  -1.7930244250309093     
  -1.5038160808090397      ,  -1.5029588695350191      ,  -1.7920717886868647     
  -1.3659194416866374      ,  -1.3771305048812259      ,  -1.7781619623086107     
  -1.2178923904876147      ,  -1.2427725453127778      ,  -1.7513773102249932     
  -1.0660219644695945      ,  -1.1042599496768615      ,  -1.7122560386931081     
 -0.91704650537499788      , -0.96591582889212391      ,  -1.6617612036872165     
 -0.77724749049532760      , -0.83170052098099057      ,  -1.6012170039848961     
 -0.65145285935716057      , -0.70496700230654741      ,  -1.5322206851177955     
 -0.54230017078337878      , -0.58830656487150945      ,  -1.4565410779602899     
 -0.45008771203026610      , -0.48349030064061937      ,  -1.3760153333794944     
 -0.37328755514199463      , -0.39149578312941646      ,  -1.2924539848468182     
 -0.30945714224867915      , -0.31259772590773183      ,  -1.2075617072594529     
 -0.25612776044093893      , -0.24649732083023929      ,  -1.1228778477963137     
 -0.21137263458097244      , -0.19246644036208602      ,  -1.0397377047734631     
 -0.17400507335806689      , -0.14948788969210711      , -0.95925310181428824     
 -0.14350447125287255      , -0.11637925082458615      , -0.88230924416551371     
 -0.11977294919361969      ,  -9.1893903499562668E-002 , -0.80957411805612767     
 -0.10281090958917226      ,  -7.4797586472046762E-002 , -0.74151662997261869     
  -9.2418090147536130E-002 ,  -6.3922072050415557E-002 , -0.67843005825751912     
  -8.8018153832332593E-002 ,  -5.8199293618304448E-002 , -0.62045799615403852     
  -8.8660033711123007E-002 ,  -5.6679925827361408E-002 , -0.56762064194083117     
  -9.3196115820704445E-002 ,  -5.8540348368154201E-002 , -0.51983993214592517     
 -0.10056032646712483      ,  -6.3081452805168317E-002 , -0.47696256091195804     
 -0.10999732897569794      ,  -6.9722116155089525E-002 , -0.43878036149152644     
 -0.12111457245379444      ,  -7.7989515728857151E-002 , -0.40504784664213661     
 -0.13374257276003038      ,  -8.7507878633341765E-002 , -0.37549692761449566     
 -0.14770201749970055      ,  -9.7986779594274140E-002 , -0.34984897538591037     
 -0.16262394447124154      , -0.10920972673848564      , -0.32782447175601614     
 -0.17793532580028318      , -0.12102349597512529      , -0.30915053859972014     
 -0.19301576457526060      , -0.13332847406205278      , -0.29356664452594172     
 -0.20741782335217770      , -0.14607013108359065      , -0.28082877981958682     
 -0.22101330385800963      , -0.15923164952925400      , -0.27071237047079422     
 -0.23399189079051133      , -0.17282767687931797      , -0.26301417569665608     
 -0.24673156523885564      , -0.18689913183338283      , -0.25755338429269542     
 -0.25962255053934336      , -0.20150897378470639      , -0.25417209580375427     
 -0.27293529560626811      , -0.21673883553326737      , -0.25273534436015060     
 -0.28678567953491996      , -0.23268641671678922      , -0.25313079693558804     
 -0.30119568223916449      , -0.24946353727361886      , -0.25526823416466127     
 -0.31620331845834582      , -0.26719475444867991      , -0.25907890083227025     
 -0.33195946527182929      , -0.28601645195124986      , -0.26451479464037853     
 -0.34876670628472994      , -0.30607631475629160      , -0.27154794566341145     
 -0.36705270511681459      , -0.32753310681370912      , -0.28016972472774587     
 -0.38730379282480448      , -0.35055667081892139      , -0.29039020643681313     
 -0.40999674552793075      , -0.37532806847835753      , -0.30223760130804356     
 -0.43555465046956110      , -0.40203977563750370      , -0.31575776104721937     
 -0.46432793346794848      , -0.43089583842782897      , -0.33101375087482215     
 -0.49658639100661178      , -0.46211188333042980      , -0.34808547250654798     
 -0.53251280317765270      , -0.49591485471487706      , -0.36706931029059908     
 -0.57220139134107162      , -0.53254232681396518      , -0.38807776046718501     
 -0.61567128495754775      , -0.57224120193494643      , -0.41123898881699250     
 -0.66290226079171000      , -0.61526556162170254      , -0.43669624430404413     
 -0.71388742427434582      , -0.66187338119341854      , -0.46460703482419996     
 -0.76868246161406706      , -0.71232174967747208      , -0.49514194493394065     
 -0.82742669915221378      , -0.76686015654029704      , -0.52848294357277537     
 -0.89032190389165611      , -0.82572131529877424      , -0.56482099157809673     
 -0.95757302241368270      , -0.88910889631946843      , -0.60435271386681955     
  -1.0293107433766393      , -0.95718144561732144      , -0.64727584989268017     
  -1.1055214492681473      ,  -1.0300316888973573      , -0.69378314002236041     
  -1.1860032947274666      ,  -1.1076603862467747      , -0.74405424852281254     
  -1.2703528061489529      ,  -1.1899439527310121      , -0.79824527282869806     
  -1.3579735508845387      ,  -1.2765952520927344      , -0.85647535524582685     
  -1.4480928213365112      ,  -1.3671173852263221      , -0.91880991527361622     
  -1.5397732816986325      ,  -1.4607510350535038      , -0.98524008462433921     
  -1.6319097560245632      ,  -1.5564171138177354      ,  -1.0556580887928402     
  -1.7232046872156164      ,  -1.6526582029154728      ,  -1.1298286242713289     
  -1.8121208208860897      ,  -1.7475846497656911      ,  -1.2073567810173433     
  -1.8968171340429827      ,  -1.8388341462472721      ,  -1.2876538045436170     
  -1.9750823332497343      ,  -1.9235568958115867      ,  -1.3699030094540989     
  -2.0442867739507462      ,  -1.9984414754470683      ,  -1.4530294256971485     
  -2.1013748835270532      ,  -2.0597981597360326      ,  -1.5356781714554506     
  -2.1429150388134759      ,  -2.1037152903137084      ,  -1.6162078635177315     
  -2.1652172588331289      ,  -2.1262985059202357      ,  -1.6927062008074754     
  -2.1645275758550260      ,  -2.1239908924464261      ,  -1.7630346532475247     
  -2.1373115422930558      ,  -2.0939542405694795      ,  -1.8249073791125396     
  -2.0806380191248515      ,  -2.0344698460352229      ,  -1.8760056647451384     
  -1.9926526734194885      ,  -1.9452969176045305      ,  -1.9141233645507050     
  -1.8730843238515862      ,  -1.8279153874829066      ,  -1.9373317682185185     
  -1.7236854719016577      ,  -1.6855855241203963      ,  -1.9441455890870691     
  -1.5485197031550080      ,  -1.5231832073349167      ,  -1.9336674312105187     
  -1.3540631182595833      ,  -1.3468136481388202      ,  -1.9056880830014979     
  -1.1490721850417887      ,  -1.1632561703974931      ,  -1.8607252165892612     
 -0.94402571484095421      , -0.97933229922058140      ,  -1.7999928104286804     
 -0.74986781481601084      , -0.80130503042066714      ,  -1.7253055011865772     
 -0.57604397936724483      , -0.63440384938197447      ,  -1.6389329214769353     
 -0.42839887601126825      , -0.48253394132337513      ,  -1.5434260887480573     
 -0.30798102458229493      , -0.34818283590830196      ,  -1.4414396800717835     
 -0.21160592377563980      , -0.23249812814134732      ,  -1.3355709038006018     
 -0.13396517294576982      , -0.13548555971593074      ,  -1.2282293332833776     
  -7.0008474930947556E-002 ,  -5.6269906219155272E-002 ,  -1.1215446562215881     
  -1.6357431163173387E-002 ,   6.6318975710786821E-003 ,  -1.0173126590833490     
   2.8531681556380587E-002 ,   5.5061524558877140E-002 , -0.91697499538263172     
   6.4893597654205493E-002 ,   9.1014157251776917E-002 , -0.82162566727776609     
   9.2318067064132495E-002 ,  0.11648438835860699      , -0.73203639435533829     
  0.11043023468281297      ,  0.13336077817771405      , -0.64869359043157415     
  0.11946292491858169      ,  0.14336166147433382      , -0.57184093095123456     
  0.12050007144543484      ,  0.14800295290998974      , -0.50152299788620158     
  0.11540339405403932      ,  0.14858893126008563      , -0.43762692591034791     
  0.10649597770854452      ,  0.14621829166196354      , -0.37992018122204974     
   9.5972920470611636E-002 ,  0.14179943589764171      , -0.32808352909402183     
   8.5253020089554599E-002 ,  0.13607060347492927      , -0.28173890008174274     
   7.4713401698066007E-002 ,  0.12962183015824019      , -0.24047229154001515     
   6.3976890757769869E-002 ,  0.12291679566143585      , -0.20385209363802392     
   5.2538893574985389E-002 ,  0.11631340530896644      , -0.17144335712803233     
   4.0392370940166941E-002 ,  0.11008249150981247      , -0.14281856471464840     
   2.8301164112382191E-002 ,  0.10442437711713656      , -0.11756546009112379     
   1.7529505578657963E-002 ,   9.9483265975480822E-002 ,  -9.5292450698742537E-002
   9.2321581108493062E-003 ,   9.5359557810579046E-002 ,  -7.5632046969053610E-002
   3.9538285206586633E-003 ,   9.2120256097234787E-002 ,  -5.8242741815565935E-002
   1.5151127410650781E-003 ,   8.9807670522331809E-002 ,  -4.2809675278040152E-002
   1.2677335971652002E-003 ,   8.8446624947945987E-002 ,  -2.9044373790967137E-002
   2.5254300357184937E-003 ,   8.8050377067792895E-002 ,  -1.6683803224649796E-002
   4.9190498123065458E-003 ,   8.8625443418063860E-002 ,  -5.4889303017962065E-003
   8.5088533999970600E-003 ,   9.0175506903978228E-002 ,   4.7570517042281801E-003
   1.3642599999587432E-002 ,   9.2704565893845861E-002 ,   1.4250710197358178E-002
   2.0669282833637552E-002 ,   9.6219465629758111E-002 ,   2.3170478593267770E-002
   2.9684101997976886E-002 ,  0.10073193503900983      ,   3.1678808289697137E-002
   4.0447625423264903E-002 ,  0.10626023546901686      ,   3.9924315065625528E-002
   5.2495175541740352E-002 ,  0.11283051264599034      ,   4.8043883403733036E-002
   6.5346415804756669E-002 ,  0.12047792935848968      ,   5.6164704860415256E-002
   7.8692893063924282E-002 ,  0.12924764397219127      ,   6.4406236612651963E-002
   9.2466412183523153E-002 ,  0.13919568879702723      ,   7.2882074089193616E-002
  0.10677902430126086      ,  0.15038979239713457      ,   8.1701737491125151E-002
  0.12182450756224826      ,  0.16291018095003260      ,   9.0972376317400280E-002
  0.13782532400370293      ,  0.17685038546522014      ,  0.10080039897459114     
  0.15503285442184850      ,  0.19231807375030874      ,  0.11129303635303416     
  0.17375134830035455      ,  0.20943591808758993      ,  0.12255984902471209     
  0.19434456382040494      ,  0.22834250119983526      ,  0.13471418753482758     
  0.21718742930222634      ,  0.24919325368583059      ,  0.14787461413054032     
  0.24257752993943507      ,  0.27216140501006614      ,  0.16216629213985403     
  0.27067088001058126      ,  0.29743891648856235      ,  0.17772234594660688     
  0.30148974469673639      ,  0.32523734746483168      ,  0.19468518987864572     
  0.33500074103124328      ,  0.35578858369275485      ,  0.21320781800241143     
  0.37122477144664573      ,  0.38934532818804513      ,  0.23345503833546014     
  0.41032550857637545      ,  0.42618121744158366      ,  0.25560462372991749     
  0.45263477397983520      ,  0.46659037743175252      ,  0.27984833683908750     
  0.49861214301915846      ,  0.51088617139247883      ,  0.30639276713294245     
  0.54877107269737679      ,  0.55939881143258230      ,  0.33545989260639347     
  0.60361153508069754      ,  0.61247140525082377      ,  0.36728724609690205     
  0.66357731523064556      ,  0.67045388387585647      ,  0.40212752422049775     
  0.72902928303405090      ,  0.73369410400377422      ,  0.44024742390437027     
  0.80022119210025511      ,  0.80252523878664739      ,  0.48192542541007199     
  0.87727443365809321      ,  0.87724836805713469      ,  0.52744816004763362     
  0.96015421603911943      ,  0.95810896533412482      ,  0.57710490493869326     
   1.0486590414939982      ,   1.0452657805728223      ,  0.63117963775002872     
   1.1424381416278040      ,   1.1387504820354777      ,  0.68993996663175328     
   1.2410286288795855      ,   1.2384164273482181      ,  0.75362213632406572     
   1.3438780163658408      ,   1.3438752066554114      ,  0.82241122208398265     
   1.4503184520704970      ,   1.4544203201472676      ,  0.89641559472431365     
   1.5594804236065534      ,   1.5689387609178072      ,  0.97563482829485038     
   1.6701608059360786      ,   1.6858136658766292      ,   1.0599205065801458     
   1.7806883283976365      ,   1.8028248692118054      ,   1.1489299706560232     
   1.8888361489139451      ,   1.9170593339240956      ,   1.2420740599845279     
   1.9918053239656877      ,   2.0248499264203508      ,   1.3384614507544750     
   2.0862661277656183      ,   2.1217681005363196      ,   1.4368443490931841     
   2.1684231332229871      ,   2.2027020523138305      ,   1.5355729780716709     
   2.2340736901423699      ,   2.2620538223631388      ,   1.6325691829374855     
   2.2786596073227989      ,   2.2940825631095625      ,   1.7253318865775926     
   2.2973556373136170      ,   2.2934025096515773      ,   1.8109879719485740     
   2.2852747215376175      ,   2.2556108582566328      ,   1.8864000927656583     
   2.2378751360932760      ,   2.1779756365249536      ,   1.9483366994347122     
   2.1516057046045800      ,   2.0600674067786091      ,   1.9936988387326597     
   2.0247115547216001      ,   1.9041894755754216      ,   2.0197843039439829     
   1.8579890590991852      ,   1.7154692943814802      ,   2.0245557812127513     
   1.6552616226275785      ,   1.5015302430138926      ,   2.0068705581414674     
   1.4235509487643663      ,   1.2717598040209583      ,   1.9666297015238157     
   1.1731086423382222      ,   1.0362971825751546      ,   1.9048163682796677     
  0.91721777648864444      ,  0.80493991239132967      ,   1.8234138682300103     
  0.67114452040134365      ,  0.58618396610125834      ,   1.7252181534258575     
  0.44964708078593607      ,  0.38656124625243360      ,   1.6135790714816123     
  0.26332185911758238      ,  0.21034630813473335      ,   1.4921143988777912     
  0.11537326343338528      ,   5.9608695163686748E-002 ,   1.3644388805009304     
   1.2298373226383164E-003 ,  -6.5479933137011226E-002 ,   1.2339398472094227     
  -8.8117716890644543E-002 , -0.16620055027530495      ,   1.1036162944159156     
 -0.16135506617795703      , -0.24481000764352695      ,  0.97598429919751772     
 -0.22378771246384457      , -0.30410886996064257      ,  0.85304136147876719     
 -0.27715969613518671      , -0.34709476490187574      ,  0.73627664433751827     
 -0.32110884527522487      , -0.37671289195006802      ,  0.62671257737338548     
 -0.35449723143610479      , -0.39569614814294074      ,  0.52496455981118595     
 -0.37653057081093910      , -0.40647782964416257      ,  0.43130818574931273     
 -0.38780743971128634      , -0.41115746707718875      ,  0.34574645755035577     
 -0.39048130595124103      , -0.41150210621487715      ,  0.26807221390270930     
 -0.38765853768406949      , -0.40896890310199524      ,  0.19792318892810590     
 -0.38285656759044384      , -0.40473875859198022      ,  0.13482868670199558     
 -0.37923538935678730      , -0.39975409662649936      ,   7.8247876867343358E-002
 -0.37845161044663994      , -0.39475651542952789      ,   2.7600314319150377E-002
 -0.38017384803315607      , -0.39032191242298492      ,  -1.7710416716385423E-002
 -0.38275851777550279      , -0.38689192741735651      ,  -5.8278932325788971E-002
 -0.38445148502459903      , -0.38480132170628584      ,  -9.4685166360762144E-002
 -0.38454406517177564      , -0.38430135678688487      , -0.12748546907213734     
 -0.38400536860359141      , -0.38557946906189577      , -0.15720688788408219     
 -0.38501041470463926      , -0.38877563790933228      , -0.18434394603443194     
 -0.38962729881145264      , -0.39399586905819672      , -0.20935734501658584     
 -0.39876293366085996      , -0.40132319833040991      , -0.23267411661505247     
 -0.41197913245761081      , -0.41082658358391927      , -0.25468883757681537     
 -0.42802635736002004      , -0.42256800707019559      , -0.27576559431625691     
 -0.44571569190196153      , -0.43660806267782115      , -0.29624044721241904     
 -0.46459358263515149      , -0.45301025559336150      , -0.31642419513785502     
 -0.48506584777220768      , -0.47184419680003337      , -0.33660528206910106     
 -0.50804962143184018      , -0.49318783156868379      , -0.35705272011539529     
 -0.53441209440467108      , -0.51712879917563415      , -0.37801892807114496     
 -0.56452768215654325      , -0.54376497977004823      , -0.39974240249018106     
 -0.59822747009198962      , -0.57320424278403181      , -0.42245014997122587     
 -0.63507675706230682      , -0.60556336871600913      , -0.44635981535506558     
 -0.67473261598552381      , -0.64096607180850518      , -0.47168144125200534     
 -0.71720714436499711      , -0.67954000459510544      , -0.49861879002709569     
 -0.76288753379280305      , -0.72141257642418488      , -0.52737015029433365     
 -0.81226208938754774      , -0.76670536747726248      , -0.55812853633776005     
 -0.86560527458424608      , -0.81552686917319506      , -0.59108117101442681     
 -0.92288439788271071      , -0.86796323453109814      , -0.62640812116689004     
 -0.98384814337780846      , -0.92406668383501045      , -0.66427993038313904     
  -1.0481858645180155      , -0.98384119101453216      , -0.70485406880495360     
  -1.1156734558412964      ,  -1.0472250883707017      , -0.74826999640014280     
  -1.1861698149254936      ,  -1.1140702913966432      , -0.79464261903395428     
  -1.2594510029122115      ,  -1.1841179882630797      , -0.84405391227026083     
  -1.3350484169512959      ,  -1.2569708943107780      , -0.89654250528706636     
  -1.4122014204085700      ,  -1.3320625811600497      , -0.95209106900782137     
  -1.4899131225938622      ,  -1.4086249955284553      ,  -1.0106114543405447     
  -1.5670490752226927      ,  -1.4856561204709910      ,  -1.0719276969676881     
  -1.6424030876951992      ,  -1.5618908147046162      ,  -1.1357572641826892     
  -1.7146719082279223      ,  -1.6357791596741007      ,  -1.2016912837629112     
  -1.7823597863151426      ,  -1.7054780339848252      ,  -1.2691749722667758     
  -1.8436804070840567      ,  -1.7688628873783263      ,  -1.3374900584707226     
  -1.8965221289596106      ,  -1.8235674200729917      ,  -1.4057416326856329     
  -1.9385035014886940      ,  -1.8670585584756816      ,  -1.4728524544807782     
  -1.9670852004656796      ,  -1.8967521385750084      ,  -1.5375681751794532     
  -1.9796968011807849      ,  -1.9101705150628026      ,  -1.5984769812271005     
  -1.9738767581232639      ,  -1.9051366868038477      ,  -1.6540466183546458     
  -1.9474348536458344      ,  -1.8799909029060546      ,  -1.7026804229180070     
  -1.8986554179305144      ,  -1.8338064567641899      ,  -1.7427917898376235     
  -1.8265676271886782      ,  -1.7665738233804884      ,  -1.7728935811366489     
  -1.7312627077730687      ,  -1.6793193399910480      ,  -1.7916957382361516     
  -1.6141903314510431      ,  -1.5741287994909499      ,  -1.7982014834472844     
  -1.4783670927272272      ,  -1.4540585711738296      ,  -1.7917907942460058     
  -1.3284397748894741      ,  -1.3229355864692047      ,  -1.7722800115972297     
  -1.1705285580466296      ,  -1.1850684983651558      ,  -1.7399488134297523     
  -1.0117596030381402      ,  -1.0449098261764556      ,  -1.6955300711564372     
 -0.85942933807365496      , -0.90671780055009554      ,  -1.6401634518064443     
 -0.71988244613824126      , -0.77426443399857336      ,  -1.5753188259838156     
 -0.59741127780201275      , -0.65062418559314306      ,  -1.5026994293425207     
 -0.49363060850147472      , -0.53805960856055846      ,  -1.4241365517228026     
 -0.40764589762685566      , -0.43800192017994610      ,  -1.3414871510683963     
 -0.33693091535685554      , -0.35111004356225739      ,  -1.2565436330226010     
 -0.27845922237373011      , -0.27738372851379317      ,  -1.1709618668190174     
 -0.22959595698320884      , -0.21630490680726164      ,  -1.0862101432000582     
 -0.18853162257803710      , -0.16698485479310698      ,  -1.0035388660824414     
 -0.15432932852934214      , -0.12830075441590932      , -0.92396866930221366     
 -0.12673375534510978      ,  -9.9011800828282467E-002 , -0.84829344980179178     
 -0.10583795887067231      ,  -7.7850703932708876E-002 , -0.77709439787087953     
  -9.1704188195010417E-002 ,  -6.3590613793592488E-002 , -0.71076127246323817     
  -8.4061705351204746E-002 ,  -5.5090083998159803E-002 , -0.64951768650273467     
  -8.2174896124048699E-002 ,  -5.1319928652182122E-002 , -0.59344783846858606     
  -8.4923461661920940E-002 ,  -5.1376111790610725E-002 , -0.54252281249798806     
  -9.1072388239317043E-002 ,  -5.4482506497482014E-002 , -0.49662518528688282     
  -9.9602006003989205E-002 ,  -5.9986771525834218E-002 , -0.45557118450738321     
 -0.10990771932890638      ,  -6.7351918144290771E-002 , -0.41913003141958882     
 -0.12176016642607643      ,  -7.6145498697450006E-002 , -0.38704037906701927     
 -0.13507157069019893      ,  -8.6027798752510112E-002 , -0.35902394463510756     
 -0.14962164517108373      ,  -9.6739974650656230E-002 , -0.33479655016284376     
 -0.16491478995064904      , -0.10809274326090544      , -0.31407684844854894     
 -0.18025991059997706      , -0.11995598579839001      , -0.29659303637498741     
 -0.19501526454059470      , -0.13224945471734162      , -0.28208785835243927     
 -0.20883308064532291      , -0.14493465480064185      , -0.27032218738771446     
 -0.22175916442426283      , -0.15800789211005009      , -0.26107744707156139     
 -0.23415091256510820      , -0.17149443591142843      , -0.25415710912940392     
 -0.24648065033610606      , -0.18544371031143450      , -0.24938747116086327     
 -0.25913690029271153      , -0.19992541770844602      , -0.24661788975310234     
 -0.27231651618222208      , -0.21502649063002746      , -0.24572061646105828     
 -0.28604085964985154      , -0.23084876878264615      , -0.24659035883437774     
 -0.30026646460235545      , -0.24750730180244249      , -0.24914366600070298     
 -0.31502134309892055      , -0.26512918355277493      , -0.25331821830752771     
 -0.33049700398127674      , -0.28385282959556735      , -0.25907208303752821     
 -0.34706106336919457      , -0.30382761469181757      , -0.26638298299531660     
 -0.36520096249987460      , -0.32521379106320952      , -0.27524761149537930     
 -0.38543983838496465      , -0.34818260996592526      , -0.28568101558953890     
 -0.40826719532268108      , -0.37291656820932029      , -0.29771605884614949     
 -0.43410235842747580      , -0.39960969688581727      , -0.31140296518496530     
 -0.46327971274036589      , -0.42846780097640164      , -0.32680893569513642     
 -0.49603830131151705      , -0.45970854475326928      , -0.34401782048743806     
 -0.53251255351158100      , -0.49356125796539929      , -0.36312981686817919     
 -0.57273486052159639      , -0.53026631045188799      , -0.38426115281641809     
 -0.61666325071012462      , -0.57007386672513005      , -0.40754370016543978     
 -0.66423780396159393      , -0.61324178576453203      , -0.43312444421807728     
 -0.71545019317355618      , -0.66003237338925247      , -0.46116471487057925     
 -0.77039581832533632      , -0.71070762410160104      , -0.49183905773979042     
 -0.82928136758499194      , -0.76552250598750449      , -0.52533359135827784     
 -0.89237991164344288      , -0.82471574748206744      , -0.56184365743896569     
 -0.95994824247715416      , -0.88849748268377926      , -0.60157052509409392     
  -1.0321357662078789      , -0.95703301110356997      , -0.64471685702333670     
  -1.1089144765373651      ,  -1.0304218440011301      , -0.69148058764199649     
  -1.1900458352092282      ,  -1.1086711689674305      , -0.74204680358594444     
  -1.2750823672050422      ,  -1.1916629079707703      , -0.79657716295425818     
  -1.3633895793898725      ,  -1.2791137317463777      , -0.85519635278332806     
  -1.4541715774828439      ,  -1.3705278083744008      , -0.91797508300500474     
  -1.5464868329235635      ,  -1.4651428133852800      , -0.98490917658624821     
  -1.6392437552979573      ,  -1.5618709377351614      ,  -1.0558944769156287     
  -1.7311689480825856      ,  -1.6592384213378226      ,  -1.1306976022292721     
  -1.8207476438802275      ,  -1.7553295920387670      ,  -1.2089230872994532     
  -1.9061453818730343      ,  -1.8477444638281029      ,  -1.2899782167765024     
  -1.9851302847099741      ,  -1.9335823784575716      ,  -1.3730379039287575     
  -2.0550218473440998      ,  -2.0094673378281551      ,  -1.4570132840711101     
  -2.1126898984736773      ,  -2.0716324741702135      ,  -1.5405291632885045     
  -2.1546171114068060      ,  -2.1160799622598705      ,  -1.6219168435451898     
  -2.1770291764484409      ,  -2.1388267571723301      ,  -1.6992297223010837     
  -2.1760968350345125      ,  -2.1362343452227091      ,  -1.7702888766971601     
  -2.1482222411695684      ,  -2.1054020599515408      ,  -1.8327639813947796     
  -2.0904254629504315      ,  -2.0445807668991480      ,  -1.8842909353405151     
  -2.0008257076167855      ,  -1.9535423966589387      ,  -1.9226215166584080     
  -1.8791605499660398      ,  -1.8338290488603362      ,  -1.9457930344686416     
  -1.7272384410554427      ,  -1.6888114028237018      ,  -1.9522989358118306     
  -1.5492312768345933      ,  -1.5235141097589926      ,  -1.9412368422279591     
  -1.3517750361791192      ,  -1.3442120210571691      ,  -1.9124105565793181     
  -1.1438332211342881      ,  -1.1578532144471796      ,  -1.8663681352799042     
 -0.93612241053255540      , -0.97140576902449882      ,  -1.8043683566136113     
 -0.73981205828119212      , -0.79124071353522030      ,  -1.7282803210774276     
 -0.56449166232701709      , -0.62264865754680543      ,  -1.6404321365977033     
 -0.41600309702634392      , -0.46954913069346166      ,  -1.5434317569348321     
 -0.29523265712854047      , -0.33440429339267902      ,  -1.4399846537350298     
 -0.19874640899535218      , -0.21830781663064763      ,  -1.3327295467317848     
 -0.12101998663360244      , -0.12119519779513725      ,  -1.2241066936955947     
  -5.6905981916619219E-002 ,  -4.2115597683410992E-002 ,  -1.1162655197519116     
  -3.0501126922002457E-003 ,   2.0486709436646308E-002 ,  -1.0110115465697123     
   4.2003865263349982E-002 ,   6.8517777469615099E-002 , -0.90978775496973741     
   7.8399998355919306E-002 ,  0.10402626193743578      , -0.81368293448099915     
  0.10566958240631279      ,  0.12904874663052246      , -0.72345890814728753     
  0.12343303927606761      ,  0.14550507020936551      , -0.63958917068628618     
  0.13197563905612800      ,  0.15513562773870865      , -0.56230283043951657     
  0.13246905564823480      ,  0.15947093878374241      , -0.49162931722975295     
  0.12687126215875483      ,  0.15982416769303215      , -0.42744079806285401     
  0.11758935827337164      ,  0.15729872395344635      , -0.36949047281843572     
  0.10686581404100796      ,  0.15280484568268940      , -0.31744585488358845     
   9.6112934185930948E-002 ,  0.14708076104513482      , -0.27091679461893292     
   8.5658274302815474E-002 ,  0.14071543813105639      , -0.22947842460269577     
   7.5063930625328332E-002 ,  0.13417102251796589      , -0.19268945063371956     
   6.3785450556064258E-002 ,  0.12780384748378712      , -0.16010633292912446     
   5.1816474998936844E-002 ,  0.12188343978152048      , -0.13129393972555115     
   3.9958754619141987E-002 ,  0.11660929459036382      , -0.10583324203678925     
   2.9523757915614096E-002 ,  0.11212541045637760      ,  -8.3326575815892520E-002
   2.1692111479763458E-002 ,  0.10853270131855734      ,  -6.3400941043187109E-002
   1.7003152967936617E-002 ,  0.10589946947631626      ,  -4.5709745725188280E-002
   1.5252158920190006E-002 ,  0.10427015253733518      ,  -2.9933342086985087E-002
   1.5765819411601219E-002 ,  0.10367256371322282      ,  -1.5778645510833335E-002
   1.7850545550795589E-002 ,  0.10412383785823971      ,  -2.9780755577153233E-003
   2.1152618525246941E-002 ,  0.10563528140448651      ,   8.7119867305855848E-003
   2.5762224967307380E-002 ,  0.10821630655474181      ,   1.9513070123515407E-002
   3.2056321856517418E-002 ,  0.11187761099747581      ,   2.9626691293402192E-002
   4.0398434271900624E-002 ,  0.11663374533339807      ,   3.9236545986113792E-002
   5.0879517219581796E-002 ,  0.12250519210664432      ,   4.8510742915426050E-002
   6.3245648450012099E-002 ,  0.12952006322130361      ,   5.7604029240280456E-002
   7.7022029183080765E-002 ,  0.13771550677706540      ,   6.6659972083182917E-002
   9.1734639585746541E-002 ,  0.14713890001021801      ,   7.5813073027227965E-002
  0.10710193381656537      ,  0.15784889200725963      ,   8.5190802334656729E-002
  0.12309739035580849      ,  0.16991634801598865      ,   9.4915547152699190E-002
  0.13987749420371592      ,  0.18342523629126711      ,  0.10510647354626416     
  0.15767377852168912      ,  0.19847348819084690      ,  0.11588130609579436     
  0.17673679182074331      ,  0.21517385232113451      ,  0.12735803123493067     
  0.19733753450077041      ,  0.23365475348327366      ,  0.13965653162546596     
  0.21979484579049879      ,  0.25406115644904970      ,  0.15290015875808619     
  0.24448548485041643      ,  0.27655542254615456      ,  0.16721724963564050     
  0.27179650244609560      ,  0.30131813284431563      ,  0.18274259076972924     
  0.30203589577023493      ,  0.32854883440907107      ,  0.19961882863850883     
  0.33536931061554759      ,  0.35846664439448767      ,  0.21799781994534886     
  0.37183093145996782      ,  0.39131061915952309      ,  0.23804190709181647     
  0.41140468273539393      ,  0.42733976025768178      ,  0.25992509369566286     
  0.45413495572073004      ,  0.46683248383084736      ,  0.28383408103491098     
  0.50021175245127136      ,  0.51008532201043177      ,  0.30996910807541045     
  0.54998825828961062      ,  0.55741055142552731      ,  0.33854451411498021     
  0.60393033708770860      ,  0.60913235169282998      ,  0.36978891269851522     
  0.66253321376667018      ,  0.66558098285394907      ,  0.40394482676344723     
  0.72624737501849801      ,  0.72708433304494668      ,  0.44126758626840140     
  0.79543189824784133      ,  0.79395602623684047      ,  0.48202322918040019     
  0.87032536432333485      ,  0.86647909879151963      ,  0.52648507335109662     
  0.95102025793800093      ,  0.94488406424180749      ,  0.57492854014299799     
   1.0374370996634821      ,   1.0293200115880103      ,  0.62762371220481183     
   1.1293000903648229      ,   1.1198172657769607      ,  0.68482500244872102     
   1.2261255196080540      ,   1.2162401498838087      ,  0.74675720953346603     
   1.3272362626205443      ,   1.3182286351005581      ,  0.81359715612049432     
   1.4317913801355351      ,   1.4251283035935616      ,  0.88545008151459337     
   1.5387952713355113      ,   1.5359092905780751      ,  0.96232003866968674     
   1.6470562544651319      ,   1.6490769691601981      ,   1.0440737963954980     
   1.7550899272968310      ,   1.7625803520093120      ,   1.1303982621456463     
   1.8609906271374124      ,   1.8737286770511576      ,   1.2207523257973252     
   1.9623185327888415      ,   1.9791323337539792      ,   1.3143153831750887     
   2.0560482400038884      ,   2.0746905761774594      ,   1.4099366878493840     
   2.1385929523947498      ,   2.1556539445227054      ,   1.5060920462594489     
   2.2058851995262772      ,   2.2167915023342668      ,   1.6008569537318578     
   2.2534872933133876      ,   2.2526884218042524      ,   1.6919075042317528     
   2.2767264401146430      ,   2.2581843870692953      ,   1.7765613825387028     
   2.2708917160424393      ,   2.2289354566246842      ,   1.8518697931255470     
   2.2315645641800179      ,   2.1620431645734275      ,   1.9147661847452768     
   2.1551449260087168      ,   2.0566529170936714      ,   1.9622686169821451     
   2.0395545425586463      ,   1.9143940614837531      ,   1.9917204286638490     
   1.8849690451234502      ,   1.7395340488428781      ,   2.0010411052933321     
   1.6943649768939220      ,   1.5387608201874197      ,   1.9889499507456627     
   1.4737924938709666      ,   1.3205875736851553      ,   1.9551235362441517     
   1.2324741875544174      ,   1.0944698721640391      ,   1.9002562817400708     
  0.98270234717191363      ,  0.86980197130440695      ,   1.8260108125278076     
  0.73904242868677994      ,  0.65498696600371087      ,   1.7348662255019947     
  0.51622141397156129      ,  0.45674402410833626      ,   1.6298915649064565     
  0.32575901154714293      ,  0.27974115223213653      ,   1.5144830970439576     
  0.17260561299570951      ,  0.12655500924438956      ,   1.3921050714225933     
   5.4019778851390476E-002 ,  -2.1093609545281568E-003 ,   1.2660659784698975     
  -3.7992485339034973E-002 , -0.10703999294361360      ,   1.1393497488246689     
 -0.11222402050675745      , -0.19008160102014149      ,   1.0145082306768012     
 -0.17480780069495941      , -0.25371953242299472      ,  0.89361081724419855     
 -0.22838174890133178      , -0.30073129688479561      ,  0.77824067797363217     
 -0.27317784786858307      , -0.33392454246025399      ,  0.66952453904332021     
 -0.30831613682823567      , -0.35596005720225277      ,  0.56818335328088643     
 -0.33285782458169327      , -0.36924698732802863      ,  0.47459326396003948     
 -0.34687516739491947      , -0.37589322082260024      ,  0.38884895656509771     
 -0.35190531980364598      , -0.37769423707262845      ,  0.31082411065795684     
 -0.35057643291162838      , -0.37614639022080093      ,  0.24022584882287670     
 -0.34612110162592546      , -0.37247398388673925      ,  0.17664171537082027     
 -0.34173970020555500      , -0.36766269850571237      ,  0.11957883348917736     
 -0.33951632920236535      , -0.36249455027626887      ,   6.8495581330194732E-002
 -0.33969323839120341      , -0.35758150586839088      ,   2.2826506073900316E-002
 -0.34103134519516404      , -0.35339622047587044      ,  -1.7998639778078043E-002
 -0.34186484363606162      , -0.35029923678836039      ,  -5.4540824849171811E-002
 -0.34124508791483499      , -0.34856251030891594      ,  -8.7341759806201569E-002
 -0.33972158095893590      , -0.34838942264384626      , -0.11691723052267909     
 -0.33917508937792928      , -0.34993159229674742      , -0.14375306250130479     
 -0.34170035208624117      , -0.35330285041969134      , -0.16830313786135651     
 -0.34846616083996712      , -0.35859075534454887      , -0.19098898192971681     
 -0.35932470356619900      , -0.36586599856871060      , -0.21220052210168877     
 -0.37317619536448737      , -0.37519002047089617      , -0.23229769598738090     
 -0.38876456852098590      , -0.38662111437854607      , -0.25161264904947012     
 -0.40541789018497004      , -0.40021925684407017      , -0.27045231471455861     
 -0.42331573041028520      , -0.41604986199587363      , -0.28910121329269922     
 -0.44326214675077791      , -0.43418661921318441      , -0.30782434099060302     
 -0.46617963559244008      , -0.45471353602796433      , -0.32687004780146445     
 -0.49262148199748607      , -0.47772627159494169      , -0.34647282392138790     
 -0.52259985498874051      , -0.50333280959024207      , -0.36685592925790400     
 -0.55576554997537997      , -0.53165348217388397      , -0.38823381009042951     
 -0.59173660714082521      , -0.56282031778690689      , -0.41081425140154459     
 -0.63039111731758835      , -0.59697564414214421      , -0.43480021307211597     
 -0.67197283690871479      , -0.63426983296738892      , -0.46039129315319621     
 -0.71691594981617812      , -0.67485802422642949      , -0.48778475182937375     
 -0.76555549309420323      , -0.71889561443919947      , -0.51717601545449898     
 -0.81799793813432198      , -0.76653223684161209      , -0.54875856116675947     
 -0.87417624856884946      , -0.81790390218311593      , -0.58272305918769784     
 -0.93398138536048836      , -0.87312291159351063      , -0.61925562236534037     
 -0.99739292529707724      , -0.93226510369459192      , -0.65853498173058778     
  -1.0644918635663445      , -0.99535396770232754      , -0.70072837453749337     
  -1.1353082339210068      ,  -1.0623411591474730      , -0.74598590049483626     
  -1.2096404501624165      ,  -1.1330830190770358      , -0.79443307761640658     
  -1.2869822217711180      ,  -1.2073128544503686      , -0.84616131890993951     
  -1.3665684886411626      ,  -1.2846090303135032      , -0.90121606603373261     
  -1.4474847351110485      ,  -1.3643594057596606      , -0.95958237131782331     
  -1.5287624455416138      ,  -1.4457233725700702      ,  -1.0211678349887090     
  -1.6093875005018825      ,  -1.5275937779192856      ,  -1.0857830039380234     
  -1.6882142504430979      ,  -1.6085623533591964      ,  -1.1531196477268890     
  -1.7638437845342747      ,  -1.6868938939161400      ,  -1.2227277695525685     
  -1.8345370646652721      ,  -1.7605161903145281      ,  -1.2939927958138346     
  -1.8982066753285880      ,  -1.8270343129837907      ,  -1.3661151039794051     
  -1.9524703926471827      ,  -1.8837787772127064      ,  -1.4380948387112886     
  -1.9947233497868659      ,  -1.9278966816365157      ,  -1.5087257139824952     
  -2.0222156059678689      ,  -1.9564922881605553      ,  -1.5766020145148025     
  -2.0321430049469464      ,  -1.9668179842404507      ,  -1.6401430354681412     
  -2.0217719946726125      ,  -1.9565078935156675      ,  -1.6976384459203631     
  -1.9886439327781211      ,  -1.9238352622592316      ,  -1.7473162883833551     
  -1.9308792885562769      ,  -1.8679631247608479      ,  -1.7874324592804500     
  -1.8475458415182406      ,  -1.7891488963989355      ,  -1.8163767754887499     
  -1.7390271375253985      ,  -1.6888613174542515      ,  -1.8327867172578691     
  -1.6073264594231806      ,  -1.5697756537403367      ,  -1.8356565804305158     
  -1.4562477489485066      ,  -1.4356308657342878      ,  -1.8244281277482193     
  -1.2914056496887198      ,  -1.2909575812169940      ,  -1.7990497282333926     
  -1.1199916585698868      ,  -1.1407118013422741      ,  -1.7599946421626305     
 -0.95017018154109034      , -0.98986866166433762      ,  -1.7082349636031091     
 -0.79001724894818137      , -0.84303727905915227      ,  -1.6451744759519611     
 -0.64614260668623436      , -0.70414998917810345      ,  -1.5725497021054149     
