  0.53768729044296359      ,   2.1229450724483714      ,   1.4655193661558268     
   1.5558989580656033      ,   2.1929852415350255      ,   1.5610585270229873     
   2.0960106216770438      ,   2.2400776937172493      ,   1.6539053462152871     
   2.4358693235195434      ,   2.2589017442634218      ,   1.7415228812149708     
   2.4962187632899364      ,   2.2447042742917840      ,   1.8210630112943438     
   2.1828944947626865      ,   2.1939089102960634      ,   1.8894909061409448     
   1.8001364318439521      ,   2.1047402225179983      ,   1.9437656688917380     
   1.6600906135208726      ,   1.9777454803439807      ,   1.9810672081207392     
   1.5329769209190327      ,   1.8160821072783706      ,   1.9990464820024860     
   1.5505112602851008      ,   1.6254624622894605      ,   1.9960649989817625     
   1.4108570297558296      ,   1.4137129629515430      ,   1.9713841858516696     
   1.2945595748459766      ,   1.1899972664110152      ,   1.9252693066812612     
   1.0196496811742994      ,  0.96384218103004549      ,   1.8589865037522069     
  0.71024731650845541      ,  0.74415591195967179      ,   1.7746919444430655     
  0.44454310326243673      ,  0.53842131673974125      ,   1.6752329415465239     
  0.30631513182399350      ,  0.35218728446955988      ,   1.5638959838847664     
  0.14108514053719576      ,  0.18889565376218667      ,   1.4441420266186100     
   9.2205645008944126E-002 ,   5.0001978019320249E-002 ,   1.3193650556489360     
   4.8271088470771203E-002 ,  -6.4700883798565631E-002 ,   1.1926989228874905     
  -1.1039725626969105E-002 , -0.15666063759309845      ,   1.0668841267543117     
  -6.7905772688089283E-002 , -0.22813426990100699      ,  0.94419438639734021     
 -0.14870071906776819      , -0.28180797976757588      ,  0.82641469034470127     
 -0.23362468250825141      , -0.32049834109380249      ,  0.71485843581946695     
 -0.28264056582405428      , -0.34694074961631782      ,  0.61041059040920653     
 -0.28801396837860321      , -0.36365620077566646      ,  0.51358530372947420     
 -0.30660423298684686      , -0.37288048745330526      ,  0.42458891988492709     
 -0.31152673008703297      , -0.37653861886822665      ,  0.34338204425120999     
 -0.31851289818921474      , -0.37624917459232166      ,  0.26973670639260389     
 -0.31524281222269740      , -0.37334652660465156      ,  0.20328652779630416     
 -0.33012681521718179      , -0.36891220776140959      ,  0.14356912745924336     
 -0.31455314253006311      , -0.36380958762195265      ,   9.0060855130340983E-002
 -0.32704396998663626      , -0.35871823902491112      ,   4.2204439621893741E-002
 -0.33060928018186636      , -0.35416596004674755      ,  -5.6961569239652996E-004
 -0.34499594672126305      , -0.35055746826940914      ,  -3.8826978221081797E-002
 -0.34737278913935488      , -0.34819944144875398      ,  -7.3117879548269940E-002
 -0.36716325010336237      , -0.34732196114584557      , -0.10396913675487859     
 -0.36497120049996412      , -0.34809661831423416      , -0.13187907821838246     
 -0.37156155271047731      , -0.35065163044657438      , -0.15731475324318300     
 -0.37501365232163958      , -0.35508434474769440      , -0.18071090378070817     
 -0.38724760292576144      , -0.36147149037983400      , -0.20247026648446861     
 -0.39951088956710434      , -0.36987751301508459      , -0.22296485238673353     
 -0.41784152610945663      , -0.38036128702789984      , -0.24253791924495635     
 -0.43885522566726626      , -0.39298146021187508      , -0.26150640862046931     
 -0.45423558249490703      , -0.40780064560972051      , -0.28016366693359418     
 -0.48055091154850027      , -0.42488863596647064      , -0.29878230811027573     
 -0.50054563719143363      , -0.44432477860534586      , -0.31761710598075332     
 -0.53118088785108886      , -0.46619961183729980      , -0.33690782818834025     
 -0.55843944875349683      , -0.49061582772856122      , -0.35688194075595159     
 -0.60035662479789087      , -0.51768858938690709      , -0.37775712423213165     
 -0.62836951433747468      , -0.54754519301577265      , -0.39974354894277481     
 -0.67083007832779717      , -0.58032402491292434      , -0.42304585861538374     
 -0.70025964818266739      , -0.61617272046811900      , -0.44786480869756806     
 -0.74169462363518446      , -0.65524538527947807      , -0.47439849813077212     
 -0.77706905039831875      , -0.69769868729453444      , -0.50284312115890861     
 -0.82980023700488670      , -0.74368657348523226      , -0.53339314892254241     
 -0.88013915097847339      , -0.79335330605295495      , -0.56624082914757556     
 -0.94203683161262819      , -0.84682445416439756      , -0.60157486641105617     
  -1.0054143469391159      , -0.90419542278911047      , -0.63957811587315860     
  -1.0728857588371710      , -0.96551705894731876      , -0.68042409129601356     
  -1.1424823851990638      ,  -1.0307778612015503      , -0.72427205599499500     
  -1.2139806832082982      ,  -1.0998823509037625      , -0.77126043706710912     
  -1.2907302028020848      ,  -1.1726252724491224      , -0.82149828508863920     
  -1.3641892534484172      ,  -1.2486615134322572      , -0.87505450283288311     
  -1.4458547278381277      ,  -1.3274720230237296      , -0.93194460068929952     
  -1.5207376426385273      ,  -1.4083266142620134      , -0.99211482113025040     
  -1.6034072090532059      ,  -1.4902454189606513      ,  -1.0554236320282695     
  -1.6783819771209139      ,  -1.5719619618454443      ,  -1.1216208443547895     
  -1.7598359727550126      ,  -1.6518923291820697      ,  -1.1903249890188543     
  -1.8309623534334927      ,  -1.7281166388091584      ,  -1.2610001085055818     
  -1.9039246818737992      ,  -1.7983807511966154      ,  -1.3329337815139992     
  -1.9620924832209361      ,  -1.8601274883067285      ,  -1.4052189689836077     
  -2.0134824268439115      ,  -1.9105669316404634      ,  -1.4767430611370855     
  -2.0459336617337565      ,  -1.9467938643396794      ,  -1.5461881616983577     
  -2.0646916882235784      ,  -1.9659562972366709      ,  -1.6120469374818855     
  -2.0606755113655852      ,  -1.9654717519920386      ,  -1.6726580056065574     
  -2.0368324573493979      ,  -1.9432777608327523      ,  -1.7262635486630262     
  -1.9874222144245457      ,  -1.8980912374186156      ,  -1.7710894706649931     
  -1.9129223920732719      ,  -1.8296406962393050      ,  -1.8054450031124267     
  -1.8119075291294717      ,  -1.7388294866500131      ,  -1.8278346624583925     
  -1.6860671852812663      ,  -1.6277909378168240      ,  -1.8370716452890137     
  -1.5388987676317825      ,  -1.4998095542228083      ,  -1.8323791687938058     
  -1.3748687732454967      ,  -1.3591048903602743      ,  -1.8134659116009328     
  -1.2024263647871427      ,  -1.2105014823689850      ,  -1.7805641330966038     
  -1.0276336074480765      ,  -1.0590317642324893      ,  -1.7344240464755345     
 -0.86094961504615863      , -0.90953204853726333      ,  -1.6762645840380972     
 -0.70723812929881913      , -0.76629045839720311      ,  -1.6076872838821734     
 -0.57385582818888614      , -0.63279111119684861      ,  -1.5305650890616394     
 -0.46027969660848472      , -0.51157614327258938      ,  -1.4469203331926654     
 -0.36771792516512852      , -0.40422348056081997      ,  -1.3588058440310067     
 -0.29119397202009512      , -0.31141976406450217      ,  -1.2682004526181798     
 -0.22904750143720998      , -0.23309778801163680      ,  -1.1769262441082506     
 -0.17701399628509287      , -0.16860623877588951      ,  -1.0865906987991416     
 -0.13426981995442838      , -0.11688420726929609      , -0.99855328422125944     
  -9.8816455929265842E-002 ,  -7.6620826960369842E-002 , -0.91391352682143312     
  -7.1044222359070042E-002 ,  -4.6388750188870759E-002 , -0.83351620498294843     
  -5.0295469879001062E-002 ,  -2.4747247274474339E-002 , -0.75796889974055193     
  -3.6910791725087176E-002 ,  -1.0315729998428632E-002 , -0.68766743138630215     
  -3.0160104163012812E-002 ,  -1.8214478280048640E-003 , -0.62282540323619306     
  -2.9208350710019006E-002 ,   1.8736213420180853E-003 , -0.56350492439458066     
  -3.2633041536635390E-002 ,   1.7615356216361129E-003 , -0.50964642339749555     
  -3.8900644148779161E-002 ,  -1.3118115952818158E-003 , -0.46109619835676158     
  -4.7086317758684319E-002 ,  -6.6396574477651698E-003 , -0.41763093670120399     
  -5.6338350963396150E-002 ,  -1.3643028666461270E-002 , -0.37897887546563841     
  -6.6989364553538461E-002 ,  -2.1857230537399887E-002 , -0.34483757807297111     
  -7.8707547416160373E-002 ,  -3.0917647516997382E-002 , -0.31488850072089442     
  -9.1909029965719258E-002 ,  -4.0545828998756465E-002 , -0.28880863680281205     
 -0.10560881413158675      ,  -5.0536458215814865E-002 , -0.26627958437632082     
 -0.11971325862235443      ,  -6.0745535952676205E-002 , -0.24699439830948178     
 -0.13295863061486834      ,  -7.1079928829461902E-002 , -0.23066257968419340     
 -0.14561373484237011      ,  -8.1488312368645233E-002 , -0.21701353068754367     
 -0.15712857888787132      ,  -9.1953464011745173E-002 , -0.20579877078846398     
 -0.16828696199915752      , -0.10248581711414667      , -0.19679317430099824     
 -0.17882938524757364      , -0.11311816375377477      , -0.18979545356896593     
 -0.18927131470823358      , -0.12390138486828309      , -0.18462807785078555     
 -0.19914047858944087      , -0.13490108585741281      , -0.18113678659492613     
 -0.20857775081565569      , -0.14619502096295234      , -0.17918982768631697     
 -0.21732507532334172      , -0.15787119815256992      , -0.17867702656820605     
 -0.22568823062581964      , -0.17002656630521587      , -0.17950877083502106     
 -0.23402396741541009      , -0.18276619714175962      , -0.18161497674609636     
 -0.24284898485067072      , -0.19620288481528092      , -0.18494408884528565     
 -0.25287657098316818      , -0.21045709584136973      , -0.18946215116338330     
 -0.26440898146110947      , -0.22565721072115474      , -0.19515197798646983     
 -0.27815377024081678      , -0.24194000588268194      , -0.20201244354666020     
 -0.29406456372578238      , -0.25945133017162558      , -0.21005790288735099     
 -0.31275118711469252      , -0.27834693379168085      , -0.21931775023200070     
 -0.33386478805197756      , -0.29879340902458551      , -0.22983611610438576     
 -0.35784260215187685      , -0.32096920087564484      , -0.24167169986552495     
 -0.38407567807997606      , -0.34506564151254326      , -0.25489772989084503     
 -0.41288556305692126      , -0.37128795436713680      , -0.26960203892761031     
 -0.44376712392090895      , -0.39985616123761175      , -0.28588723682235340     
 -0.47726652064041647      , -0.43100580761439661      , -0.30387095630563832     
 -0.51337206820904879      , -0.46498839643186035      , -0.32368613929883611     
 -0.55291881162339251      , -0.50207138687697239      , -0.34548132058916198     
 -0.59622848616340374      , -0.54253757078717313      , -0.36942085189663620     
 -0.64395550909869625      , -0.58668358224765382      , -0.39568499136519159     
 -0.69631825176116380      , -0.63481722373640304      , -0.42446976021377292     
 -0.75345239898655503      , -0.68725320205339335      , -0.45598643837758396     
 -0.81538427800197588      , -0.74430675725310036      , -0.49046053302116105     
 -0.88186109586176797      , -0.80628453708180048      , -0.52813000635325302     
 -0.95293579699215347      , -0.87347191981658512      , -0.56924249093951840     
  -1.0282225977322659      , -0.94611582648685610      , -0.61405115097201413     
  -1.1079443302339322      ,  -1.0244019038421510      , -0.66280876718600912     
  -1.1917202322796683      ,  -1.1084248294944457      , -0.71575953398672687     
  -1.2798841906441525      ,  -1.1981504370039850      , -0.77312796625371349     
  -1.3719678486445852      ,  -1.2933684551491871      , -0.83510423251032928     
  -1.4680425954709229      ,  -1.3936350120537007      , -0.90182518174023896     
  -1.5671349823563130      ,  -1.4982048238685792      , -0.97335034643113805     
  -1.6684820468860326      ,  -1.6059543643073384      ,  -1.0496323335922244     
  -1.7702281135258102      ,  -1.7152995155211928      ,  -1.1304813258783022     
  -1.8705418313725390      ,  -1.8241144286973070      ,  -1.2155239907546520     
  -1.9667632420995720      ,  -1.9296626473165661      ,  -1.3041580287422825     
  -2.0561888450697934      ,  -2.0285567510694142      ,  -1.3955049591156097     
  -2.1355426166948055      ,  -2.1167681279727408      ,  -1.4883655626288721     
  -2.2012909949227693      ,  -2.1897124730225968      ,  -1.5811845732323351     
  -2.2493960849719743      ,  -2.2424368401855683      ,  -1.6720334281675850     
  -2.2753957832492109      ,  -2.2699274515027903      ,  -1.7586215675428791     
  -2.2746395742638383      ,  -2.2675410704442771      ,  -1.8383470568267553     
  -2.2425687218586776      ,  -2.2315354793862863      ,  -1.9083951718011813     
  -2.1755464283280523      ,  -2.1596393728573404      ,  -1.9658881976733313     
  -2.0714207825362472      ,  -2.0515673608482117      ,  -2.0080809159886481     
  -1.9304972166829069      ,  -1.9093654042820782      ,  -2.0325851947350984     
  -1.7557186260734960      ,  -1.7374802521795818      ,  -2.0375963442642169     
  -1.5529353618236474      ,  -1.5424908645419049      ,  -2.0220870557072868     
  -1.3303999797684434      ,  -1.3325138890316865      ,  -1.9859351503616736     
  -1.0986054467614697      ,  -1.1163770895205816      ,  -1.9299604824015189     
 -0.86940834550234813      , -0.90271463970216792      ,  -1.8558625427495614     
 -0.65488388309059575      , -0.69915333805288005      ,  -1.7660691607004873     
 -0.46503338176938130      , -0.51172455627362157      ,  -1.6635226118661581     
 -0.30553181833797394      , -0.34456902251457822      ,  -1.5514380456062040     
 -0.17630071347242035      , -0.19992742058226354      ,  -1.4330689555593126     
  -7.2648184707773622E-002 ,  -7.8353635495356427E-002 ,  -1.3115070018535810     
   1.1735160488208534E-002 ,   2.0938678205007655E-002 ,  -1.1895322925370455     
   8.1833664785896404E-002 ,   9.9683331970804839E-002 ,  -1.0695188846258392     
  0.14017299485544027      ,  0.16018938887226788      , -0.95339135265482711     
  0.18743364604331419      ,  0.20502955102225520      , -0.84262287340932207     
  0.22347504784686090      ,  0.23680505324691808      , -0.73826321303702513     
  0.24807650167202852      ,  0.25798571518553559      , -0.64098540203572851     
  0.26149963273004001      ,  0.27081406721431378      , -0.55114169936627055     
  0.26500135797902774      ,  0.27725876812910116      , -0.46882179683512121     
  0.26075159621347715      ,  0.27900274777112255      , -0.39390850780487019     
  0.25155041507253811      ,  0.27745373025931797      , -0.32612810965688144     
  0.24033640552522711      ,  0.27376767687771925      , -0.26509396378805872     
  0.22952992433736416      ,  0.26887844999022875      , -0.21034304104239709     
  0.22025506841510700      ,  0.26352928555378896      , -0.16136561312245876     
  0.21233931675067802      ,  0.25830338361003830      , -0.11762872548202521     
  0.20487750891812465      ,  0.25365213339961845      ,  -7.8594230329419618E-002
  0.19712536270489217      ,  0.24992028571985089      ,  -4.3732198406493103E-002
  0.18910842279961698      ,  0.24736787928073103      ,  -1.2530495478973122E-002
  0.18182659492302161      ,  0.24618901419420672      ,   1.5498761649762946E-002
  0.17668220602277518      ,  0.24652771658972086      ,   4.0815242249198726E-002
  0.17473749356717400      ,  0.24849120507191619      ,   6.3848395057936713E-002
  0.17628485524121007      ,  0.25216088680275600      ,   8.4996947291091016E-002
  0.18101287022763232      ,  0.25760140041147883      ,  0.10462953672164868     
  0.18842946584422196      ,  0.26486799812752337      ,  0.12308617297080882     
  0.19829726815612106      ,  0.27401252828755540      ,  0.14068028317307485     
  0.21078773040050011      ,  0.28508824596383264      ,  0.15770114704959190     
  0.22630955212123705      ,  0.29815364605313538      ,  0.17441656789863064     
  0.24520569186137434      ,  0.31327548066923111      ,  0.19107565995241765     
  0.26746112790067095      ,  0.33053109129916319      ,  0.20791165978693618     
  0.29268307379692915      ,  0.35001015569947541      ,  0.22514469075587282     
  0.32028047421650502      ,  0.37181591944846470      ,  0.24298442539145085     
  0.34980699667361648      ,  0.39606595177792658      ,  0.26163260189036275     
  0.38113351812495977      ,  0.42289243397840254      ,  0.28128535757025835     
  0.41453006735818460      ,  0.45244195537173576      ,  0.30213534479742682     
  0.45049168507232384      ,  0.48487475552864823      ,  0.32437359347328226     
  0.48956253450651394      ,  0.52036331095555033      ,  0.34819107871969512     
  0.53216496809292235      ,  0.55909011875466963      ,  0.37377994279216353     
  0.57863963383461181      ,  0.60124447776365575      ,  0.40133430624077332     
  0.62926223245385704      ,  0.64701800872700355      ,  0.43105058462564538     
  0.68428526913650090      ,  0.69659858914627970      ,  0.46312720335904639     
  0.74388493352043383      ,  0.75016230682968776      ,  0.49776357426593426     
  0.80808526820029203      ,  0.80786296208517894      ,  0.53515816326300703     
  0.87668397588873681      ,  0.86981857845954313      ,  0.57550543970562862     
  0.94929150557717490      ,  0.93609432723212493      ,  0.61899145589766924     
   1.0254776818453741      ,   1.0066812497723858      ,  0.66578776291098896     
   1.1049018547352818      ,   1.0814702020791576      ,  0.71604333133576936     
   1.1873877968947744      ,   1.1602205871984252      ,  0.76987412117325282     
   1.2728210412215566      ,   1.2425237379106899      ,  0.82734994640491488     
   1.3609858973284850      ,   1.3277613327337383      ,  0.88847832494687062     
   1.4513293296470107      ,   1.4150600519922343      ,  0.95318511823163443     
   1.5428634067320648      ,   1.5032448850857092      ,   1.0212919774044968     
   1.6341279320587148      ,   1.5907951368249806      ,   1.0924909602993793     
   1.7233006670560964      ,   1.6758092336481305      ,   1.1663171991790231     
   1.8082645496817786      ,   1.7559867539213359      ,   1.2421212063624751     
   1.8866873967594595      ,   1.8286383484215454      ,   1.3190432973004009     
   1.9560093753378522      ,   1.8907357477549998      ,   1.3959936298273332     
   2.0134398119702341      ,   1.9390139414672936      ,   1.4716423658616045     
   2.0559329774822843      ,   1.9701347168167749      ,   1.5444252179966029     
   2.0802490921747512      ,   1.9809139931688384      ,   1.6125698074137198     
   2.0830863181808414      ,   1.9686042965658759      ,   1.6741474332865141     
   2.0613226104864206      ,   1.9312090665239734      ,   1.7271526879999526     
   2.0123523746995540      ,   1.8677898948641325      ,   1.7696097139064220     
   1.9345043116389258      ,   1.7787157727778797      ,   1.7996990584772179     
   1.8274788367339514      ,   1.6658004180897077      ,   1.8158938485468463     
   1.6927187419306782      ,   1.5322841264031259      ,   1.8170896522382194     
   1.5336574957296816      ,   1.3826410816817760      ,   1.8027103842661085     
   1.3558052660835722      ,   1.2222271300857113      ,   1.7727740487535097     
   1.1666634943275180      ,   1.0568173954948450      ,   1.7279072363722550     
  0.97533110190163097      ,  0.89210699497372936      ,   1.6693051785598141     
  0.79160711197944156      ,  0.73325371885859658      ,   1.5986429288824242     
  0.62446446521535393      ,  0.58452759738698601      ,   1.5179506812892458     
  0.48021997866958682      ,  0.44910440619877645      ,   1.4294706036630744     
  0.36118887588277071      ,  0.32900804302432490      ,   1.3355131575457599     
  0.26570155866169576      ,  0.22517975761350253      ,   1.2383281301111788     
  0.18955855025164964      ,  0.13763619500143201      ,   1.1400007631493552     
  0.12802552989695903      ,   6.5674125912785541E-002 ,   1.0423779110055031     
   7.7251122677127221E-002 ,   8.0849226673441309E-003 ,  0.94702432864755492     
   3.4726404362324069E-002 ,  -3.6647959318350160E-002 ,  0.85520570116662220     
  -8.4150119972889806E-004 ,  -7.0183985503209742E-002 ,  0.76789306686827385     
  -2.9813549012530183E-002 ,  -9.4198889559875751E-002 ,  0.68578266487044659     
  -5.2040539363478466E-002 , -0.11029539148430681      ,  0.60932557376670549     
  -6.7419897052357985E-002 , -0.11994634888404937      ,  0.53876239312829344     
  -7.6349501484401588E-002 , -0.12446374781749646      ,  0.47415931772987213     
  -7.9913950436155429E-002 , -0.12498684092459350      ,  0.41544303521539272     
  -7.9761571018521799E-002 , -0.12248351306069007      ,  0.36243281295299978     
  -7.7646484494308443E-002 , -0.11776008759970902      ,  0.31486887817539688     
  -7.4827351348810731E-002 , -0.11147595722127562      ,  0.27243673610220331     
  -7.1746230318915138E-002 , -0.10416046098667439      ,  0.23478743889501760     
  -6.8184523309484310E-002 ,  -9.6230268745729916E-002 ,  0.20155404923322520     
  -6.3735810551977648E-002 ,  -8.8006169680094323E-002 ,  0.17236467135236386     
  -5.8293875685087725E-002 ,  -7.9728619465646910E-002 ,  0.14685248014890553     
  -5.2283216224699398E-002 ,  -7.1571715908854167E-002 ,  0.12466318963701144     
  -4.6467273534423245E-002 ,  -6.3655481380319207E-002 ,  0.10546038361411331     
  -4.1487466517350934E-002 ,  -5.6056462123818873E-002 ,   8.8929096525659293E-002
  -3.7500775962018694E-002 ,  -4.8816733180471229E-002 ,   7.4777989758615271E-002
  -3.4166451703437878E-002 ,  -4.1951440676735785E-002 ,   6.2740423449201291E-002
  -3.0935100075724621E-002 ,  -3.5455032936478358E-002 ,   5.2574679744355923E-002
  -2.7425767553518041E-002 ,  -2.9306336777311121E-002 ,   4.4063552248866676E-002
  -2.3650940143814844E-002 ,  -2.3472631137315080E-002 ,   3.7013479116549064E-002
  -1.9984098476236299E-002 ,  -1.7912860613176592E-002 ,   3.1253364298961861E-002
  -1.6933500538860800E-002 ,  -1.2580119031930273E-002 ,   2.6633202873642056E-002
  -1.4869606536650452E-002 ,  -7.4235194168164684E-003 ,   2.3022601941961349E-002
  -1.3844726720835292E-002 ,  -2.3895526643297050E-003 ,   2.0309267999732566E-002
  -1.3574180329830663E-002 ,   2.5769764294678002E-003 ,   1.8397514567913990E-002
  -1.3551300666711215E-002 ,   7.5323600723385788E-003 ,   1.7206829832404586E-002
  -1.3205948490812122E-002 ,   1.2533681512562971E-002 ,   1.6670532691262046E-002
  -1.2032268187021699E-002 ,   1.7638739228033853E-002 ,   1.6734536573687991E-002
  -9.6438079463541868E-003 ,   2.2906157954650883E-002 ,   1.7356233333978746E-002
  -5.7778709465822163E-003 ,   2.8395651775810059E-002 ,   1.8503504123173291E-002
  -3.0712398483570286E-004 ,   3.4168411947193139E-002 ,   2.0153860122593532E-002
   6.7081508499368149E-003 ,   4.0287598573695890E-002 ,   2.2293713141477826E-002
   1.4981004035850775E-002 ,   4.6818920772964574E-002 ,   2.4917774122068557E-002
   2.4031977284312705E-002 ,   5.3831294641373525E-002 ,   2.8028576376258642E-002
   3.3322543403235087E-002 ,   6.1397572269541886E-002 ,   3.1636119741692989E-002
   4.2453188419887225E-002 ,   6.9595338313741359E-002 ,   3.5757631659391192E-002
   5.1344862956378232E-002 ,   7.8507773281989768E-002 ,   4.0417441327286856E-002
   6.0303708133112456E-002 ,   8.8224584786854909E-002 ,   4.5646963479192816E-002
   6.9935035721519032E-002 ,   9.8843009576148722E-002 ,   5.1484788894276025E-002
   8.0953038968526778E-002 ,  0.11046889017470396      ,   5.7976879384914290E-002
   9.3974744241669683E-002 ,  0.12321783041693192      ,   6.5176865672310277E-002
  0.10937729778800226      ,  0.13721643393795990      ,   7.3146447170941875E-002
  0.12725541057317385      ,  0.15260362868110805      ,   8.1955893190802181E-002
  0.14746901655759281      ,  0.16953207845828508      ,   9.1684645344361937E-002
  0.16973661376789653      ,  0.18816967925929715      ,  0.10242202090719046     
  0.19373863949262055      ,  0.20870113291326453      ,  0.11426801639108988     
  0.21921225204144934      ,  0.23132958326445305      ,  0.12733420946757795     
  0.24604635944163331      ,  0.25627828942655712      ,  0.14174475538966241     
  0.27436895044608139      ,  0.28379229583655963      ,  0.15763747088302618     
  0.30460368430093432      ,  0.31414003829503662      ,  0.17516499368889293     
  0.33745684655487107      ,  0.34761479704822135      ,  0.19449599897351566     
  0.37382035471851399      ,  0.38453586975492132      ,  0.21581644392278115     
  0.41459962998969174      ,  0.42524928569696840      ,  0.23933079802753432     
  0.46052266548933268      ,  0.47012781380497676      ,  0.26526319755009375     
  0.51200170812944701      ,  0.51956992601299135      ,  0.29385843679191381     
  0.56910449907589677      ,  0.57399725820589576      ,  0.32538267396696935     
  0.63164103131674221      ,  0.63384995688781476      ,  0.36012368314484444     
  0.69933060374826872      ,  0.69957910375106158      ,  0.39839042277848546     
  0.77198504878046059      ,  0.77163516659707754      ,  0.44051161226904401     
  0.84964259655929752      ,  0.85045113084173762      ,  0.48683290717601213     
  0.93261281940591789      ,  0.93641862573563228      ,  0.53771213779833738     
   1.0214190494394484      ,   1.0298549921469877      ,  0.59351192318830193     
   1.1166483737963295      ,   1.1309588877514196      ,  0.65458879492291688     
   1.2187323063943274      ,   1.2397517747754763      ,  0.72127777049431474     
   1.3277079773736122      ,   1.3560026313389530      ,  0.79387112490455902     
   1.4430165579792094      ,   1.4791337050455708      ,  0.87258995955215146     
   1.5633980839896877      ,   1.6081064368808913      ,  0.95754712642466444     
   1.6869079422373670      ,   1.7412893019177593      ,   1.0487002384026967     
   1.8110415205983637      ,   1.8763138155898438      ,   1.1457940364240928     
   1.9328970970607682      ,   2.0099318942507094      ,   1.2482924930836636     
   2.0492851684550399      ,   2.1378973961878445      ,   1.3553029398616954     
   2.1567064130651552      ,   2.2549064777318151      ,   1.4654974099608737     
   2.2511914120665928      ,   2.3546433513064033      ,   1.5770403371301229     
   2.3280783776444500      ,   2.4299858367995242      ,   1.6875364451886767     
   2.3818735537685924      ,   2.4734218891438644      ,   1.7940172231606923     
   2.4063511671768256      ,   2.4777056673536721      ,   1.8929871604190438     
   2.3950059431579853      ,   2.4367331707699966      ,   1.9805495722426576     
   2.3418891626477571      ,   2.3465443731214122      ,   2.0526239233744605     
   2.2427481032469596      ,   2.2062768910334571      ,   2.1052507294668348     
   2.0962165253018790      ,   2.0188375363135775      ,   2.1349578202379615     
   1.9046085703138127      ,   1.7910618331619277      ,   2.1391383069182974     
   1.6739395990575776      ,   1.5332228917328097      ,   2.1163745456471621     
   1.4133611847338128      ,   1.2579174386146803      ,   2.0666422782241312     
   1.1346766320778197      ,  0.97854134297999718      ,   1.9913488137310020     
  0.85210516923370583      ,  0.70769136313762082      ,   1.8931943560315410     
  0.58151980885630683      ,  0.45583824664640421      ,   1.7758848688803412     
  0.33832112264717662      ,  0.23050927023430751      ,   1.6437546594339536     
  0.13375327723224212      ,   3.6050505143438528E-002 ,   1.5013681551015559     
  -2.9095208748019234E-002 , -0.12611607209068093      ,   1.3531623917873992     
 -0.15604096373719220      , -0.25691646736808738      ,   1.2031709132144586     
 -0.25742012835562372      , -0.35892099368569275      ,   1.0548452921163320     
 -0.34209462491186399      , -0.43566570606659138      ,  0.91096991287466522     
 -0.41423991638076085      , -0.49109073009665027      ,  0.77365276665340721     
 -0.47413332313694762      , -0.52913030916021508      ,  0.64436993400604248     
 -0.52075171288867927      , -0.55344944453988010      ,  0.52404215255857545     
 -0.55321868653664152      , -0.56730092427670731      ,  0.41312580382037600     
 -0.57163418902836050      , -0.57347008422848955      ,  0.31170564749703555     
 -0.57814762070199888      , -0.57427697668179878      ,  0.21958131569322537     
 -0.57669323521002291      , -0.57161183544461391      ,  0.13634331255018414     
 -0.57163525213313204      , -0.56698665329823184      ,   6.1436906494710515E-002
 -0.56710072554097268      , -0.56159171937918373      ,  -5.7860203865394491E-003
 -0.56632528736562360      , -0.55635054902165548      ,  -6.6026161440253139E-002
 -0.57039673650318945      , -0.55196980285759600      , -0.12000557659049557     
 -0.57803156810165368      , -0.54898280315761561      , -0.16844453580434451     
 -0.58687554174541179      , -0.54778643087851842      , -0.21204493240616626     
 -0.59493467633890340      , -0.54867180518917957      , -0.25147893945101157     
 -0.60157957646396409      , -0.55184942003972071      , -0.28738176978518815     
 -0.60801156496454778      , -0.55746948611134617      , -0.32034758760914694     
 -0.61648841268805399      , -0.56563819546380900      , -0.35092779030212551     
 -0.62871625677962695      , -0.57643054706452279      , -0.37963102752785310     
 -0.64498000956221013      , -0.58990027587016369      , -0.40692444907360542     
 -0.66442554362796424      , -0.60608733244994850      , -0.43323577496980942     
 -0.68585911156523238      , -0.62502327145361625      , -0.45895586375767139     
 -0.70860210355320252      , -0.64673482781757508      , -0.48444152011735980     
 -0.73286229575615802      , -0.67124588940194041      , -0.51001833407320762     
 -0.75943087388416253      , -0.69857801281065290      , -0.53598338297267722     
 -0.78910352552801133      , -0.72874957445346822      , -0.56260765637729260     
 -0.82218874181887980      , -0.76177360083665890      , -0.59013808461061679     
 -0.85837129229076403      , -0.79765428065106081      , -0.61879906548882424     
 -0.89706423837231841      , -0.83638212735544426      , -0.64879339212775489     
 -0.93789310867105424      , -0.87792773658273071      , -0.68030248910997815     
 -0.98091665250821924      , -0.92223407105529098      , -0.71348586628439714     
  -1.0265863055509976      , -0.96920721151846778      , -0.74847970091958682     
  -1.0754884288390807      ,  -1.0187055419305131      , -0.78539446213172392     
  -1.1278832006501101      ,  -1.0705273990196120      , -0.82431149933192061     
  -1.1834162269018398      ,  -1.1243973202013882      , -0.86527853247538133     
  -1.2412483193944697      ,  -1.1799511806106666      , -0.90830401053099619     
  -1.3003295577471012      ,  -1.2367207301277516      , -0.95335035097060483     
  -1.3596118876137357      ,  -1.2941183324021865      ,  -1.0003261428697443     
  -1.4181752386031996      ,  -1.3514230708375985      ,  -1.0490774950421622     
  -1.4751650154209504      ,  -1.4077698097463391      ,  -1.0993788430539364     
  -1.5295985666049681      ,  -1.4621432513207209      ,  -1.1509236968342043     
  -1.5802746525714686      ,  -1.5133794522476787      ,  -1.2033160107705185     
  -1.6258349828922127      ,  -1.5601775654106953      ,  -1.2560630796131806     
  -1.6648744025637936      ,  -1.6011246243680743      ,  -1.3085710842048905     
  -1.6960174672082382      ,  -1.6347358360637099      ,  -1.3601445955361895     
  -1.7179275208222600      ,  -1.6595119318158782      ,  -1.4099914444430315     
  -1.7292655356100579      ,  -1.6740135290221811      ,  -1.4572343171030444     
  -1.7286844674459017      ,  -1.6769501584963395      ,  -1.5009301808173732     
  -1.7149101993457332      ,  -1.6672787674971616      ,  -1.5400981306903612     
  -1.6869116698905759      ,  -1.6443034919369328      ,  -1.5737554593945751     
  -1.6441186013444360      ,  -1.6077659040101648      ,  -1.6009607280829263     
  -1.5865988568556995      ,  -1.5579135285661139      ,  -1.6208614663653091     
  -1.5151461768065966      ,  -1.4955348932514001      ,  -1.6327430334951276     
  -1.4313024534195056      ,  -1.4219521617279289      ,  -1.6360743587605571     
  -1.3373213350985014      ,  -1.3389674036710908      ,  -1.6305459717501778     
  -1.2360677050068758      ,  -1.2487650483012311      ,  -1.6160960912620492     
  -1.1308621266232464      ,  -1.1537797725597216      ,  -1.5929215969596866     
  -1.0252505284513587      ,  -1.0565444878607058      ,  -1.5614723340519292     
 -0.92267821655553162      , -0.95953593668434656      ,  -1.5224291288345679     
 -0.82611680842895618      , -0.86503506073693992      ,  -1.4766677720079291     
 -0.73774362621220069      , -0.77501596540308193      ,  -1.4252127180413876     
 -0.65876377940148567      , -0.69107193118611820      ,  -1.3691851115140485     
 -0.58943494546455866      , -0.61438085835291323      ,  -1.3097498964083438     
 -0.52928536859239361      , -0.54570708471447615      ,  -1.2480662595137457     
 -0.47743557405549608      , -0.48543260907053182      ,  -1.1852446890097597     
 -0.43291271645389939      , -0.43360875900124374      ,  -1.1223127313895014     
 -0.39488098715817754      , -0.39001913247825576      ,  -1.0601903307828902     
 -0.36275042925311668      , -0.35424575937535829      , -0.99967460534226515     
 -0.33616919561751818      , -0.32573229227028422      , -0.94143315192369736     
 -0.31493661019778069      , -0.30384011645547843      , -0.88600449845689855     
 -0.29888707773691120      , -0.28789518263124692      , -0.83380411625177198     
 -0.28779342010818404      , -0.27722489743748402      , -0.78513440532441636     
 -0.28132363243411851      , -0.27118548665555725      , -0.74019720831002611     
 -0.27905669768776581      , -0.26918090226847574      , -0.69910763092864081     
 -0.28053835674946687      , -0.27067465841662991      , -0.66190819981108051     
 -0.28534328361478922      , -0.27519604925744096      , -0.62858263694646577     
 -0.29310997947004958      , -0.28234211350831079      , -0.59906875283833150     
 -0.30353422015641418      , -0.29177653783712260      , -0.57327014725614533     
 -0.31633523788360318      , -0.30322648557970211      , -0.55106655451075470     
 -0.33122369895881415      , -0.31647813139018632      , -0.53232278152552437     
 -0.34789550867230817      , -0.33137149483996187      , -0.51689626622335638     
 -0.36605843657458809      , -0.34779500501769461      , -0.50464333648177084     
 -0.38547578144584105      , -0.36568009573819377      , -0.49542428169247349     
 -0.40599981068025959      , -0.38499602525408183      , -0.48910736481874190     
 -0.42757689710570129      , -0.40574503181382809      , -0.48557190700941305     
 -0.45022547015318215      , -0.42795787285999853      , -0.48471057270616202     
 -0.47400144362175983      , -0.45168974702394493      , -0.48643097339798735     
 -0.49897074949520454      , -0.47701656066061776      , -0.49065669468592232     
 -0.52520133817310866      , -0.50403147131716031      , -0.49732783551610799     
 -0.55277388309192199      , -0.53284161661660823      , -0.50640113126787600     
 -0.58180095598531800      , -0.56356491644376672      , -0.51784971444532857     
 -0.61244313139229001      , -0.59632681739133375      , -0.53166254835454352     
 -0.64491346860157772      , -0.63125682995497168      , -0.54784355050508726     
 -0.67946814198120120      , -0.66848469021474177      , -0.56641040358499717     
 -0.71638647798580868      , -0.70813595849571220      , -0.58739303269851206     
 -0.75594504725592193      , -0.75032684820996909      , -0.61083170811569854     
 -0.79838922483168051      , -0.79515806005460743      , -0.63677471314776146     
 -0.84390474228132417      , -0.84270738243510879      , -0.66527549721122536     
 -0.89259135898025499      , -0.89302081239096343      , -0.69638921528000819     
 -0.94444164677982212      , -0.94610195840523448      , -0.73016853783086644     
 -0.99932922103489963      ,  -1.0018995157737431      , -0.76665860183091661     
  -1.0570085827301110      ,  -1.0602926681694629      , -0.80589096597885568     
  -1.1171243579957750      ,  -1.1210743804092265      , -0.84787643615008990     
  -1.1792233138999262      ,  -1.1839327250420781      , -0.89259664507869874     
  -1.2427605526099779      ,  -1.2484306490633519      , -0.93999431056875693     
  -1.3070928266215525      ,  -1.3139849560736494      , -0.98996216730446873     
  -1.3714581014652290      ,  -1.3798457674096958      ,  -1.0423306780223585     
  -1.4349470400977185      ,  -1.4450783338110693      ,  -1.0968547897873986     
  -1.4964762789081165      ,  -1.5085497731547308      ,  -1.1532002176860552     
  -1.5547733953096157      ,  -1.5689240468697017      ,  -1.2109300134128256     
  -1.6083800212904504      ,  -1.6246691407812124      ,  -1.2694925020919510     
  -1.6556741836292224      ,  -1.6740808026929315      ,  -1.3282120238056812     
  -1.6949097208556156      ,  -1.7153270618634235      ,  -1.3862842519564700     
  -1.7242706134178938      ,  -1.7465168280709595      ,  -1.4427781088534570     
  -1.7419405956075333      ,  -1.7657938748848623      ,  -1.4966463657802502     
  -1.7461915772240306      ,  -1.7714543110066963      ,  -1.5467467920685003     
  -1.7354954577086570      ,  -1.7620813487078815      ,  -1.5918751048897211     
  -1.7086607883429261      ,  -1.7366862849086970      ,  -1.6308099101921392     
  -1.6649885439982535      ,  -1.6948400507549732      ,  -1.6623683407229719     
  -1.6044320239227270      ,  -1.6367767362150747      ,  -1.6854693344275800     
  -1.5277375044394517      ,  -1.5634504866980163      ,  -1.6991997322826975     
  -1.4365378568609299      ,  -1.4765310201841704      ,  -1.7028769857454698     
  -1.3333709515760277      ,  -1.3783307488594123      ,  -1.6961016460448777     
  -1.2215965054869122      ,  -1.2716669436537500      ,  -1.6787932562460715     
  -1.1051894044628443      ,  -1.1596733249467557      ,  -1.6512048610538417     
 -0.98840178110212407      ,  -1.0455842051320325      ,  -1.6139138845134358     
 -0.87531959887436317      , -0.93251858183882830      ,  -1.5677901395865363     
 -0.76939054699514042      , -0.82329035218042435      ,  -1.5139446234270537     
 -0.67304395494364477      , -0.72026464386512257      ,  -1.4536649478973556     
 -0.58752211170528523      , -0.62527101860698397      ,  -1.3883443792293637     
 -0.51297561658567337      , -0.53957446906770634      ,  -1.3194114175192606     
 -0.44877104233675813      , -0.46389691918436793      ,  -1.2482658107355322     
 -0.39388220216132286      , -0.39847670576091254      ,  -1.1762252245048130     
 -0.34723358240983421      , -0.34315158107041943      ,  -1.1044848893203174     
 -0.30792142063612915      , -0.29745160266351045      ,  -1.0340907775608119     
 -0.27530045909085848      , -0.26069089022894731      , -0.96592546022966486     
 -0.24895846914543404      , -0.23205059843253328      , -0.90070485909712150     
 -0.22861473302940066      , -0.21064875873199193      , -0.83898363355433903     
 -0.21399031204572741      , -0.19559537939723376      , -0.78116684156170324     
 -0.20470334942876572      , -0.18603315816078411      , -0.72752567936784129     
 -0.20023049779760915      , -0.18116536963129981      , -0.67821542530855661     
 -0.19994633055053598      , -0.18027307394903186      , -0.63329409850843954     
 -0.20321629663532481      , -0.18272393010137675      , -0.59274072934587274     
 -0.20949156727304236      , -0.18797475401396574      , -0.55647248585787767     
 -0.21835493162673891      , -0.19556967171577358      , -0.52436018980393284     
 -0.22949888306994912      , -0.20513537557731906      , -0.49624198298935779     
 -0.24265889686240402      , -0.21637465526718860      , -0.47193507244194055     
 -0.25754932002341691      , -0.22905907577723930      , -0.45124560031800964     
 -0.27384343206982370      , -0.24302142513539784      , -0.43397676066707219     
 -0.29120823031463161      , -0.25814835544495218      , -0.41993532984433485     
 -0.30936845152915149      , -0.27437348785925458      , -0.40893679872533489     
 -0.32815790953876672      , -0.29167113772052305      , -0.40080929976955437     
 -0.34752934451887074      , -0.31005073261561378      , -0.39539651574186374     
 -0.36752342497525858      , -0.32955193639568431      , -0.39255974355020584     
 -0.38822121150464484      , -0.35024045017466282      , -0.39217926911047751     
 -0.40970919531723177      , -0.37220443197803904      , -0.39415518944159794     
 -0.43207345604496061      , -0.39555145607950276      , -0.39840779768278439     
 -0.45542046604597103      , -0.42040591799337096      , -0.40487762625429907     
 -0.47990818782002720      , -0.44690677909479126      , -0.41352522341094500     
 -0.50576831987361781      , -0.47520553392195697      , -0.42433071913709575     
 -0.53330797698057919      , -0.50546427174952702      , -0.43729321766365337     
 -0.56289085489971313      , -0.53785369066681721      , -0.45243003565478301     
 -0.59490665181332325      , -0.57255090604011283      , -0.46977578700513067     
 -0.62973906141418856      , -0.60973687501055940      , -0.48938129681772835     
 -0.66773823680183109      , -0.64959323398722135      , -0.51131230806695893     
 -0.70919812824488548      , -0.69229831675282183      , -0.53564792425562802     
 -0.75433716354092240      , -0.73802208723464602      , -0.56247870966875946     
 -0.80328325353602170      , -0.78691968457225403      , -0.59190434535887448     
 -0.85606734559638742      , -0.83912324162272045      , -0.62403071376360286     
 -0.91262928404261856      , -0.89473160635231996      , -0.65896625826376010     
 -0.97283458919213517      , -0.95379757650101715      , -0.69681743709137578     
  -1.0364938669104602      ,  -1.0163122633497086      , -0.73768306581018306     
  -1.1033724486440186      ,  -1.0821862475180342      , -0.78164732251353786     
  -1.1731799919194479      ,  -1.1512273020640964      , -0.82877118020333218     
  -1.2455378429578765      ,  -1.2231146665016239      , -0.87908203927150175     
  -1.3199317030431115      ,  -1.2973701971690170      , -0.93256137033902720     
  -1.3956632230567567      ,  -1.3733272361202213      , -0.98913025796572596     
  -1.4718136058205415      ,  -1.4500987710790152      ,  -1.0486328760822481     
  -1.5472259836508253      ,  -1.5265474263521797      ,  -1.1108181454454200     
  -1.6205051636968140      ,  -1.6012610163540415      ,  -1.1753201399794371     
  -1.6900278424822432      ,  -1.6725387318242921      ,  -1.2416382341557344     
  -1.7539561173163418      ,  -1.7383943355206446      ,  -1.3091185144058646     
  -1.8102517050480540      ,  -1.7965837066088675      ,  -1.3769385845074287     
  -1.8566953336435204      ,  -1.8446642303873391      ,  -1.4440985090625240     
  -1.8909225599069812      ,  -1.8800923057294496      ,  -1.5094211411549825     
  -1.9104915847040214      ,  -1.9003620552261886      ,  -1.5715652975031595     
  -1.9129987892539670      ,  -1.9031827982302114      ,  -1.6290549666315841     
  -1.8962522435813640      ,  -1.8866851170226828      ,  -1.6803267568421569     
  -1.8585016693463743      ,  -1.8496363551116888      ,  -1.7237959816215145     
  -1.7987064843463252      ,  -1.7916380410675179      ,  -1.7579391792960299     
  -1.7168061668799657      ,  -1.7132726957006661      ,  -1.7813877595971110     
  -1.6139469280271677      ,  -1.6161684807156373      ,  -1.7930244250309093     
  -1.4926211603297210      ,  -1.5029588695350191      ,  -1.7920717886868647     
  -1.3566859788280943      ,  -1.3771305048812259      ,  -1.7781619623086107     
  -1.2112283033900382      ,  -1.2427725453127778      ,  -1.7513773102249932     
  -1.0622308668068001      ,  -1.1042599496768615      ,  -1.7122560386931081     
 -0.91599582576371563      , -0.96591582889212391      ,  -1.6617612036872165     
 -0.77834876967898758      , -0.83170052098099057      ,  -1.6012170039848961     
 -0.65378246501779125      , -0.70496700230654741      ,  -1.5322206851177955     
 -0.54482848990711641      , -0.58830656487150945      ,  -1.4565410779602899     
 -0.45193551313972141      , -0.48349030064061937      ,  -1.3760153333794944     
 -0.37391941457397654      , -0.39149578312941646      ,  -1.2924539848468182     
 -0.30875382799495976      , -0.31259772590773183      ,  -1.2075617072594529     
 -0.25433023934063276      , -0.24649732083023929      ,  -1.1228778477963137     
 -0.20893500432656803      , -0.19246644036208602      ,  -1.0397377047734631     
 -0.17141651878185005      , -0.14948788969210711      , -0.95925310181428824     
 -0.14113830547462211      , -0.11637925082458615      , -0.88230924416551371     
 -0.11779964470847624      ,  -9.1893903499562668E-002 , -0.80957411805612767     
 -0.10118262941064020      ,  -7.4797586472046762E-002 , -0.74151662997261869     
  -9.0910208128933093E-002 ,  -6.3922072050415557E-002 , -0.67843005825751912     
  -8.6306668194665884E-002 ,  -5.8199293618304448E-002 , -0.62045799615403852     
  -8.6413195007871757E-002 ,  -5.6679925827361408E-002 , -0.56762064194083117     
  -9.0154662340490410E-002 ,  -5.8540348368154201E-002 , -0.51983993214592517     
  -9.6580980111352910E-002 ,  -6.3081452805168317E-002 , -0.47696256091195804     
 -0.10504889090681820      ,  -6.9722116155089525E-002 , -0.43878036149152644     
 -0.11524006189384249      ,  -7.7989515728857151E-002 , -0.40504784664213661     
 -0.12701917296610771      ,  -8.7507878633341765E-002 , -0.37549692761449566     
 -0.14023051466976133      ,  -9.7986779594274140E-002 , -0.34984897538591037     
 -0.15455809711314031      , -0.10920972673848564      , -0.32782447175601614     
 -0.16953066653050963      , -0.12102349597512529      , -0.30915053859972014     
 -0.18465743192273987      , -0.13332847406205278      , -0.29356664452594172     
 -0.19959223613866101      , -0.14607013108359065      , -0.28082877981958682     
 -0.21421638082549743      , -0.15923164952925400      , -0.27071237047079422     
 -0.22860185477943720      , -0.17282767687931797      , -0.26301417569665608     
 -0.24289806172579681      , -0.18689913183338283      , -0.25755338429269542     
 -0.25722197539243286      , -0.20150897378470639      , -0.25417209580375427     
 -0.27161431822748455      , -0.21673883553326737      , -0.25273534436015060     
 -0.28607510540136499      , -0.23268641671678922      , -0.25313079693558804     
 -0.30064608114567615      , -0.24946353727361886      , -0.25526823416466127     
 -0.31548817567726190      , -0.26719475444867991      , -0.25907890083227025     
 -0.33091254312312174      , -0.28601645195124986      , -0.26451479464037853     
 -0.34735466030416012      , -0.30607631475629160      , -0.27154794566341145     
 -0.36531223857353301      , -0.32753310681370912      , -0.28016972472774587     
 -0.38528007384129664      , -0.35055667081892139      , -0.29039020643681313     
 -0.40770556367748778      , -0.37532806847835753      , -0.30223760130804356     
 -0.43296832472498181      , -0.40203977563750370      , -0.31575776104721937     
 -0.46137119825188921      , -0.43089583842782897      , -0.33101375087482215     
 -0.49313065978962611      , -0.46211188333042980      , -0.34808547250654798     
 -0.52836994884178856      , -0.49591485471487706      , -0.36706931029059908     
 -0.56712974948349815      , -0.53254232681396518      , -0.38807776046718501     
 -0.60940696385068249      , -0.57224120193494643      , -0.41123898881699250     
 -0.65521611268442459      , -0.61526556162170254      , -0.43669624430404413     
 -0.70465024043416569      , -0.66187338119341854      , -0.46460703482419996     
 -0.75791062496217354      , -0.71232174967747208      , -0.49514194493394065     
 -0.81528558848302213      , -0.76686015654029704      , -0.52848294357277537     
 -0.87708280188556120      , -0.82572131529877424      , -0.56482099157809673     
 -0.94354073622938295      , -0.88910889631946843      , -0.60435271386681955     
  -1.0147515617003269      , -0.95718144561732144      , -0.64727584989268017     
  -1.0906183744999807      ,  -1.0300316888973573      , -0.69378314002236041     
  -1.1708509289646787      ,  -1.1076603862467747      , -0.74405424852281254     
  -1.2549871581665217      ,  -1.1899439527310121      , -0.79824527282869806     
  -1.3424209228247086      ,  -1.2765952520927344      , -0.85647535524582685     
  -1.4324195687474908      ,  -1.3671173852263221      , -0.91880991527361622     
  -1.5241217558582618      ,  -1.4607510350535038      , -0.98524008462433921     
  -1.6165107515249832      ,  -1.5564171138177354      ,  -1.0556580887928402     
  -1.7083611910945287      ,  -1.6526582029154728      ,  -1.1298286242713289     
  -1.7981629096280185      ,  -1.7475846497656911      ,  -1.2073567810173433     
  -1.8840351949358958      ,  -1.8388341462472721      ,  -1.2876538045436170     
  -1.9636541599029704      ,  -1.9235568958115867      ,  -1.3699030094540989     
  -2.0342189083014852      ,  -1.9984414754470683      ,  -1.4530294256971485     
  -2.0924758023302181      ,  -2.0597981597360326      ,  -1.5356781714554506     
  -2.1348081263243985      ,  -2.1037152903137084      ,  -1.6162078635177315     
  -2.1573906471675337      ,  -2.1262985059202357      ,  -1.6927062008074754     
  -2.1564123217323350      ,  -2.1239908924464261      ,  -1.7630346532475247     
  -2.1283808924960406      ,  -2.0939542405694795      ,  -1.8249073791125396     
  -2.0705229997562578      ,  -2.0344698460352229      ,  -1.8760056647451384     
  -1.9812637589264777      ,  -1.9452969176045305      ,  -1.9141233645507050     
  -1.8607121303200798      ,  -1.8279153874829066      ,  -1.9373317682185185     
  -1.7110349215203233      ,  -1.6855855241203963      ,  -1.9441455890870691     
  -1.5366296311993322      ,  -1.5231832073349167      ,  -1.9336674312105187     
  -1.3440874138120462      ,  -1.3468136481388202      ,  -1.9056880830014979     
  -1.1419480780951672      ,  -1.1632561703974931      ,  -1.8607252165892612     
 -0.94012402177440824      , -0.97933229922058140      ,  -1.7999928104286804     
 -0.74878087367580748      , -0.80130503042066714      ,  -1.7253055011865772     
 -0.57664921199633012      , -0.63440384938197447      ,  -1.6389329214769353     
 -0.42920268159921565      , -0.48253394132337513      ,  -1.5434260887480573     
 -0.30759495583620461      , -0.34818283590830196      ,  -1.4414396800717835     
 -0.20916194548550904      , -0.23249812814134732      ,  -1.3355709038006018     
 -0.12933215836189862      , -0.13548555971593074      ,  -1.2282293332833776     
  -6.3753602931453227E-002 ,  -5.6269906219155272E-002 ,  -1.1215446562215881     
  -9.4816610700730053E-003 ,   6.6318975710786821E-003 ,  -1.0173126590833490     
   3.4973591311261890E-002 ,   5.5061524558877140E-002 , -0.91697499538263172     
   7.0134389511448028E-002 ,   9.1014157251776917E-002 , -0.82162566727776609     
   9.6052667177109585E-002 ,  0.11648438835860699      , -0.73203639435533829     
  0.11279720936336939      ,  0.13336077817771405      , -0.64869359043157415     
  0.12090947919297279      ,  0.14336166147433382      , -0.57184093095123456     
  0.12161836178888119      ,  0.14800295290998974      , -0.50152299788620158     
  0.11677671243703229      ,  0.14858893126008563      , -0.43762692591034791     
  0.10857409304284137      ,  0.14621829166196354      , -0.37992018122204974     
   9.9007194476740043E-002 ,  0.14179943589764171      , -0.32808352909402183     
   8.9315438953219431E-002 ,  0.13607060347492927      , -0.28173890008174274     
   7.9789795161288257E-002 ,  0.12962183015824019      , -0.24047229154001515     
   7.0081356187941632E-002 ,  0.12291679566143585      , -0.20385209363802392     
   5.9770920135297965E-002 ,  0.11631340530896644      , -0.17144335712803233     
   4.8884859292362588E-002 ,  0.11008249150981247      , -0.14281856471464840     
   3.8081605701797396E-002 ,  0.10442437711713656      , -0.11756546009112379     
   2.8379610033873386E-002 ,   9.9483265975480822E-002 ,  -9.5292450698742537E-002
   2.0641347697951368E-002 ,   9.5359557810579046E-002 ,  -7.5632046969053610E-002
   1.5220388091936723E-002 ,   9.2120256097234787E-002 ,  -5.8242741815565935E-002
   1.1971896902378097E-002 ,   8.9807670522331809E-002 ,  -4.2809675278040152E-002
   1.0532853827928792E-002 ,   8.8446624947945987E-002 ,  -2.9044373790967137E-002
   1.0651803594362935E-002 ,   8.8050377067792895E-002 ,  -1.6683803224649796E-002
   1.2361417784630411E-002 ,   8.8625443418063860E-002 ,  -5.4889303017962065E-003
   1.5919176395569265E-002 ,   9.0175506903978228E-002 ,   4.7570517042281801E-003
   2.1594003584469144E-002 ,   9.2704565893845861E-002 ,   1.4250710197358178E-002
   2.9442332680546291E-002 ,   9.6219465629758111E-002 ,   2.3170478593267770E-002
   3.9207564639820870E-002 ,  0.10073193503900983      ,   3.1678808289697137E-002
   5.0397864993083283E-002 ,  0.10626023546901686      ,   3.9924315065625528E-002
   6.2476754067863793E-002 ,  0.11283051264599034      ,   4.8043883403733036E-002
   7.5046293272626741E-002 ,  0.12047792935848968      ,   5.6164704860415256E-002
   8.7938535549272001E-002 ,  0.12924764397219127      ,   6.4406236612651963E-002
  0.10119371175185307      ,  0.13919568879702723      ,   7.2882074089193616E-002
  0.11497110398008381      ,  0.15038979239713457      ,   8.1701737491125151E-002
  0.12948384369766167      ,  0.16291018095003260      ,   9.0972376317400280E-002
  0.14499976112906973      ,  0.17685038546522014      ,  0.10080039897459114     
  0.16186407062454383      ,  0.19231807375030874      ,  0.11129303635303416     
  0.18048809773692187      ,  0.20943591808758993      ,  0.12255984902471209     
  0.20128288227788088      ,  0.22834250119983526      ,  0.13471418753482758     
  0.22455232622502519      ,  0.24919325368583059      ,  0.14787461413054032     
  0.25040638758056416      ,  0.27216140501006614      ,  0.16216629213985403     
  0.27876544078855797      ,  0.29743891648856235      ,  0.17772234594660688     
  0.30946774865028243      ,  0.32523734746483168      ,  0.19468518987864572     
  0.34242424661203968      ,  0.35578858369275485      ,  0.21320781800241143     
  0.37774442219970622      ,  0.38934532818804513      ,  0.23345503833546014     
  0.41577878615326480      ,  0.42618121744158366      ,  0.25560462372991749     
  0.45706725552966709      ,  0.46659037743175252      ,  0.27984833683908750     
  0.50223125774806565      ,  0.51088617139247883      ,  0.30639276713294245     
  0.55186686116138239      ,  0.55939881143258230      ,  0.33545989260639347     
  0.60647793791311344      ,  0.61247140525082377      ,  0.36728724609690205     
  0.66645011737184168      ,  0.67045388387585647      ,  0.40212752422049775     
  0.73204073484650767      ,  0.73369410400377422      ,  0.44024742390437027     
  0.80336874505163802      ,  0.80252523878664739      ,  0.48192542541007199     
  0.88041136491193384      ,  0.87724836805713469      ,  0.52744816004763362     
  0.96301987780283094      ,  0.95810896533412482      ,  0.57710490493869326     
   1.0509605193890672      ,   1.0452657805728223      ,  0.63117963775002872     
   1.1439710783379642      ,   1.1387504820354777      ,  0.68993996663175328     
   1.2417968313132055      ,   1.2384164273482181      ,  0.75362213632406572     
   1.3441583419484175      ,   1.3438752066554114      ,  0.82241122208398265     
   1.4506323306720170      ,   1.4544203201472676      ,  0.89641559472431365     
   1.5604735933324241      ,   1.5689387609178072      ,  0.97563482829485038     
   1.6724373511834698      ,   1.6858136658766292      ,   1.0599205065801458     
   1.7846664938875412      ,   1.8028248692118054      ,   1.1489299706560232     
   1.8946783736901298      ,   1.9170593339240956      ,   1.2420740599845279     
   1.9994330452134872      ,   2.0248499264203508      ,   1.3384614507544750     
   2.0954261991334913      ,   2.1217681005363196      ,   1.4368443490931841     
   2.1787516022236288      ,   2.2027020523138305      ,   1.5355729780716709     
   2.2451143414880654      ,   2.2620538223631388      ,   1.6325691829374855     
   2.2898307576429260      ,   2.2940825631095625      ,   1.7253318865775926     
   2.3078995229123214      ,   2.2934025096515773      ,   1.8109879719485740     
   2.2942494286281345      ,   2.2556108582566328      ,   1.8864000927656583     
   2.2442464482957276      ,   2.1779756365249536      ,   1.9483366994347122     
   2.1544607122061126      ,   2.0600674067786091      ,   1.9936988387326597     
   2.0235515460142466      ,   1.9041894755754216      ,   2.0197843039439829     
   1.8529881210378993      ,   1.7154692943814802      ,   2.0245557812127513     
   1.6473467651011307      ,   1.5015302430138926      ,   2.0068705581414674     
   1.4142104920456238      ,   1.2717598040209583      ,   1.9666297015238157     
   1.1639480133940721      ,   1.0362971825751546      ,   1.9048163682796677     
  0.90940241004042044      ,  0.80493991239132967      ,   1.8234138682300103     
  0.66497533904078154      ,  0.58618396610125834      ,   1.7252181534258575     
  0.44452161887709890      ,  0.38656124625243360      ,   1.6135790714816123     
  0.25809634430833694      ,  0.21034630813473335      ,   1.4921143988777912     
  0.10884563162447673      ,   5.9608695163686748E-002 ,   1.3644388805009304     
  -7.4693796100092635E-003 ,  -6.5479933137011226E-002 ,   1.2339398472094227     
  -9.9217367698123157E-002 , -0.16620055027530495      ,   1.1036162944159156     
 -0.17426786181620521      , -0.24481000764352695      ,  0.97598429919751772     
 -0.23722696190207443      , -0.30410886996064257      ,  0.85304136147876719     
 -0.28959613350392299      , -0.34709476490187574      ,  0.73627664433751827     
 -0.33135564989219557      , -0.37671289195006802      ,  0.62671257737338548     
 -0.36204431600053905      , -0.39569614814294074      ,  0.52496455981118595     
 -0.38148177535861161      , -0.40647782964416257      ,  0.43130818574931273     
 -0.39063122316105287      , -0.41115746707718875      ,  0.34574645755035577     
 -0.39177121091177169      , -0.41150210621487715      ,  0.26807221390270930     
 -0.38794734189686508      , -0.40896890310199524      ,  0.19792318892810590     
 -0.38251951243979804      , -0.40473875859198022      ,  0.13482868670199558     
 -0.37848643504015878      , -0.39975409662649936      ,   7.8247876867343358E-002
 -0.37739976299811934      , -0.39475651542952789      ,   2.7600314319150377E-002
 -0.37895128060729033      , -0.39032191242298492      ,  -1.7710416716385423E-002
 -0.38169847273268503      , -0.38689192741735651      ,  -5.8278932325788971E-002
 -0.38417393093573537      , -0.38480132170628584      ,  -9.4685166360762144E-002
 -0.38583162695487899      , -0.38430135678688487      , -0.12748546907213734     
 -0.38751970334035662      , -0.38557946906189577      , -0.15720688788408219     
 -0.39098838693758564      , -0.38877563790933228      , -0.18434394603443194     
 -0.39769904811282003      , -0.39399586905819672      , -0.20935734501658584     
 -0.40802275716462111      , -0.40132319833040991      , -0.23267411661505247     
 -0.42132287856537282      , -0.41082658358391927      , -0.25468883757681537     
 -0.43658923341547712      , -0.42256800707019559      , -0.27576559431625691     
 -0.45318050203927135      , -0.43660806267782115      , -0.29624044721241904     
 -0.47121117292879811      , -0.45301025559336150      , -0.31642419513785502     
 -0.49138663090672297      , -0.47184419680003337      , -0.33660528206910106     
 -0.51453691878605090      , -0.49318783156868379      , -0.35705272011539529     
 -0.54116485118362001      , -0.51712879917563415      , -0.37801892807114496     
 -0.57124812118810353      , -0.54376497977004823      , -0.39974240249018106     
 -0.60441364710007839      , -0.57320424278403181      , -0.42245014997122587     
 -0.64029285159900984      , -0.60556336871600913      , -0.44635981535506558     
 -0.67877774472018115      , -0.64096607180850518      , -0.47168144125200534     
 -0.72009290340683385      , -0.67954000459510544      , -0.49861879002709569     
 -0.76467693301595141      , -0.72141257642418488      , -0.52737015029433365     
 -0.81290548422286857      , -0.76670536747726248      , -0.55812853633776005     
 -0.86489836543346443      , -0.81552686917319506      , -0.59108117101442681     
 -0.92058534151608307      , -0.86796323453109814      , -0.62640812116689004     
 -0.97986953933545773      , -0.92406668383501045      , -0.66427993038313904     
  -1.0427194509506155      , -0.98384119101453216      , -0.70485406880495360     
  -1.1091553469153144      ,  -1.0472250883707017      , -0.74826999640014280     
  -1.1791015587383791      ,  -1.1140702913966432      , -0.79464261903395428     
  -1.2521851661298569      ,  -1.1841179882630797      , -0.84405391227026083     
  -1.3276695302256900      ,  -1.2569708943107780      , -0.89654250528706636     
  -1.4045664521745409      ,  -1.3320625811600497      , -0.95209106900782137     
  -1.4818105372652328      ,  -1.4086249955284553      ,  -1.0106114543405447     
  -1.5583703099323649      ,  -1.4856561204709910      ,  -1.0719276969676881     
  -1.6332287418417863      ,  -1.5618908147046162      ,  -1.1357572641826892     
  -1.7052372309412376      ,  -1.6357791596741007      ,  -1.2016912837629112     
  -1.7729387214656755      ,  -1.7054780339848252      ,  -1.2691749722667758     
  -1.8344661874846400      ,  -1.7688628873783263      ,  -1.3374900584707226     
  -1.8875656242979744      ,  -1.8235674200729917      ,  -1.4057416326856329     
  -1.9297226987216556      ,  -1.8670585584756816      ,  -1.4728524544807782     
  -1.9583169252451584      ,  -1.8967521385750084      ,  -1.5375681751794532     
  -1.9707510272344373      ,  -1.9101705150628026      ,  -1.5984769812271005     
  -1.9645754729340079      ,  -1.9051366868038477      ,  -1.6540466183546458     
  -1.9376447744942553      ,  -1.8799909029060546      ,  -1.7026804229180070     
  -1.8883325535281796      ,  -1.8338064567641899      ,  -1.7427917898376235     
  -1.8158181755165619      ,  -1.7665738233804884      ,  -1.7728935811366489     
  -1.7204003582499690      ,  -1.6793193399910480      ,  -1.7916957382361516     
  -1.6037529233577548      ,  -1.5741287994909499      ,  -1.7982014834472844     
  -1.4690596243631922      ,  -1.4540585711738296      ,  -1.7917907942460058     
  -1.3209952322197942      ,  -1.3229355864692047      ,  -1.7722800115972297     
  -1.1655124019326575      ,  -1.1850684983651558      ,  -1.7399488134297523     
  -1.0093770606393817      ,  -1.0449098261764556      ,  -1.6955300711564372     
 -0.85941267222137196      , -0.90671780055009554      ,  -1.6401634518064443     
 -0.72151930165320499      , -0.77426443399857336      ,  -1.5753188259838156     
 -0.59972019343695671      , -0.65062418559314306      ,  -1.5026994293425207     
 -0.49562338765514863      , -0.53805960856055846      ,  -1.4241365517228026     
 -0.40858008923024303      , -0.43800192017994610      ,  -1.3414871510683963     
 -0.33646653152955841      , -0.35111004356225739      ,  -1.2565436330226010     
 -0.27667825522799472      , -0.27738372851379317      ,  -1.1709618668190174     
 -0.22689697995466848      , -0.21630490680726164      ,  -1.0862101432000582     
 -0.18545301400105763      , -0.16698485479310698      ,  -1.0035388660824414     
 -0.15136893347227209      , -0.12830075441590932      , -0.92396866930221366     
 -0.12421853519112858      ,  -9.9011800828282467E-002 , -0.84829344980179178     
 -0.10386572048724446      ,  -7.7850703932708876E-002 , -0.77709439787087953     
  -9.0150297894631110E-002 ,  -6.3590613793592488E-002 , -0.71076127246323817     
  -8.2632800066892484E-002 ,  -5.5090083998159803E-002 , -0.64951768650273467     
  -8.0493827435989901E-002 ,  -5.1319928652182122E-002 , -0.59344783846858606     
  -8.2626623688678361E-002 ,  -5.1376111790610725E-002 , -0.54252281249798806     
  -8.7890537804570276E-002 ,  -5.4482506497482014E-002 , -0.49662518528688282     
  -9.5396334692387494E-002 ,  -5.9986771525834218E-002 , -0.45557118450738321     
 -0.10465369151414257      ,  -6.7351918144290771E-002 , -0.41913003141958882     
 -0.11550091259092921      ,  -7.6145498697450006E-002 , -0.38704037906701927     
 -0.12788045892489003      ,  -8.6027798752510112E-002 , -0.35902394463510756     
 -0.14160629923304252      ,  -9.6739974650656230E-002 , -0.33479655016284376     
 -0.15626390342992588      , -0.10809274326090544      , -0.31407684844854894     
 -0.17129886848631132      , -0.11995598579839001      , -0.29659303637498741     
 -0.18622110521812191      , -0.13224945471734162      , -0.28208785835243927     
 -0.20077505133782406      , -0.14493465480064185      , -0.27032218738771446     
 -0.21497015140123446      , -0.15800789211005009      , -0.26107744707156139     
 -0.22897600617791514      , -0.17149443591142843      , -0.25415710912940392     
 -0.24296864605437621      , -0.18544371031143450      , -0.24938747116086327     
 -0.25702598877017457      , -0.19992541770844602      , -0.24661788975310234     
 -0.27112325110817376      , -0.21502649063002746      , -0.24572061646105828     
 -0.28521412122715811      , -0.23084876878264615      , -0.24659035883437774     
 -0.29934100695633026      , -0.24750730180244249      , -0.24914366600070298     
 -0.31371208200063910      , -0.26512918355277493      , -0.25331821830752771     
 -0.32870960612878730      , -0.28385282959556735      , -0.25907208303752821     
 -0.34483595449348603      , -0.30382761469181757      , -0.26638298299531660     
 -0.36263335358886600      , -0.32521379106320952      , -0.27524761149537930     
 -0.38261543011283372      , -0.34818260996592526      , -0.28568101558953890     
 -0.40522884953679583      , -0.37291656820932029      , -0.29771605884614949     
 -0.43083803764369483      , -0.39960969688581727      , -0.31140296518496530     
 -0.45971375922275515      , -0.42846780097640164      , -0.32680893569513642     
 -0.49201846729782139      , -0.45970854475326928      , -0.34401782048743806     
 -0.52780255944180166      , -0.49356125796539929      , -0.36312981686817919     
 -0.56703168078535637      , -0.53026631045188799      , -0.38426115281641809     
 -0.60965090364574082      , -0.57007386672513005      , -0.40754370016543978     
 -0.65566844119429590      , -0.61324178576453203      , -0.43312444421807728     
 -0.70522258016212913      , -0.66003237338925247      , -0.46116471487057925     
 -0.75859562252339108      , -0.71070762410160104      , -0.49183905773979042     
 -0.81616216500839267      , -0.76552250598750449      , -0.52533359135827784     
 -0.87829081618898885      , -0.82471574748206744      , -0.56184365743896569     
 -0.94523817581642122      , -0.88849748268377926      , -0.60157052509409392     
  -1.0170725781537857      , -0.95703301110356997      , -0.64471685702333670     
  -1.0936466207356279      ,  -1.0304218440011301      , -0.69148058764199649     
  -1.1746133476724463      ,  -1.1086711689674305      , -0.74204680358594444     
  -1.2594649496319805      ,  -1.1916629079707703      , -0.79657716295425818     
  -1.3475706689068505      ,  -1.2791137317463777      , -0.85519635278332806     
  -1.4381981340796413      ,  -1.3705278083744008      , -0.91797508300500474     
  -1.5305097341464637      ,  -1.4651428133852800      , -0.98490917658624821     
  -1.6235284637637166      ,  -1.5618709377351614      ,  -1.0558944769156287     
  -1.7160702834497588      ,  -1.6592384213378226      ,  -1.1306976022292721     
  -1.8066492339392257      ,  -1.7553295920387670      ,  -1.2089230872994532     
  -1.8933752400671839      ,  -1.8477444638281029      ,  -1.2899782167765024     
  -1.9738749930806734      ,  -1.9335823784575716      ,  -1.3730379039287575     
  -2.0452655561773865      ,  -2.0094673378281551      ,  -1.4570132840711101     
  -2.1041966331026307      ,  -2.0716324741702135      ,  -1.5405291632885045     
  -2.1469593079635585      ,  -2.1160799622598705      ,  -1.6219168435451898     
  -2.1696514907282158      ,  -2.1388267571723301      ,  -1.6992297223010837     
  -2.1684005393056980      ,  -2.1362343452227091      ,  -1.7702888766971601     
  -2.1396622699781211      ,  -2.1054020599515408      ,  -1.8327639813947796     
  -2.0806199286715898      ,  -2.0445807668991480      ,  -1.8842909353405151     
  -1.9896737937584734      ,  -1.9535423966589387      ,  -1.9226215166584080     
  -1.8669448636294821      ,  -1.8338290488603362      ,  -1.9457930344686416     
  -1.7146643073565280      ,  -1.6888114028237018      ,  -1.9522989358118306     
  -1.5373497589595007      ,  -1.5235141097589926      ,  -1.9412368422279591     
  -1.3417613251845188      ,  -1.3442120210571691      ,  -1.9124105565793181     
  -1.1366453791947915      ,  -1.1578532144471796      ,  -1.8663681352799042     
 -0.93213976977834878      , -0.97140576902449882      ,  -1.8043683566136113     
 -0.73861725374471854      , -0.79124071353522030      ,  -1.7282803210774276     
 -0.56493992816923466      , -0.62264865754680543      ,  -1.6404321365977033     
 -0.41657995203993625      , -0.46954913069346166      ,  -1.5434317569348321     
 -0.29454268175270082      , -0.33440429339267902      ,  -1.4399846537350298     
 -0.19593478208962467      , -0.21830781663064763      ,  -1.3327295467317848     
 -0.11598874460134634      , -0.12119519779513725      ,  -1.2241066936955947     
  -5.0268448598344395E-002 ,  -4.2115597683410992E-002 ,  -1.1162655197519116     
   4.1469028673032787E-003 ,   2.0486709436646308E-002 ,  -1.0110115465697123     
   4.8675260413949289E-002 ,   6.8517777469615099E-002 , -0.90978775496973741     
   8.3772924304815824E-002 ,  0.10402626193743578      , -0.81368293448099915     
  0.10945560794245533      ,  0.12904874663052246      , -0.72345890814728753     
  0.12579828733939394      ,  0.14550507020936551      , -0.63958917068628618     
  0.13339423980401396      ,  0.15513562773870865      , -0.56230283043951657     
  0.13355230046383182      ,  0.15947093878374241      , -0.49162931722975295     
  0.12821084564972812      ,  0.15982416769303215      , -0.42744079806285401     
  0.11963352797374525      ,  0.15729872395344635      , -0.36949047281843572     
  0.10985848735384025      ,  0.15280484568268940      , -0.31744585488358845     
  0.10011843838914995      ,  0.14708076104513482      , -0.27091679461893292     
   9.0660394414421724E-002 ,  0.14071543813105639      , -0.22947842460269577     
   8.1084104577366839E-002 ,  0.13417102251796589      , -0.19268945063371956     
   7.0938890949298741E-002 ,  0.12780384748378712      , -0.16010633292912446     
   6.0254280928487988E-002 ,  0.12188343978152048      , -0.13129393972555115     
   4.9721911864180263E-002 ,  0.11660929459036382      , -0.10583324203678925     
   4.0398374441524249E-002 ,  0.11212541045637760      ,  -8.3326575815892520E-002
   3.3163472942101493E-002 ,  0.10853270131855734      ,  -6.3400941043187109E-002
   2.8362487565436464E-002 ,  0.10589946947631626      ,  -4.5709745725188280E-002
   2.5830240289685065E-002 ,  0.10427015253733518      ,  -2.9933342086985087E-002
   2.5188794559258536E-002 ,  0.10367256371322282      ,  -1.5778645510833335E-002
   2.6187923390977374E-002 ,  0.10412383785823971      ,  -2.9780755577153233E-003
   2.8875964666869036E-002 ,  0.10563528140448651      ,   8.7119867305855848E-003
   3.3529587968210005E-002 ,  0.10821630655474181      ,   1.9513070123515407E-002
   4.0428764308752758E-002 ,  0.11187761099747581      ,   2.9626691293402192E-002
   4.9626964944009075E-002 ,  0.11663374533339807      ,   3.9236545986113792E-002
   6.0854536112290497E-002 ,  0.12250519210664432      ,   4.8510742915426050E-002
   7.3608583468296379E-002 ,  0.12952006322130361      ,   5.7604029240280456E-002
   8.7355472108163593E-002 ,  0.13771550677706540      ,   6.6659972083182917E-002
  0.10171889917006892      ,  0.14713890001021801      ,   7.5813073027227965E-002
  0.11656834439433485      ,  0.15784889200725963      ,   8.5190802334656729E-002
  0.13198834709684160      ,  0.16991634801598865      ,   9.4915547152699190E-002
  0.14817910901677905      ,  0.18342523629126711      ,  0.10510647354626416     
  0.16538624178458056      ,  0.19847348819084690      ,  0.11588130609579436     
  0.18390252047695330      ,  0.21517385232113451      ,  0.12735803123493067     
  0.20409273490197663      ,  0.23365475348327366      ,  0.13965653162546596     
  0.22638374927314364      ,  0.25406115644904970      ,  0.15290015875808619     
  0.25119866367280907      ,  0.27655542254615456      ,  0.16721724963564050     
  0.27884974102377330      ,  0.30131813284431563      ,  0.18274259076972924     
  0.30945277373021762      ,  0.32854883440907107      ,  0.19961882863850883     
  0.34293603598656136      ,  0.35846664439448767      ,  0.21799781994534886     
  0.37915362323080953      ,  0.39131061915952309      ,  0.23804190709181647     
  0.41804327465766461      ,  0.42733976025768178      ,  0.25992509369566286     
  0.45975000955798362      ,  0.46683248383084736      ,  0.28383408103491098     
  0.50466087144978977      ,  0.51008532201043177      ,  0.30996910807541045     
  0.55334197171448529      ,  0.55741055142552731      ,  0.33854451411498021     
  0.60641938109333371      ,  0.60913235169282998      ,  0.36978891269851522     
  0.66446437643346168      ,  0.66558098285394907      ,  0.40394482676344723     
  0.72792313092911998      ,  0.72708433304494668      ,  0.44126758626840140     
  0.79709037108482250      ,  0.79395602623684047      ,  0.48202322918040019     
  0.87210016186797923      ,  0.86647909879151963      ,  0.52648507335109662     
  0.95291684156122880      ,  0.94488406424180749      ,  0.57492854014299799     
   1.0393324989636692      ,   1.0293200115880103      ,  0.62762371220481183     
   1.1309818693391502      ,   1.1198172657769607      ,  0.68482500244872102     
   1.2273783174276356      ,   1.2162401498838087      ,  0.74675720953346603     
   1.3279590597992288      ,   1.3182286351005581      ,  0.81359715612049432     
   1.4321016003910960      ,   1.4251283035935616      ,  0.88545008151459337     
   1.5390669900221148      ,   1.5359092905780751      ,  0.96232003866968674     
   1.6478608809404749      ,   1.6490769691601981      ,   1.0440737963954980     
   1.7570522479004624      ,   1.7625803520093120      ,   1.1303982621456463     
   1.8646157846545020      ,   1.8737286770511576      ,   1.2207523257973252     
   1.9678585798666046      ,   1.9791323337539792      ,   1.3143153831750887     
   2.0634518566370970      ,   2.0746905761774594      ,   1.4099366878493840     
   2.1475354612164912      ,   2.1556539445227054      ,   1.5060920462594489     
   2.2158377743855850      ,   2.2167915023342668      ,   1.6008569537318578     
   2.2637769360131981      ,   2.2526884218042524      ,   1.6919075042317528     
   2.2865644683435278      ,   2.2581843870692953      ,   1.7765613825387028     
   2.2793904173520443      ,   2.2289354566246842      ,   1.8518697931255470     
   2.2377922631108595      ,   2.1620431645734275      ,   1.9147661847452768     
   2.1582656744616662      ,   2.0566529170936714      ,   1.9622686169821451     
   2.0390518746404496      ,   1.9143940614837531      ,   1.9917204286638490     
   1.8808806408873813      ,   1.7395340488428781      ,   2.0010411052933321     
   1.6874024537778409      ,   1.5387608201874197      ,   1.9889499507456627     
   1.4652375328250145      ,   1.3205875736851553      ,   1.9551235362441517     
   1.2238302632315683      ,   1.0944698721640391      ,   1.9002562817400708     
  0.97519536814308116      ,  0.86980197130440695      ,   1.8260108125278076     
  0.73317300065470103      ,  0.65498696600371087      ,   1.7348662255019947     
  0.51161717337972179      ,  0.45674402410833626      ,   1.6298915649064565     
  0.32141860087614527      ,  0.27974115223213653      ,   1.5144830970439576     
  0.16733815846547401      ,  0.12655500924438956      ,   1.3921050714225933     
   4.6846752062640558E-002 ,  -2.1093609545281568E-003 ,   1.2660659784698975     
  -4.7509418172605622E-002 , -0.10703999294361360      ,   1.1393497488246689     
 -0.12375902624597013      , -0.19008160102014149      ,   1.0145082306768012     
 -0.18729782043971083      , -0.25371953242299472      ,  0.89361081724419855     
 -0.24038936023588403      , -0.30073129688479561      ,  0.77824067797363217     
 -0.28344499321132355      , -0.33392454246025399      ,  0.66952453904332021     
 -0.31616465197867522      , -0.35596005720225277      ,  0.56818335328088643     
 -0.33822254458277368      , -0.36924698732802863      ,  0.47459326396003948     
 -0.35010317465072766      , -0.37589322082260024      ,  0.38884895656509771     
 -0.35353120306810187      , -0.37769423707262845      ,  0.31082411065795684     
 -0.35113979684077040      , -0.37614639022080093      ,  0.24022584882287670     
 -0.34605197888517553      , -0.37247398388673925      ,  0.17664171537082027     
 -0.34132419007074088      , -0.36766269850571237      ,  0.11957883348917736     
 -0.33892045312240743      , -0.36249455027626887      ,   6.8495581330194732E-002
 -0.33905448948991457      , -0.35758150586839088      ,   2.2826506073900316E-002
 -0.34061737624972388      , -0.35339622047587044      ,  -1.7998639778078043E-002
 -0.34218860469693496      , -0.35029923678836039      ,  -5.4540824849171811E-002
 -0.34300264668791802      , -0.34856251030891594      ,  -8.7341759806201569E-002
 -0.34355483553652144      , -0.34838942264384626      , -0.11691723052267909     
 -0.34537681627184164      , -0.34993159229674742      , -0.14375306250130479     
 -0.35000151115032352      , -0.35330285041969134      , -0.16830313786135651     
 -0.35804259149043216      , -0.35859075534454887      , -0.19098898192971681     
 -0.36907432154206199      , -0.36586599856871060      , -0.21220052210168877     
 -0.38214555806162820      , -0.37519002047089617      , -0.23229769598738090     
 -0.39650514876570847      , -0.38662111437854607      , -0.25161264904947012     
 -0.41208949237713721      , -0.40021925684407017      , -0.27045231471455861     
 -0.42948822857829266      , -0.41604986199587363      , -0.28910121329269922     
 -0.44954060230633547      , -0.43418661921318441      , -0.30782434099060302     
 -0.47287183049538517      , -0.45471353602796433      , -0.32687004780146445     
 -0.49961561897420947      , -0.47772627159494169      , -0.34647282392138790     
 -0.52948121849980812      , -0.50333280959024207      , -0.36685592925790400     
 -0.56206405138116922      , -0.53165348217388397      , -0.38823381009042951     
 -0.59713331379281598      , -0.56282031778690689      , -0.41081425140154459     
 -0.63476336911803433      , -0.59697564414214421      , -0.43480021307211597     
 -0.67528757487387514      , -0.63426983296738892      , -0.46039129315319621     
 -0.71908256533841808      , -0.67485802422642949      , -0.48778475182937375     
 -0.76636413367196832      , -0.71889561443919947      , -0.51717601545449898     
 -0.81720303667448124      , -0.76653223684161209      , -0.54875856116675947     
 -0.87167168855624888      , -0.81790390218311593      , -0.58272305918769784     
 -0.92993698651879186      , -0.87312291159351063      , -0.61925562236534037     
 -0.99224557034343008      , -0.93226510369459192      , -0.65853498173058778     
  -1.0587812585734606      , -0.99535396770232754      , -0.70072837453749337     
  -1.1294487641862108      ,  -1.0623411591474730      , -0.74598590049483626     
  -1.2037635075143300      ,  -1.1330830190770358      , -0.79443307761640658     
  -1.2809375244785477      ,  -1.2073128544503686      , -0.84616131890993951     
  -1.3600713763803656      ,  -1.2846090303135032      , -0.90121606603373261     
  -1.4403145150343588      ,  -1.3643594057596606      , -0.95958237131782331     
  -1.5209026498356197      ,  -1.4457233725700702      ,  -1.0211678349887090     
  -1.6010461265427369      ,  -1.5275937779192856      ,  -1.0857830039380234     
  -1.6797359367032207      ,  -1.6085623533591964      ,  -1.1531196477268890     
  -1.7555797462914777      ,  -1.6868938939161400      ,  -1.2227277695525685     
  -1.8267415098133601      ,  -1.7605161903145281      ,  -1.2939927958138346     
  -1.8909922244847699      ,  -1.8270343129837907      ,  -1.3661151039794051     
  -1.9458125619418978      ,  -1.8837787772127064      ,  -1.4380948387112886     
  -1.9884833661782897      ,  -1.9278966816365157      ,  -1.5087257139824952     
  -2.0161612667489881      ,  -1.9564922881605553      ,  -1.5766020145148025     
  -2.0259713046916823      ,  -1.9668179842404507      ,  -1.6401430354681412     
  -2.0151505868915072      ,  -1.9565078935156675      ,  -1.6976384459203631     
  -1.9812830277120903      ,  -1.9238352622592316      ,  -1.7473162883833551     
  -1.9226271106341035      ,  -1.8679631247608479      ,  -1.7874324592804500     
  -1.8384809532959283      ,  -1.7891488963989355      ,  -1.8163767754887499     
  -1.7295115722666654      ,  -1.6888613174542515      ,  -1.8327867172578691     
  -1.5979889750043255      ,  -1.5697756537403367      ,  -1.8356565804305158     
  -1.4478829244380376      ,  -1.4356308657342878      ,  -1.8244281277482193     
  -1.2847970933111186      ,  -1.2909575812169940      ,  -1.7990497282333926     
  -1.1156946619952011      ,  -1.1407118013422741      ,  -1.7599946421626305     
 -0.94831847400084257      , -0.98986866166433762      ,  -1.7082349636031091     
 -0.79023477858926228      , -0.84303727905915227      ,  -1.6451744759519611     
 -0.64761663366601063      , -0.70414998917810345      ,  -1.5725497021054149     
