   1.2156133991413482      ,   2.1229450724483714      ,   1.4655193661558268     
   2.0866537290780904      ,   2.1929852415350255      ,   1.5610585270229873     
   2.2572216110008592      ,   2.2400776937172493      ,   1.6539053462152871     
   2.2699285249502985      ,   2.2589017442634218      ,   1.7415228812149708     
   2.1818216022259613      ,   2.2447042742917840      ,   1.8210630112943438     
   2.0913319353002646      ,   2.1939089102960634      ,   1.8894909061409448     
   1.9983161683008936      ,   2.1047402225179983      ,   1.9437656688917380     
   1.9005718604693802      ,   1.9777454803439807      ,   1.9810672081207392     
   1.7845064360144676      ,   1.8160821072783706      ,   1.9990464820024860     
   1.6425807824870788      ,   1.6254624622894605      ,   1.9960649989817625     
   1.4699024362780857      ,   1.4137129629515430      ,   1.9713841858516696     
   1.2692157146980390      ,   1.1899972664110152      ,   1.9252693066812612     
   1.0519518037354072      ,  0.96384218103004549      ,   1.8589865037522069     
  0.83758885805658501      ,  0.74415591195967179      ,   1.7746919444430655     
  0.64599283357664550      ,  0.53842131673974125      ,   1.6752329415465239     
  0.48692939511956296      ,  0.35218728446955988      ,   1.5638959838847664     
  0.35698683589304547      ,  0.18889565376218667      ,   1.4441420266186100     
  0.24607902209643004      ,   5.0001978019320249E-002 ,   1.3193650556489360     
  0.14464844027064871      ,  -6.4700883798565631E-002 ,   1.1926989228874905     
   4.6931594394813272E-002 , -0.15666063759309845      ,   1.0668841267543117     
  -4.8539679880700057E-002 , -0.22813426990100699      ,  0.94419438639734021     
 -0.13965255268464613      , -0.28180797976757588      ,  0.82641469034470127     
 -0.22194465843678701      , -0.32049834109380249      ,  0.71485843581946695     
 -0.28996852010270363      , -0.34694074961631782      ,  0.61041059040920653     
 -0.33860993336505457      , -0.36365620077566646      ,  0.51358530372947420     
 -0.36436514146631277      , -0.37288048745330526      ,  0.42458891988492709     
 -0.36659228781878939      , -0.37653861886822665      ,  0.34338204425120999     
 -0.34852694322608774      , -0.37624917459232166      ,  0.26973670639260389     
 -0.31754398706275028      , -0.37334652660465156      ,  0.20328652779630416     
 -0.28406718881198356      , -0.36891220776140959      ,  0.14356912745924336     
 -0.25899717401682304      , -0.36380958762195265      ,   9.0060855130340983E-002
 -0.25045660208166992      , -0.35871823902491112      ,   4.2204439621893741E-002
 -0.26127326807372930      , -0.35416596004674755      ,  -5.6961569239652996E-004
 -0.28829890571856731      , -0.35055746826940914      ,  -3.8826978221081797E-002
 -0.32375862626013013      , -0.34819944144875398      ,  -7.3117879548269940E-002
 -0.35805360350089394      , -0.34732196114584557      , -0.10396913675487859     
 -0.38301323772868645      , -0.34809661831423416      , -0.13187907821838246     
 -0.39450808406242199      , -0.35065163044657438      , -0.15731475324318300     
 -0.39359812734986849      , -0.35508434474769440      , -0.18071090378070817     
 -0.38588970892782326      , -0.36147149037983400      , -0.20247026648446861     
 -0.37937328904478601      , -0.36987751301508459      , -0.22296485238673353     
 -0.38157760015102832      , -0.38036128702789984      , -0.24253791924495635     
 -0.39712284757566907      , -0.39298146021187508      , -0.26150640862046931     
 -0.42648787435108110      , -0.40780064560972051      , -0.28016366693359418     
 -0.46624368458349585      , -0.42488863596647064      , -0.29878230811027573     
 -0.51051650040263896      , -0.44432477860534586      , -0.31761710598075332     
 -0.55312667899454182      , -0.46619961183729980      , -0.33690782818834025     
 -0.58966995807154521      , -0.49061582772856122      , -0.35688194075595159     
 -0.61883419241231385      , -0.51768858938690709      , -0.37775712423213165     
 -0.64254116885105628      , -0.54754519301577265      , -0.39974354894277481     
 -0.66496796815297232      , -0.58032402491292434      , -0.42304585861538374     
 -0.69092214699413457      , -0.61617272046811900      , -0.44786480869756806     
 -0.72423090480869223      , -0.65524538527947807      , -0.47439849813077212     
 -0.76669674838755009      , -0.69769868729453444      , -0.50284312115890861     
 -0.81787384880845160      , -0.74368657348523226      , -0.53339314892254241     
 -0.87560328168806689      , -0.79335330605295495      , -0.56624082914757556     
 -0.93701948980931160      , -0.84682445416439756      , -0.60157486641105617     
 -0.99962960635675013      , -0.90419542278911047      , -0.63957811587315860     
  -1.0620820304708054      , -0.96551705894731876      , -0.68042409129601356     
  -1.1243884756711555      ,  -1.0307778612015503      , -0.72427205599499500     
  -1.1875984944344058      ,  -1.0998823509037625      , -0.77126043706710912     
  -1.2531372969327426      ,  -1.1726252724491224      , -0.82149828508863920     
  -1.3221048385763914      ,  -1.2486615134322572      , -0.87505450283288311     
  -1.3947795351117804      ,  -1.3274720230237296      , -0.93194460068929952     
  -1.4704370950888368      ,  -1.4083266142620134      , -0.99211482113025040     
  -1.5474626952987813      ,  -1.4902454189606513      ,  -1.0554236320282695     
  -1.6236489508234875      ,  -1.5719619618454443      ,  -1.1216208443547895     
  -1.6965451470326183      ,  -1.6518923291820697      ,  -1.1903249890188543     
  -1.7637492789286100      ,  -1.7281166388091584      ,  -1.2610001085055818     
  -1.8230923689769554      ,  -1.7983807511966154      ,  -1.3329337815139992     
  -1.8727189794456831      ,  -1.8601274883067285      ,  -1.4052189689836077     
  -1.9110901597182006      ,  -1.9105669316404634      ,  -1.4767430611370855     
  -1.9369268328778448      ,  -1.9467938643396794      ,  -1.5461881616983577     
  -1.9490980368325843      ,  -1.9659562972366709      ,  -1.6120469374818855     
  -1.9464590974399101      ,  -1.9654717519920386      ,  -1.6726580056065574     
  -1.9276597165566667      ,  -1.9432777608327523      ,  -1.7262635486630262     
  -1.8909638399583115      ,  -1.8980912374186156      ,  -1.7710894706649931     
  -1.8341530545541764      ,  -1.8296406962393050      ,  -1.8054450031124267     
  -1.7546318664608513      ,  -1.7388294866500131      ,  -1.8278346624583925     
  -1.6499132057525363      ,  -1.6277909378168240      ,  -1.8370716452890137     
  -1.5186830222907621      ,  -1.4998095542228083      ,  -1.8323791687938058     
  -1.3624877251820691      ,  -1.3591048903602743      ,  -1.8134659116009328     
  -1.1875870320061692      ,  -1.2105014823689850      ,  -1.7805641330966038     
  -1.0056843677867202      ,  -1.0590317642324893      ,  -1.7344240464755345     
 -0.83174215894400749      , -0.90953204853726333      ,  -1.6762645840380972     
 -0.67859600502890516      , -0.76629045839720311      ,  -1.6076872838821734     
 -0.55186912621548090      , -0.63279111119684861      ,  -1.5305650890616394     
 -0.44945648951116757      , -0.51157614327258938      ,  -1.4469203331926654     
 -0.36497987453861497      , -0.40422348056081997      ,  -1.3588058440310067     
 -0.29154958182144608      , -0.31141976406450217      ,  -1.2682004526181798     
 -0.22397817823301924      , -0.23309778801163680      ,  -1.1769262441082506     
 -0.15960587955723843      , -0.16860623877588951      ,  -1.0865906987991416     
  -9.8247463030552470E-002 , -0.11688420726929609      , -0.99855328422125944     
  -4.1607854156747552E-002 ,  -7.6620826960369842E-002 , -0.91391352682143312     
   7.5610364122629878E-003 ,  -4.6388750188870759E-002 , -0.83351620498294843     
   4.6328586625618583E-002 ,  -2.4747247274474339E-002 , -0.75796889974055193     
   7.2330556070630714E-002 ,  -1.0315729998428632E-002 , -0.68766743138630215     
   8.4338557950895732E-002 ,  -1.8214478280048640E-003 , -0.62282540323619306     
   8.2639884062575858E-002 ,   1.8736213420180853E-003 , -0.56350492439458066     
   6.9186415493450532E-002 ,   1.7615356216361129E-003 , -0.50964642339749555     
   4.7431663855515990E-002 ,  -1.3118115952818158E-003 , -0.46109619835676158     
   2.1790940777992582E-002 ,  -6.6396574477651698E-003 , -0.41763093670120399     
  -3.2333563560149915E-003 ,  -1.3643028666461270E-002 , -0.37897887546563841     
  -2.4056873635286958E-002 ,  -2.1857230537399887E-002 , -0.34483757807297111     
  -3.8829258588323493E-002 ,  -3.0917647516997382E-002 , -0.31488850072089442     
  -4.7768228576888186E-002 ,  -4.0545828998756465E-002 , -0.28880863680281205     
  -5.2888361708237089E-002 ,  -5.0536458215814865E-002 , -0.26627958437632082     
  -5.7222056800429445E-002 ,  -6.0745535952676205E-002 , -0.24699439830948178     
  -6.3798027271886937E-002 ,  -7.1079928829461902E-002 , -0.23066257968419340     
  -7.4700710007206669E-002 ,  -8.1488312368645233E-002 , -0.21701353068754367     
  -9.0483245757424197E-002 ,  -9.1953464011745173E-002 , -0.20579877078846398     
 -0.11008545164745126      , -0.10248581711414667      , -0.19679317430099824     
 -0.13125841501886965      , -0.11311816375377477      , -0.18979545356896593     
 -0.15134965662492442      , -0.12390138486828309      , -0.18462807785078555     
 -0.16819091004669287      , -0.13490108585741281      , -0.18113678659492613     
 -0.18079681741091444      , -0.14619502096295234      , -0.17918982768631697     
 -0.18965051964121823      , -0.15787119815256992      , -0.17867702656820605     
 -0.19649902058312935      , -0.17002656630521587      , -0.17950877083502106     
 -0.20375000875197183      , -0.18276619714175962      , -0.18161497674609636     
 -0.21369040236484124      , -0.19620288481528092      , -0.18494408884528565     
 -0.22779214857319341      , -0.21045709584136973      , -0.18946215116338330     
 -0.24632369450817163      , -0.22565721072115474      , -0.19515197798646983     
 -0.26837234602445931      , -0.24194000588268194      , -0.20201244354666020     
 -0.29224684205179191      , -0.25945133017162558      , -0.21005790288735099     
 -0.31611134318129452      , -0.27834693379168085      , -0.21931775023200070     
 -0.33863375268144064      , -0.29879340902458551      , -0.22983611610438576     
 -0.35943439008773381      , -0.32096920087564484      , -0.24167169986552495     
 -0.37919639527357285      , -0.34506564151254326      , -0.25489772989084503     
 -0.39942070072727420      , -0.37128795436713680      , -0.26960203892761031     
 -0.42193125643690571      , -0.39985616123761175      , -0.28588723682235340     
 -0.44831524476169787      , -0.43100580761439661      , -0.30387095630563832     
 -0.47949139113165273      , -0.46498839643186035      , -0.32368613929883611     
 -0.51553998713810056      , -0.50207138687697239      , -0.34548132058916198     
 -0.55582923056073996      , -0.54253757078717313      , -0.36942085189663620     
 -0.59937107471535922      , -0.58668358224765382      , -0.39568499136519159     
 -0.64526764689668137      , -0.63481722373640304      , -0.42446976021377292     
 -0.69308738218438437      , -0.68725320205339335      , -0.45598643837758396     
 -0.74304503467048622      , -0.74430675725310036      , -0.49046053302116105     
 -0.79593908768015742      , -0.80628453708180048      , -0.52813000635325302     
 -0.85289234008199033      , -0.87347191981658512      , -0.56924249093951840     
 -0.91500825802848684      , -0.94611582648685610      , -0.61405115097201413     
 -0.98307071816396951      ,  -1.0244019038421510      , -0.66280876718600912     
  -1.0573768646100006      ,  -1.1084248294944457      , -0.71575953398672687     
  -1.1377239782623536      ,  -1.1981504370039850      , -0.77312796625371349     
  -1.2235028763662210      ,  -1.2933684551491871      , -0.83510423251032928     
  -1.3138091845235083      ,  -1.3936350120537007      , -0.90182518174023896     
  -1.4074850691641732      ,  -1.4982048238685792      , -0.97335034643113805     
  -1.5030493013290958      ,  -1.6059543643073384      ,  -1.0496323335922244     
  -1.5985492532085761      ,  -1.7152995155211928      ,  -1.1304813258783022     
  -1.6914436852054309      ,  -1.8241144286973070      ,  -1.2155239907546520     
  -1.7786531144965725      ,  -1.9296626473165661      ,  -1.3041580287422825     
  -1.8568509392641444      ,  -2.0285567510694142      ,  -1.3955049591156097     
  -1.9229203022693135      ,  -2.1167681279727408      ,  -1.4883655626288721     
  -1.9743661898696114      ,  -2.1897124730225968      ,  -1.5811845732323351     
  -2.0094728871547236      ,  -2.2424368401855683      ,  -1.6720334281675850     
  -2.0271393991645033      ,  -2.2699274515027903      ,  -1.7586215675428791     
  -2.0264804726582644      ,  -2.2675410704442771      ,  -1.8383470568267553     
  -2.0063429955239704      ,  -2.2315354793862863      ,  -1.9083951718011813     
  -1.9648755390167976      ,  -2.1596393728573404      ,  -1.9658881976733313     
  -1.8992840495938850      ,  -2.0515673608482117      ,  -2.0080809159886481     
  -1.8059688651380934      ,  -1.9093654042820782      ,  -2.0325851947350984     
  -1.6813571730744854      ,  -1.7374802521795818      ,  -2.0375963442642169     
  -1.5237700926837883      ,  -1.5424908645419049      ,  -2.0220870557072868     
  -1.3362776980183608      ,  -1.3325138890316865      ,  -1.9859351503616736     
  -1.1294667071414335      ,  -1.1163770895205816      ,  -1.9299604824015189     
 -0.92160179579914392      , -0.90271463970216792      ,  -1.8558625427495614     
 -0.73308652120626372      , -0.69915333805288005      ,  -1.7660691607004873     
 -0.57641081554091333      , -0.51172455627362157      ,  -1.6635226118661581     
 -0.45074322182761878      , -0.34456902251457822      ,  -1.5514380456062040     
 -0.34642379002855261      , -0.19992742058226354      ,  -1.4330689555593126     
 -0.25259191795959285      ,  -7.8353635495356427E-002 ,  -1.3115070018535810     
 -0.16160599975821088      ,   2.0938678205007655E-002 ,  -1.1895322925370455     
  -7.0287730225385522E-002 ,   9.9683331970804839E-002 ,  -1.0695188846258392     
   2.0442517275449469E-002 ,  0.16018938887226788      , -0.95339135265482711     
  0.10671643185200634      ,  0.20502955102225520      , -0.84262287340932207     
  0.18315641745889966      ,  0.23680505324691808      , -0.73826321303702513     
  0.24423338065817696      ,  0.25798571518553559      , -0.64098540203572851     
  0.28541120831616196      ,  0.27081406721431378      , -0.55114169936627055     
  0.30415084841124473      ,  0.27725876812910116      , -0.46882179683512121     
  0.30081939330188256      ,  0.27900274777112255      , -0.39390850780487019     
  0.27931874989507460      ,  0.27745373025931797      , -0.32612810965688144     
  0.24700652142080298      ,  0.27376767687771925      , -0.26509396378805872     
  0.21348268054653780      ,  0.26887844999022875      , -0.21034304104239709     
  0.18825683118853745      ,  0.26352928555378896      , -0.16136561312245876     
  0.17803085659955262      ,  0.25830338361003830      , -0.11762872548202521     
  0.18473631670008236      ,  0.25365213339961845      ,  -7.8594230329419618E-002
  0.20515773761021822      ,  0.24992028571985089      ,  -4.3732198406493103E-002
  0.23224942297113702      ,  0.24736787928073103      ,  -1.2530495478973122E-002
  0.25761864869968665      ,  0.24618901419420672      ,   1.5498761649762946E-002
  0.27430382377663892      ,  0.24652771658972086      ,   4.0815242249198726E-002
  0.27895189248657615      ,  0.24849120507191619      ,   6.3848395057936713E-002
  0.27274924646198767      ,  0.25216088680275600      ,   8.4996947291091016E-002
  0.26085309309497906      ,  0.25760140041147883      ,  0.10462953672164868     
  0.25052506547683923      ,  0.26486799812752337      ,  0.12308617297080882     
  0.24862634084583041      ,  0.27401252828755540      ,  0.14068028317307485     
  0.25938390082199286      ,  0.28508824596383264      ,  0.15770114704959190     
  0.28318277164410816      ,  0.29815364605313538      ,  0.17441656789863064     
  0.31669466473280056      ,  0.31327548066923111      ,  0.19107565995241765     
  0.35419999803480762      ,  0.33053109129916319      ,  0.20791165978693618     
  0.38961985510561398      ,  0.35001015569947541      ,  0.22514469075587282     
  0.41856643007196626      ,  0.37181591944846470      ,  0.24298442539145085     
  0.43971990534515470      ,  0.39606595177792658      ,  0.26163260189036275     
  0.45508955085463781      ,  0.42289243397840254      ,  0.28128535757025835     
  0.46912971428245193      ,  0.45244195537173576      ,  0.30213534479742682     
  0.48709726047365853      ,  0.48487475552864823      ,  0.32437359347328226     
  0.51329128100550236      ,  0.52036331095555033      ,  0.34819107871969512     
  0.54979739116419923      ,  0.55909011875466963      ,  0.37377994279216353     
  0.59610128564009546      ,  0.60124447776365575      ,  0.40133430624077332     
  0.64959856675896754      ,  0.64701800872700355      ,  0.43105058462564538     
  0.70674417493638997      ,  0.69659858914627970      ,  0.46312720335904639     
  0.76440295099057820      ,  0.75016230682968776      ,  0.49776357426593426     
  0.82091487650473705      ,  0.80786296208517894      ,  0.53515816326300703     
  0.87651243621064967      ,  0.86981857845954313      ,  0.57550543970562862     
  0.93299998134734585      ,  0.93609432723212493      ,  0.61899145589766924     
  0.99290606048545960      ,   1.0066812497723858      ,  0.66578776291098896     
   1.0584984306519618      ,   1.0814702020791576      ,  0.71604333133576936     
   1.1310334205547756      ,   1.1602205871984252      ,  0.76987412117325282     
   1.2104430862401898      ,   1.2425237379106899      ,  0.82734994640491488     
   1.2954567626968072      ,   1.3277613327337383      ,  0.88847832494687062     
   1.3839990739305286      ,   1.4150600519922343      ,  0.95318511823163443     
   1.4736432101117340      ,   1.5032448850857092      ,   1.0212919774044968     
   1.5619320734989908      ,   1.5907951368249806      ,   1.0924909602993793     
   1.6464929461217639      ,   1.6758092336481305      ,   1.1663171991790231     
   1.7250081978498846      ,   1.7559867539213359      ,   1.2421212063624751     
   1.7951809655490809      ,   1.8286383484215454      ,   1.3190432973004009     
   1.8547970893475254      ,   1.8907357477549998      ,   1.3959936298273332     
   1.9018679133688370      ,   1.9390139414672936      ,   1.4716423658616045     
   1.9347453198563831      ,   1.9701347168167749      ,   1.5444252179966029     
   1.9521043948219650      ,   1.9809139931688384      ,   1.6125698074137198     
   1.9527690283995995      ,   1.9686042965658759      ,   1.6741474332865141     
   1.9354361939086802      ,   1.9312090665239734      ,   1.7271526879999526     
   1.8983935477099980      ,   1.8677898948641325      ,   1.7696097139064220     
   1.8393401633372966      ,   1.7787157727778797      ,   1.7996990584772179     
   1.7554514030010351      ,   1.6658004180897077      ,   1.8158938485468463     
   1.6438897340450476      ,   1.5322841264031259      ,   1.8170896522382194     
   1.5029966451426162      ,   1.3826410816817760      ,   1.8027103842661085     
   1.3342425209130151      ,   1.2222271300857113      ,   1.7727740487535097     
   1.1444365909677841      ,   1.0568173954948450      ,   1.7279072363722550     
  0.94665763287071769      ,  0.89210699497372936      ,   1.6693051785598141     
  0.75762946560220024      ,  0.73325371885859658      ,   1.5986429288824242     
  0.59126586174337981      ,  0.58452759738698601      ,   1.5179506812892458     
  0.45311460098516443      ,  0.44910440619877645      ,   1.4294706036630744     
  0.34061957493488232      ,  0.32900804302432490      ,   1.3355131575457599     
  0.24741662008464166      ,  0.22517975761350253      ,   1.2383281301111788     
  0.16716089390805680      ,  0.13763619500143201      ,   1.1400007631493552     
   9.5392636761767319E-002 ,   6.5674125912785541E-002 ,   1.0423779110055031     
   3.0043263850677383E-002 ,   8.0849226673441309E-003 ,  0.94702432864755492     
  -2.8786721326359732E-002 ,  -3.6647959318350160E-002 ,  0.85520570116662220     
  -7.9449931185504613E-002 ,  -7.0183985503209742E-002 ,  0.76789306686827385     
 -0.11956636114340197      ,  -9.4198889559875751E-002 ,  0.68578266487044659     
 -0.14687022465688376      , -0.11029539148430681      ,  0.60932557376670549     
 -0.15998188111952899      , -0.11994634888404937      ,  0.53876239312829344     
 -0.15902552160910349      , -0.12446374781749646      ,  0.47415931772987213     
 -0.14598910461381268      , -0.12498684092459350      ,  0.41544303521539272     
 -0.12468195673705670      , -0.12248351306069007      ,  0.36243281295299978     
 -0.10016952866957789      , -0.11776008759970902      ,  0.31486887817539688     
  -7.7715098896601664E-002 , -0.11147595722127562      ,  0.27243673610220331     
  -6.1495924777056829E-002 , -0.10416046098667439      ,  0.23478743889501760     
  -5.3535309748228226E-002 ,  -9.6230268745729916E-002 ,  0.20155404923322520     
  -5.3258617322378535E-002 ,  -8.8006169680094323E-002 ,  0.17236467135236386     
  -5.7845956601126909E-002 ,  -7.9728619465646910E-002 ,  0.14685248014890553     
  -6.3254657249202914E-002 ,  -7.1571715908854167E-002 ,  0.12466318963701144     
  -6.5560278212060494E-002 ,  -6.3655481380319207E-002 ,  0.10546038361411331     
  -6.2184710402861845E-002 ,  -5.6056462123818873E-002 ,   8.8929096525659293E-002
  -5.2643550066290373E-002 ,  -4.8816733180471229E-002 ,   7.4777989758615271E-002
  -3.8606385862658694E-002 ,  -4.1951440676735785E-002 ,   6.2740423449201291E-002
  -2.3270603774066024E-002 ,  -3.5455032936478358E-002 ,   5.2574679744355923E-002
  -1.0259940431768545E-002 ,  -2.9306336777311121E-002 ,   4.4063552248866676E-002
  -2.4166249506849826E-003 ,  -2.3472631137315080E-002 ,   3.7013479116549064E-002
  -8.9050688261906041E-004 ,  -1.7912860613176592E-002 ,   3.1253364298961861E-002
  -4.8155731437385480E-003 ,  -1.2580119031930273E-002 ,   2.6633202873642056E-002
  -1.1655048698074445E-002 ,  -7.4235194168164684E-003 ,   2.3022601941961349E-002
  -1.8074212217827897E-002 ,  -2.3895526643297050E-003 ,   2.0309267999732566E-002
  -2.1035209336295591E-002 ,   2.5769764294678002E-003 ,   1.8397514567913990E-002
  -1.8749332343682010E-002 ,   7.5323600723385788E-003 ,   1.7206829832404586E-002
  -1.1185908372929466E-002 ,   1.2533681512562971E-002 ,   1.6670532691262046E-002
   6.2460377959546874E-006 ,   1.7638739228033853E-002 ,   1.6734536573687991E-002
   1.2116128218102084E-002 ,   2.2906157954650883E-002 ,   1.7356233333978746E-002
   2.2307317580930748E-002 ,   2.8395651775810059E-002 ,   1.8503504123173291E-002
   2.8557830802178823E-002 ,   3.4168411947193139E-002 ,   2.0153860122593532E-002
   3.0297209677280709E-002 ,   4.0287598573695890E-002 ,   2.2293713141477826E-002
   2.8547310957551864E-002 ,   4.6818920772964574E-002 ,   2.4917774122068557E-002
   2.5542429092221236E-002 ,   5.3831294641373525E-002 ,   2.8028576376258642E-002
   2.3973016982919728E-002 ,   6.1397572269541886E-002 ,   3.1636119741692989E-002
   2.6113910398706738E-002 ,   6.9595338313741359E-002 ,   3.5757631659391192E-002
   3.3125338442293054E-002 ,   7.8507773281989768E-002 ,   4.0417441327286856E-002
   4.4745659399951718E-002 ,   8.8224584786854909E-002 ,   4.5646963479192816E-002
   5.9458081195060804E-002 ,   9.8843009576148722E-002 ,   5.1484788894276025E-002
   7.5058479518278778E-002 ,  0.11046889017470396      ,   5.7976879384914290E-002
   8.9425538849965472E-002 ,  0.12321783041693192      ,   6.5176865672310277E-002
  0.10123573934665089      ,  0.13721643393795990      ,   7.3146447170941875E-002
  0.11039290010480982      ,  0.15260362868110805      ,   8.1955893190802181E-002
  0.11804389825998607      ,  0.16953207845828508      ,   9.1684645344361937E-002
  0.12619204747524937      ,  0.18816967925929715      ,  0.10242202090719046     
  0.13705100986254087      ,  0.20870113291326453      ,  0.11426801639108988     
  0.15236228680346714      ,  0.23132958326445305      ,  0.12733420946757795     
  0.17290182277129071      ,  0.25627828942655712      ,  0.14174475538966241     
  0.19832850441070299      ,  0.28379229583655963      ,  0.15763747088302618     
  0.22740929104466567      ,  0.31414003829503662      ,  0.17516499368889293     
  0.25853295454007985      ,  0.34761479704822135      ,  0.19449599897351566     
  0.29033365292339902      ,  0.38453586975492132      ,  0.21581644392278115     
  0.32221381989137415      ,  0.42524928569696840      ,  0.23933079802753432     
  0.35459420503961653      ,  0.47012781380497676      ,  0.26526319755009375     
  0.38881587052903011      ,  0.51956992601299135      ,  0.29385843679191381     
  0.42674167326761309      ,  0.57399725820589576      ,  0.32538267396696935     
  0.47020914953802700      ,  0.63384995688781476      ,  0.36012368314484444     
  0.52053356443346388      ,  0.69957910375106158      ,  0.39839042277848546     
  0.57823251777500939      ,  0.77163516659707754      ,  0.44051161226904401     
  0.64305556025228072      ,  0.85045113084173762      ,  0.48683290717601213     
  0.71428822661293778      ,  0.93641862573563228      ,  0.53771213779833738     
  0.79119887704655101      ,   1.0298549921469877      ,  0.59351192318830193     
  0.87344297831668616      ,   1.1309588877514196      ,  0.65458879492291688     
  0.96125508003558746      ,   1.2397517747754763      ,  0.72127777049431474     
   1.0553407652239160      ,   1.3560026313389530      ,  0.79387112490455902     
   1.1564921226589882      ,   1.4791337050455708      ,  0.87258995955215146     
   1.2650352856241101      ,   1.6081064368808913      ,  0.95754712642466444     
   1.3802456296087320      ,   1.7412893019177593      ,   1.0487002384026967     
   1.4998615404224247      ,   1.8763138155898438      ,   1.1457940364240928     
   1.6198528848912712      ,   2.0099318942507094      ,   1.2482924930836636     
   1.7346568633026149      ,   2.1378973961878445      ,   1.3553029398616954     
   1.8380338719928615      ,   2.2549064777318151      ,   1.4654974099608737     
   1.9243522829958606      ,   2.3546433513064033      ,   1.5770403371301229     
   1.9896788276186252      ,   2.4299858367995242      ,   1.6875364451886767     
   2.0320666888608452      ,   2.4734218891438644      ,   1.7940172231606923     
   2.0509818335269192      ,   2.4777056673536721      ,   1.8929871604190438     
   2.0462872181404164      ,   2.4367331707699966      ,   1.9805495722426576     
   2.0172401875530408      ,   2.3465443731214122      ,   2.0526239233744605     
   1.9617819574780351      ,   2.2062768910334571      ,   2.1052507294668348     
   1.8763133653811181      ,   2.0188375363135775      ,   2.1349578202379615     
   1.7562463620984432      ,   1.7910618331619277      ,   2.1391383069182974     
   1.5977675154150639      ,   1.5332228917328097      ,   2.1163745456471621     
   1.4010573942937317      ,   1.2579174386146803      ,   2.0666422782241312     
   1.1742747119528363      ,  0.97854134297999718      ,   1.9913488137310020     
  0.93593985516670908      ,  0.70769136313762082      ,   1.8931943560315410     
  0.71120679197884762      ,  0.45583824664640421      ,   1.7758848688803412     
  0.51923101642126912      ,  0.23050927023430751      ,   1.6437546594339536     
  0.36208742248451953      ,   3.6050505143438528E-002 ,   1.5013681551015559     
  0.22880040238517727      , -0.12611607209068093      ,   1.3531623917873992     
  0.10674592965622645      , -0.25691646736808738      ,   1.2031709132144586     
  -1.1958927209913595E-002 , -0.35892099368569275      ,   1.0548452921163320     
 -0.12937741440190825      , -0.43566570606659138      ,  0.91096991287466522     
 -0.24273260014241532      , -0.49109073009665027      ,  0.77365276665340721     
 -0.34600512150851426      , -0.52913030916021508      ,  0.64436993400604248     
 -0.43163351183659959      , -0.55344944453988010      ,  0.52404215255857545     
 -0.49224663497855237      , -0.56730092427670731      ,  0.41312580382037600     
 -0.52260311941237869      , -0.57347008422848955      ,  0.31170564749703555     
 -0.52176023319493536      , -0.57427697668179878      ,  0.21958131569322537     
 -0.49494194379548601      , -0.57161183544461391      ,  0.13634331255018414     
 -0.45394327234612170      , -0.56698665329823184      ,   6.1436906494710515E-002
 -0.41485850875150987      , -0.56159171937918373      ,  -5.7860203865394491E-003
 -0.39320989084924307      , -0.55635054902165548      ,  -6.6026161440253139E-002
 -0.39862459228780728      , -0.55196980285759600      , -0.12000557659049557     
 -0.43179718979391135      , -0.54898280315761561      , -0.16844453580434451     
 -0.48488596147896734      , -0.54778643087851842      , -0.21204493240616626     
 -0.54477665749802218      , -0.54867180518917957      , -0.25147893945101157     
 -0.59788150603319912      , -0.55184942003972071      , -0.28738176978518815     
 -0.63478191235873038      , -0.55746948611134617      , -0.32034758760914694     
 -0.65306821285510919      , -0.56563819546380900      , -0.35092779030212551     
 -0.65744532655505972      , -0.57643054706452279      , -0.37963102752785310     
 -0.65728509180044425      , -0.58990027587016369      , -0.40692444907360542     
 -0.66281828294744416      , -0.60608733244994850      , -0.43323577496980942     
 -0.68160149404460435      , -0.62502327145361625      , -0.45895586375767139     
 -0.71650035401721990      , -0.64673482781757508      , -0.48444152011735980     
 -0.76554446012441346      , -0.67124588940194041      , -0.51001833407320762     
 -0.82330434216447457      , -0.69857801281065290      , -0.53598338297267722     
 -0.88312840352756350      , -0.72874957445346822      , -0.56260765637729260     
 -0.93945375665730724      , -0.76177360083665890      , -0.59013808461061679     
 -0.98941850000959941      , -0.79765428065106081      , -0.61879906548882424     
  -1.0332865009744396      , -0.83638212735544426      , -0.64879339212775489     
  -1.0737138847957655      , -0.87792773658273071      , -0.68030248910997815     
  -1.1143526810403197      , -0.92223407105529098      , -0.71348586628439714     
  -1.1584389476817791      , -0.96920721151846778      , -0.74847970091958682     
  -1.2078457701402763      ,  -1.0187055419305131      , -0.78539446213172392     
  -1.2627823660592816      ,  -1.0705273990196120      , -0.82431149933192061     
  -1.3220626045641513      ,  -1.1243973202013882      , -0.86527853247538133     
  -1.3837138997427372      ,  -1.1799511806106666      , -0.90830401053099619     
  -1.4456459832883848      ,  -1.2367207301277516      , -0.95335035097060483     
  -1.5061376571304388      ,  -1.2941183324021865      ,  -1.0003261428697443     
  -1.5640160664314873      ,  -1.3514230708375985      ,  -1.0490774950421622     
  -1.6185527940943445      ,  -1.4077698097463391      ,  -1.0993788430539364     
  -1.6692116103505703      ,  -1.4621432513207209      ,  -1.1509236968342043     
  -1.7154049074506681      ,  -1.5133794522476787      ,  -1.2033160107705185     
  -1.7563598992208884      ,  -1.5601775654106953      ,  -1.2560630796131806     
  -1.7911119855491406      ,  -1.6011246243680743      ,  -1.3085710842048905     
  -1.8185794228297130      ,  -1.6347358360637099      ,  -1.3601445955361895     
  -1.8376522639156865      ,  -1.6595119318158782      ,  -1.4099914444430315     
  -1.8472443648375336      ,  -1.6740135290221811      ,  -1.4572343171030444     
  -1.8462900874533827      ,  -1.6769501584963395      ,  -1.5009301808173732     
  -1.8336972038769817      ,  -1.6672787674971616      ,  -1.5400981306903612     
  -1.8082853397158765      ,  -1.6443034919369328      ,  -1.5737554593945751     
  -1.7687478431860302      ,  -1.6077659040101648      ,  -1.6009607280829263     
  -1.7136818867180557      ,  -1.5579135285661139      ,  -1.6208614663653091     
  -1.6417408318136357      ,  -1.4955348932514001      ,  -1.6327430334951276     
  -1.5519675640006496      ,  -1.4219521617279289      ,  -1.6360743587605571     
  -1.4443445854827586      ,  -1.3389674036710908      ,  -1.6305459717501778     
  -1.3205084269196543      ,  -1.2487650483012311      ,  -1.6160960912620492     
  -1.1843955851136554      ,  -1.1537797725597216      ,  -1.5929215969596866     
  -1.0423695906062509      ,  -1.0565444878607058      ,  -1.5614723340519292     
 -0.90235293874075762      , -0.95953593668434656      ,  -1.5224291288345679     
 -0.77197015414460213      , -0.86503506073693992      ,  -1.4766677720079291     
 -0.65656033173393580      , -0.77501596540308193      ,  -1.4252127180413876     
 -0.55821050456146426      , -0.69107193118611820      ,  -1.3691851115140485     
 -0.47616370942780034      , -0.61438085835291323      ,  -1.3097498964083438     
 -0.40799851361003531      , -0.54570708471447615      ,  -1.2480662595137457     
 -0.35082484084555421      , -0.48543260907053182      ,  -1.1852446890097597     
 -0.30212720188434666      , -0.43360875900124374      ,  -1.1223127313895014     
 -0.26020596149730474      , -0.39001913247825576      ,  -1.0601903307828902     
 -0.22428358171751844      , -0.35424575937535829      , -0.99967460534226515     
 -0.19436762906727556      , -0.32573229227028422      , -0.94143315192369736     
 -0.17096758871051865      , -0.30384011645547843      , -0.88600449845689855     
 -0.15475801825270985      , -0.28789518263124692      , -0.83380411625177198     
 -0.14626378528734202      , -0.27722489743748402      , -0.78513440532441636     
 -0.14561982978244581      , -0.27118548665555725      , -0.74019720831002611     
 -0.15243683438638037      , -0.26918090226847574      , -0.69910763092864081     
 -0.16578813943120765      , -0.27067465841662991      , -0.66190819981108051     
 -0.18431792712636097      , -0.27519604925744096      , -0.62858263694646577     
 -0.20645077263231870      , -0.28234211350831079      , -0.59906875283833150     
 -0.23065849853699028      , -0.29177653783712260      , -0.57327014725614533     
 -0.25572019227867626      , -0.30322648557970211      , -0.55106655451075470     
 -0.28090706300549001      , -0.31647813139018632      , -0.53232278152552437     
 -0.30604238870496780      , -0.33137149483996187      , -0.51689626622335638     
 -0.33142402027443496      , -0.34779500501769461      , -0.50464333648177084     
 -0.35763899871312643      , -0.36568009573819377      , -0.49542428169247349     
 -0.38533086600820576      , -0.38499602525408183      , -0.48910736481874190     
 -0.41498992769941806      , -0.40574503181382809      , -0.48557190700941305     
 -0.44682384791177543      , -0.42795787285999853      , -0.48471057270616202     
 -0.48073690930169238      , -0.45168974702394493      , -0.48643097339798735     
 -0.51641125961469092      , -0.47701656066061776      , -0.49065669468592232     
 -0.55345314859098849      , -0.50403147131716031      , -0.49732783551610799     
 -0.59155030199956105      , -0.53284161661660823      , -0.50640113126787600     
 -0.63058798595720877      , -0.56356491644376672      , -0.51784971444532857     
 -0.67068991922257737      , -0.59632681739133375      , -0.53166254835454352     
 -0.71217874802750347      , -0.63125682995497168      , -0.54784355050508726     
 -0.75547839727465338      , -0.66848469021474177      , -0.56641040358499717     
 -0.80099727197294324      , -0.70813595849571220      , -0.58739303269851206     
 -0.84903213232735331      , -0.75032684820996909      , -0.61083170811569854     
 -0.89971923832847711      , -0.79515806005460743      , -0.63677471314776146     
 -0.95303876204251647      , -0.84270738243510879      , -0.66527549721122536     
  -1.0088588083060133      , -0.89302081239096343      , -0.69638921528000819     
  -1.0669933385929156      , -0.94610195840523448      , -0.73016853783086644     
  -1.1272469042177375      ,  -1.0018995157737431      , -0.76665860183091661     
  -1.1894273036222165      ,  -1.0602926681694629      , -0.80589096597885568     
  -1.2533208227713304      ,  -1.1210743804092265      , -0.84787643615008990     
  -1.3186381107654004      ,  -1.1839327250420781      , -0.89259664507869874     
  -1.3849475867918384      ,  -1.2484306490633519      , -0.93999431056875693     
  -1.4516158211479930      ,  -1.3139849560736494      , -0.98996216730446873     
  -1.5177714971706360      ,  -1.3798457674096958      ,  -1.0423306780223585     
  -1.5823035571197395      ,  -1.4450783338110693      ,  -1.0968547897873986     
  -1.6438968108378236      ,  -1.5085497731547308      ,  -1.1532002176860552     
  -1.7011003837224541      ,  -1.5689240468697017      ,  -1.2109300134128256     
  -1.7524162502127760      ,  -1.6246691407812124      ,  -1.2694925020919510     
  -1.7963881314547110      ,  -1.6740808026929315      ,  -1.3282120238056812     
  -1.8316680976095145      ,  -1.7153270618634235      ,  -1.3862842519564700     
  -1.8570419399706128      ,  -1.7465168280709595      ,  -1.4427781088534570     
  -1.8714045824964638      ,  -1.7657938748848623      ,  -1.4966463657802502     
  -1.8736900090573771      ,  -1.7714543110066963      ,  -1.5467467920685003     
  -1.8627723817228259      ,  -1.7620813487078815      ,  -1.5918751048897211     
  -1.8373651959254760      ,  -1.7366862849086970      ,  -1.6308099101921392     
  -1.7959564789401286      ,  -1.6948400507549732      ,  -1.6623683407229719     
  -1.7368348843489290      ,  -1.6367767362150747      ,  -1.6854693344275800     
  -1.6582848283314027      ,  -1.5634504866980163      ,  -1.6991997322826975     
  -1.5590455287775262      ,  -1.4765310201841704      ,  -1.7028769857454698     
  -1.4390991956239430      ,  -1.3783307488594123      ,  -1.6961016460448777     
  -1.3007096801489648      ,  -1.2716669436537500      ,  -1.6787932562460715     
  -1.1493245836361283      ,  -1.1596733249467557      ,  -1.6512048610538417     
 -0.99358509328441347      ,  -1.0455842051320325      ,  -1.6139138845134358     
 -0.84370608069485709      , -0.93251858183882830      ,  -1.5677901395865363     
 -0.70848863898545011      , -0.82329035218042435      ,  -1.5139446234270537     
 -0.59270775407944409      , -0.72026464386512257      ,  -1.4536649478973556     
 -0.49659035386156741      , -0.62527101860698397      ,  -1.3883443792293637     
 -0.41723707537067062      , -0.53957446906770634      ,  -1.3194114175192606     
 -0.35058279301466011      , -0.46389691918436793      ,  -1.2482658107355322     
 -0.29289237521267597      , -0.39847670576091254      ,  -1.1762252245048130     
 -0.24157692225000577      , -0.34315158107041943      ,  -1.1044848893203174     
 -0.19545088970426072      , -0.29745160266351045      ,  -1.0340907775608119     
 -0.15459104706130172      , -0.26069089022894731      , -0.96592546022966486     
 -0.11994853660479524      , -0.23205059843253328      , -0.90070485909712150     
  -9.2856099144956877E-002 , -0.21064875873199193      , -0.83898363355433903     
  -7.4547403489889738E-002 , -0.19559537939723376      , -0.78116684156170324     
  -6.5765581184910632E-002 , -0.18603315816078411      , -0.72752567936784129     
  -6.6503204637116897E-002 , -0.18116536963129981      , -0.67821542530855661     
  -7.5898116443897753E-002 , -0.18027307394903186      , -0.63329409850843954     
  -9.2301580744943754E-002 , -0.18272393010137675      , -0.59274072934587274     
 -0.11351973647899702      , -0.18797475401396574      , -0.55647248585787767     
 -0.13719498019411888      , -0.19556967171577358      , -0.52436018980393284     
 -0.16124727064827030      , -0.20513537557731906      , -0.49624198298935779     
 -0.18426021551084917      , -0.21637465526718860      , -0.47193507244194055     
 -0.20569902762061651      , -0.22905907577723930      , -0.45124560031800964     
 -0.22589501568625051      , -0.24302142513539784      , -0.43397676066707219     
 -0.24580663758546517      , -0.25814835544495218      , -0.41993532984433485     
 -0.26663832317816816      , -0.27437348785925458      , -0.40893679872533489     
 -0.28943793637121451      , -0.29167113772052305      , -0.40080929976955437     
 -0.31479134130194064      , -0.31005073261561378      , -0.39539651574186374     
 -0.34269438310834727      , -0.32955193639568431      , -0.39255974355020584     
 -0.37262438446086427      , -0.35024045017466282      , -0.39217926911047751     
 -0.40377264119654493      , -0.37220443197803904      , -0.39415518944159794     
 -0.43535273736420194      , -0.39555145607950276      , -0.39840779768278439     
 -0.46688035828172575      , -0.42040591799337096      , -0.40487762625429907     
 -0.49833555018084585      , -0.44690677909479126      , -0.41352522341094500     
 -0.53016336338831549      , -0.47520553392195697      , -0.42433071913709575     
 -0.56312684586960515      , -0.50546427174952702      , -0.43729321766365337     
 -0.59807534202764812      , -0.53785369066681721      , -0.45243003565478301     
 -0.63571348600971023      , -0.57255090604011283      , -0.46977578700513067     
 -0.67644655805441767      , -0.60973687501055940      , -0.48938129681772835     
 -0.72034320541995300      , -0.64959323398722135      , -0.51131230806695893     
 -0.76721202790125620      , -0.69229831675282183      , -0.53564792425562802     
 -0.81675038296315960      , -0.73802208723464602      , -0.56247870966875946     
 -0.86870398466013232      , -0.78691968457225403      , -0.59190434535887448     
 -0.92297932847867548      , -0.83912324162272045      , -0.62403071376360286     
 -0.97967428366635423      , -0.89473160635231996      , -0.65896625826376010     
  -1.0390248451063901      , -0.95379757650101715      , -0.69681743709137578     
  -1.1012945359415713      ,  -1.0163122633497086      , -0.73768306581018306     
  -1.1666467979351109      ,  -1.0821862475180342      , -0.78164732251353786     
  -1.2350369556163368      ,  -1.1512273020640964      , -0.82877118020333218     
  -1.3061440453371422      ,  -1.2231146665016239      , -0.87908203927150175     
  -1.3793435088754216      ,  -1.2973701971690170      , -0.93256137033902720     
  -1.4537086679279552      ,  -1.3733272361202213      , -0.98913025796572596     
  -1.5280271405569925      ,  -1.4500987710790152      ,  -1.0486328760822481     
  -1.6008270719641655      ,  -1.5265474263521797      ,  -1.1108181454454200     
  -1.6704203379663023      ,  -1.6012610163540415      ,  -1.1753201399794371     
  -1.7349753837526265      ,  -1.6725387318242921      ,  -1.2416382341557344     
  -1.7926233266405027      ,  -1.7383943355206446      ,  -1.3091185144058646     
  -1.8415795626440095      ,  -1.7965837066088675      ,  -1.3769385845074287     
  -1.8802431703601044      ,  -1.8446642303873391      ,  -1.4440985090625240     
  -1.9072338576794516      ,  -1.8800923057294496      ,  -1.5094211411549825     
  -1.9213450046268477      ,  -1.9003620552261886      ,  -1.5715652975031595     
  -1.9214201295368583      ,  -1.9031827982302114      ,  -1.6290549666315841     
  -1.9061843264098279      ,  -1.8866851170226828      ,  -1.6803267568421569     
  -1.8740781286539865      ,  -1.8496363551116888      ,  -1.7237959816215145     
  -1.8231577765487106      ,  -1.7916380410675179      ,  -1.7579391792960299     
  -1.7511555720854346      ,  -1.7132726957006661      ,  -1.7813877595971110     
  -1.6558378991679004      ,  -1.6161684807156373      ,  -1.7930244250309093     
  -1.5358223817559906      ,  -1.5029588695350191      ,  -1.7920717886868647     
  -1.3919242887614767      ,  -1.3771305048812259      ,  -1.7781619623086107     
  -1.2287583130801605      ,  -1.2427725453127778      ,  -1.7513773102249932     
  -1.0556888901409562      ,  -1.1042599496768615      ,  -1.7122560386931081     
 -0.88568911955737528      , -0.96591582889212391      ,  -1.6617612036872165     
 -0.73139688213945564      , -0.83170052098099057      ,  -1.6012170039848961     
 -0.60037260404481552      , -0.70496700230654741      ,  -1.5322206851177955     
 -0.49325217240280561      , -0.58830656487150945      ,  -1.4565410779602899     
 -0.40570319295256391      , -0.48349030064061937      ,  -1.3760153333794944     
 -0.33169365353358699      , -0.39149578312941646      ,  -1.2924539848468182     
 -0.26590821313616131      , -0.31259772590773183      ,  -1.2075617072594529     
 -0.20493087710201716      , -0.24649732083023929      ,  -1.1228778477963137     
 -0.14752938788725883      , -0.19246644036208602      ,  -1.0397377047734631     
  -9.4358907042522588E-002 , -0.14948788969210711      , -0.95925310181428824     
  -4.7329228449630785E-002 , -0.11637925082458615      , -0.88230924416551371     
  -8.8524952196514517E-003 ,  -9.1893903499562668E-002 , -0.80957411805612767     
   1.8860749308541779E-002 ,  -7.4797586472046762E-002 , -0.74151662997261869     
   3.4366858774686204E-002 ,  -6.3922072050415557E-002 , -0.67843005825751912     
   3.7382957075764091E-002 ,  -5.8199293618304448E-002 , -0.62045799615403852     
   2.8985201634986940E-002 ,  -5.6679925827361408E-002 , -0.56762064194083117     
   1.1567192499376211E-002 ,  -5.8540348368154201E-002 , -0.51983993214592517     
  -1.1487420388226270E-002 ,  -6.3081452805168317E-002 , -0.47696256091195804     
  -3.6410755147199811E-002 ,  -6.9722116155089525E-002 , -0.43878036149152644     
  -5.9823283282184669E-002 ,  -7.7989515728857151E-002 , -0.40504784664213661     
  -7.9460574388849931E-002 ,  -8.7507878633341765E-002 , -0.37549692761449566     
  -9.4616623190465959E-002 ,  -9.7986779594274140E-002 , -0.34984897538591037     
 -0.10614917663309856      , -0.10920972673848564      , -0.32782447175601614     
 -0.11604644670296302      , -0.12102349597512529      , -0.30915053859972014     
 -0.12670468958330816      , -0.13332847406205278      , -0.29356664452594172     
 -0.14015111697455743      , -0.14607013108359065      , -0.28082877981958682     
 -0.15744573102061593      , -0.15923164952925400      , -0.27071237047079422     
 -0.17842498333495110      , -0.17282767687931797      , -0.26301417569665608     
 -0.20184172843796935      , -0.18689913183338283      , -0.25755338429269542     
 -0.22583935294264032      , -0.20150897378470639      , -0.25417209580375427     
 -0.24859911373594462      , -0.21673883553326737      , -0.25273534436015060     
 -0.26894712704313228      , -0.23268641671678922      , -0.25313079693558804     
 -0.28672438351425217      , -0.24946353727361886      , -0.25526823416466127     
 -0.30280874647853107      , -0.26719475444867991      , -0.25907890083227025     
 -0.31880088330029932      , -0.28601645195124986      , -0.26451479464037853     
 -0.33649936849256257      , -0.30607631475629160      , -0.27154794566341145     
 -0.35735264807701972      , -0.32753310681370912      , -0.28016972472774587     
 -0.38206872191871621      , -0.35055667081892139      , -0.29039020643681313     
 -0.41049694349741578      , -0.37532806847835753      , -0.30223760130804356     
 -0.44179936865828773      , -0.40203977563750370      , -0.31575776104721937     
 -0.47483478897098780      , -0.43089583842782897      , -0.33101375087482215     
 -0.50861442478517294      , -0.46211188333042980      , -0.34808547250654798     
 -0.54267265272419951      , -0.49591485471487706      , -0.36706931029059908     
 -0.57723416245984827      , -0.53254232681396518      , -0.38807776046718501     
 -0.61313722859655972      , -0.57224120193494643      , -0.41123898881699250     
 -0.65156152618335128      , -0.61526556162170254      , -0.43669624430404413     
 -0.69367360158053271      , -0.66187338119341854      , -0.46460703482419996     
 -0.74032032011638249      , -0.71232174967747208      , -0.49514194493394065     
 -0.79186835769709640      , -0.76686015654029704      , -0.52848294357277537     
 -0.84822404697113063      , -0.82572131529877424      , -0.56482099157809673     
 -0.90899955346286465      , -0.88910889631946843      , -0.60435271386681955     
 -0.97374256444797858      , -0.95718144561732144      , -0.64727584989268017     
  -1.0421319633190280      ,  -1.0300316888973573      , -0.69378314002236041     
  -1.1140634452252798      ,  -1.1076603862467747      , -0.74405424852281254     
  -1.1895957250542142      ,  -1.1899439527310121      , -0.79824527282869806     
  -1.2687794338164675      ,  -1.2765952520927344      , -0.85647535524582685     
  -1.3514265755968990      ,  -1.3671173852263221      , -0.91880991527361622     
  -1.4368890223706596      ,  -1.4607510350535038      , -0.98524008462433921     
  -1.5239050599066437      ,  -1.5564171138177354      ,  -1.0556580887928402     
  -1.6105558134535465      ,  -1.6526582029154728      ,  -1.1298286242713289     
  -1.6943552675949531      ,  -1.7475846497656911      ,  -1.2073567810173433     
  -1.7724730594519098      ,  -1.8388341462472721      ,  -1.2876538045436170     
  -1.8420493612701156      ,  -1.9235568958115867      ,  -1.3699030094540989     
  -1.9005142170591265      ,  -1.9984414754470683      ,  -1.4530294256971485     
  -1.9458021330085298      ,  -2.0597981597360326      ,  -1.5356781714554506     
  -1.9763843398140988      ,  -2.1037152903137084      ,  -1.6162078635177315     
  -1.9911116345831301      ,  -2.1262985059202357      ,  -1.6927062008074754     
  -1.9889237506878412      ,  -2.1239908924464261      ,  -1.7630346532475247     
  -1.9685083104244099      ,  -2.0939542405694795      ,  -1.8249073791125396     
  -1.9279969985143286      ,  -2.0344698460352229      ,  -1.8760056647451384     
  -1.8648043772509513      ,  -1.9452969176045305      ,  -1.9141233645507050     
  -1.7757746316174317      ,  -1.8279153874829066      ,  -1.9373317682185185     
  -1.6578930930785829      ,  -1.6855855241203963      ,  -1.9441455890870691     
  -1.5098361177505712      ,  -1.5231832073349167      ,  -1.9336674312105187     
  -1.3343382711254783      ,  -1.3468136481388202      ,  -1.9056880830014979     
  -1.1405308652084738      ,  -1.1632561703974931      ,  -1.8607252165892612     
 -0.94420292269655515      , -0.97933229922058140      ,  -1.7999928104286804     
 -0.76351453039928807      , -0.80130503042066714      ,  -1.7253055011865772     
 -0.61093753847220855      , -0.63440384938197447      ,  -1.6389329214769353     
 -0.48809416301173214      , -0.48253394132337513      ,  -1.5434260887480573     
 -0.38817100175184299      , -0.34818283590830196      ,  -1.4414396800717835     
 -0.30184791579542725      , -0.23249812814134732      ,  -1.3355709038006018     
 -0.22150755814690593      , -0.13548555971593074      ,  -1.2282293332833776     
 -0.14291058781334318      ,  -5.6269906219155272E-002 ,  -1.1215446562215881     
  -6.5338774291309687E-002 ,   6.6318975710786821E-003 ,  -1.0173126590833490     
   9.0977013251592395E-003 ,   5.5061524558877140E-002 , -0.91697499538263172     
   7.6569461674743045E-002 ,   9.1014157251776917E-002 , -0.82162566727776609     
  0.13270876876441218      ,  0.11648438835860699      , -0.73203639435533829     
  0.17363976884565252      ,  0.13336077817771405      , -0.64869359043157415     
  0.19680978112177655      ,  0.14336166147433382      , -0.57184093095123456     
  0.20165273729150590      ,  0.14800295290998974      , -0.50152299788620158     
  0.19004595856643394      ,  0.14858893126008563      , -0.43762692591034791     
  0.16638526098216883      ,  0.14621829166196354      , -0.37992018122204974     
  0.13704269127309934      ,  0.14179943589764171      , -0.32808352909402183     
  0.10911031508648517      ,  0.13607060347492927      , -0.28173890008174274     
   8.8675104268713181E-002 ,  0.12962183015824019      , -0.24047229154001515     
   7.9208060416337919E-002 ,  0.12291679566143585      , -0.20385209363802392     
   8.0704104681979180E-002 ,  0.11631340530896644      , -0.17144335712803233     
   8.9914781317554343E-002 ,  0.11008249150981247      , -0.14281856471464840     
  0.10157788775288981      ,  0.10442437711713656      , -0.11756546009112379     
  0.11020012243139554      ,   9.9483265975480822E-002 ,  -9.5292450698742537E-002
  0.11180334029631367      ,   9.5359557810579046E-002 ,  -7.5632046969053610E-002
  0.10510792813086461      ,   9.2120256097234787E-002 ,  -5.8242741815565935E-002
   9.1828794251701013E-002 ,   8.9807670522331809E-002 ,  -4.2809675278040152E-002
   7.6019720254372619E-002 ,   8.8446624947945987E-002 ,  -2.9044373790967137E-002
   6.2681691664316419E-002 ,   8.8050377067792895E-002 ,  -1.6683803224649796E-002
   5.6098130440158919E-002 ,   8.8625443418063860E-002 ,  -5.4889303017962065E-003
   5.8462315230492452E-002 ,   9.0175506903978228E-002 ,   4.7570517042281801E-003
   6.9245579244618063E-002 ,   9.2704565893845861E-002 ,   1.4250710197358178E-002
   8.5479710505817208E-002 ,   9.6219465629758111E-002 ,   2.3170478593267770E-002
  0.10282043322859266      ,  0.10073193503900983      ,   3.1678808289697137E-002
  0.11701524251012611      ,  0.10626023546901686      ,   3.9924315065625528E-002
  0.12528228941617556      ,  0.11283051264599034      ,   4.8043883403733036E-002
  0.12715675172376986      ,  0.12047792935848968      ,   5.6164704860415256E-002
  0.12455389796951183      ,  0.12924764397219127      ,   6.4406236612651963E-002
  0.12105894280430737      ,  0.13919568879702723      ,   7.2882074089193616E-002
  0.12070391229591547      ,  0.15038979239713457      ,   8.1701737491125151E-002
  0.12665538649488040      ,  0.16291018095003260      ,   9.0972376317400280E-002
  0.14024985289468336      ,  0.17685038546522014      ,  0.10080039897459114     
  0.16067256787137130      ,  0.19231807375030874      ,  0.11129303635303416     
  0.18535033076243956      ,  0.20943591808758993      ,  0.12255984902471209     
  0.21090077447792940      ,  0.22834250119983526      ,  0.13471418753482758     
  0.23431012836069587      ,  0.24919325368583059      ,  0.14787461413054032     
  0.25394534608397207      ,  0.27216140501006614      ,  0.16216629213985403     
  0.27007172779601163      ,  0.29743891648856235      ,  0.17772234594660688     
  0.28472294735543718      ,  0.32523734746483168      ,  0.19468518987864572     
  0.30099439004381739      ,  0.35578858369275485      ,  0.21320781800241143     
  0.32202581439531158      ,  0.38934532818804513      ,  0.23345503833546014     
  0.35003472902014487      ,  0.42618121744158366      ,  0.25560462372991749     
  0.38572252794959228      ,  0.46659037743175252      ,  0.27984833683908750     
  0.42822721891373738      ,  0.51088617139247883      ,  0.30639276713294245     
  0.47560552667319694      ,  0.55939881143258230      ,  0.33545989260639347     
  0.52565525308208394      ,  0.61247140525082377      ,  0.36728724609690205     
  0.57678067721509152      ,  0.67045388387585647      ,  0.40212752422049775     
  0.62859418918948995      ,  0.73369410400377422      ,  0.44024742390437027     
  0.68204966610804030      ,  0.80252523878664739      ,  0.48192542541007199     
  0.73908680187678388      ,  0.87724836805713469      ,  0.52744816004763362     
  0.80195565678068825      ,  0.95810896533412482      ,  0.57710490493869326     
  0.87250073254059812      ,   1.0452657805728223      ,  0.63117963775002872     
  0.95166608343005099      ,   1.1387504820354777      ,  0.68993996663175328     
   1.0393565242292100      ,   1.2384164273482181      ,  0.75362213632406572     
   1.1346222201725609      ,   1.3438752066554114      ,  0.82241122208398265     
   1.2359972849680430      ,   1.4544203201472676      ,  0.89641559472431365     
   1.3417692061062096      ,   1.5689387609178072      ,  0.97563482829485038     
   1.4500105562291383      ,   1.6858136658766292      ,   1.0599205065801458     
   1.5583586298919507      ,   1.8028248692118054      ,   1.1489299706560232     
   1.6637231243720176      ,   1.9170593339240956      ,   1.2420740599845279     
   1.7622223200095868      ,   2.0248499264203508      ,   1.3384614507544750     
   1.8495637844398896      ,   2.1217681005363196      ,   1.4368443490931841     
   1.9217749863811597      ,   2.2027020523138305      ,   1.5355729780716709     
   1.9758745899417294      ,   2.2620538223631388      ,   1.6325691829374855     
   2.0100770976734390      ,   2.2940825631095625      ,   1.7253318865775926     
   2.0234488348201856      ,   2.2934025096515773      ,   1.8109879719485740     
   2.0152400668175297      ,   2.2556108582566328      ,   1.8864000927656583     
   1.9841845805218150      ,   2.1779756365249536      ,   1.9483366994347122     
   1.9279854763656172      ,   2.0600674067786091      ,   1.9936988387326597     
   1.8431777016165651      ,   1.9041894755754216      ,   2.0197843039439829     
   1.7256476365586346      ,   1.7154692943814802      ,   2.0245557812127513     
   1.5722058972949300      ,   1.5015302430138926      ,   2.0068705581414674     
   1.3834431890126750      ,   1.2717598040209583      ,   1.9666297015238157     
   1.1672621631277953      ,   1.0362971825751546      ,   1.9048163682796677     
  0.94086982743338898      ,  0.80493991239132967      ,   1.8234138682300103     
  0.72723504231675506      ,  0.58618396610125834      ,   1.7252181534258575     
  0.54424127474337447      ,  0.38656124625243360      ,   1.6135790714816123     
  0.39536691582540695      ,  0.21034630813473335      ,   1.4921143988777912     
  0.27230005291475629      ,   5.9608695163686748E-002 ,   1.3644388805009304     
  0.16394146357799619      ,  -6.5479933137011226E-002 ,   1.2339398472094227     
   6.2176774892236497E-002 , -0.16620055027530495      ,   1.1036162944159156     
  -3.6556485456276447E-002 , -0.24481000764352695      ,  0.97598429919751772     
 -0.13163958336808171      , -0.30410886996064257      ,  0.85304136147876719     
 -0.21939776668118785      , -0.34709476490187574      ,  0.73627664433751827     
 -0.29449169265771136      , -0.37671289195006802      ,  0.62671257737338548     
 -0.35133703612460687      , -0.39569614814294074      ,  0.52496455981118595     
 -0.38550762661120447      , -0.40647782964416257      ,  0.43130818574931273     
 -0.39514919351477512      , -0.41115746707718875      ,  0.34574645755035577     
 -0.38225565100267045      , -0.41150210621487715      ,  0.26807221390270930     
 -0.35332033389041867      , -0.40896890310199524      ,  0.19792318892810590     
 -0.31866430912790283      , -0.40473875859198022      ,  0.13482868670199558     
 -0.29006770905662443      , -0.39975409662649936      ,   7.8247876867343358E-002
 -0.27729340379951761      , -0.39475651542952789      ,   2.7600314319150377E-002
 -0.28499362741159046      , -0.39032191242298492      ,  -1.7710416716385423E-002
 -0.31139967167796861      , -0.38689192741735651      ,  -5.8278932325788971E-002
 -0.34925137145957075      , -0.38480132170628584      ,  -9.4685166360762144E-002
 -0.38850136045077571      , -0.38430135678688487      , -0.12748546907213734     
 -0.41979226414334148      , -0.38557946906189577      , -0.15720688788408219     
 -0.43751666356204366      , -0.38877563790933228      , -0.18434394603443194     
 -0.44146131795481253      , -0.39399586905819672      , -0.20935734501658584     
 -0.43654326563921564      , -0.40132319833040991      , -0.23267411661505247     
 -0.43079935480314735      , -0.41082658358391927      , -0.25468883757681537     
 -0.43243446598872781      , -0.42256800707019559      , -0.27576559431625691     
 -0.44708463201324383      , -0.43660806267782115      , -0.29624044721241904     
 -0.47624691455032925      , -0.45301025559336150      , -0.31642419513785502     
 -0.51723659670522526      , -0.47184419680003337      , -0.33660528206910106     
 -0.56448301390856792      , -0.49318783156868379      , -0.35705272011539529     
 -0.61163225010509958      , -0.51712879917563415      , -0.37801892807114496     
 -0.65372718232080440      , -0.54376497977004823      , -0.39974240249018106     
 -0.68872094135132411      , -0.57320424278403181      , -0.42245014997122587     
 -0.71783982526944190      , -0.60556336871600913      , -0.44635981535506558     
 -0.74477897487036404      , -0.64096607180850518      , -0.47168144125200534     
 -0.77416599686183130      , -0.67954000459510544      , -0.49861879002709569     
 -0.80994784984180213      , -0.72141257642418488      , -0.52737015029433365     
 -0.85427171083048270      , -0.76670536747726248      , -0.55812853633776005     
 -0.90714221054322863      , -0.81552686917319506      , -0.59108117101442681     
 -0.96682209242225270      , -0.86796323453109814      , -0.62640812116689004     
  -1.0307169018762734      , -0.92406668383501045      , -0.66427993038313904     
  -1.0963735072461116      , -0.98384119101453216      , -0.70485406880495360     
  -1.1622295858018361      ,  -1.0472250883707017      , -0.74826999640014280     
  -1.2278802405873015      ,  -1.1140702913966432      , -0.79464261903395428     
  -1.2938407670455172      ,  -1.1841179882630797      , -0.84405391227026083     
  -1.3609839923525859      ,  -1.2569708943107780      , -0.89654250528706636     
  -1.4299207355481680      ,  -1.3320625811600497      , -0.95209106900782137     
  -1.5005520083493953      ,  -1.4086249955284553      ,  -1.0106114543405447     
  -1.5719058830757238      ,  -1.4856561204709910      ,  -1.0719276969676881     
  -1.6422503395356176      ,  -1.5618908147046162      ,  -1.1357572641826892     
  -1.7093877234843957      ,  -1.6357791596741007      ,  -1.2016912837629112     
  -1.7710011077390764      ,  -1.7054780339848252      ,  -1.2691749722667758     
  -1.8249379007888287      ,  -1.7688628873783263      ,  -1.3374900584707226     
  -1.8693670482970122      ,  -1.8235674200729917      ,  -1.4057416326856329     
  -1.9028036181184189      ,  -1.8670585584756816      ,  -1.4728524544807782     
  -1.9240306616701337      ,  -1.8967521385750084      ,  -1.5375681751794532     
  -1.9319566192836901      ,  -1.9101705150628026      ,  -1.5984769812271005     
  -1.9254407863071950      ,  -1.9051366868038477      ,  -1.6540466183546458     
  -1.9031160694501503      ,  -1.8799909029060546      ,  -1.7026804229180070     
  -1.8632470185555075      ,  -1.8338064567641899      ,  -1.7427917898376235     
  -1.8036867875381166      ,  -1.7665738233804884      ,  -1.7728935811366489     
  -1.7220410724662110      ,  -1.6793193399910480      ,  -1.7916957382361516     
  -1.6161968110619092      ,  -1.5741287994909499      ,  -1.7982014834472844     
  -1.4853711467388129      ,  -1.4540585711738296      ,  -1.7917907942460058     
  -1.3316595528191146      ,  -1.3229355864692047      ,  -1.7722800115972297     
  -1.1615812527914531      ,  -1.1850684983651558      ,  -1.7399488134297523     
 -0.98641243662028844      ,  -1.0449098261764556      ,  -1.6955300711564372     
 -0.81985860356898721      , -0.90671780055009554      ,  -1.6401634518064443     
 -0.67323404654517360      , -0.77426443399857336      ,  -1.5753188259838156     
 -0.55136147895819021      , -0.65062418559314306      ,  -1.5026994293425207     
 -0.45240504849809970      , -0.53805960856055846      ,  -1.4241365517228026     
 -0.37082421973298663      , -0.43800192017994610      ,  -1.3414871510683963     
 -0.30053125631420902      , -0.35111004356225739      ,  -1.2565436330226010     
 -0.23681555995274436      , -0.27738372851379317      ,  -1.1709618668190174     
 -0.17711807785439890      , -0.21630490680726164      ,  -1.0862101432000582     
 -0.12103835105749153      , -0.16698485479310698      ,  -1.0035388660824414     
  -6.9860308286205416E-002 , -0.12830075441590932      , -0.92396866930221366     
  -2.5831552739304403E-002 ,  -9.9011800828282467E-002 , -0.84829344980179178     
   8.5990135542427029E-003 ,  -7.7850703932708876E-002 , -0.77709439787087953     
   3.1446293246163486E-002 ,  -6.3590613793592488E-002 , -0.71076127246323817     
   4.1695039627978839E-002 ,  -5.5090083998159803E-002 , -0.64951768650273467     
   3.9623371882805528E-002 ,  -5.1319928652182122E-002 , -0.59344783846858606     
   2.6911023333357525E-002 ,  -5.1376111790610725E-002 , -0.54252281249798806     
   6.4799722370738992E-003 ,  -5.4482506497482014E-002 , -0.49662518528688282     
  -1.7965957433203103E-002 ,  -5.9986771525834218E-002 , -0.45557118450738321     
  -4.2654869118402827E-002 ,  -6.7351918144290771E-002 , -0.41913003141958882     
  -6.4550192641880375E-002 ,  -7.6145498697450006E-002 , -0.38704037906701927     
  -8.2000282178444184E-002 ,  -8.6027798752510112E-002 , -0.35902394463510756     
  -9.5012454853968711E-002 ,  -9.6739974650656230E-002 , -0.33479655016284376     
 -0.10505508142261935      , -0.10809274326090544      , -0.31407684844854894     
 -0.11445834164394079      , -0.11995598579839001      , -0.29659303637498741     
 -0.12561571478259612      , -0.13224945471734162      , -0.28208785835243927     
 -0.14023773351841964      , -0.14493465480064185      , -0.27032218738771446     
 -0.15887403259806449      , -0.15800789211005009      , -0.26107744707156139     
 -0.18082614022248039      , -0.17149443591142843      , -0.25415710912940392     
 -0.20445511916783671      , -0.18544371031143450      , -0.24938747116086327     
 -0.22777267399957102      , -0.19992541770844602      , -0.24661788975310234     
 -0.24911903145242453      , -0.21502649063002746      , -0.24572061646105828     
 -0.26770524327627254      , -0.23084876878264615      , -0.24659035883437774     
 -0.28384735144508494      , -0.24750730180244249      , -0.24914366600070298     
 -0.29883015055106910      , -0.26512918355277493      , -0.25331821830752771     
 -0.31446705990860513      , -0.28385282959556735      , -0.25907208303752821     
 -0.33252130729107898      , -0.30382761469181757      , -0.26638298299531660     
 -0.35418825689755323      , -0.32521379106320952      , -0.27524761149537930     
 -0.37980274157705801      , -0.34818260996592526      , -0.28568101558953890     
 -0.40884899371053396      , -0.37291656820932029      , -0.29771605884614949     
 -0.44024781066619956      , -0.39960969688581727      , -0.31140296518496530     
 -0.47280820134405377      , -0.42846780097640164      , -0.32680893569513642     
 -0.50568360848479399      , -0.45970854475326928      , -0.34401782048743806     
 -0.53868003035838585      , -0.49356125796539929      , -0.36312981686817919     
 -0.57232290047833212      , -0.53026631045188799      , -0.38426115281641809     
 -0.60767980312320691      , -0.57007386672513005      , -0.40754370016543978     
 -0.64602223417466675      , -0.61324178576453203      , -0.43312444421807728     
 -0.68845868514565300      , -0.66003237338925247      , -0.46116471487057925     
 -0.73566731428535326      , -0.71070762410160104      , -0.49183905773979042     
 -0.78780648827815469      , -0.76552250598750449      , -0.52533359135827784     
 -0.84460949953999298      , -0.82471574748206744      , -0.56184365743896569     
 -0.90560376320375813      , -0.88849748268377926      , -0.60157052509409392     
 -0.97035647405244529      , -0.95703301110356997      , -0.64471685702333670     
  -1.0386485535347660      ,  -1.0304218440011301      , -0.69148058764199649     
  -1.1105138003320869      ,  -1.1086711689674305      , -0.74204680358594444     
  -1.1861343228031536      ,  -1.1916629079707703      , -0.79657716295425818     
  -1.2656331945523649      ,  -1.2791137317463777      , -0.85519635278332806     
  -1.3488318999264093      ,  -1.3705278083744008      , -0.91797508300500474     
  -1.4350392493308908      ,  -1.4651428133852800      , -0.98490917658624821     
  -1.5229207759767740      ,  -1.5618709377351614      ,  -1.0558944769156287     
  -1.6104784589629901      ,  -1.6592384213378226      ,  -1.1306976022292721     
  -1.6951562564600269      ,  -1.7553295920387670      ,  -1.2089230872994532     
  -1.7740689538660666      ,  -1.8477444638281029      ,  -1.2899782167765024     
  -1.8443173034971401      ,  -1.9335823784575716      ,  -1.3730379039287575     
  -1.9033064809113269      ,  -2.0094673378281551      ,  -1.4570132840711101     
  -1.9489603085205720      ,  -2.0716324741702135      ,  -1.5405291632885045     
  -1.9797520685963661      ,  -2.1160799622598705      ,  -1.6219168435451898     
  -1.9945428908474494      ,  -2.1388267571723301      ,  -1.6992297223010837     
  -1.9922836865209137      ,  -2.1362343452227091      ,  -1.7702888766971601     
  -1.9716654332105041      ,  -2.1054020599515408      ,  -1.8327639813947796     
  -1.9308077636410819      ,  -2.0445807668991480      ,  -1.8842909353405151     
  -1.8670940183821274      ,  -1.9535423966589387      ,  -1.9226215166584080     
  -1.7773224254319764      ,  -1.8338290488603362      ,  -1.9457930344686416     
  -1.6584370816904896      ,  -1.6888114028237018      ,  -1.9522989358118306     
  -1.5091176965869120      ,  -1.5235141097589926      ,  -1.9412368422279591     
  -1.3321989893366615      ,  -1.3442120210571691      ,  -1.9124105565793181     
  -1.1370394829388428      ,  -1.1578532144471796      ,  -1.8663681352799042     
 -0.93973082936973185      , -0.97140576902449882      ,  -1.8043683566136113     
 -0.75863171510247407      , -0.79124071353522030      ,  -1.7282803210774276     
 -0.60611345041503739      , -0.62264865754680543      ,  -1.6404321365977033     
 -0.48345070774704829      , -0.46954913069346166      ,  -1.5434317569348321     
 -0.38349530211184502      , -0.33440429339267902      ,  -1.4399846537350298     
 -0.29676535170415319      , -0.21830781663064763      ,  -1.3327295467317848     
 -0.21565071703000049      , -0.12119519779513725      ,  -1.2241066936955947     
 -0.13603093376896916      ,  -4.2115597683410992E-002 ,  -1.1162655197519116     
  -5.7361992315076507E-002 ,   2.0486709436646308E-002 ,  -1.0110115465697123     
   1.8064763922373550E-002 ,   6.8517777469615099E-002 , -0.90978775496973741     
   8.6266935933502695E-002 ,  0.10402626193743578      , -0.81368293448099915     
  0.14277019678674802      ,  0.12904874663052246      , -0.72345890814728753     
  0.18364623955826798      ,  0.14550507020936551      , -0.63958917068628618     
  0.20635236873051804      ,  0.15513562773870865      , -0.56230283043951657     
  0.21040809308643643      ,  0.15947093878374241      , -0.49162931722975295     
  0.19786137589508526      ,  0.15982416769303215      , -0.42744079806285401     
  0.17335192589375092      ,  0.15729872395344635      , -0.36949047281843572     
  0.14352079394363193      ,  0.15280484568268940      , -0.31744585488358845     
  0.11567373874336617      ,  0.14708076104513482      , -0.27091679461893292     
   9.5974878110050302E-002 ,  0.14071543813105639      , -0.22947842460269577     
   8.7796611136511521E-002 ,  0.13417102251796589      , -0.19268945063371956     
   9.0885451797358657E-002 ,  0.12780384748378712      , -0.16010633292912446     
  0.10167513231009942      ,  0.12188343978152048      , -0.13129393972555115     
  0.11461866995093369      ,  0.11660929459036382      , -0.10583324203678925     
  0.12405957785684289      ,  0.11212541045637760      ,  -8.3326575815892520E-002
  0.12602566798787068      ,  0.10853270131855734      ,  -6.3400941043187109E-002
  0.11940665677247946      ,  0.10589946947631626      ,  -4.5709745725188280E-002
  0.10619352271581055      ,  0.10427015253733518      ,  -2.9933342086985087E-002
   9.0731128227854327E-002 ,  0.10367256371322282      ,  -1.5778645510833335E-002
   7.8228959812908630E-002 ,  0.10412383785823971      ,  -2.9780755577153233E-003
   7.3028855473915091E-002 ,  0.10563528140448651      ,   8.7119867305855848E-003
   7.7220158708053863E-002 ,  0.10821630655474181      ,   1.9513070123515407E-002
   9.0052003661722904E-002 ,  0.11187761099747581      ,   2.9626691293402192E-002
  0.10829673124769852      ,  0.11663374533339807      ,   3.9236545986113792E-002
  0.12740293825950838      ,  0.12250519210664432      ,   4.8510742915426050E-002
  0.14303274051344272      ,  0.12952006322130361      ,   5.7604029240280456E-002
  0.15246800446492781      ,  0.13771550677706540      ,   6.6659972083182917E-002
  0.15543362106001904      ,  0.14713890001021801      ,   7.5813073027227965E-002
  0.15409509739840407      ,  0.15784889200725963      ,   8.5190802334656729E-002
  0.15226321184017363      ,  0.16991634801598865      ,   9.4915547152699190E-002
  0.15409706813283219      ,  0.18342523629126711      ,  0.10510647354626416     
  0.16275707681794119      ,  0.19847348819084690      ,  0.11588130609579436     
  0.17945574567752742      ,  0.21517385232113451      ,  0.12735803123493067     
  0.20319306926440087      ,  0.23365475348327366      ,  0.13965653162546596     
  0.23122467992622320      ,  0.25406115644904970      ,  0.15290015875808619     
  0.26007934971639957      ,  0.27655542254615456      ,  0.16721724963564050     
  0.28677483344084254      ,  0.30131813284431563      ,  0.18274259076972924     
  0.30982401239674545      ,  0.32854883440907107      ,  0.19961882863850883     
  0.32970293725222738      ,  0.35846664439448767      ,  0.21799781994534886     
  0.34864476269962280      ,  0.39131061915952309      ,  0.23804190709181647     
  0.36986044889073677      ,  0.42733976025768178      ,  0.25992509369566286     
  0.39648366024614590      ,  0.46683248383084736      ,  0.28383408103491098     
  0.43061870075301745      ,  0.51008532201043177      ,  0.30996910807541045     
  0.47280787663879859      ,  0.55741055142552731      ,  0.33854451411498021     
  0.52206672638581153      ,  0.60913235169282998      ,  0.36978891269851522     
  0.57643583884691474      ,  0.66558098285394907      ,  0.40394482676344723     
  0.63382909012013500      ,  0.72708433304494668      ,  0.44126758626840140     
  0.69286389035964435      ,  0.79395602623684047      ,  0.48202322918040019     
  0.75337303302468261      ,  0.86647909879151963      ,  0.52648507335109662     
  0.81642693683511613      ,  0.94488406424180749      ,  0.57492854014299799     
  0.88389441828304582      ,   1.0293200115880103      ,  0.62762371220481183     
  0.95774935894157776      ,   1.1198172657769607      ,  0.68482500244872102     
   1.0394031225468325      ,   1.2162401498838087      ,  0.74675720953346603     
   1.1292818161010274      ,   1.3182286351005581      ,  0.81359715612049432     
   1.2267208628919979      ,   1.4251283035935616      ,  0.88545008151459337     
   1.3300995294159501      ,   1.5359092905780751      ,  0.96232003866968674     
   1.4370552490263411      ,   1.6490769691601981      ,   1.0440737963954980     
   1.5446377365220103      ,   1.7625803520093120      ,   1.1303982621456463     
   1.6493779987761052      ,   1.8737286770511576      ,   1.2207523257973252     
   1.7473879609179406      ,   1.9791323337539792      ,   1.3143153831750887     
   1.8346479756369742      ,   2.0746905761774594      ,   1.4099366878493840     
   1.9074972109673789      ,   2.1556539445227054      ,   1.5060920462594489     
   1.9631125775932627      ,   2.2167915023342668      ,   1.6008569537318578     
   1.9996858219171258      ,   2.2526884218042524      ,   1.6919075042317528     
   2.0161809368707693      ,   2.2581843870692953      ,   1.7765613825387028     
   2.0117909758909254      ,   2.2289354566246842      ,   1.8518697931255470     
   1.9853147932390831      ,   2.1620431645734275      ,   1.9147661847452768     
   1.9346518661564232      ,   2.0566529170936714      ,   1.9622686169821451     
   1.8565959381489918      ,   1.9143940614837531      ,   1.9917204286638490     
   1.7471803473033345      ,   1.7395340488428781      ,   2.0010411052933321     
   1.6029483159108773      ,   1.5387608201874197      ,   1.9889499507456627     
   1.4234513366462924      ,   1.3205875736851553      ,   1.9551235362441517     
   1.2146357194132424      ,   1.0944698721640391      ,   1.9002562817400708     
  0.99136330584020915      ,  0.86980197130440695      ,   1.8260108125278076     
  0.77549003407335837      ,  0.65498696600371087      ,   1.7348662255019947     
  0.58669819129573531      ,  0.45674402410833626      ,   1.6298915649064565     
  0.43208119555257507      ,  0.27974115223213653      ,   1.5144830970439576     
  0.30582311210475766      ,  0.12655500924438956      ,   1.3921050714225933     
  0.19726358483362461      ,  -2.1093609545281568E-003 ,   1.2660659784698975     
   9.7509288734876173E-002 , -0.10703999294361360      ,   1.1393497488246689     
   1.7862449686013721E-003 , -0.19008160102014149      ,   1.0145082306768012     
  -9.0522237780686299E-002 , -0.25371953242299472      ,  0.89361081724419855     
 -0.17677305152356831      , -0.30073129688479561      ,  0.77824067797363217     
 -0.25233757549060287      , -0.33392454246025399      ,  0.66952453904332021     
 -0.31196309907545527      , -0.35596005720225277      ,  0.56818335328088643     
 -0.35110725341089682      , -0.36924698732802863      ,  0.47459326396003948     
 -0.36724985574146124      , -0.37589322082260024      ,  0.38884895656509771     
 -0.36111328452296876      , -0.37769423707262845      ,  0.31082411065795684     
 -0.33745989808467552      , -0.37614639022080093      ,  0.24022584882287670     
 -0.30488885560297974      , -0.37247398388673925      ,  0.17664171537082027     
 -0.27416366693178429      , -0.36766269850571237      ,  0.11957883348917736     
 -0.25528413891944068      , -0.36249455027626887      ,   6.8495581330194732E-002
 -0.25440929488474040      , -0.35758150586839088      ,   2.2826506073900316E-002
 -0.27200681094566553      , -0.35339622047587044      ,  -1.7998639778078043E-002
 -0.30298253666396319      , -0.35029923678836039      ,  -5.4540824849171811E-002
 -0.33865155602684122      , -0.34856251030891594      ,  -8.7341759806201569E-002
 -0.36978486663531823      , -0.34838942264384626      , -0.11691723052267909     
 -0.38967395977977604      , -0.34993159229674742      , -0.14375306250130479     
 -0.39620770684321033      , -0.35330285041969134      , -0.16830313786135651     
 -0.39232180003223877      , -0.35859075534454887      , -0.19098898192971681     
 -0.38472344856190732      , -0.36586599856871060      , -0.21220052210168877     
 -0.38139196474281883      , -0.37519002047089617      , -0.23229769598738090     
 -0.38882277799741205      , -0.38662111437854607      , -0.25161264904947012     
 -0.41002840835993309      , -0.40021925684407017      , -0.27045231471455861     
 -0.44389114094554422      , -0.41604986199587363      , -0.28910121329269922     
 -0.48590846118975145      , -0.43418661921318441      , -0.30782434099060302     
 -0.52996062334445315      , -0.45471353602796433      , -0.32687004780146445     
 -0.57047063572501444      , -0.47772627159494169      , -0.34647282392138790     
 -0.60421869433786224      , -0.50333280959024207      , -0.36685592925790400     
 -0.63120433750323868      , -0.53165348217388397      , -0.38823381009042951     
 -0.65432489062734833      , -0.56282031778690689      , -0.41081425140154459     
 -0.67810172427641213      , -0.59697564414214421      , -0.43480021307211597     
 -0.70702259168306669      , -0.63426983296738892      , -0.46039129315319621     
 -0.74413485878171548      , -0.67485802422642949      , -0.48778475182937375     
 -0.79032773160667624      , -0.71889561443919947      , -0.51717601545449898     
 -0.84442513731322733      , -0.76653223684161209      , -0.54875856116675947     
 -0.90392943217697441      , -0.81790390218311593      , -0.58272305918769784     
 -0.96607831876521311      , -0.87312291159351063      , -0.61925562236534037     
  -1.0288160235248041      , -0.93226510369459192      , -0.65853498173058778     
  -1.0913471931647525      , -0.99535396770232754      , -0.70072837453749337     
  -1.1541295068547379      ,  -1.0623411591474730      , -0.74598590049483626     
  -1.2183949485325360      ,  -1.1330830190770358      , -0.79443307761640658     
  -1.2854557733467213      ,  -1.2073128544503686      , -0.84616131890993951     
  -1.3560781921199356      ,  -1.2846090303135032      , -0.90121606603373261     
  -1.4301143018558267      ,  -1.3643594057596606      , -0.95958237131782331     
  -1.5064462378409140      ,  -1.4457233725700702      ,  -1.0211678349887090     
  -1.5831825587792288      ,  -1.5275937779192856      ,  -1.0857830039380234     
  -1.6579855509812498      ,  -1.6085623533591964      ,  -1.1531196477268890     
  -1.7284032202323074      ,  -1.6868938939161400      ,  -1.2227277695525685     
  -1.7921199473860472      ,  -1.7605161903145281      ,  -1.2939927958138346     
  -1.8470981437961247      ,  -1.8270343129837907      ,  -1.3661151039794051     
  -1.8916253823709066      ,  -1.8837787772127064      ,  -1.4380948387112886     
  -1.9242903525239974      ,  -1.9278966816365157      ,  -1.5087257139824952     
  -1.9438995825352547      ,  -1.9564922881605553      ,  -1.5766020145148025     
  -1.9493395785731318      ,  -1.9668179842404507      ,  -1.6401430354681412     
  -1.9393964699512694      ,  -1.9565078935156675      ,  -1.6976384459203631     
  -1.9125628941674453      ,  -1.9238352622592316      ,  -1.7473162883833551     
  -1.8668859227758454      ,  -1.8679631247608479      ,  -1.7874324592804500     
  -1.7999461817265898      ,  -1.7891488963989355      ,  -1.8163767754887499     
  -1.7091133705662842      ,  -1.6888613174542515      ,  -1.8327867172578691     
  -1.5922762084415987      ,  -1.5697756537403367      ,  -1.8356565804305158     
  -1.4492061258562576      ,  -1.4356308657342878      ,  -1.8244281277482193     
  -1.2834174266491505      ,  -1.2909575812169940      ,  -1.7990497282333926     
  -1.1037092564885509      ,  -1.1407118013422741      ,  -1.7599946421626305     
 -0.92375396960129275      , -0.98986866166433762      ,  -1.7082349636031091     
 -0.75827649806518571      , -0.84303727905915227      ,  -1.6451744759519611     
 -0.61719151365683644      , -0.70414998917810345      ,  -1.5725497021054149     
