   1.2270178148785242      ,   2.1229450724483714      ,   1.4655193661558268     
   2.1073910048908098      ,   2.1929852415350255      ,   1.5610585270229873     
   2.2752428443490711      ,   2.2400776937172493      ,   1.6539053462152871     
   2.2854857446605195      ,   2.2589017442634218      ,   1.7415228812149708     
   2.1968749559423659      ,   2.2447042742917840      ,   1.8210630112943438     
   2.1062856650120416      ,   2.1939089102960634      ,   1.8894909061409448     
   2.0134447782198297      ,   2.1047402225179983      ,   1.9437656688917380     
   1.9158398066049600      ,   1.9777454803439807      ,   1.9810672081207392     
   1.7997820395273283      ,   1.8160821072783706      ,   1.9990464820024860     
   1.6576025902624629      ,   1.6254624622894605      ,   1.9960649989817625     
   1.4842514456887006      ,   1.4137129629515430      ,   1.9713841858516696     
   1.2821893970104143      ,   1.1899972664110152      ,   1.9252693066812612     
   1.0625149434645880      ,  0.96384218103004549      ,   1.8589865037522069     
  0.84456856094503863      ,  0.74415591195967179      ,   1.7746919444430655     
  0.64856471982154074      ,  0.53842131673974125      ,   1.6752329415465239     
  0.48504968534679294      ,  0.35218728446955988      ,   1.5638959838847664     
  0.35136210626252440      ,  0.18889565376218667      ,   1.4441420266186100     
  0.23783804046857848      ,   5.0001978019320249E-002 ,   1.3193650556489360     
  0.13505938056806349      ,  -6.4700883798565631E-002 ,   1.1926989228874905     
   3.7219820143605364E-002 , -0.15666063759309845      ,   1.0668841267543117     
  -5.7329831109884981E-002 , -0.22813426990100699      ,  0.94419438639734021     
 -0.14675783747081483      , -0.28180797976757588      ,  0.82641469034470127     
 -0.22692896872584445      , -0.32049834109380249      ,  0.71485843581946695     
 -0.29271987675199684      , -0.34694074961631782      ,  0.61041059040920653     
 -0.33931692868441438      , -0.36365620077566646      ,  0.51358530372947420     
 -0.36349878272616359      , -0.37288048745330526      ,  0.42458891988492709     
 -0.36489178438648801      , -0.37653861886822665      ,  0.34338204425120999     
 -0.34695309367389943      , -0.37624917459232166      ,  0.26973670639260389     
 -0.31714624966169996      , -0.37334652660465156      ,  0.20328652779630416     
 -0.28574105515136605      , -0.36891220776140959      ,  0.14356912745924336     
 -0.26319034255043477      , -0.36380958762195265      ,   9.0060855130340983E-002
 -0.25695317919530453      , -0.35871823902491112      ,   4.2204439621893741E-002
 -0.26917247335224809      , -0.35416596004674755      ,  -5.6961569239652996E-004
 -0.29622423505433820      , -0.35055746826940914      ,  -3.8826978221081797E-002
 -0.33024825107032657      , -0.34819944144875398      ,  -7.3117879548269940E-002
 -0.36201661542454966      , -0.34732196114584557      , -0.10396913675487859     
 -0.38410142257782565      , -0.34809661831423416      , -0.13187907821838246     
 -0.39326833771885616      , -0.35065163044657438      , -0.15731475324318300     
 -0.39133085436933929      , -0.35508434474769440      , -0.18071090378070817     
 -0.38423131613902151      , -0.36147149037983400      , -0.20247026648446861     
 -0.37973430944379527      , -0.36987751301508459      , -0.22296485238673353     
 -0.38464681525066169      , -0.38036128702789984      , -0.24253791924495635     
 -0.40262378439968016      , -0.39298146021187508      , -0.26150640862046931     
 -0.43326407836415121      , -0.40780064560972051      , -0.28016366693359418     
 -0.47263399680404383      , -0.42488863596647064      , -0.29878230811027573     
 -0.51489798934026343      , -0.44432477860534586      , -0.31761710598075332     
 -0.55444724004587354      , -0.46619961183729980      , -0.33690782818834025     
 -0.58778401245871903      , -0.49061582772856122      , -0.35688194075595159     
 -0.61451875849964743      , -0.51768858938690709      , -0.37775712423213165     
 -0.63719068658169720      , -0.54754519301577265      , -0.39974354894277481     
 -0.66009175420762167      , -0.58032402491292434      , -0.42304585861538374     
 -0.68763947033803174      , -0.61617272046811900      , -0.44786480869756806     
 -0.72294278768716236      , -0.65524538527947807      , -0.47439849813077212     
 -0.76702771861466568      , -0.69769868729453444      , -0.50284312115890861     
 -0.81887308194715980      , -0.74368657348523226      , -0.53339314892254241     
 -0.87611402590780030      , -0.79335330605295495      , -0.56624082914757556     
 -0.93608098927316152      , -0.84682445416439756      , -0.60157486641105617     
 -0.99677223759989730      , -0.90419542278911047      , -0.63957811587315860     
  -1.0574213693429904      , -0.96551705894731876      , -0.68042409129601356     
  -1.1185078720913972      ,  -1.0307778612015503      , -0.72427205599499500     
  -1.1812947583932882      ,  -1.0998823509037625      , -0.77126043706710912     
  -1.2471470320573519      ,  -1.1726252724491224      , -0.82149828508863920     
  -1.3169143139709878      ,  -1.2486615134322572      , -0.87505450283288311     
  -1.3905676868462238      ,  -1.3274720230237296      , -0.93194460068929952     
  -1.4671409715516648      ,  -1.4083266142620134      , -0.99211482113025040     
  -1.5449108747858875      ,  -1.4902454189606513      ,  -1.0554236320282695     
  -1.6216925755860194      ,  -1.5719619618454443      ,  -1.1216208443547895     
  -1.6951309113249677      ,  -1.6518923291820697      ,  -1.1903249890188543     
  -1.7629161313028519      ,  -1.7281166388091584      ,  -1.2610001085055818     
  -1.8229137389396439      ,  -1.7983807511966154      ,  -1.3329337815139992     
  -1.8732326628445428      ,  -1.8601274883067285      ,  -1.4052189689836077     
  -1.9122508085970471      ,  -1.9105669316404634      ,  -1.4767430611370855     
  -1.9385930905193698      ,  -1.9467938643396794      ,  -1.5461881616983577     
  -1.9510464560393324      ,  -1.9659562972366709      ,  -1.6120469374818855     
  -1.9484102463324078      ,  -1.9654717519920386      ,  -1.6726580056065574     
  -1.9293064090300263      ,  -1.9432777608327523      ,  -1.7262635486630262     
  -1.8920001199437149      ,  -1.8980912374186156      ,  -1.7710894706649931     
  -1.8343098004337102      ,  -1.8296406962393050      ,  -1.8054450031124267     
  -1.7537275167806887      ,  -1.7388294866500131      ,  -1.8278346624583925     
  -1.6479227715095841      ,  -1.6277909378168240      ,  -1.8370716452890137     
  -1.5158106168134717      ,  -1.4998095542228083      ,  -1.8323791687938058     
  -1.3591973616742590      ,  -1.3591048903602743      ,  -1.8134659116009328     
  -1.1845201537360981      ,  -1.2105014823689850      ,  -1.7805641330966038     
  -1.0034129333621098      ,  -1.0590317642324893      ,  -1.7344240464755345     
 -0.83043527746900403      , -0.90953204853726333      ,  -1.6762645840380972     
 -0.67787105089857913      , -0.76629045839720311      ,  -1.6076872838821734     
 -0.55102090438490980      , -0.63279111119684861      ,  -1.5305650890616394     
 -0.44785533565435143      , -0.51157614327258938      ,  -1.4469203331926654     
 -0.36231879881821072      , -0.40422348056081997      ,  -1.3588058440310067     
 -0.28788405492767705      , -0.31141976406450217      ,  -1.2682004526181798     
 -0.21965349854490385      , -0.23309778801163680      ,  -1.1769262441082506     
 -0.15514173805924419      , -0.16860623877588951      ,  -1.0865906987991416     
  -9.4213223137478930E-002 , -0.11688420726929609      , -0.99855328422125944     
  -3.8512017483408947E-002 ,  -7.6620826960369842E-002 , -0.91391352682143312     
   9.3506207859738386E-003 ,  -4.6388750188870759E-002 , -0.83351620498294843     
   4.6629509173823698E-002 ,  -2.4747247274474339E-002 , -0.75796889974055193     
   7.1161964903166758E-002 ,  -1.0315729998428632E-002 , -0.68766743138630215     
   8.1916351766625900E-002 ,  -1.8214478280048640E-003 , -0.62282540323619306     
   7.9352161476501967E-002 ,   1.8736213420180853E-003 , -0.56350492439458066     
   6.5543150471479988E-002 ,   1.7615356216361129E-003 , -0.50964642339749555     
   4.3982369138095778E-002 ,  -1.3118115952818158E-003 , -0.46109619835676158     
   1.9014846979046172E-002 ,  -6.6396574477651698E-003 , -0.41763093670120399     
  -5.0417190639801667E-003 ,  -1.3643028666461270E-002 , -0.37897887546563841     
  -2.4869360194083465E-002 ,  -2.1857230537399887E-002 , -0.34483757807297111     
  -3.8897553293501065E-002 ,  -3.0917647516997382E-002 , -0.31488850072089442     
  -4.7554100602191618E-002 ,  -4.0545828998756465E-002 , -0.28880863680281205     
  -5.2925577737493248E-002 ,  -5.0536458215814865E-002 , -0.26627958437632082     
  -5.7950193359083468E-002 ,  -6.0745535952676205E-002 , -0.24699439830948178     
  -6.5419515301996592E-002 ,  -7.1079928829461902E-002 , -0.23066257968419340     
  -7.7106406422430218E-002 ,  -8.1488312368645233E-002 , -0.21701353068754367     
  -9.3272391929680176E-002 ,  -9.1953464011745173E-002 , -0.20579877078846398     
 -0.11267909631448078      , -0.10248581711414667      , -0.19679317430099824     
 -0.13307655768451795      , -0.11311816375377477      , -0.18979545356896593     
 -0.15199844792095688      , -0.12390138486828309      , -0.18462807785078555     
 -0.16759734401780754      , -0.13490108585741281      , -0.18113678659492613     
 -0.17924183312489095      , -0.14619502096295234      , -0.17918982768631697     
 -0.18768467219257018      , -0.15787119815256992      , -0.17867702656820605     
 -0.19476577345288754      , -0.17002656630521587      , -0.17950877083502106     
 -0.20277484109557584      , -0.18276619714175962      , -0.18161497674609636     
 -0.21370665500695002      , -0.19620288481528092      , -0.18494408884528565     
 -0.22866209431429263      , -0.21045709584136973      , -0.18946215116338330     
 -0.24758121841911299      , -0.22565721072115474      , -0.19515197798646983     
 -0.26937377317838052      , -0.24194000588268194      , -0.20201244354666020     
 -0.29238111076683021      , -0.25945133017162558      , -0.21005790288735099     
 -0.31500020975485732      , -0.27834693379168085      , -0.21931775023200070     
 -0.33625453669547467      , -0.29879340902458551      , -0.22983611610438576     
 -0.35612319502683604      , -0.32096920087564484      , -0.24167169986552495     
 -0.37553099525562483      , -0.34506564151254326      , -0.25489772989084503     
 -0.39602457556437115      , -0.37128795436713680      , -0.26960203892761031     
 -0.41926754793620413      , -0.39985616123761175      , -0.28588723682235340     
 -0.44654121509100869      , -0.43100580761439661      , -0.30387095630563832     
 -0.47842040565139921      , -0.46498839643186035      , -0.32368613929883611     
 -0.51471937688224623      , -0.50207138687697239      , -0.34548132058916198     
 -0.55470301651190435      , -0.54253757078717313      , -0.36942085189663620     
 -0.59746905728451394      , -0.58668358224765382      , -0.39568499136519159     
 -0.64235513909506614      , -0.63481722373640304      , -0.42446976021377292     
 -0.68922567758994036      , -0.68725320205339335      , -0.45598643837758396     
 -0.73854668934613288      , -0.74430675725310036      , -0.49046053302116105     
 -0.79124154574654892      , -0.80628453708180048      , -0.52813000635325302     
 -0.84840228363893411      , -0.87347191981658512      , -0.56924249093951840     
 -0.91097573117455233      , -0.94611582648685610      , -0.61405115097201413     
 -0.97953545686418797      ,  -1.0244019038421510      , -0.66280876718600912     
  -1.0541984435770968      ,  -1.1084248294944457      , -0.71575953398672687     
  -1.1346758325122706      ,  -1.1981504370039850      , -0.77312796625371349     
  -1.2203894998416409      ,  -1.2933684551491871      , -0.83510423251032928     
  -1.3105620296051192      ,  -1.3936350120537007      , -0.90182518174023896     
  -1.4042055696437836      ,  -1.4982048238685792      , -0.97335034643113805     
  -1.4999903328944637      ,  -1.6059543643073384      ,  -1.0496323335922244     
  -1.5960486928271294      ,  -1.7152995155211928      ,  -1.1304813258783022     
  -1.6898366700685821      ,  -1.8241144286973070      ,  -1.2155239907546520     
  -1.7781907465919429      ,  -1.9296626473165661      ,  -1.3041580287422825     
  -1.8576459068392992      ,  -2.0285567510694142      ,  -1.3955049591156097     
  -1.9249284294361260      ,  -2.1167681279727408      ,  -1.4883655626288721     
  -1.9774003145258292      ,  -2.1897124730225968      ,  -1.5811845732323351     
  -2.0132358083961690      ,  -2.2424368401855683      ,  -1.6720334281675850     
  -2.0312603802476308      ,  -2.2699274515027903      ,  -1.7586215675428791     
  -2.0305450794201714      ,  -2.2675410704442771      ,  -1.8383470568267553     
  -2.0099148016682515      ,  -2.2315354793862863      ,  -1.9083951718011813     
  -1.9675169032736397      ,  -2.1596393728573404      ,  -1.9658881976733313     
  -1.9005902764908820      ,  -2.0515673608482117      ,  -2.0080809159886481     
  -1.8056329770304791      ,  -1.9093654042820782      ,  -2.0325851947350984     
  -1.6792733487744589      ,  -1.7374802521795818      ,  -2.0375963442642169     
  -1.5201517481463553      ,  -1.5424908645419049      ,  -2.0220870557072868     
  -1.3317157186102166      ,  -1.3325138890316865      ,  -1.9859351503616736     
  -1.1248154799842915      ,  -1.1163770895205816      ,  -1.9299604824015189     
 -0.91760349695042986      , -0.90271463970216792      ,  -1.8558625427495614     
 -0.72986664546882896      , -0.69915333805288005      ,  -1.7660691607004873     
 -0.57336124170381542      , -0.51172455627362157      ,  -1.6635226118661581     
 -0.44701275176449939      , -0.34456902251457822      ,  -1.5514380456062040     
 -0.34145475728495167      , -0.19992742058226354      ,  -1.4330689555593126     
 -0.24630289582924625      ,  -7.8353635495356427E-002 ,  -1.3115070018535810     
 -0.15433671533481025      ,   2.0938678205007655E-002 ,  -1.1895322925370455     
  -6.2661005673510559E-002 ,   9.9683331970804839E-002 ,  -1.0695188846258392     
   2.7687323767734598E-002 ,  0.16018938887226788      , -0.95339135265482711     
  0.11288252909352420      ,  0.20502955102225520      , -0.84262287340932207     
  0.18770849123897645      ,  0.23680505324691808      , -0.73826321303702513     
  0.24686768378912100      ,  0.25798571518553559      , -0.64098540203572851     
  0.28609486534079120      ,  0.27081406721431378      , -0.55114169936627055     
  0.30315056307495958      ,  0.27725876812910116      , -0.46882179683512121     
  0.29871653082448879      ,  0.27900274777112255      , -0.39390850780487019     
  0.27697653906052011      ,  0.27745373025931797      , -0.32612810965688144     
  0.24544110110442502      ,  0.27376767687771925      , -0.26509396378805872     
  0.21362062114917602      ,  0.26887844999022875      , -0.21034304104239709     
  0.19063733047531853      ,  0.26352928555378896      , -0.16136561312245876     
  0.18257563332389670      ,  0.25830338361003830      , -0.11762872548202521     
  0.19070262848003794      ,  0.25365213339961845      ,  -7.8594230329419618E-002
  0.21131736889691299      ,  0.24992028571985089      ,  -4.3732198406493103E-002
  0.23724989849660533      ,  0.24736787928073103      ,  -1.2530495478973122E-002
  0.26041465199529445      ,  0.24618901419420672      ,   1.5498761649762946E-002
  0.27451665352659765      ,  0.24652771658972086      ,   4.0815242249198726E-002
  0.27703280539197384      ,  0.24849120507191619      ,   6.3848395057936713E-002
  0.26987548746946632      ,  0.25216088680275600      ,   8.4996947291091016E-002
  0.25856322065244297      ,  0.25760140041147883      ,  0.10462953672164868     
  0.25019950276414860      ,  0.26486799812752337      ,  0.12308617297080882     
  0.25099877800448939      ,  0.27401252828755540      ,  0.14068028317307485     
  0.26426673781110932      ,  0.28508824596383264      ,  0.15770114704959190     
  0.28950414326357166      ,  0.29815364605313538      ,  0.17441656789863064     
  0.32283520063559568      ,  0.31327548066923111      ,  0.19107565995241765     
  0.35852334869788849      ,  0.33053109129916319      ,  0.20791165978693618     
  0.39102272758421563      ,  0.35001015569947541      ,  0.22514469075587282     
  0.41685557335166640      ,  0.37181591944846470      ,  0.24298442539145085     
  0.43567684542088114      ,  0.39606595177792658      ,  0.26163260189036275     
  0.45019468306903238      ,  0.42289243397840254      ,  0.28128535757025835     
  0.46504476296529762      ,  0.45244195537173576      ,  0.30213534479742682     
  0.48509851264290688      ,  0.48487475552864823      ,  0.32437359347328226     
  0.51385939219231580      ,  0.52036331095555033      ,  0.34819107871969512     
  0.55249726232729723      ,  0.55909011875466963      ,  0.37377994279216353     
  0.59977327807731096      ,  0.60124447776365575      ,  0.40133430624077332     
  0.65278055767075183      ,  0.64701800872700355      ,  0.43105058462564538     
  0.70817395598048205      ,  0.69659858914627970      ,  0.46312720335904639     
  0.76342412791227610      ,  0.75016230682968776      ,  0.49776357426593426     
  0.81764383730655121      ,  0.80786296208517894      ,  0.53515816326300703     
  0.87171881879867286      ,  0.86981857845954313      ,  0.57550543970562862     
  0.92777046401691987      ,  0.93609432723212493      ,  0.61899145589766924     
  0.98824257557759698      ,   1.0066812497723858      ,  0.66578776291098896     
   1.0550088635251271      ,   1.0814702020791576      ,  0.71604333133576936     
   1.1288132213066724      ,   1.1602205871984252      ,  0.76987412117325282     
   1.2091598429663348      ,   1.2425237379106899      ,  0.82734994640491488     
   1.2945752185379151      ,   1.3277613327337383      ,  0.88847832494687062     
   1.3830420123745713      ,   1.4150600519922343      ,  0.95318511823163443     
   1.4723826471820447      ,   1.5032448850857092      ,   1.0212919774044968     
   1.5604456071738269      ,   1.5907951368249806      ,   1.0924909602993793     
   1.6450859446926089      ,   1.6758092336481305      ,   1.1663171991790231     
   1.7240605936352376      ,   1.7559867539213359      ,   1.2421212063624751     
   1.7949975392188837      ,   1.8286383484215454      ,   1.3190432973004009     
   1.8555176634177211      ,   1.8907357477549998      ,   1.3959936298273332     
   1.9034505004599753      ,   1.9390139414672936      ,   1.4716423658616045     
   1.9369999742159960      ,   1.9701347168167749      ,   1.5444252179966029     
   1.9547445405564998      ,   1.9809139931688384      ,   1.6125698074137198     
   1.9554569093799532      ,   1.9686042965658759      ,   1.6741474332865141     
   1.9378156575187178      ,   1.9312090665239734      ,   1.7271526879999526     
   1.9001158849424771      ,   1.8677898948641325      ,   1.7696097139064220     
   1.8400947383953101      ,   1.7787157727778797      ,   1.7996990584772179     
   1.7550132956100462      ,   1.6658004180897077      ,   1.8158938485468463     
   1.6421899778005009      ,   1.5322841264031259      ,   1.8170896522382194     
   1.5002016707695285      ,   1.3826410816817760      ,   1.8027103842661085     
   1.3307963207326519      ,   1.2222271300857113      ,   1.7727740487535097     
   1.1409864424023939      ,   1.0568173954948450      ,   1.7279072363722550     
  0.94379751211100282      ,  0.89210699497372936      ,   1.6693051785598141     
  0.75554287168969092      ,  0.73325371885859658      ,   1.5986429288824242     
  0.58958725596010553      ,  0.58452759738698601      ,   1.5179506812892458     
  0.45120845403251697      ,  0.44910440619877645      ,   1.4294706036630744     
  0.33799058637344953      ,  0.32900804302432490      ,   1.3355131575457599     
  0.24391402036734278      ,  0.22517975761350253      ,   1.2383281301111788     
  0.16297011261854560      ,  0.13763619500143201      ,   1.1400007631493552     
   9.0933858981283575E-002 ,   6.5674125912785541E-002 ,   1.0423779110055031     
   2.5844903640934308E-002 ,   8.0849226673441309E-003 ,  0.94702432864755492     
  -3.2210225597139687E-002 ,  -3.6647959318350160E-002 ,  0.85520570116662220     
  -8.1697484767256745E-002 ,  -7.0183985503209742E-002 ,  0.76789306686827385     
 -0.12041695283753584      ,  -9.4198889559875751E-002 ,  0.68578266487044659     
 -0.14631794252602218      , -0.11029539148430681      ,  0.60932557376670549     
 -0.15824475903488272      , -0.11994634888404937      ,  0.53876239312829344     
 -0.15652858736624806      , -0.12446374781749646      ,  0.47415931772987213     
 -0.14331298792247754      , -0.12498684092459350      ,  0.41544303521539272     
 -0.12246661671510831      , -0.12248351306069007      ,  0.36243281295299978     
  -9.8976313965635748E-002 , -0.11776008759970902      ,  0.31486887817539688     
  -7.7876571548219281E-002 , -0.11147595722127562      ,  0.27243673610220331     
  -6.3004831494209906E-002 , -0.10416046098667439      ,  0.23478743889501760     
  -5.6022736787845848E-002 ,  -9.6230268745729916E-002 ,  0.20155404923322520     
  -5.6083370177036088E-002 ,  -8.8006169680094323E-002 ,  0.17236467135236386     
  -6.0276777180926132E-002 ,  -7.9728619465646910E-002 ,  0.14685248014890553     
  -6.4692194172124823E-002 ,  -7.1571715908854167E-002 ,  0.12466318963701144     
  -6.5729405272296273E-002 ,  -6.3655481380319207E-002 ,  0.10546038361411331     
  -6.1234363336928721E-002 ,  -5.6056462123818873E-002 ,   8.8929096525659293E-002
  -5.1116765632064444E-002 ,  -4.8816733180471229E-002 ,   7.4777989758615271E-002
  -3.7280349596932244E-002 ,  -4.1951440676735785E-002 ,   6.2740423449201291E-002
  -2.2908504569402126E-002 ,  -3.5455032936478358E-002 ,   5.2574679744355923E-002
  -1.1351966252526133E-002 ,  -2.9306336777311121E-002 ,   4.4063552248866676E-002
  -4.9991783241596505E-003 ,  -2.3472631137315080E-002 ,   3.7013479116549064E-002
  -4.5105301007837507E-003 ,  -1.7912860613176592E-002 ,   3.1253364298961861E-002
  -8.6585620857631725E-003 ,  -1.2580119031930273E-002 ,   2.6633202873642056E-002
  -1.4799589198129374E-002 ,  -7.4235194168164684E-003 ,   2.3022601941961349E-002
  -1.9791255288613405E-002 ,  -2.3895526643297050E-003 ,   2.0309267999732566E-002
  -2.1032186032400382E-002 ,   2.5769764294678002E-003 ,   1.8397514567913990E-002
  -1.7275479637564504E-002 ,   7.5323600723385788E-003 ,   1.7206829832404586E-002
  -8.9602040717532590E-003 ,   1.2533681512562971E-002 ,   1.6670532691262046E-002
   2.0251091494187419E-003 ,   1.7638739228033853E-002 ,   1.6734536573687991E-002
   1.3045014941681417E-002 ,   2.2906157954650883E-002 ,   1.7356233333978746E-002
   2.1635084575997429E-002 ,   2.8395651775810059E-002 ,   1.8503504123173291E-002
   2.6322481938710136E-002 ,   3.4168411947193139E-002 ,   2.0153860122593532E-002
   2.7082362453041409E-002 ,   4.0287598573695890E-002 ,   2.2293713141477826E-002
   2.5296711908440680E-002 ,   4.6818920772964574E-002 ,   2.4917774122068557E-002
   2.3252111418178758E-002 ,   5.3831294641373525E-002 ,   2.8028576376258642E-002
   2.3362802979210850E-002 ,   6.1397572269541886E-002 ,   3.1636119741692989E-002
   2.7388302427524075E-002 ,   6.9595338313741359E-002 ,   3.5757631659391192E-002
   3.5904283006231733E-002 ,   7.8507773281989768E-002 ,   4.0417441327286856E-002
   4.8188990854156719E-002 ,   8.8224584786854909E-002 ,   4.5646963479192816E-002
   6.2543415377823722E-002 ,   9.8843009576148722E-002 ,   5.1484788894276025E-002
   7.6921135403748134E-002 ,  0.11046889017470396      ,   5.7976879384914290E-002
   8.9647310879167275E-002 ,  0.12321783041693192      ,   6.5176865672310277E-002
   9.9985600754781051E-002 ,  0.13721643393795990      ,   7.3146447170941875E-002
  0.10837216520443907      ,  0.15260362868110805      ,   8.1955893190802181E-002
  0.11625398557216851      ,  0.16953207845828508      ,   9.1684645344361937E-002
  0.12560282289062996      ,  0.18816967925929715      ,  0.10242202090719046     
  0.13828148826215761      ,  0.20870113291326453      ,  0.11426801639108988     
  0.15548080548839063      ,  0.23132958326445305      ,  0.12733420946757795     
  0.17741139207288198      ,  0.25627828942655712      ,  0.14174475538966241     
  0.20334051794715632      ,  0.28379229583655963      ,  0.15763747088302618     
  0.23194643133522688      ,  0.31414003829503662      ,  0.17516499368889293     
  0.26185923085514895      ,  0.34761479704822135      ,  0.19449599897351566     
  0.29219982443957698      ,  0.38453586975492132      ,  0.21581644392278115     
  0.32293464991050075      ,  0.42524928569696840      ,  0.23933079802753432     
  0.35493202810024871      ,  0.47012781380497676      ,  0.26526319755009375     
  0.38971319704423085      ,  0.51956992601299135      ,  0.29385843679191381     
  0.42899911965646698      ,  0.57399725820589576      ,  0.32538267396696935     
  0.47422308986854234      ,  0.63384995688781476      ,  0.36012368314484444     
  0.52618351944276953      ,  0.69957910375106158      ,  0.39839042277848546     
  0.58495191910412059      ,  0.77163516659707754      ,  0.44051161226904401     
  0.65005303025730143      ,  0.85045113084173762      ,  0.48683290717601213     
  0.72083312704265889      ,  0.93641862573563228      ,  0.53771213779833738     
  0.79686311065305548      ,   1.0298549921469877      ,  0.59351192318830193     
  0.87821083992345994      ,   1.1309588877514196      ,  0.65458879492291688     
  0.96546962002641568      ,   1.2397517747754763      ,  0.72127777049431474     
   1.0595253074695985      ,   1.3560026313389530      ,  0.79387112490455902     
   1.1611354347244853      ,   1.4791337050455708      ,  0.87258995955215146     
   1.2704340553507720      ,   1.6081064368808913      ,  0.95754712642466444     
   1.3864594662461753      ,   1.7412893019177593      ,   1.0487002384026967     
   1.5067771593610446      ,   1.8763138155898438      ,   1.1457940364240928     
   1.6273039300089180      ,   2.0099318942507094      ,   1.2482924930836636     
   1.7425248042064512      ,   2.1378973961878445      ,   1.3553029398616954     
   1.8462748800032718      ,   2.2549064777318151      ,   1.4654974099608737     
   1.9329490677594439      ,   2.3546433513064033      ,   1.5770403371301229     
   1.9985676175263036      ,   2.4299858367995242      ,   1.6875364451886767     
   2.0410925899050243      ,   2.4734218891438644      ,   1.7940172231606923     
   2.0598964126750130      ,   2.4777056673536721      ,   1.8929871604190438     
   2.0547698074526055      ,   2.4367331707699966      ,   1.9805495722426576     
   2.0249236445352286      ,   2.3465443731214122      ,   2.0526239233744605     
   1.9682800817933919      ,   2.2062768910334571      ,   2.1052507294668348     
   1.8812616353871314      ,   2.0188375363135775      ,   2.1349578202379615     
   1.7593690378453457      ,   1.7910618331619277      ,   2.1391383069182974     
   1.5989650711447854      ,   1.5332228917328097      ,   2.1163745456471621     
   1.4004756512707563      ,   1.2579174386146803      ,   2.0666422782241312     
   1.1722970282208394      ,  0.97854134297999718      ,   1.9913488137310020     
  0.93302735333894904      ,  0.70769136313762082      ,   1.8931943560315410     
  0.70754869741797000      ,  0.45583824664640421      ,   1.7758848688803412     
  0.51451781792280138      ,  0.23050927023430751      ,   1.6437546594339536     
  0.35583393265379432      ,   3.6050505143438528E-002 ,   1.5013681551015559     
  0.22083772601061158      , -0.12611607209068093      ,   1.3531623917873992     
   9.7376976184716399E-002 , -0.25691646736808738      ,   1.2031709132144586     
  -2.2060100157892379E-002 , -0.35892099368569275      ,   1.0548452921163320     
 -0.13934699163200448      , -0.43566570606659138      ,  0.91096991287466522     
 -0.25171015173283612      , -0.49109073009665027      ,  0.77365276665340721     
 -0.35328603925957847      , -0.52913030916021508      ,  0.64436993400604248     
 -0.43675881047048837      , -0.55344944453988010      ,  0.52404215255857545     
 -0.49505936604338230      , -0.56730092427670731      ,  0.41312580382037600     
 -0.52331895899251935      , -0.57347008422848955      ,  0.31170564749703555     
 -0.52106001110121147      , -0.57427697668179878      ,  0.21958131569322537     
 -0.49401140763739704      , -0.57161183544461391      ,  0.13634331255018414     
 -0.45432038506875599      , -0.56698665329823184      ,   6.1436906494710515E-002
 -0.41800751203844544      , -0.56159171937918373      ,  -5.7860203865394491E-003
 -0.39995244431972155      , -0.55635054902165548      ,  -6.6026161440253139E-002
 -0.40872119883823604      , -0.55196980285759600      , -0.12000557659049557     
 -0.44389563010689137      , -0.54898280315761561      , -0.16844453580434451     
 -0.49687105903685902      , -0.54778643087851842      , -0.21204493240616626     
 -0.55442577350855271      , -0.54867180518917957      , -0.25147893945101157     
 -0.60361796964783465      , -0.55184942003972071      , -0.28738176978518815     
 -0.63624310786242322      , -0.55746948611134617      , -0.32034758760914694     
 -0.65124773059035779      , -0.56563819546380900      , -0.35092779030212551     
 -0.65432724842328693      , -0.57643054706452279      , -0.37963102752785310     
 -0.65510378280212844      , -0.58990027587016369      , -0.40692444907360542     
 -0.66325369776940624      , -0.60608733244994850      , -0.43323577496980942     
 -0.68523523327293945      , -0.62502327145361625      , -0.45895586375767139     
 -0.72269896560953573      , -0.64673482781757508      , -0.48444152011735980     
 -0.77274908939863374      , -0.67124588940194041      , -0.51001833407320762     
 -0.82959504367660830      , -0.69857801281065290      , -0.53598338297267722     
 -0.88687130964669536      , -0.72874957445346822      , -0.56260765637729260     
 -0.93980873754914152      , -0.76177360083665890      , -0.59013808461061679     
 -0.98652786337059706      , -0.79765428065106081      , -0.61879906548882424     
  -1.0281001645193215      , -0.83638212735544426      , -0.64879339212775489     
  -1.0675645731572654      , -0.87792773658273071      , -0.68030248910997815     
  -1.1084795312314182      , -0.92223407105529098      , -0.71348586628439714     
  -1.1536365915327502      , -0.96920721151846778      , -0.74847970091958682     
  -1.2043295980399258      ,  -1.0187055419305131      , -0.78539446213172392     
  -1.2602678287582552      ,  -1.0705273990196120      , -0.82431149933192061     
  -1.3199896860077074      ,  -1.1243973202013882      , -0.86527853247538133     
  -1.3815147258570377      ,  -1.1799511806106666      , -0.90830401053099619     
  -1.4429553760204124      ,  -1.2367207301277516      , -0.95335035097060483     
  -1.5028832271358992      ,  -1.2941183324021865      ,  -1.0003261428697443     
  -1.5603826747251384      ,  -1.3514230708375985      ,  -1.0490774950421622     
  -1.6148670404301562      ,  -1.4077698097463391      ,  -1.0993788430539364     
  -1.6658108770495281      ,  -1.4621432513207209      ,  -1.1509236968342043     
  -1.7125408665669881      ,  -1.5133794522476787      ,  -1.2033160107705185     
  -1.7541559080122464      ,  -1.5601775654106953      ,  -1.2560630796131806     
  -1.7895669192792980      ,  -1.6011246243680743      ,  -1.3085710842048905     
  -1.8175972473612378      ,  -1.6347358360637099      ,  -1.3601445955361895     
  -1.8370770280648436      ,  -1.6595119318158782      ,  -1.4099914444430315     
  -1.8468885166568982      ,  -1.6740135290221811      ,  -1.4572343171030444     
  -1.8459532980051754      ,  -1.6769501584963395      ,  -1.5009301808173732     
  -1.8331789615007272      ,  -1.6672787674971616      ,  -1.5400981306903612     
  -1.8073967623056102      ,  -1.6443034919369328      ,  -1.5737554593945751     
  -1.7673278436818789      ,  -1.6077659040101648      ,  -1.6009607280829263     
  -1.7116213272471128      ,  -1.5579135285661139      ,  -1.6208614663653091     
  -1.6390155704841356      ,  -1.4955348932514001      ,  -1.6327430334951276     
  -1.5486759953468976      ,  -1.4219521617279289      ,  -1.6360743587605571     
  -1.4407361546717867      ,  -1.3389674036710908      ,  -1.6305459717501778     
  -1.3169785283619335      ,  -1.2487650483012311      ,  -1.6160960912620492     
  -1.1814183220188657      ,  -1.1537797725597216      ,  -1.5929215969596866     
  -1.0403600748947546      ,  -1.0565444878607058      ,  -1.5614723340519292     
 -0.90150492625516643      , -0.95953593668434656      ,  -1.5224291288345679     
 -0.77216759728449358      , -0.86503506073693992      ,  -1.4766677720079291     
 -0.65743445538375356      , -0.77501596540308193      ,  -1.4252127180413876     
 -0.55930447446083287      , -0.69107193118611820      ,  -1.3691851115140485     
 -0.47709795339826289      , -0.61438085835291323      ,  -1.3097498964083438     
 -0.40856596689137686      , -0.54570708471447615      ,  -1.2480662595137457     
 -0.35101129221215999      , -0.48543260907053182      ,  -1.1852446890097597     
 -0.30208088359351121      , -0.43360875900124374      ,  -1.1223127313895014     
 -0.26018028070839061      , -0.39001913247825576      ,  -1.0601903307828902     
 -0.22457093145018991      , -0.35424575937535829      , -0.99967460534226515     
 -0.19523774541162231      , -0.32573229227028422      , -0.94143315192369736     
 -0.17261972611054935      , -0.30384011645547843      , -0.88600449845689855     
 -0.15729160089882427      , -0.28789518263124692      , -0.83380411625177198     
 -0.14966824653443581      , -0.27722489743748402      , -0.78513440532441636     
 -0.14978208132135579      , -0.27118548665555725      , -0.74019720831002611     
 -0.15716392634560786      , -0.26918090226847574      , -0.69910763092864081     
 -0.17084195545320677      , -0.27067465841662991      , -0.66190819981108051     
 -0.18945717236380283      , -0.27519604925744096      , -0.62858263694646577     
 -0.21147312647330901      , -0.28234211350831079      , -0.59906875283833150     
 -0.23543391390461749      , -0.29177653783712260      , -0.57327014725614533     
 -0.26020669317797140      , -0.30322648557970211      , -0.55106655451075470     
 -0.28514400465879441      , -0.31647813139018632      , -0.53232278152552437     
 -0.31012231880999480      , -0.33137149483996187      , -0.51689626622335638     
 -0.33545084864229113      , -0.34779500501769461      , -0.50464333648177084     
 -0.36168460559616922      , -0.36568009573819377      , -0.49542428169247349     
 -0.38940287789249517      , -0.38499602525408183      , -0.48910736481874190     
 -0.41901997282614434      , -0.40574503181382809      , -0.48557190700941305     
 -0.45067933638769125      , -0.42795787285999853      , -0.48471057270616202     
 -0.48425221704251487      , -0.45168974702394493      , -0.48643097339798735     
 -0.51942828167028243      , -0.47701656066061776      , -0.49065669468592232     
 -0.55585838027959433      , -0.50403147131716031      , -0.49732783551610799     
 -0.59329694904670749      , -0.53284161661660823      , -0.50640113126787600     
 -0.63169681847585202      , -0.56356491644376672      , -0.51784971444532857     
 -0.67122991663231835      , -0.59632681739133375      , -0.53166254835454352     
 -0.71223535200599208      , -0.63125682995497168      , -0.54784355050508726     
 -0.75512090069637250      , -0.66848469021474177      , -0.56641040358499717     
 -0.80025630311309170      , -0.70813595849571220      , -0.58739303269851206     
 -0.84789386062368877      , -0.75032684820996909      , -0.61083170811569854     
 -0.89813671421050512      , -0.79515806005460743      , -0.63677471314776146     
 -0.95095507298445714      , -0.84270738243510879      , -0.66527549721122536     
  -1.0062334209174195      , -0.89302081239096343      , -0.69638921528000819     
  -1.0638230035657561      , -0.94610195840523448      , -0.73016853783086644     
  -1.1235754865827594      ,  -1.0018995157737431      , -0.76665860183091661     
  -1.1853434669263536      ,  -1.0602926681694629      , -0.80589096597885568     
  -1.2489467430973586      ,  -1.1210743804092265      , -0.84787643615008990     
  -1.3141147022796462      ,  -1.1839327250420781      , -0.89259664507869874     
  -1.3804214080942361      ,  -1.2484306490633519      , -0.93999431056875693     
  -1.4472303978630991      ,  -1.3139849560736494      , -0.98996216730446873     
  -1.5136626073821573      ,  -1.3798457674096958      ,  -1.0423306780223585     
  -1.5785956732459965      ,  -1.4450783338110693      ,  -1.0968547897873986     
  -1.6406974867688333      ,  -1.5085497731547308      ,  -1.1532002176860552     
  -1.6984910327325353      ,  -1.5689240468697017      ,  -1.2109300134128256     
  -1.7504404773628559      ,  -1.6246691407812124      ,  -1.2694925020919510     
  -1.7950409373115590      ,  -1.6740808026929315      ,  -1.3282120238056812     
  -1.8308895922879700      ,  -1.7153270618634235      ,  -1.3862842519564700     
  -1.8567176615153782      ,  -1.7465168280709595      ,  -1.4427781088534570     
  -1.8713722891221491      ,  -1.7657938748848623      ,  -1.4966463657802502     
  -1.8737513929306260      ,  -1.7714543110066963      ,  -1.5467467920685003     
  -1.8627083014555181      ,  -1.7620813487078815      ,  -1.5918751048897211     
  -1.8369545150098543      ,  -1.7366862849086970      ,  -1.6308099101921392     
  -1.7950005358793673      ,  -1.6948400507549732      ,  -1.6623683407229719     
  -1.7351907308471270      ,  -1.6367767362150747      ,  -1.6854693344275800     
  -1.6559088324949738      ,  -1.5634504866980163      ,  -1.6991997322826975     
  -1.5560422732749806      ,  -1.4765310201841704      ,  -1.7028769857454698     
  -1.4357570840581779      ,  -1.3783307488594123      ,  -1.6961016460448777     
  -1.2974878404107921      ,  -1.2716669436537500      ,  -1.6787932562460715     
  -1.1467508984613564      ,  -1.1596733249467557      ,  -1.6512048610538417     
 -0.99206079426553373      ,  -1.0455842051320325      ,  -1.6139138845134358     
 -0.84330201424241624      , -0.93251858183882830      ,  -1.5677901395865363     
 -0.70888778977861722      , -0.82329035218042435      ,  -1.5139446234270537     
 -0.59336089961221739      , -0.72026464386512257      ,  -1.4536649478973556     
 -0.49696570003753604      , -0.62527101860698397      ,  -1.3883443792293637     
 -0.41700153036546050      , -0.53957446906770634      ,  -1.3194114175192606     
 -0.34966293718982910      , -0.46389691918436793      ,  -1.2482658107355322     
 -0.29144815894739806      , -0.39847670576091254      ,  -1.1762252245048130     
 -0.23993038162232810      , -0.34315158107041943      ,  -1.1044848893203174     
 -0.19399833820460977      , -0.29745160266351045      ,  -1.0340907775608119     
 -0.15371827239305982      , -0.26069089022894731      , -0.96592546022966486     
 -0.11996279452382984      , -0.23205059843253328      , -0.90070485909712150     
  -9.3942031547365426E-002 , -0.21064875873199193      , -0.83898363355433903     
  -7.6747487101315709E-002 , -0.19559537939723376      , -0.78116684156170324     
  -6.8982121013681563E-002 , -0.18603315816078411      , -0.72752567936784129     
  -7.0518753680602661E-002 , -0.18116536963129981      , -0.67821542530855661     
  -8.0412375553382390E-002 , -0.18027307394903186      , -0.63329409850843954     
  -9.6982468229761393E-002 , -0.18272393010137675      , -0.59274072934587274     
 -0.11806299492688443      , -0.18797475401396574      , -0.55647248585787767     
 -0.14138150893953813      , -0.19556967171577358      , -0.52436018980393284     
 -0.16498363185019260      , -0.20513537557731906      , -0.49624198298935779     
 -0.18758899699038709      , -0.21637465526718860      , -0.47193507244194055     
 -0.20877313350708976      , -0.22905907577723930      , -0.45124560031800964     
 -0.22892114726146329      , -0.24302142513539784      , -0.43397676066707219     
 -0.24897365581211423      , -0.25814835544495218      , -0.41993532984433485     
 -0.27005164551286076      , -0.27437348785925458      , -0.40893679872533489     
 -0.29307968383964655      , -0.29167113772052305      , -0.40080929976955437     
 -0.31851833233478433      , -0.31005073261561378      , -0.39539651574186374     
 -0.34627477244780797      , -0.32955193639568431      , -0.39255974355020584     
 -0.37580197006283006      , -0.35024045017466282      , -0.39217926911047751     
 -0.40633892295460849      , -0.37220443197803904      , -0.39415518944159794     
 -0.43720372514171857      , -0.39555145607950276      , -0.39840779768278439     
 -0.46803961899123769      , -0.42040591799337096      , -0.40487762625429907     
 -0.49893618898911596      , -0.44690677909479126      , -0.41352522341094500     
 -0.53039576440863045      , -0.47520553392195697      , -0.42433071913709575     
 -0.56317071087515336      , -0.50546427174952702      , -0.43729321766365337     
 -0.59803937661391027      , -0.53785369066681721      , -0.45243003565478301     
 -0.63560239682439756      , -0.57255090604011283      , -0.46977578700513067     
 -0.67616466624065152      , -0.60973687501055940      , -0.48938129681772835     
 -0.71973108866623292      , -0.64959323398722135      , -0.51131230806695893     
 -0.76610178291373676      , -0.69229831675282183      , -0.53564792425562802     
 -0.81501987266221287      , -0.73802208723464602      , -0.56247870966875946     
 -0.86631230900096823      , -0.78691968457225403      , -0.59190434535887448     
 -0.91997379982871519      , -0.83912324162272045      , -0.62403071376360286     
 -0.97617019845105824      , -0.89473160635231996      , -0.65896625826376010     
  -1.0351689723824746      , -0.95379757650101715      , -0.69681743709137578     
  -1.0972278379616287      ,  -1.0163122633497086      , -0.73768306581018306     
  -1.1624801280408510      ,  -1.0821862475180342      , -0.78164732251353786     
  -1.2308467349183294      ,  -1.1512273020640964      , -0.82877118020333218     
  -1.3019863489375032      ,  -1.2231146665016239      , -0.87908203927150175     
  -1.3752779603547602      ,  -1.2973701971690170      , -0.93256137033902720     
  -1.4498203949279977      ,  -1.3733272361202213      , -0.98913025796572596     
  -1.5244365199952159      ,  -1.4500987710790152      ,  -1.0486328760822481     
  -1.5976821805497468      ,  -1.5265474263521797      ,  -1.1108181454454200     
  -1.6678737817948697      ,  -1.6012610163540415      ,  -1.1753201399794371     
  -1.7331529097853324      ,  -1.6725387318242921      ,  -1.2416382341557344     
  -1.7915941761339074      ,  -1.7383943355206446      ,  -1.3091185144058646     
  -1.8413370497807495      ,  -1.7965837066088675      ,  -1.3769385845074287     
  -1.8806993756440438      ,  -1.8446642303873391      ,  -1.4440985090625240     
  -1.9082270536356503      ,  -1.8800923057294496      ,  -1.5094211411549825     
  -1.9226551268421557      ,  -1.9003620552261886      ,  -1.5715652975031595     
  -1.9227875257106140      ,  -1.9031827982302114      ,  -1.6290549666315841     
  -1.9073295800048475      ,  -1.8866851170226828      ,  -1.6803267568421569     
  -1.8747244550241791      ,  -1.8496363551116888      ,  -1.7237959816215145     
  -1.8230608183967578      ,  -1.7916380410675179      ,  -1.7579391792960299     
  -1.7501466742083707      ,  -1.7132726957006661      ,  -1.7813877595971110     
  -1.6538831709340316      ,  -1.6161684807156373      ,  -1.7930244250309093     
  -1.5330867758023348      ,  -1.5029588695350191      ,  -1.7920717886868647     
  -1.3888060312914829      ,  -1.3771305048812259      ,  -1.7781619623086107     
  -1.2258350856129181      ,  -1.2427725453127778      ,  -1.7513773102249932     
  -1.0535253488745104      ,  -1.1042599496768615      ,  -1.7122560386931081     
 -0.88454520412936277      , -0.96591582889212391      ,  -1.6617612036872165     
 -0.73103662670045966      , -0.83170052098099057      ,  -1.6012170039848961     
 -0.60018099232985489      , -0.70496700230654741      ,  -1.5322206851177955     
 -0.49257438625340300      , -0.58830656487150945      ,  -1.4565410779602899     
 -0.40412462259848020      , -0.48349030064061937      ,  -1.3760153333794944     
 -0.32913535675658157      , -0.39149578312941646      ,  -1.2924539848468182     
 -0.26259132734669971      , -0.31259772590773183      ,  -1.2075617072594529     
 -0.20128209883425693      , -0.24649732083023929      ,  -1.1228778477963137     
 -0.14406716137452602      , -0.19246644036208602      ,  -1.0397377047734631     
  -9.1584631823978885E-002 , -0.14948788969210711      , -0.95925310181428824     
  -4.5641398351390382E-002 , -0.11637925082458615      , -0.88230924416551371     
  -8.4924725493167805E-003 ,  -9.1893903499562668E-002 , -0.80957411805612767     
   1.7832933645743107E-002 ,  -7.4797586472046762E-002 , -0.74151662997261869     
   3.2073164715352667E-002 ,  -6.3922072050415557E-002 , -0.67843005825751912     
   3.4108616564323346E-002 ,  -5.8199293618304448E-002 , -0.62045799615403852     
   2.5139492921895910E-002 ,  -5.6679925827361408E-002 , -0.56762064194083117     
   7.6204072796666310E-003 ,  -5.8540348368154201E-002 , -0.51983993214592517     
  -1.5089108358689509E-002 ,  -6.3081452805168317E-002 , -0.47696256091195804     
  -3.9339192179089183E-002 ,  -6.9722116155089525E-002 , -0.43878036149152644     
  -6.1945768277279351E-002 ,  -7.7989515728857151E-002 , -0.40504784664213661     
  -8.0872428501270258E-002 ,  -8.7507878633341765E-002 , -0.37549692761449566     
  -9.5611051927481067E-002 ,  -9.7986779594274140E-002 , -0.34984897538591037     
 -0.10712729559376850      , -0.10920972673848564      , -0.32782447175601614     
 -0.11739186926619719      , -0.12102349597512529      , -0.30915053859972014     
 -0.12866034490697317      , -0.13332847406205278      , -0.29356664452594172     
 -0.14273641500687179      , -0.14607013108359065      , -0.28082877981958682     
 -0.16044066499468693      , -0.15923164952925400      , -0.27071237047079422     
 -0.18142852912966109      , -0.17282767687931797      , -0.26301417569665608     
 -0.20438983963167684      , -0.18689913183338283      , -0.25755338429269542     
 -0.22754803500344625      , -0.20150897378470639      , -0.25417209580375427     
 -0.24928690868584524      , -0.21673883553326737      , -0.25273534436015060     
 -0.26869492461455685      , -0.23268641671678922      , -0.25313079693558804     
 -0.28584993326752156      , -0.24946353727361886      , -0.25526823416466127     
 -0.30176241074349486      , -0.26719475444867991      , -0.25907890083227025     
 -0.31801705576725009      , -0.28601645195124986      , -0.26451479464037853     
 -0.33625375035770427      , -0.30607631475629160      , -0.27154794566341145     
 -0.35767323983740984      , -0.32753310681370912      , -0.28016972472774587     
 -0.38272940724078719      , -0.35055667081892139      , -0.29039020643681313     
 -0.41109449787168501      , -0.37532806847835753      , -0.30223760130804356     
 -0.44188722372186362      , -0.40203977563750370      , -0.31575776104721937     
 -0.47406832110468133      , -0.43089583842782897      , -0.33101375087482215     
 -0.50685881878421757      , -0.46211188333042980      , -0.34808547250654798     
 -0.54003749596444695      , -0.49591485471487706      , -0.36706931029059908     
 -0.57402505665749015      , -0.53254232681396518      , -0.38807776046718501     
 -0.60974443992045346      , -0.57224120193494643      , -0.41123898881699250     
 -0.64832744443335055      , -0.61526556162170254      , -0.43669624430404413     
 -0.69078611042632876      , -0.66187338119341854      , -0.46460703482419996     
 -0.73776685310808943      , -0.71232174967747208      , -0.49514194493394065     
 -0.78946151933409658      , -0.76686015654029704      , -0.52848294357277537     
 -0.84568400783521702      , -0.82572131529877424      , -0.56482099157809673     
 -0.90606008815232031      , -0.88910889631946843      , -0.60435271386681955     
 -0.97024233829004702      , -0.95718144561732144      , -0.64727584989268017     
  -1.0380617064323601      ,  -1.0300316888973573      , -0.69378314002236041     
  -1.1095590905796082      ,  -1.1076603862467747      , -0.74405424852281254     
  -1.1848892017585495      ,  -1.1899439527310121      , -0.79824527282869806     
  -1.2641332975670019      ,  -1.2765952520927344      , -0.85647535524582685     
  -1.3470802767457575      ,  -1.3671173852263221      , -0.91880991527361622     
  -1.4330339582918072      ,  -1.4607510350535038      , -0.98524008462433921     
  -1.5206886757087743      ,  -1.5564171138177354      ,  -1.0556580887928402     
  -1.6081001221738207      ,  -1.6526582029154728      ,  -1.1298286242713289     
  -1.6927693564219179      ,  -1.7475846497656911      ,  -1.2073567810173433     
  -1.7718455590556268      ,  -1.8388341462472721      ,  -1.2876538045436170     
  -1.8424219584041344      ,  -1.9235568958115867      ,  -1.3699030094540989     
  -1.9018510034726956      ,  -1.9984414754470683      ,  -1.4530294256971485     
  -1.9479718856746449      ,  -2.0597981597360326      ,  -1.5356781714554506     
  -1.9791631463524793      ,  -2.1037152903137084      ,  -1.6162078635177315     
  -1.9942011910165911      ,  -2.1262985059202357      ,  -1.6927062008074754     
  -1.9919757049824172      ,  -2.1239908924464261      ,  -1.7630346532475247     
  -1.9711486689030919      ,  -2.0939542405694795      ,  -1.8249073791125396     
  -1.9298524773121273      ,  -2.0344698460352229      ,  -1.8760056647451384     
  -1.8655399695637820      ,  -1.9452969176045305      ,  -1.9141233645507050     
  -1.7751545135208526      ,  -1.8279153874829066      ,  -1.9373317682185185     
  -1.6558690872373234      ,  -1.6855855241203963      ,  -1.9441455890870691     
  -1.5066415864864138      ,  -1.5231832073349167      ,  -1.9336674312105187     
  -1.3305233259637375      ,  -1.3468136481388202      ,  -1.9056880830014979     
  -1.1368439017898881      ,  -1.1632561703974931      ,  -1.8607252165892612     
 -0.94125775493746511      , -0.97933229922058140      ,  -1.7999928104286804     
 -0.76137881958287490      , -0.80130503042066714      ,  -1.7253055011865772     
 -0.60904643259517954      , -0.63440384938197447      ,  -1.6389329214769353     
 -0.48565118371111704      , -0.48253394132337513      ,  -1.5434260887480573     
 -0.38461451472036245      , -0.34818283590830196      ,  -1.4414396800717835     
 -0.29703907599172119      , -0.23249812814134732      ,  -1.3355709038006018     
 -0.21569919391583048      , -0.13548555971593074      ,  -1.2282293332833776     
 -0.13663051991449748      ,  -5.6269906219155272E-002 ,  -1.1215446562215881     
  -5.9244999241259616E-002 ,   6.6318975710786821E-003 ,  -1.0173126590833490     
   1.4359634399675268E-002 ,   5.5061524558877140E-002 , -0.91697499538263172     
   8.0480068153683249E-002 ,   9.1014157251776917E-002 , -0.82162566727776609     
  0.13494599104187396      ,  0.11648438835860699      , -0.73203639435533829     
  0.17411462005944914      ,  0.13336077817771405      , -0.64869359043157415     
  0.19568086267926249      ,  0.14336166147433382      , -0.57184093095123456     
  0.19932487849703900      ,  0.14800295290998974      , -0.50152299788620158     
  0.18714079141459200      ,  0.14858893126008563      , -0.43762692591034791     
  0.16366043331311056      ,  0.14621829166196354      , -0.37992018122204974     
  0.13524555477388178      ,  0.14179943589764171      , -0.32808352909402183     
  0.10878594808169625      ,  0.13607060347492927      , -0.28173890008174274     
   8.9989797944143052E-002 ,  0.12962183015824019      , -0.24047229154001515     
   8.1864812909407003E-002 ,  0.12291679566143585      , -0.20385209363802392     
   8.3999853648173431E-002 ,  0.11631340530896644      , -0.17144335712803233     
   9.2935898586345767E-002 ,  0.11008249150981247      , -0.14281856471464840     
  0.10347811700329768      ,  0.10442437711713656      , -0.11756546009112379     
  0.11047362883410808      ,   9.9483265975480822E-002 ,  -9.5292450698742537E-002
  0.11046459621069440      ,   9.5359557810579046E-002 ,  -7.5632046969053610E-002
  0.10271607391596377      ,   9.2120256097234787E-002 ,  -5.8242741815565935E-002
   8.9336152900965374E-002 ,   8.9807670522331809E-002 ,  -4.2809675278040152E-002
   7.4476993421662585E-002 ,   8.8446624947945987E-002 ,  -2.9044373790967137E-002
   6.2887639454819289E-002 ,   8.8050377067792895E-002 ,  -1.6683803224649796E-002
   5.8313957904744050E-002 ,   8.8625443418063860E-002 ,  -5.4889303017962065E-003
   6.2296105627310902E-002 ,   9.0175506903978228E-002 ,   4.7570517042281801E-003
   7.3754424876257191E-002 ,   9.2704565893845861E-002 ,   1.4250710197358178E-002
   8.9463067440813421E-002 ,   9.6219465629758111E-002 ,   2.3170478593267770E-002
  0.10521217000719468      ,  0.10073193503900983      ,   3.1678808289697137E-002
  0.11724399134687237      ,  0.10626023546901686      ,   3.9924315065625528E-002
  0.12347623532768577      ,  0.11283051264599034      ,   4.8043883403733036E-002
  0.12411915784422005      ,  0.12047792935848968      ,   5.6164704860415256E-002
  0.12151084449738032      ,  0.12924764397219127      ,   6.4406236612651963E-002
  0.11925803916243453      ,  0.13919568879702723      ,   7.2882074089193616E-002
  0.12099791261929842      ,  0.15038979239713457      ,   8.1701737491125151E-002
  0.12921355232783135      ,  0.16291018095003260      ,   9.0972376317400280E-002
  0.14449591776579654      ,  0.17685038546522014      ,  0.10080039897459114     
  0.16547104844690064      ,  0.19231807375030874      ,  0.11129303635303416     
  0.18938147154346638      ,  0.20943591808758993      ,  0.12255984902471209     
  0.21310138733574874      ,  0.22834250119983526      ,  0.13471418753482758     
  0.23423216620776746      ,  0.24919325368583059      ,  0.14787461413054032     
  0.25190875347465658      ,  0.27216140501006614      ,  0.16216629213985403     
  0.26705723762490252      ,  0.29743891648856235      ,  0.17772234594660688     
  0.28204040404397446      ,  0.32523734746483168      ,  0.19468518987864572     
  0.29984168067425365      ,  0.35578858369275485      ,  0.21320781800241143     
  0.32309241362417840      ,  0.38934532818804513      ,  0.23345503833546014     
  0.35328537489622586      ,  0.42618121744158366      ,  0.25560462372991749     
  0.39042981064434457      ,  0.46659037743175252      ,  0.27984833683908750     
  0.43323575482952237      ,  0.51088617139247883      ,  0.30639276713294245     
  0.47973374689663695      ,  0.55939881143258230      ,  0.33545989260639347     
  0.52809450824198656      ,  0.61247140525082377      ,  0.36728724609690205     
  0.57735102148137818      ,  0.67045388387585647      ,  0.40212752422049775     
  0.62776761345364351      ,  0.73369410400377422      ,  0.44024742390437027     
  0.68074017112983853      ,  0.80252523878664739      ,  0.48192542541007199     
  0.73829728676132123      ,  0.87724836805713469      ,  0.52744816004763362     
  0.80242345901879986      ,  0.95810896533412482      ,  0.57710490493869326     
  0.87447393508942040      ,   1.0452657805728223      ,  0.63117963775002872     
  0.95488041087765463      ,   1.1387504820354777      ,  0.68993996663175328     
   1.0432001261568788      ,   1.2384164273482181      ,  0.75362213632406572     
   1.1384070424142261      ,   1.3438752066554114      ,  0.82241122208398265     
   1.2392237922883842      ,   1.4544203201472676      ,  0.89641559472431365     
   1.3442852787929926      ,   1.5689387609178072      ,  0.97563482829485038     
   1.4520188240677234      ,   1.6858136658766292      ,   1.0599205065801458     
   1.5602941642085659      ,   1.8028248692118054      ,   1.1489299706560232     
   1.6660718593947479      ,   1.9170593339240956      ,   1.2420740599845279     
   1.7653594503882990      ,   2.0248499264203508      ,   1.3384614507544750     
   1.8536642939309782      ,   2.1217681005363196      ,   1.4368443490931841     
   1.9268049194675294      ,   2.2027020523138305      ,   1.5355729780716709     
   1.9816353181218338      ,   2.2620538223631388      ,   1.6325691829374855     
   2.0162635719894513      ,   2.2940825631095625      ,   1.7253318865775926     
   2.0296960296006246      ,   2.2934025096515773      ,   1.8109879719485740     
   2.0211517657198530      ,   2.2556108582566328      ,   1.8864000927656583     
   1.9893517637923352      ,   2.1779756365249536      ,   1.9483366994347122     
   1.9320080211346113      ,   2.0600674067786091      ,   1.9936988387326597     
   1.8457060684886841      ,   1.9041894755754216      ,   2.0197843039439829     
   1.7264572219745886      ,   1.7154692943814802      ,   2.0245557812127513     
   1.5712964179900351      ,   1.5015302430138926      ,   2.0068705581414674     
   1.3811169779600143      ,   1.2717598040209583      ,   1.9666297015238157     
   1.1640973361728948      ,   1.0362971825751546      ,   1.9048163682796677     
  0.93748918560121242      ,  0.80493991239132967      ,   1.8234138682300103     
  0.72387666674309359      ,  0.58618396610125834      ,   1.7252181534258575     
  0.54052379529004546      ,  0.38656124625243360      ,   1.6135790714816123     
  0.39064858998938479      ,  0.21034630813473335      ,   1.4921143988777912     
  0.26621140920819247      ,   5.9608695163686748E-002 ,   1.3644388805009304     
  0.15657941938923520      ,  -6.5479933137011226E-002 ,   1.2339398472094227     
   5.4028202221503785E-002 , -0.16620055027530495      ,   1.1036162944159156     
  -4.4776446547692361E-002 , -0.24481000764352695      ,  0.97598429919751772     
 -0.13916468527121376      , -0.30410886996064257      ,  0.85304136147876719     
 -0.22556488448202958      , -0.34709476490187574      ,  0.73627664433751827     
 -0.29884609239395732      , -0.37671289195006802      ,  0.62671257737338548     
 -0.35369235817286426      , -0.39569614814294074      ,  0.52496455981118595     
 -0.38598669354804471      , -0.40647782964416257      ,  0.43130818574931273     
 -0.39422164294094325      , -0.41115746707718875      ,  0.34574645755035577     
 -0.38074917070841457      , -0.41150210621487715      ,  0.26807221390270930     
 -0.35234183770226746      , -0.40896890310199524      ,  0.19792318892810590     
 -0.31937166607520212      , -0.40473875859198022      ,  0.13482868670199558     
 -0.29331458525113507      , -0.39975409662649936      ,   7.8247876867343358E-002
 -0.28328319855051487      , -0.39475651542952789      ,   2.7600314319150377E-002
 -0.29311290258184880      , -0.39032191242298492      ,  -1.7710416716385423E-002
 -0.32032579430343278      , -0.38689192741735651      ,  -5.8278932325788971E-002
 -0.35731977707081136      , -0.38480132170628584      ,  -9.4685166360762144E-002
 -0.39422543574272578      , -0.38430135678688487      , -0.12748546907213734     
 -0.42236466932956707      , -0.38557946906189577      , -0.15720688788408219     
 -0.43711198217087155      , -0.38877563790933228      , -0.18434394603443194     
 -0.43921476751689970      , -0.39399586905819672      , -0.20935734501658584     
 -0.43418278499126156      , -0.40132319833040991      , -0.23267411661505247     
 -0.43004380068893061      , -0.41082658358391927      , -0.25468883757681537     
 -0.43438570375665175      , -0.42256800707019559      , -0.27576559431625691     
 -0.45184803306924948      , -0.43660806267782115      , -0.29624044721241904     
 -0.48290448850465600      , -0.45301025559336150      , -0.31642419513785502     
 -0.52416110096901258      , -0.47184419680003337      , -0.33660528206910106     
 -0.56988176733832718      , -0.49318783156868379      , -0.35705272011539529     
 -0.61414128247622246      , -0.51712879917563415      , -0.37801892807114496     
 -0.65284919363611715      , -0.54376497977004823      , -0.39974240249018106     
 -0.68494825512718704      , -0.57320424278403181      , -0.42245014997122587     
 -0.71242495116139182      , -0.60556336871600913      , -0.44635981535506558     
 -0.73925685334544144      , -0.64096607180850518      , -0.47168144125200534     
 -0.76982341962558987      , -0.67954000459510544      , -0.49861879002709569     
 -0.80743515304384350      , -0.72141257642418488      , -0.52737015029433365     
 -0.85347227790308078      , -0.76670536747726248      , -0.55812853633776005     
 -0.90730919584982284      , -0.81552686917319506      , -0.59108117101442681     
 -0.96690519600974367      , -0.86796323453109814      , -0.62640812116689004     
  -1.0297512932501378      , -0.92406668383501045      , -0.66427993038313904     
  -1.0937926181173649      , -0.98384119101453216      , -0.70485406880495360     
  -1.1580001925712622      ,  -1.0472250883707017      , -0.74826999640014280     
  -1.2224354690189259      ,  -1.1140702913966432      , -0.79464261903395428     
  -1.2878701891495954      ,  -1.1841179882630797      , -0.84405391227026083     
  -1.3551866554422252      ,  -1.2569708943107780      , -0.89654250528706636     
  -1.4248186272973389      ,  -1.3320625811600497      , -0.95209106900782137     
  -1.4964144366987795      ,  -1.4086249955284553      ,  -1.0106114543405447     
  -1.5687800731312804      ,  -1.4856561204709910      ,  -1.0719276969676881     
  -1.6400537853730455      ,  -1.5618908147046162      ,  -1.1357572641826892     
  -1.7080047113772210      ,  -1.6357791596741007      ,  -1.2016912837629112     
  -1.7703400403905298      ,  -1.7054780339848252      ,  -1.2691749722667758     
  -1.8249372095805447      ,  -1.7688628873783263      ,  -1.3374900584707226     
  -1.8699665871338402      ,  -1.8235674200729917      ,  -1.4057416326856329     
  -1.9039096337172643      ,  -1.8670585584756816      ,  -1.4728524544807782     
  -1.9254946814688101      ,  -1.8967521385750084      ,  -1.5375681751794532     
  -1.9335736448045351      ,  -1.9101705150628026      ,  -1.5984769812271005     
  -1.9269620634243381      ,  -1.9051366868038477      ,  -1.6540466183546458     
  -1.9042702769464963      ,  -1.8799909029060546      ,  -1.7026804229180070     
  -1.8637679736154844      ,  -1.8338064567641899      ,  -1.7427917898376235     
  -1.8033509024294918      ,  -1.7665738233804884      ,  -1.7728935811366489     
  -1.7207195657057286      ,  -1.6793193399910480      ,  -1.7916957382361516     
  -1.6139217664548171      ,  -1.5741287994909499      ,  -1.7982014834472844     
  -1.4823968864161152      ,  -1.4540585711738296      ,  -1.7917907942460058     
  -1.3284735489098982      ,  -1.3229355864692047      ,  -1.7722800115972297     
  -1.1588006395344228      ,  -1.1850684983651558      ,  -1.7399488134297523     
 -0.98453556033358802      ,  -1.0449098261764556      ,  -1.6955300711564372     
 -0.81897255082379450      , -0.90671780055009554      ,  -1.6401634518064443     
 -0.67292512783450587      , -0.77426443399857336      ,  -1.5753188259838156     
 -0.55095286906503871      , -0.65062418559314306      ,  -1.5026994293425207     
 -0.45131068016010245      , -0.53805960856055846      ,  -1.4241365517228026     
 -0.36876024507193095      , -0.43800192017994610      ,  -1.3414871510683963     
 -0.29754874440536228      , -0.35111004356225739      ,  -1.2565436330226010     
 -0.23323360575129992      , -0.27738372851379317      ,  -1.1709618668190174     
 -0.17341705691204432      , -0.21630490680726164      ,  -1.0862101432000582     
 -0.11774460414234161      , -0.16698485479310698      ,  -1.0035388660824414     
  -6.7444009228820420E-002 , -0.12830075441590932      , -0.92396866930221366     
  -2.4632630002684973E-002 ,  -9.9011800828282467E-002 , -0.84829344980179178     
   8.4126065246208567E-003 ,  -7.7850703932708876E-002 , -0.77709439787087953     
   2.9892587709466685E-002 ,  -6.3590613793592488E-002 , -0.71076127246323817     
   3.8970686770779639E-002 ,  -5.5090083998159803E-002 , -0.64951768650273467     
   3.6076790558721636E-002 ,  -5.1319928652182122E-002 , -0.59344783846858606     
   2.2993070551530381E-002 ,  -5.1376111790610725E-002 , -0.54252281249798806     
   2.6696844818672825E-003 ,  -5.4482506497482014E-002 , -0.49662518528688282     
  -2.1254533566508881E-002 ,  -5.9986771525834218E-002 , -0.45557118450738321     
  -4.5165438835520627E-002 ,  -6.7351918144290771E-002 , -0.41913003141958882     
  -6.6247585563723246E-002 ,  -7.6145498697450006E-002 , -0.38704037906701927     
  -8.3077963680918562E-002 ,  -8.6027798752510112E-002 , -0.35902394463510756     
  -9.5833941127153904E-002 ,  -9.6739974650656230E-002 , -0.33479655016284376     
 -0.10604204657553079      , -0.10809274326090544      , -0.31407684844854894     
 -0.11595772286195254      , -0.11995598579839001      , -0.29659303637498741     
 -0.12778643133104786      , -0.13224945471734162      , -0.28208785835243927     
 -0.14299249484079862      , -0.14493465480064185      , -0.27032218738771446     
 -0.16189589457868744      , -0.15800789211005009      , -0.26107744707156139     
 -0.18365789207868835      , -0.17149443591142843      , -0.25415710912940392     
 -0.20663714744262193      , -0.18544371031143450      , -0.24938747116086327     
 -0.22898736692462726      , -0.19992541770844602      , -0.24661788975310234     
 -0.24929406220344125      , -0.21502649063002746      , -0.24572061646105828     
 -0.26703897117622954      , -0.23084876878264615      , -0.24659035883437774     
 -0.28274508787239883      , -0.24750730180244249      , -0.24914366600070298     
 -0.29777110845095456      , -0.26512918355277493      , -0.25331821830752771     
 -0.31384651299754912      , -0.28385282959556735      , -0.25907208303752821     
 -0.33252123790920113      , -0.30382761469181757      , -0.26638298299531660     
 -0.35471948752525745      , -0.32521379106320952      , -0.27524761149537930     
 -0.38053679678177793      , -0.34818260996592526      , -0.28568101558953890     
 -0.40932797984954045      , -0.37291656820932029      , -0.29771605884614949     
 -0.44003504842154278      , -0.39960969688581727      , -0.31140296518496530     
 -0.47162890836846361      , -0.42846780097640164      , -0.32680893569513642     
 -0.50350832526475098      , -0.45970854475326928      , -0.34401782048743806     
 -0.53572353450321974      , -0.49356125796539929      , -0.36312981686817919     
 -0.56896153611305333      , -0.53026631045188799      , -0.38426115281641809     
 -0.60431915241876888      , -0.57007386672513005      , -0.40754370016543978     
 -0.64296348074620957      , -0.61324178576453203      , -0.43312444421807728     
 -0.68580976988115094      , -0.66003237338925247      , -0.46116471487057925     
 -0.73332607653804660      , -0.71070762410160104      , -0.49183905773979042     
 -0.78551589681181000      , -0.76552250598750449      , -0.52533359135827784     
 -0.84206020301712037      , -0.82471574748206744      , -0.56184365743896569     
 -0.90254485559161723      , -0.88849748268377926      , -0.60157052509409392     
 -0.96667587548106881      , -0.95703301110356997      , -0.64471685702333670     
  -1.0343990650981638      ,  -1.0304218440011301      , -0.69148058764199649     
  -1.1058836847170224      ,  -1.1086711689674305      , -0.74204680358594444     
  -1.1813825229584010      ,  -1.1916629079707703      , -0.79657716295425818     
  -1.2610200196228094      ,  -1.2791137317463777      , -0.85519635278332806     
  -1.3445724376550352      ,  -1.3705278083744008      , -0.91797508300500474     
  -1.4312919531450103      ,  -1.4651428133852800      , -0.98490917658624821     
  -1.5198051761143885      ,  -1.5618709377351614      ,  -1.0558944769156287     
  -1.6081021398814543      ,  -1.6592384213378226      ,  -1.1306976022292721     
  -1.6936284263205779      ,  -1.7553295920387670      ,  -1.2089230872994532     
  -1.7734878821383222      ,  -1.8477444638281029      ,  -1.2899782167765024     
  -1.8447364783044276      ,  -1.9335823784575716      ,  -1.3730379039287575     
  -1.9046982243303612      ,  -2.0094673378281551      ,  -1.4570132840711101     
  -1.9511958994861835      ,  -2.0716324741702135      ,  -1.5405291632885045     
  -1.9826052331728452      ,  -2.1160799622598705      ,  -1.6219168435451898     
  -1.9977101617370463      ,  -2.1388267571723301      ,  -1.6992297223010837     
  -1.9954104864099005      ,  -2.1362343452227091      ,  -1.7702888766971601     
  -1.9743713607656779      ,  -2.1054020599515408      ,  -1.8327639813947796     
  -1.9327132059114800      ,  -2.0445807668991480      ,  -1.8842909353405151     
  -1.8678579495200982      ,  -1.9535423966589387      ,  -1.9226215166584080     
  -1.7767041164323549      ,  -1.8338290488603362      ,  -1.9457930344686416     
  -1.6563861971410450      ,  -1.6888114028237018      ,  -1.9522989358118306     
  -1.5058700780010013      ,  -1.5235141097589926      ,  -1.9412368422279591     
  -1.3283124871336880      ,  -1.3442120210571691      ,  -1.9124105565793181     
  -1.1332729571797659      ,  -1.1578532144471796      ,  -1.8663681352799042     
 -0.93670441098959412      , -0.97140576902449882      ,  -1.8043683566136113     
 -0.75640841485806209      , -0.79124071353522030      ,  -1.7282803210774276     
 -0.60411737628461570      , -0.62264865754680543      ,  -1.6404321365977033     
 -0.48088049150214246      , -0.46954913069346166      ,  -1.5434317569348321     
 -0.37979442278899844      , -0.33440429339267902      ,  -1.4399846537350298     
 -0.29180571675612321      , -0.21830781663064763      ,  -1.3327295467317848     
 -0.20969741478245596      , -0.12119519779513725      ,  -1.2241066936955947     
 -0.12962301759275527      ,  -4.2115597683410992E-002 ,  -1.1162655197519116     
  -5.1165681870951510E-002 ,   2.0486709436646308E-002 ,  -1.0110115465697123     
   2.3399943023237092E-002 ,   6.8517777469615099E-002 , -0.90978775496973741     
   9.0221868536210933E-002 ,  0.10402626193743578      , -0.81368293448099915     
  0.14502695223921924      ,  0.12904874663052246      , -0.72345890814728753     
  0.18412345395499427      ,  0.14550507020936551      , -0.63958917068628618     
  0.20522033852094038      ,  0.15513562773870865      , -0.56230283043951657     
  0.20808821995913848      ,  0.15947093878374241      , -0.49162931722975295     
  0.19499617781287812      ,  0.15982416769303215      , -0.42744079806285401     
  0.17072054455416591      ,  0.15729872395344635      , -0.36949047281843572     
  0.14188548576128018      ,  0.15280484568268940      , -0.31744585488358845     
  0.11557970458711206      ,  0.14708076104513482      , -0.27091679461893292     
   9.7569095443791110E-002 ,  0.14071543813105639      , -0.22947842460269577     
   9.0745664967687364E-002 ,  0.13417102251796589      , -0.19268945063371956     
   9.4442132819240771E-002 ,  0.12780384748378712      , -0.16010633292912446     
  0.10488730106078747      ,  0.12188343978152048      , -0.13129393972555115     
  0.11662004000397572      ,  0.11660929459036382      , -0.10583324203678925     
  0.12435064789301561      ,  0.11212541045637760      ,  -8.3326575815892520E-002
  0.12465359571376307      ,  0.10853270131855734      ,  -6.3400941043187109E-002
  0.11698088336646884      ,  0.10589946947631626      ,  -4.5709745725188280E-002
  0.10371832442882538      ,  0.10427015253733518      ,  -2.9933342086985087E-002
   8.9292158810398606E-002 ,  0.10367256371322282      ,  -1.5778645510833335E-002
   7.8628700227246870E-002 ,  0.10412383785823971      ,  -2.9780755577153233E-003
   7.5497518975055813E-002 ,  0.10563528140448651      ,   8.7119867305855848E-003
   8.1309178101495308E-002 ,  0.10821630655474181      ,   1.9513070123515407E-002
   9.4754540457865660E-002 ,  0.11187761099747581      ,   2.9626691293402192E-002
  0.11236256631407636      ,  0.11663374533339807      ,   3.9236545986113792E-002
  0.12974805403706557      ,  0.12250519210664432      ,   4.8510742915426050E-002
  0.14310696593773298      ,  0.12952006322130361      ,   5.7604029240280456E-002
  0.15045374161298664      ,  0.13771550677706540      ,   6.6659972083182917E-002
  0.15220326535789780      ,  0.14713890001021801      ,   7.5813073027227965E-002
  0.15093436368012744      ,  0.15784889200725963      ,   8.5190802334656729E-002
  0.15044803352127462      ,  0.16991634801598865      ,   9.4915547152699190E-002
  0.15446679408887920      ,  0.18342523629126711      ,  0.10510647354626416     
  0.16543105750044362      ,  0.19847348819084690      ,  0.11588130609579436     
  0.18378982595413115      ,  0.21517385232113451      ,  0.12735803123493067     
  0.20799062432809065      ,  0.23365475348327366      ,  0.13965653162546596     
  0.23513375942583914      ,  0.25406115644904970      ,  0.15290015875808619     
  0.26204534149531006      ,  0.27655542254615456      ,  0.16721724963564050     
  0.28639568001339410      ,  0.30131813284431563      ,  0.18274259076972924     
  0.30748474842782514      ,  0.32854883440907107      ,  0.19961882863850883     
  0.32644137338284418      ,  0.35846664439448767      ,  0.21799781994534886     
  0.34579476950159027      ,  0.39131061915952309      ,  0.23804190709181647     
  0.36859939035421191      ,  0.42733976025768178      ,  0.25992509369566286     
  0.39744411801326790      ,  0.46683248383084736      ,  0.28383408103491098     
  0.43369706380265194      ,  0.51008532201043177      ,  0.30996910807541045     
  0.47722796803887818      ,  0.55741055142552731      ,  0.33854451411498021     
  0.52666775170431224      ,  0.60913235169282998      ,  0.36978891269851522     
  0.58007953664879930      ,  0.66558098285394907      ,  0.40394482676344723     
  0.63578097493069408      ,  0.72708433304494668      ,  0.44126758626840140     
  0.69301267998994853      ,  0.79395602623684047      ,  0.48202322918040019     
  0.75221398410536222      ,  0.86647909879151963      ,  0.52648507335109662     
  0.81482896015259443      ,  0.94488406424180749      ,  0.57492854014299799     
  0.88275651280046485      ,   1.0293200115880103      ,  0.62762371220481183     
  0.95768838551207169      ,   1.1198172657769607      ,  0.68482500244872102     
   1.0405879030326812      ,   1.2162401498838087      ,  0.74675720953346603     
   1.1314576941137615      ,   1.3182286351005581      ,  0.81359715612049432     
   1.2293905527647702      ,   1.4251283035935616      ,  0.88545008151459337     
   1.3327707248556186      ,   1.5359092905780751      ,  0.96232003866968674     
   1.4394491516296468      ,   1.6490769691601981      ,   1.0440737963954980     
   1.5467786205358125      ,   1.7625803520093120      ,   1.1303982621456463     
   1.6515416110541448      ,   1.8737286770511576      ,   1.2207523257973252     
   1.7499507738387883      ,   1.9791323337539792      ,   1.3143153831750887     
   1.8379187084899122      ,   2.0746905761774594      ,   1.4099366878493840     
   1.9116057699851863      ,   2.1556539445227054      ,   1.5060920462594489     
   1.9679854444681391      ,   2.2167915023342668      ,   1.6008569537318578     
   2.0050854265696261      ,   2.2526884218042524      ,   1.6919075042317528     
   2.0217655665620957      ,   2.2581843870692953      ,   1.7765613825387028     
   2.0171646708481648      ,   2.2289354566246842      ,   1.8518697931255470     
   1.9900605296169622      ,   2.1620431645734275      ,   1.9147661847452768     
   1.9383586054860571      ,   2.0566529170936714      ,   1.9622686169821451     
   1.8588980236684600      ,   1.9143940614837531      ,   1.9917204286638490     
   1.7478261282237568      ,   1.7395340488428781      ,   2.0010411052933321     
   1.6018979046451636      ,   1.5387608201874197      ,   1.9889499507456627     
   1.4209665495418986      ,   1.3205875736851553      ,   1.9551235362441517     
   1.2112821473113908      ,   1.0944698721640391      ,   1.9002562817400708     
  0.98782052206748894      ,  0.86980197130440695      ,   1.8260108125278076     
  0.77213541430483068      ,  0.65498696600371087      ,   1.7348662255019947     
  0.58327368312686023      ,  0.45674402410833626      ,   1.6298915649064565     
  0.42792765702460250      ,  0.27974115223213653      ,   1.5144830970439576     
  0.30043971965777067      ,  0.12655500924438956      ,   1.3921050714225933     
  0.19059738316893560      ,  -2.1093609545281568E-003 ,   1.2660659784698975     
   8.9927646600722083E-002 , -0.10703999294361360      ,   1.1393497488246689     
  -6.0694231489372419E-003 , -0.19008160102014149      ,   1.0145082306768012     
  -9.7909284742105390E-002 , -0.25371953242299472      ,  0.89361081724419855     
 -0.18300808647312600      , -0.30073129688479561      ,  0.77824067797363217     
 -0.25691524756772632      , -0.33392454246025399      ,  0.66952453904332021     
 -0.31462692222777483      , -0.35596005720225277      ,  0.56818335328088643     
 -0.35189145602752031      , -0.36924698732802863      ,  0.47459326396003948     
 -0.36651207032562388      , -0.37589322082260024      ,  0.38884895656509771     
 -0.35954942753014973      , -0.37769423707262845      ,  0.31082411065795684     
 -0.33605471205136145      , -0.37614639022080093      ,  0.24022584882287670     
 -0.30474468499699131      , -0.37247398388673925      ,  0.17664171537082027     
 -0.27620147900634917      , -0.36766269850571237      ,  0.11957883348917736     
 -0.25990937298665312      , -0.36249455027626887      ,   6.8495581330194732E-002
 -0.26129560765694004      , -0.35758150586839088      ,   2.2826506073900316E-002
 -0.28011266291798614      , -0.35339622047587044      ,  -1.7998639778078043E-002
 -0.31081991782777191      , -0.35029923678836039      ,  -5.4540824849171811E-002
 -0.34473386464303535      , -0.34856251030891594      ,  -8.7341759806201569E-002
 -0.37311216959629706      , -0.34838942264384626      , -0.11691723052267909     
 -0.39008862513501086      , -0.34993159229674742      , -0.14375306250130479     
 -0.39448554589052914      , -0.35330285041969134      , -0.16830313786135651     
 -0.38994142161904133      , -0.35859075534454887      , -0.19098898192971681     
 -0.38336841442176556      , -0.36586599856871060      , -0.21220052210168877     
 -0.38235960070954494      , -0.37519002047089617      , -0.23229769598738090     
 -0.39256648839165892      , -0.38662111437854607      , -0.25161264904947012     
 -0.41599891856461324      , -0.40021925684407017      , -0.27045231471455861     
 -0.45071803278438377      , -0.41604986199587363      , -0.28910121329269922     
 -0.49185312837253359      , -0.43418661921318441      , -0.30782434099060302     
 -0.53349240816717947      , -0.45471353602796433      , -0.32687004780146445     
 -0.57077118136344740      , -0.47772627159494169      , -0.34647282392138790     
 -0.60143377940606613      , -0.50333280959024207      , -0.36685592925790400     
 -0.62635240753862342      , -0.53165348217388397      , -0.38823381009042951     
 -0.64890512658077826      , -0.56282031778690689      , -0.41081425140154459     
 -0.67356097162641548      , -0.59697564414214421      , -0.43480021307211597     
 -0.70428472075086646      , -0.63426983296738892      , -0.46039129315319621     
 -0.74335134392467994      , -0.67485802422642949      , -0.48778475182937375     
 -0.79090880364874594      , -0.71889561443919947      , -0.51717601545449898     
 -0.84531048852899970      , -0.76653223684161209      , -0.54875856116675947     
 -0.90398694078964825      , -0.81790390218311593      , -0.58272305918769784     
 -0.96448671399605390      , -0.87312291159351063      , -0.61925562236534037     
  -1.0253003581980848      , -0.93226510369459192      , -0.65853498173058778     
  -1.0861982070294045      , -0.99535396770232754      , -0.70072837453749337     
  -1.1480285353472108      ,  -1.0623411591474730      , -0.74598590049483626     
  -1.2121406322592139      ,  -1.1330830190770358      , -0.79443307761640658     
  -1.2797111293134422      ,  -1.2073128544503686      , -0.84616131890993951     
  -1.3512248408372047      ,  -1.2846090303135032      , -0.90121606603373261     
  -1.4262414457684691      ,  -1.3643594057596606      , -0.95958237131782331     
  -1.5034456098825404      ,  -1.4457233725700702      ,  -1.0211678349887090     
  -1.5808860058205878      ,  -1.5275937779192856      ,  -1.0857830039380234     
  -1.6562774085664418      ,  -1.6085623533591964      ,  -1.1531196477268890     
  -1.7272643556191971      ,  -1.6868938939161400      ,  -1.2227277695525685     
  -1.7916012922660103      ,  -1.7605161903145281      ,  -1.2939927958138346     
  -1.8472557967010386      ,  -1.8270343129837907      ,  -1.3661151039794051     
  -1.8924586651440263      ,  -1.8837787772127064      ,  -1.4380948387112886     
  -1.9257090312217486      ,  -1.9278966816365157      ,  -1.5087257139824952     
  -1.9457232825630018      ,  -1.9564922881605553      ,  -1.5766020145148025     
  -1.9513176562025034      ,  -1.9668179842404507      ,  -1.6401430354681412     
  -1.9412351311446716      ,  -1.9565078935156675      ,  -1.6976384459203631     
  -1.9139532535966017      ,  -1.9238352622592316      ,  -1.7473162883833551     
  -1.8675351029274365      ,  -1.8679631247608479      ,  -1.7874324592804500     
  -1.7996190504749510      ,  -1.7891488963989355      ,  -1.8163767754887499     
  -1.7076920909194440      ,  -1.6888613174542515      ,  -1.8327867172578691     
  -1.5898342371873277      ,  -1.5697756537403367      ,  -1.8356565804305158     
  -1.4460689374792461      ,  -1.4356308657342878      ,  -1.8244281277482193     
  -1.2801503078109024      ,  -1.2909575812169940      ,  -1.7990497282333926     
  -1.1009608231333110      ,  -1.1407118013422741      ,  -1.7599946421626305     
 -0.92194762430820032      , -0.98986866166433762      ,  -1.7082349636031091     
 -0.75732291196013390      , -0.84303727905915227      ,  -1.6451744759519611     
 -0.61651251045437161      , -0.70414998917810345      ,  -1.5725497021054149     
