  0.50640990709378819      ,   2.1229450724483714      ,   1.4655193661558268     
   1.4832857551400598      ,   2.1929852415350255      ,   1.5610585270229873     
   2.0314438996280852      ,   2.2400776937172493      ,   1.6539053462152871     
   2.4365388547425866      ,   2.2589017442634218      ,   1.7415228812149708     
   2.5809852832437645      ,   2.2447042742917840      ,   1.8210630112943438     
   2.3040554467012857      ,   2.1939089102960634      ,   1.8894909061409448     
   1.8954628700863936      ,   2.1047402225179983      ,   1.9437656688917380     
   1.7028101729081835      ,   1.9777454803439807      ,   1.9810672081207392     
   1.5331917224810119      ,   1.8160821072783706      ,   1.9990464820024860     
   1.5423907598872755      ,   1.6254624622894605      ,   1.9960649989817625     
   1.4227793455849971      ,   1.4137129629515430      ,   1.9713841858516696     
   1.3373078679692478      ,   1.1899972664110152      ,   1.9252693066812612     
   1.0856908484556465      ,  0.96384218103004549      ,   1.8589865037522069     
  0.78094908047474743      ,  0.74415591195967179      ,   1.7746919444430655     
  0.49062780937328149      ,  0.53842131673974125      ,   1.6752329415465239     
  0.32096341874461010      ,  0.35218728446955988      ,   1.5638959838847664     
  0.13100680143651772      ,  0.18889565376218667      ,   1.4441420266186100     
   7.1227501411946850E-002 ,   5.0001978019320249E-002 ,   1.3193650556489360     
   3.5014769432055635E-002 ,  -6.4700883798565631E-002 ,   1.1926989228874905     
  -3.0225925006117441E-003 , -0.15666063759309845      ,   1.0668841267543117     
  -4.4004265882838997E-002 , -0.22813426990100699      ,  0.94419438639734021     
 -0.12048132766178621      , -0.28180797976757588      ,  0.82641469034470127     
 -0.21697226381561260      , -0.32049834109380249      ,  0.71485843581946695     
 -0.28722558296955741      , -0.34694074961631782      ,  0.61041059040920653     
 -0.30611634418040479      , -0.36365620077566646      ,  0.51358530372947420     
 -0.32972345237454243      , -0.37288048745330526      ,  0.42458891988492709     
 -0.33143850211824788      , -0.37653861886822665      ,  0.34338204425120999     
 -0.33185260809351985      , -0.37624917459232166      ,  0.26973670639260389     
 -0.32159495015220668      , -0.37334652660465156      ,  0.20328652779630416     
 -0.33379840195215027      , -0.36891220776140959      ,  0.14356912745924336     
 -0.31829084728344637      , -0.36380958762195265      ,   9.0060855130340983E-002
 -0.33205136656225914      , -0.35871823902491112      ,   4.2204439621893741E-002
 -0.33524291802635064      , -0.35416596004674755      ,  -5.6961569239652996E-004
 -0.34974154433647936      , -0.35055746826940914      ,  -3.8826978221081797E-002
 -0.34996104885173901      , -0.34819944144875398      ,  -7.3117879548269940E-002
 -0.36738379604765309      , -0.34732196114584557      , -0.10396913675487859     
 -0.36334075991090253      , -0.34809661831423416      , -0.13187907821838246     
 -0.36828075241268743      , -0.35065163044657438      , -0.15731475324318300     
 -0.37043320939605484      , -0.35508434474769440      , -0.18071090378070817     
 -0.38155753258916358      , -0.36147149037983400      , -0.20247026648446861     
 -0.39334891968054569      , -0.36987751301508459      , -0.22296485238673353     
 -0.41134359474010451      , -0.38036128702789984      , -0.24253791924495635     
 -0.43210006785692845      , -0.39298146021187508      , -0.26150640862046931     
 -0.44627554995943247      , -0.40780064560972051      , -0.28016366693359418     
 -0.47173580295308337      , -0.42488863596647064      , -0.29878230811027573     
 -0.48970868719599858      , -0.44432477860534586      , -0.31761710598075332     
 -0.51877583229239510      , -0.46619961183729980      , -0.33690782818834025     
 -0.54444856745308490      , -0.49061582772856122      , -0.35688194075595159     
 -0.58727886348021174      , -0.51768858938690709      , -0.37775712423213165     
 -0.61770152117797572      , -0.54754519301577265      , -0.39974354894277481     
 -0.66398940007313900      , -0.58032402491292434      , -0.42304585861538374     
 -0.69712996538977146      , -0.61617272046811900      , -0.44786480869756806     
 -0.74110852519442816      , -0.65524538527947807      , -0.47439849813077212     
 -0.77672375996843335      , -0.69769868729453444      , -0.50284312115890861     
 -0.82837234110886815      , -0.74368657348523226      , -0.53339314892254241     
 -0.87735399822858406      , -0.79335330605295495      , -0.56624082914757556     
 -0.93846632141538189      , -0.84682445416439756      , -0.60157486641105617     
  -1.0023486907794383      , -0.90419542278911047      , -0.63957811587315860     
  -1.0709086798287830      , -0.96551705894731876      , -0.68042409129601356     
  -1.1422293132801133      ,  -1.0307778612015503      , -0.72427205599499500     
  -1.2147075032253607      ,  -1.0998823509037625      , -0.77126043706710912     
  -1.2924445981645909      ,  -1.1726252724491224      , -0.82149828508863920     
  -1.3664710503335371      ,  -1.2486615134322572      , -0.87505450283288311     
  -1.4491664505126984      ,  -1.3274720230237296      , -0.93194460068929952     
  -1.5248173192764789      ,  -1.4083266142620134      , -0.99211482113025040     
  -1.6081305897646903      ,  -1.4902454189606513      ,  -1.0554236320282695     
  -1.6827379652224164      ,  -1.5719619618454443      ,  -1.1216208443547895     
  -1.7630636947210963      ,  -1.6518923291820697      ,  -1.1903249890188543     
  -1.8322079402940068      ,  -1.7281166388091584      ,  -1.2610001085055818     
  -1.9033210288623270      ,  -1.7983807511966154      ,  -1.3329337815139992     
  -1.9602645828137106      ,  -1.8601274883067285      ,  -1.4052189689836077     
  -2.0112866435308940      ,  -1.9105669316404634      ,  -1.4767430611370855     
  -2.0441523385440812      ,  -1.9467938643396794      ,  -1.5461881616983577     
  -2.0637119605575260      ,  -1.9659562972366709      ,  -1.6120469374818855     
  -2.0606492885498455      ,  -1.9654717519920386      ,  -1.6726580056065574     
  -2.0376683371587756      ,  -1.9432777608327523      ,  -1.7262635486630262     
  -1.9892995545134771      ,  -1.8980912374186156      ,  -1.7710894706649931     
  -1.9159569013422639      ,  -1.8296406962393050      ,  -1.8054450031124267     
  -1.8163266437632846      ,  -1.7388294866500131      ,  -1.8278346624583925     
  -1.6916110798921493      ,  -1.6277909378168240      ,  -1.8370716452890137     
  -1.5450898747880406      ,  -1.4998095542228083      ,  -1.8323791687938058     
  -1.3807024474372214      ,  -1.3591048903602743      ,  -1.8134659116009328     
  -1.2070107314280818      ,  -1.2105014823689850      ,  -1.7805641330966038     
  -1.0302153426555678      ,  -1.0590317642324893      ,  -1.7344240464755345     
 -0.86148551543685203      , -0.90953204853726333      ,  -1.6762645840380972     
 -0.70619798140046730      , -0.76629045839720311      ,  -1.6076872838821734     
 -0.57224417921180704      , -0.63279111119684861      ,  -1.5305650890616394     
 -0.45915594304454616      , -0.51157614327258938      ,  -1.4469203331926654     
 -0.36793900104943927      , -0.40422348056081997      ,  -1.3588058440310067     
 -0.29311988076017975      , -0.31141976406450217      ,  -1.2682004526181798     
 -0.23248056550384985      , -0.23309778801163680      ,  -1.1769262441082506     
 -0.18139637612636167      , -0.16860623877588951      ,  -1.0865906987991416     
 -0.13884048922418427      , -0.11688420726929609      , -0.99855328422125944     
 -0.10297386311485703      ,  -7.6620826960369842E-002 , -0.91391352682143312     
  -7.4371968212622319E-002 ,  -4.6388750188870759E-002 , -0.83351620498294843     
  -5.2746748310027347E-002 ,  -2.4747247274474339E-002 , -0.75796889974055193     
  -3.8619232052916633E-002 ,  -1.0315729998428632E-002 , -0.68766743138630215     
  -3.1541085883868447E-002 ,  -1.8214478280048640E-003 , -0.62282540323619306     
  -3.0688446101164984E-002 ,   1.8736213420180853E-003 , -0.56350492439458066     
  -3.4729886114648424E-002 ,   1.7615356216361129E-003 , -0.50964642339749555     
  -4.1925835037594825E-002 ,  -1.3118115952818158E-003 , -0.46109619835676158     
  -5.1289020135185853E-002 ,  -6.6396574477651698E-003 , -0.41763093670120399     
  -6.1722663980661396E-002 ,  -1.3643028666461270E-002 , -0.37897887546563841     
  -7.3563735730223137E-002 ,  -2.1857230537399887E-002 , -0.34483757807297111     
  -8.6379100088022298E-002 ,  -3.0917647516997382E-002 , -0.31488850072089442     
 -0.10064863984065756      ,  -4.0545828998756465E-002 , -0.28880863680281205     
 -0.11525308670950236      ,  -5.0536458215814865E-002 , -0.26627958437632082     
 -0.12999521453599192      ,  -6.0745535952676205E-002 , -0.24699439830948178     
 -0.14335596796260258      ,  -7.1079928829461902E-002 , -0.23066257968419340     
 -0.15547154589798609      ,  -8.1488312368645233E-002 , -0.21701353068754367     
 -0.16576666157664013      ,  -9.1953464011745173E-002 , -0.20579877078846398     
 -0.17522634745783056      , -0.10248581711414667      , -0.19679317430099824     
 -0.18396876793683054      , -0.11311816375377477      , -0.18979545356896593     
 -0.19289162863950393      , -0.12390138486828309      , -0.18462807785078555     
 -0.20185954490913513      , -0.13490108585741281      , -0.18113678659492613     
 -0.21105903268589810      , -0.14619502096295234      , -0.17918982768631697     
 -0.22016312412987663      , -0.15787119815256992      , -0.17867702656820605     
 -0.22915721293792687      , -0.17002656630521587      , -0.17950877083502106     
 -0.23819460702099446      , -0.18276619714175962      , -0.18161497674609636     
 -0.24753881211807141      , -0.19620288481528092      , -0.18494408884528565     
 -0.25791555523320137      , -0.21045709584136973      , -0.18946215116338330     
 -0.26958634652221602      , -0.22565721072115474      , -0.19515197798646983     
 -0.28339577177916936      , -0.24194000588268194      , -0.20201244354666020     
 -0.29930512894244660      , -0.25945133017162558      , -0.21005790288735099     
 -0.31804644053342140      , -0.27834693379168085      , -0.21931775023200070     
 -0.33931603853391690      , -0.29879340902458551      , -0.22983611610438576     
 -0.36369504983163953      , -0.32096920087564484      , -0.24167169986552495     
 -0.39066761820720169      , -0.34506564151254326      , -0.25489772989084503     
 -0.42061704537655087      , -0.37128795436713680      , -0.26960203892761031     
 -0.45299615792919251      , -0.39985616123761175      , -0.28588723682235340     
 -0.48816693778513648      , -0.43100580761439661      , -0.30387095630563832     
 -0.52591229275256046      , -0.46498839643186035      , -0.32368613929883611     
 -0.56680015802588235      , -0.50207138687697239      , -0.34548132058916198     
 -0.61106762710718909      , -0.54253757078717313      , -0.36942085189663620     
 -0.65930800942223888      , -0.58668358224765382      , -0.39568499136519159     
 -0.71191731552746773      , -0.63481722373640304      , -0.42446976021377292     
 -0.76914364852378858      , -0.68725320205339335      , -0.45598643837758396     
 -0.83125359454496617      , -0.74430675725310036      , -0.49046053302116105     
 -0.89804994781131897      , -0.80628453708180048      , -0.52813000635325302     
 -0.96968214879474313      , -0.87347191981658512      , -0.56924249093951840     
  -1.0456634970544076      , -0.94611582648685610      , -0.61405115097201413     
  -1.1261373062716200      ,  -1.0244019038421510      , -0.66280876718600912     
  -1.2105072719004291      ,  -1.1084248294944457      , -0.71575953398672687     
  -1.2989307663922824      ,  -1.1981504370039850      , -0.77312796625371349     
  -1.3907509870570887      ,  -1.2933684551491871      , -0.83510423251032928     
  -1.4859517175278933      ,  -1.3936350120537007      , -0.90182518174023896     
  -1.5835918276854559      ,  -1.4982048238685792      , -0.97335034643113805     
  -1.6830353956732014      ,  -1.6059543643073384      ,  -1.0496323335922244     
  -1.7826596267627384      ,  -1.7152995155211928      ,  -1.1304813258783022     
  -1.8808139879763763      ,  -1.8241144286973070      ,  -1.2155239907546520     
  -1.9750163089978809      ,  -1.9296626473165661      ,  -1.3041580287422825     
  -2.0625977137394282      ,  -2.0285567510694142      ,  -1.3955049591156097     
  -2.1403355085230675      ,  -2.1167681279727408      ,  -1.4883655626288721     
  -2.2047028880188404      ,  -2.1897124730225968      ,  -1.5811845732323351     
  -2.2517991475938270      ,  -2.2424368401855683      ,  -1.6720334281675850     
  -2.2773243495095881      ,  -2.2699274515027903      ,  -1.7586215675428791     
  -2.2768642201862326      ,  -2.2675410704442771      ,  -1.8383470568267553     
  -2.2459749304310512      ,  -2.2315354793862863      ,  -1.9083951718011813     
  -2.1809761118167370      ,  -2.1596393728573404      ,  -1.9658881976733313     
  -2.0793705359886596      ,  -2.0515673608482117      ,  -2.0080809159886481     
  -1.9408911265740119      ,  -1.9093654042820782      ,  -2.0325851947350984     
  -1.7677717279481180      ,  -1.7374802521795818      ,  -2.0375963442642169     
  -1.5652838625482752      ,  -1.5424908645419049      ,  -2.0220870557072868     
  -1.3414490718884284      ,  -1.3325138890316865      ,  -1.9859351503616736     
  -1.1070633102253491      ,  -1.1163770895205816      ,  -1.9299604824015189     
 -0.87479294517626871      , -0.90271463970216792      ,  -1.8558625427495614     
 -0.65777120376556664      , -0.69915333805288005      ,  -1.7660691607004873     
 -0.46686657324861797      , -0.51172455627362157      ,  -1.6635226118661581     
 -0.30806447278473448      , -0.34456902251457822      ,  -1.5514380456062040     
 -0.18097583307513743      , -0.19992742058226354      ,  -1.4330689555593126     
  -8.0127084776830060E-002 ,  -7.8353635495356427E-002 ,  -1.3115070018535810     
   1.7489447787598367E-003 ,   2.0938678205007655E-002 ,  -1.1895322925370455     
   7.0465795816745919E-002 ,   9.9683331970804839E-002 ,  -1.0695188846258392     
  0.12895166881143144      ,  0.16018938887226788      , -0.95339135265482711     
  0.17774942160063506      ,  0.20502955102225520      , -0.84262287340932207     
  0.21613847955188972      ,  0.23680505324691808      , -0.73826321303702513     
  0.24318993846354386      ,  0.25798571518553559      , -0.64098540203572851     
  0.25860942757997663      ,  0.27081406721431378      , -0.55114169936627055     
  0.26336939890672195      ,  0.27725876812910116      , -0.46882179683512121     
  0.25959436672159186      ,  0.27900274777112255      , -0.39390850780487019     
  0.25022709782716812      ,  0.27745373025931797      , -0.32612810965688144     
  0.23845226141353540      ,  0.27376767687771925      , -0.26509396378805872     
  0.22694808005662384      ,  0.26887844999022875      , -0.21034304104239709     
  0.21700643499036704      ,  0.26352928555378896      , -0.16136561312245876     
  0.20846361897243409      ,  0.25830338361003830      , -0.11762872548202521     
  0.20026370201321544      ,  0.25365213339961845      ,  -7.8594230329419618E-002
  0.19146660621705408      ,  0.24992028571985089      ,  -4.3732198406493103E-002
  0.18202290197076823      ,  0.24736787928073103      ,  -1.2530495478973122E-002
  0.17307648876258699      ,  0.24618901419420672      ,   1.5498761649762946E-002
  0.16636876363845110      ,  0.24652771658972086      ,   4.0815242249198726E-002
  0.16335136837898728      ,  0.24849120507191619      ,   6.3848395057936713E-002
  0.16455988599448518      ,  0.25216088680275600      ,   8.4996947291091016E-002
  0.16962150431929232      ,  0.25760140041147883      ,  0.10462953672164868     
  0.17768454511229415      ,  0.26486799812752337      ,  0.12308617297080882     
  0.18801631557681614      ,  0.27401252828755540      ,  0.14068028317307485     
  0.20041364913018833      ,  0.28508824596383264      ,  0.15770114704959190     
  0.21522094928292904      ,  0.29815364605313538      ,  0.17441656789863064     
  0.23306067140412465      ,  0.31327548066923111      ,  0.19107565995241765     
  0.25438202984059149      ,  0.33053109129916319      ,  0.20791165978693618     
  0.27920559188666072      ,  0.35001015569947541      ,  0.22514469075587282     
  0.30710890981688410      ,  0.37181591944846470      ,  0.24298442539145085     
  0.33753261641563437      ,  0.39606595177792658      ,  0.26163260189036275     
  0.37006563621514138      ,  0.42289243397840254      ,  0.28128535757025835     
  0.40470830709387851      ,  0.45244195537173576      ,  0.30213534479742682     
  0.44182249740419666      ,  0.48487475552864823      ,  0.32437359347328226     
  0.48196327677104811      ,  0.52036331095555033      ,  0.34819107871969512     
  0.52562327814875542      ,  0.55909011875466963      ,  0.37377994279216353     
  0.57316438263538838      ,  0.60124447776365575      ,  0.40133430624077332     
  0.62479526452856537      ,  0.64701800872700355      ,  0.43105058462564538     
  0.68065832470199916      ,  0.69659858914627970      ,  0.46312720335904639     
  0.74087993683623776      ,  0.75016230682968776      ,  0.49776357426593426     
  0.80555760839619983      ,  0.80786296208517894      ,  0.53515816326300703     
  0.87467439356902499      ,  0.86981857845954313      ,  0.57550543970562862     
  0.94803519862991770      ,  0.93609432723212493      ,  0.61899145589766924     
   1.0253008151156864      ,   1.0066812497723858      ,  0.66578776291098896     
   1.1060490369364671      ,   1.0814702020791576      ,  0.71604333133576936     
   1.1898810157889483      ,   1.1602205871984252      ,  0.76987412117325282     
   1.2764147498437317      ,   1.2425237379106899      ,  0.82734994640491488     
   1.3652391223271885      ,   1.3277613327337383      ,  0.88847832494687062     
   1.4557427649074990      ,   1.4150600519922343      ,  0.95318511823163443     
   1.5470114009652292      ,   1.5032448850857092      ,   1.0212919774044968     
   1.6377297207283077      ,   1.5907951368249806      ,   1.0924909602993793     
   1.7262221790698051      ,   1.6758092336481305      ,   1.1663171991790231     
   1.8104810975119676      ,   1.7559867539213359      ,   1.2421212063624751     
   1.8882445448029745      ,   1.8286383484215454      ,   1.3190432973004009     
   1.9570082421842374      ,   1.8907357477549998      ,   1.3959936298273332     
   2.0140416620053556      ,   1.9390139414672936      ,   1.4716423658616045     
   2.0563729735458756      ,   1.9701347168167749      ,   1.5444252179966029     
   2.0808393842656887      ,   1.9809139931688384      ,   1.6125698074137198     
   2.0842024833449524      ,   1.9686042965658759      ,   1.6741474332865141     
   2.0633616102384216      ,   1.9312090665239734      ,   1.7271526879999526     
   2.0156607492230103      ,   1.8677898948641325      ,   1.7696097139064220     
   1.9392745780403942      ,   1.7787157727778797      ,   1.7996990584772179     
   1.8336377792256748      ,   1.6658004180897077      ,   1.8158938485468463     
   1.6998475282757526      ,   1.5322841264031259      ,   1.8170896522382194     
   1.5409995744615441      ,   1.3826410816817760      ,   1.8027103842661085     
   1.3623966491277921      ,   1.2222271300857113      ,   1.7727740487535097     
   1.1715808934361129      ,   1.0568173954948450      ,   1.7279072363722550     
  0.97799048631541075      ,  0.89210699497372936      ,   1.6693051785598141     
  0.79199590671638620      ,  0.73325371885859658      ,   1.5986429288824242     
  0.62318969614987541      ,  0.58452759738698601      ,   1.5179506812892458     
  0.47833736423702899      ,  0.44910440619877645      ,   1.4294706036630744     
  0.35988513353410484      ,  0.32900804302432490      ,   1.3355131575457599     
  0.26594831807999786      ,  0.22517975761350253      ,   1.2383281301111788     
  0.19184436242865260      ,  0.13763619500143201      ,   1.1400007631493552     
  0.13224780570325695      ,   6.5674125912785541E-002 ,   1.0423779110055031     
   8.2809123551288458E-002 ,   8.0849226673441309E-003 ,  0.94702432864755492     
   4.0773585210926333E-002 ,  -3.6647959318350160E-002 ,  0.85520570116662220     
   4.8945238863966518E-003 ,  -7.0183985503209742E-002 ,  0.76789306686827385     
  -2.4942193549615493E-002 ,  -9.4198889559875751E-002 ,  0.68578266487044659     
  -4.8279228284011370E-002 , -0.11029539148430681      ,  0.60932557376670549     
  -6.4739228149283942E-002 , -0.11994634888404937      ,  0.53876239312829344     
  -7.4510563368522353E-002 , -0.12446374781749646      ,  0.47415931772987213     
  -7.8545141717734704E-002 , -0.12498684092459350      ,  0.41544303521539272     
  -7.8447278056545000E-002 , -0.12248351306069007      ,  0.36243281295299978     
  -7.6013836041980476E-002 , -0.11776008759970902      ,  0.31486887817539688     
  -7.2594625240148009E-002 , -0.11147595722127562      ,  0.27243673610220331     
  -6.8706774022458034E-002 , -0.10416046098667439      ,  0.23478743889501760     
  -6.4144577253320151E-002 ,  -9.6230268745729916E-002 ,  0.20155404923322520     
  -5.8472418395992327E-002 ,  -8.8006169680094323E-002 ,  0.17236467135236386     
  -5.1596288327220775E-002 ,  -7.9728619465646910E-002 ,  0.14685248014890553     
  -4.4083160178897865E-002 ,  -7.1571715908854167E-002 ,  0.12466318963701144     
  -3.6992239673524684E-002 ,  -6.3655481380319207E-002 ,  0.10546038361411331     
  -3.1336423174478031E-002 ,  -5.6056462123818873E-002 ,   8.8929096525659293E-002
  -2.7564407193431936E-002 ,  -4.8816733180471229E-002 ,   7.4777989758615271E-002
  -2.5389665525320716E-002 ,  -4.1951440676735785E-002 ,   6.2740423449201291E-002
  -2.4009408184681398E-002 ,  -3.5455032936478358E-002 ,   5.2574679744355923E-002
  -2.2547568060288344E-002 ,  -2.9306336777311121E-002 ,   4.4063552248866676E-002
  -2.0460383558911922E-002 ,  -2.3472631137315080E-002 ,   3.7013479116549064E-002
  -1.7713339035880474E-002 ,  -1.7912860613176592E-002 ,   3.1253364298961861E-002
  -1.4691970151572538E-002 ,  -1.2580119031930273E-002 ,   2.6633202873642056E-002
  -1.1934376312411118E-002 ,  -7.4235194168164684E-003 ,   2.3022601941961349E-002
  -9.8395648846206721E-003 ,  -2.3895526643297050E-003 ,   2.0309267999732566E-002
  -8.4898783812475849E-003 ,   2.5769764294678002E-003 ,   1.8397514567913990E-002
  -7.6428344992817265E-003 ,   7.5323600723385788E-003 ,   1.7206829832404586E-002
  -6.8503970682458355E-003 ,   1.2533681512562971E-002 ,   1.6670532691262046E-002
  -5.6224042035315242E-003 ,   1.7638739228033853E-002 ,   1.6734536573687991E-002
  -3.5371116755705560E-003 ,   2.2906157954650883E-002 ,   1.7356233333978746E-002
  -2.7002891162149320E-004 ,   2.8395651775810059E-002 ,   1.8503504123173291E-002
   4.4126114209549379E-003 ,   3.4168411947193139E-002 ,   2.0153860122593532E-002
   1.0631327510898304E-002 ,   4.0287598573695890E-002 ,   2.2293713141477826E-002
   1.8349486793812906E-002 ,   4.6818920772964574E-002 ,   2.4917774122068557E-002
   2.7343242366238238E-002 ,   5.3831294641373525E-002 ,   2.8028576376258642E-002
   3.7230556660676518E-002 ,   6.1397572269541886E-002 ,   3.1636119741692989E-002
   4.7579949442375653E-002 ,   6.9595338313741359E-002 ,   3.5757631659391192E-002
   5.8072390334948779E-002 ,   7.8507773281989768E-002 ,   4.0417441327286856E-002
   6.8636616091511976E-002 ,   8.8224584786854909E-002 ,   4.5646963479192816E-002
   7.9493954360925032E-002 ,   9.8843009576148722E-002 ,   5.1484788894276025E-002
   9.1099616136843392E-002 ,  0.11046889017470396      ,   5.7976879384914290E-002
  0.10401194296146359      ,  0.12321783041693192      ,   6.5176865672310277E-002
  0.11874746871432555      ,  0.13721643393795990      ,   7.3146447170941875E-002
  0.13567473400268096      ,  0.15260362868110805      ,   8.1955893190802181E-002
  0.15497593582505279      ,  0.16953207845828508      ,   9.1684645344361937E-002
  0.17666348389536921      ,  0.18816967925929715      ,  0.10242202090719046     
  0.20062889982907517      ,  0.20870113291326453      ,  0.11426801639108988     
  0.22670117966482056      ,  0.23132958326445305      ,  0.12733420946757795     
  0.25471814643365548      ,  0.25627828942655712      ,  0.14174475538966241     
  0.28460649074701450      ,  0.28379229583655963      ,  0.15763747088302618     
  0.31646323010479904      ,  0.31414003829503662      ,  0.17516499368889293     
  0.35061329840114136      ,  0.34761479704822135      ,  0.19449599897351566     
  0.38762083656414192      ,  0.38453586975492132      ,  0.21581644392278115     
  0.42822827759929483      ,  0.42524928569696840      ,  0.23933079802753432     
  0.47323286933502900      ,  0.47012781380497676      ,  0.26526319755009375     
  0.52333948070822178      ,  0.51956992601299135      ,  0.29385843679191381     
  0.57904328934272509      ,  0.57399725820589576      ,  0.32538267396696935     
  0.64058049919991888      ,  0.63384995688781476      ,  0.36012368314484444     
  0.70796218538479905      ,  0.69957910375106158      ,  0.39839042277848546     
  0.78107339747136684      ,  0.77163516659707754      ,  0.44051161226904401     
  0.85979113119983930      ,  0.85045113084173762      ,  0.48683290717601213     
  0.94407704509539991      ,  0.93641862573563228      ,  0.53771213779833738     
   1.0340121414092904      ,   1.0298549921469877      ,  0.59351192318830193     
   1.1297621032421765      ,   1.1309588877514196      ,  0.65458879492291688     
   1.2314704291884229      ,   1.2397517747754763      ,  0.72127777049431474     
   1.3391006218625630      ,   1.3560026313389530      ,  0.79387112490455902     
   1.4522562516739532      ,   1.4791337050455708      ,  0.87258995955215146     
   1.5700231090108732      ,   1.6081064368808913      ,  0.95754712642466444     
   1.6908681308414273      ,   1.7412893019177593      ,   1.0487002384026967     
   1.8126211644462500      ,   1.8763138155898438      ,   1.1457940364240928     
   1.9325294351451330      ,   2.0099318942507094      ,   1.2482924930836636     
   2.0473458386234129      ,   2.1378973961878445      ,   1.3553029398616954     
   2.1533912734381322      ,   2.2549064777318151      ,   1.4654974099608737     
   2.2465506045077288      ,   2.3546433513064033      ,   1.5770403371301229     
   2.3222042431972212      ,   2.4299858367995242      ,   1.6875364451886767     
   2.3751562825403485      ,   2.4734218891438644      ,   1.7940172231606923     
   2.3996675561327518      ,   2.4777056673536721      ,   1.8929871604190438     
   2.3897186696931745      ,   2.4367331707699966      ,   1.9805495722426576     
   2.3396017923827088      ,   2.3465443731214122      ,   2.0526239233744605     
   2.2448552064622818      ,   2.2062768910334571      ,   2.1052507294668348     
   2.1033862204429301      ,   2.0188375363135775      ,   2.1349578202379615     
   1.9164099348432264      ,   1.7910618331619277      ,   2.1391383069182974     
   1.6888215269564695      ,   1.5332228917328097      ,   2.1163745456471621     
   1.4290591064453293      ,   1.2579174386146803      ,   2.0666422782241312     
   1.1489470631194356      ,  0.97854134297999718      ,   1.9913488137310020     
  0.86355379141429955      ,  0.70769136313762082      ,   1.8931943560315410     
  0.59015927897294207      ,  0.45583824664640421      ,   1.7758848688803412     
  0.34547718291657170      ,  0.23050927023430751      ,   1.6437546594339536     
  0.14134297329400175      ,   3.6050505143438528E-002 ,   1.5013681551015559     
  -1.9377476885856591E-002 , -0.12611607209068093      ,   1.3531623917873992     
 -0.14325302151279584      , -0.25691646736808738      ,   1.2031709132144586     
 -0.24166513237581566      , -0.35892099368569275      ,   1.0548452921163320     
 -0.32456692668117748      , -0.43566570606659138      ,  0.91096991287466522     
 -0.39689445602982887      , -0.49109073009665027      ,  0.77365276665340721     
 -0.45899394166595275      , -0.52913030916021508      ,  0.64436993400604248     
 -0.50914668972177335      , -0.55344944453988010      ,  0.52404215255857545     
 -0.54544262198097049      , -0.56730092427670731      ,  0.41312580382037600     
 -0.56719254672835673      , -0.57347008422848955      ,  0.31170564749703555     
 -0.57620105646519448      , -0.57427697668179878      ,  0.21958131569322537     
 -0.57641299854787609      , -0.57161183544461391      ,  0.13634331255018414     
 -0.57245244636305226      , -0.56698665329823184      ,   6.1436906494710515E-002
 -0.56879300211799000      , -0.56159171937918373      ,  -5.7860203865394491E-003
 -0.56892678204022751      , -0.55635054902165548      ,  -6.6026161440253139E-002
 -0.57402192605639124      , -0.55196980285759600      , -0.12000557659049557     
 -0.58263469708973081      , -0.54898280315761561      , -0.16844453580434451     
 -0.59198996588372355      , -0.54778643087851842      , -0.21204493240616626     
 -0.59960225091118591      , -0.54867180518917957      , -0.25147893945101157     
 -0.60460291620149909      , -0.55184942003972071      , -0.28738176978518815     
 -0.60838038093911151      , -0.55746948611134617      , -0.32034758760914694     
 -0.61376062865470138      , -0.56563819546380900      , -0.35092779030212551     
 -0.62320786873759337      , -0.57643054706452279      , -0.37963102752785310     
 -0.63763767334079791      , -0.58990027587016369      , -0.40692444907360542     
 -0.65640192083042093      , -0.60608733244994850      , -0.43323577496980942     
 -0.67803325371700507      , -0.62502327145361625      , -0.45895586375767139     
 -0.70131327951005784      , -0.64673482781757508      , -0.48444152011735980     
 -0.72598678765741409      , -0.67124588940194041      , -0.51001833407320762     
 -0.75273774917645797      , -0.69857801281065290      , -0.53598338297267722     
 -0.78264316122568967      , -0.72874957445346822      , -0.56260765637729260     
 -0.81645324450568990      , -0.76177360083665890      , -0.59013808461061679     
 -0.85413566047980072      , -0.79765428065106081      , -0.61879906548882424     
 -0.89502235549845655      , -0.83638212735544426      , -0.64879339212775489     
 -0.93832102654761007      , -0.87792773658273071      , -0.68030248910997815     
 -0.98357419279445280      , -0.92223407105529098      , -0.71348586628439714     
  -1.0309057959709258      , -0.96920721151846778      , -0.74847970091958682     
  -1.0809149074135089      ,  -1.0187055419305131      , -0.78539446213172392     
  -1.1341612556106784      ,  -1.0705273990196120      , -0.82431149933192061     
  -1.1906668499670459      ,  -1.1243973202013882      , -0.86527853247538133     
  -1.2498077215104586      ,  -1.1799511806106666      , -0.90830401053099619     
  -1.3104784372919247      ,  -1.2367207301277516      , -0.95335035097060483     
  -1.3713811832485892      ,  -1.2941183324021865      ,  -1.0003261428697443     
  -1.4313347595599168      ,  -1.3514230708375985      ,  -1.0490774950421622     
  -1.4893730997167480      ,  -1.4077698097463391      ,  -1.0993788430539364     
  -1.5445942557884693      ,  -1.4621432513207209      ,  -1.1509236968342043     
  -1.5959790776633060      ,  -1.5133794522476787      ,  -1.2033160107705185     
  -1.6423082534840476      ,  -1.5601775654106953      ,  -1.2560630796131806     
  -1.6821847065370388      ,  -1.6011246243680743      ,  -1.3085710842048905     
  -1.7141280353747148      ,  -1.6347358360637099      ,  -1.3601445955361895     
  -1.7366738039994991      ,  -1.6595119318158782      ,  -1.4099914444430315     
  -1.7484209600957565      ,  -1.6740135290221811      ,  -1.4572343171030444     
  -1.7480503872083946      ,  -1.6769501584963395      ,  -1.5009301808173732     
  -1.7343553795247373      ,  -1.6672787674971616      ,  -1.5400981306903612     
  -1.7063301906167885      ,  -1.6443034919369328      ,  -1.5737554593945751     
  -1.6633334134611981      ,  -1.6077659040101648      ,  -1.6009607280829263     
  -1.6052744800256660      ,  -1.5579135285661139      ,  -1.6208614663653091     
  -1.5327678832526885      ,  -1.4955348932514001      ,  -1.6327430334951276     
  -1.4472390573546743      ,  -1.4219521617279289      ,  -1.6360743587605571     
  -1.3509469650728894      ,  -1.3389674036710908      ,  -1.6305459717501778     
  -1.2468978177770771      ,  -1.2487650483012311      ,  -1.6160960912620492     
  -1.1386618061405356      ,  -1.1537797725597216      ,  -1.5929215969596866     
  -1.0300891294929446      ,  -1.0565444878607058      ,  -1.5614723340519292     
 -0.92492185618050915      , -0.95953593668434656      ,  -1.5224291288345679     
 -0.82636339300068395      , -0.86503506073693992      ,  -1.4766677720079291     
 -0.73671650288731261      , -0.77501596540308193      ,  -1.4252127180413876     
 -0.65718922757301368      , -0.69107193118611820      ,  -1.3691851115140485     
 -0.58793050697091798      , -0.61438085835291323      ,  -1.3097498964083438     
 -0.52827986392205262      , -0.54570708471447615      ,  -1.2480662595137457     
 -0.47713290629490435      , -0.48543260907053182      ,  -1.1852446890097597     
 -0.43330318262795559      , -0.43360875900124374      ,  -1.1223127313895014     
 -0.39579595821996888      , -0.39001913247825576      ,  -1.0601903307828902     
 -0.36394757872889560      , -0.35424575937535829      , -0.99967460534226515     
 -0.33742590484439272      , -0.32573229227028422      , -0.94143315192369736     
 -0.31612416058305642      , -0.30384011645547843      , -0.88600449845689855     
 -0.30000413263009090      , -0.28789518263124692      , -0.83380411625177198     
 -0.28895269855080302      , -0.27722489743748402      , -0.78513440532441636     
 -0.28270302714611079      , -0.27118548665555725      , -0.74019720831002611     
 -0.28083791245759049      , -0.26918090226847574      , -0.69910763092864081     
 -0.28285714946919793      , -0.27067465841662991      , -0.66190819981108051     
 -0.28826527691728232      , -0.27519604925744096      , -0.62858263694646577     
 -0.29663079103192108      , -0.28234211350831079      , -0.59906875283833150     
 -0.30759110545261031      , -0.29177653783712260      , -0.57327014725614533     
 -0.32081500491093057      , -0.30322648557970211      , -0.55106655451075470     
 -0.33595904862123221      , -0.31647813139018632      , -0.53232278152552437     
 -0.35265447583753945      , -0.33137149483996187      , -0.51689626622335638     
 -0.37054122635551412      , -0.34779500501769461      , -0.50464333648177084     
 -0.38933341745879479      , -0.36568009573819377      , -0.49542428169247349     
 -0.40887934501966816      , -0.38499602525408183      , -0.48910736481874190     
 -0.42918394650294850      , -0.40574503181382809      , -0.48557190700941305     
 -0.45038438426263633      , -0.42795787285999853      , -0.48471057270616202     
 -0.47269189119401167      , -0.45168974702394493      , -0.48643097339798735     
 -0.49632756573787701      , -0.47701656066061776      , -0.49065669468592232     
 -0.52147821124087446      , -0.50403147131716031      , -0.49732783551610799     
 -0.54828458522629830      , -0.53284161661660823      , -0.50640113126787600     
 -0.57685839878955636      , -0.56356491644376672      , -0.51784971444532857     
 -0.60731413620734132      , -0.59632681739133375      , -0.53166254835454352     
 -0.63979820441587709      , -0.63125682995497168      , -0.54784355050508726     
 -0.67450287289112165      , -0.66848469021474177      , -0.56641040358499717     
 -0.71166144896214534      , -0.70813595849571220      , -0.58739303269851206     
 -0.75152796873637839      , -0.75032684820996909      , -0.61083170811569854     
 -0.79434745734051082      , -0.79515806005460743      , -0.63677471314776146     
 -0.84032256345885192      , -0.84270738243510879      , -0.66527549721122536     
 -0.88958038709871612      , -0.89302081239096343      , -0.69638921528000819     
 -0.94214249278237672      , -0.94610195840523448      , -0.73016853783086644     
 -0.99790238499708406      ,  -1.0018995157737431      , -0.76665860183091661     
  -1.0566141615102476      ,  -1.0602926681694629      , -0.80589096597885568     
  -1.1178937626255594      ,  -1.1210743804092265      , -0.84787643615008990     
  -1.1812303508300204      ,  -1.1839327250420781      , -0.89259664507869874     
  -1.2460014371440591      ,  -1.2484306490633519      , -0.93999431056875693     
  -1.3114830526768184      ,  -1.3139849560736494      , -0.98996216730446873     
  -1.3768486572675076      ,  -1.3798457674096958      ,  -1.0423306780223585     
  -1.4411554551788481      ,  -1.4450783338110693      ,  -1.0968547897873986     
  -1.5033227345433748      ,  -1.5085497731547308      ,  -1.1532002176860552     
  -1.5621111012961555      ,  -1.5689240468697017      ,  -1.2109300134128256     
  -1.6161124249457075      ,  -1.6246691407812124      ,  -1.2694925020919510     
  -1.6637572174288855      ,  -1.6740808026929315      ,  -1.3282120238056812     
  -1.7033421255188246      ,  -1.7153270618634235      ,  -1.3862842519564700     
  -1.7330773088958664      ,  -1.7465168280709595      ,  -1.4427781088534570     
  -1.7511529539494972      ,  -1.7657938748848623      ,  -1.4966463657802502     
  -1.7558258828754845      ,  -1.7714543110066963      ,  -1.5467467920685003     
  -1.7455289908017941      ,  -1.7620813487078815      ,  -1.5918751048897211     
  -1.7190054953560021      ,  -1.7366862849086970      ,  -1.6308099101921392     
  -1.6754653319061827      ,  -1.6948400507549732      ,  -1.6623683407229719     
  -1.6147530174668931      ,  -1.6367767362150747      ,  -1.6854693344275800     
  -1.5375068101446023      ,  -1.5634504866980163      ,  -1.6991997322826975     
  -1.4452811176099529      ,  -1.4765310201841704      ,  -1.7028769857454698     
  -1.3405986602680702      ,  -1.3783307488594123      ,  -1.6961016460448777     
  -1.2268956319785753      ,  -1.2716669436537500      ,  -1.6787932562460715     
  -1.1083244606293055      ,  -1.1596733249467557      ,  -1.6512048610538417     
 -0.98939501421930409      ,  -1.0455842051320325      ,  -1.6139138845134358     
 -0.87447796382521636      , -0.93251858183882830      ,  -1.5677901395865363     
 -0.76726015961021521      , -0.82329035218042435      ,  -1.5139446234270537     
 -0.67029848143532289      , -0.72026464386512257      ,  -1.4536649478973556     
 -0.58481797655591938      , -0.62527101860698397      ,  -1.3883443792293637     
 -0.51081986506636079      , -0.53957446906770634      ,  -1.3194114175192606     
 -0.44744104030583010      , -0.46389691918436793      ,  -1.2482658107355322     
 -0.39341514592766802      , -0.39847670576091254      ,  -1.1762252245048130     
 -0.34747917302462844      , -0.34315158107041943      ,  -1.1044848893203174     
 -0.30863303479418808      , -0.29745160266351045      ,  -1.0340907775608119     
 -0.27623337960136157      , -0.26069089022894731      , -0.96592546022966486     
 -0.24994769631566710      , -0.23205059843253328      , -0.90070485909712150     
 -0.22961590980416330      , -0.21064875873199193      , -0.83898363355433903     
 -0.21508018024073217      , -0.19559537939723376      , -0.78116684156170324     
 -0.20604650950023304      , -0.18603315816078411      , -0.72752567936784129     
 -0.20202598027006566      , -0.18116536963129981      , -0.67821542530855661     
 -0.20237131899486047      , -0.18027307394903186      , -0.63329409850843954     
 -0.20638406935963352      , -0.18272393010137675      , -0.59274072934587274     
 -0.21343410731314827      , -0.18797475401396574      , -0.55647248585787767     
 -0.22302900163114048      , -0.19556967171577358      , -0.52436018980393284     
 -0.23480348562562744      , -0.20513537557731906      , -0.49624198298935779     
 -0.24844838194651658      , -0.21637465526718860      , -0.47193507244194055     
 -0.26363264566746819      , -0.22905907577723930      , -0.45124560031800964     
 -0.27997296205079758      , -0.24302142513539784      , -0.43397676066707219     
 -0.29707293361504861      , -0.25814835544495218      , -0.41993532984433485     
 -0.31460864856255866      , -0.27437348785925458      , -0.40893679872533489     
 -0.33240960256951552      , -0.29167113772052305      , -0.40080929976955437     
 -0.35049040812136012      , -0.31005073261561378      , -0.39539651574186374     
 -0.36902011500847015      , -0.32955193639568431      , -0.39255974355020584     
 -0.38824932032883669      , -0.35024045017466282      , -0.39217926911047751     
 -0.40843255327204292      , -0.37220443197803904      , -0.39415518944159794     
 -0.42977955525679357      , -0.39555145607950276      , -0.39840779768278439     
 -0.45245027598318299      , -0.42040591799337096      , -0.40487762625429907     
 -0.47658620181802758      , -0.44690677909479126      , -0.41352522341094500     
 -0.50235561250610949      , -0.47520553392195697      , -0.42433071913709575     
 -0.52998823970303388      , -0.50546427174952702      , -0.43729321766365337     
 -0.55978444858849319      , -0.53785369066681721      , -0.45243003565478301     
 -0.59209840799096813      , -0.57255090604011283      , -0.46977578700513067     
 -0.62730543678049377      , -0.60973687501055940      , -0.48938129681772835     
 -0.66576607411770772      , -0.64959323398722135      , -0.51131230806695893     
 -0.70779468540908785      , -0.69229831675282183      , -0.53564792425562802     
 -0.75363428130136012      , -0.73802208723464602      , -0.56247870966875946     
 -0.80343681166918568      , -0.78691968457225403      , -0.59190434535887448     
 -0.85724963947782007      , -0.83912324162272045      , -0.62403071376360286     
 -0.91501081318297217      , -0.89473160635231996      , -0.65896625826376010     
 -0.97655512579353221      , -0.95379757650101715      , -0.69681743709137578     
  -1.0416290756395159      ,  -1.0163122633497086      , -0.73768306581018306     
  -1.1099075512537868      ,  -1.0821862475180342      , -0.78164732251353786     
  -1.1810019711850424      ,  -1.1512273020640964      , -0.82877118020333218     
  -1.2544514513098175      ,  -1.2231146665016239      , -0.87908203927150175     
  -1.3296949646971457      ,  -1.2973701971690170      , -0.93256137033902720     
  -1.4060302959895441      ,  -1.3733272361202213      , -0.98913025796572596     
  -1.4825709537576695      ,  -1.4500987710790152      ,  -1.0486328760822481     
  -1.5582124743367880      ,  -1.5265474263521797      ,  -1.1108181454454200     
  -1.6316149506445448      ,  -1.6012610163540415      ,  -1.1753201399794371     
  -1.7012021386460014      ,  -1.6725387318242921      ,  -1.2416382341557344     
  -1.7651728552080488      ,  -1.7383943355206446      ,  -1.3091185144058646     
  -1.8215199486623836      ,  -1.7965837066088675      ,  -1.3769385845074287     
  -1.8680559297843988      ,  -1.8446642303873391      ,  -1.4440985090625240     
  -1.9024506758055393      ,  -1.8800923057294496      ,  -1.5094211411549825     
  -1.9222929130681310      ,  -1.9003620552261886      ,  -1.5715652975031595     
  -1.9251907511859372      ,  -1.9031827982302114      ,  -1.6290549666315841     
  -1.9089249699824158      ,  -1.8866851170226828      ,  -1.6803267568421569     
  -1.8716606113932073      ,  -1.8496363551116888      ,  -1.7237959816215145     
  -1.8122079449866029      ,  -1.7916380410675179      ,  -1.7579391792960299     
  -1.7303061866160312      ,  -1.7132726957006661      ,  -1.7813877595971110     
  -1.6268888557701564      ,  -1.6161684807156373      ,  -1.7930244250309093     
  -1.5042840714040766      ,  -1.5029588695350191      ,  -1.7920717886868647     
  -1.3663029830663782      ,  -1.3771305048812259      ,  -1.7781619623086107     
  -1.2181613252365275      ,  -1.2427725453127778      ,  -1.7513773102249932     
  -1.0661601870702500      ,  -1.1042599496768615      ,  -1.7122560386931081     
 -0.91705863326381110      , -0.96591582889212391      ,  -1.6617612036872165     
 -0.77716004756188506      , -0.83170052098099057      ,  -1.6012170039848961     
 -0.65130855538292931      , -0.70496700230654741      ,  -1.5322206851177955     
 -0.54214688999855398      , -0.58830656487150945      ,  -1.4565410779602899     
 -0.44996622270431197      , -0.48349030064061937      ,  -1.3760153333794944     
 -0.37322229957652664      , -0.39149578312941646      ,  -1.2924539848468182     
 -0.30945290208610138      , -0.31259772590773183      ,  -1.2075617072594529     
 -0.25617260102145045      , -0.24649732083023929      ,  -1.1228778477963137     
 -0.21144536304050005      , -0.19246644036208602      ,  -1.0397377047734631     
 -0.17408417739164653      , -0.14948788969210711      , -0.95925310181428824     
 -0.14357542792724717      , -0.11637925082458615      , -0.88230924416551371     
 -0.11983185947623327      ,  -9.1893903499562668E-002 , -0.80957411805612767     
 -0.10286413135786826      ,  -7.4797586472046762E-002 , -0.74151662997261869     
  -9.2478924343388821E-002 ,  -6.3922072050415557E-002 , -0.67843005825751912     
  -8.8102078999331507E-002 ,  -5.8199293618304448E-002 , -0.62045799615403852     
  -8.8779916061789019E-002 ,  -5.6679925827361408E-002 , -0.56762064194083117     
  -9.3358769748146025E-002 ,  -5.8540348368154201E-002 , -0.51983993214592517     
 -0.10076551567548510      ,  -6.3081452805168317E-002 , -0.47696256091195804     
 -0.11023941759406884      ,  -6.9722116155089525E-002 , -0.43878036149152644     
 -0.12138582261154607      ,  -7.7989515728857151E-002 , -0.40504784664213661     
 -0.13403620002908820      ,  -8.7507878633341765E-002 , -0.37549692761449566     
 -0.14801316308864818      ,  -9.7986779594274140E-002 , -0.34984897538591037     
 -0.16294790059836031      , -0.10920972673848564      , -0.32782447175601614     
 -0.17826409152876066      , -0.12102349597512529      , -0.30915053859972014     
 -0.19333522660473063      , -0.13332847406205278      , -0.29356664452594172     
 -0.20770778473419413      , -0.14607013108359065      , -0.28082877981958682     
 -0.22125124027682047      , -0.15923164952925400      , -0.27071237047079422     
 -0.23415935334868379      , -0.17282767687931797      , -0.26301417569665608     
 -0.24682056203254343      , -0.18689913183338283      , -0.25755338429269542     
 -0.25963892992602366      , -0.20150897378470639      , -0.25417209580375427     
 -0.27289739695312693      , -0.21673883553326737      , -0.25273534436015060     
 -0.28671871619939504      , -0.23268641671678922      , -0.25313079693558804     
 -0.30112430487297392      , -0.24946353727361886      , -0.25526823416466127     
 -0.31614550741355818      , -0.26719475444867991      , -0.25907890083227025     
 -0.33192399980324089      , -0.28601645195124986      , -0.26451479464037853     
 -0.34875453519451527      , -0.30607631475629160      , -0.27154794566341145     
 -0.36706069757735749      , -0.32753310681370912      , -0.28016972472774587     
 -0.38732858095199979      , -0.35055667081892139      , -0.29039020643681313     
 -0.41003698286055767      , -0.37532806847835753      , -0.30223760130804356     
 -0.43561140367677792      , -0.40203977563750370      , -0.31575776104721937     
 -0.46440409288231232      , -0.43089583842782897      , -0.33101375087482215     
 -0.49668625867763999      , -0.46211188333042980      , -0.34808547250654798     
 -0.53264239645797751      , -0.49591485471487706      , -0.36706931029059908     
 -0.57236903396033612      , -0.53254232681396518      , -0.38807776046718501     
 -0.61588747908464070      , -0.57224120193494643      , -0.41123898881699250     
 -0.66317808406388223      , -0.61526556162170254      , -0.43669624430404413     
 -0.71423161503692623      , -0.66187338119341854      , -0.46460703482419996     
 -0.76909831559296538      , -0.71232174967747208      , -0.49514194493394065     
 -0.82791025445920052      , -0.76686015654029704      , -0.52848294357277537     
 -0.89086238620343106      , -0.82572131529877424      , -0.56482099157809673     
 -0.95815544829161170      , -0.88910889631946843      , -0.60435271386681955     
  -1.0299195689346494      , -0.95718144561732144      , -0.64727584989268017     
  -1.1061437581262035      ,  -1.0300316888973573      , -0.69378314002236041     
  -1.1866303833776239      ,  -1.1076603862467747      , -0.74405424852281254     
  -1.2709798450296179      ,  -1.1899439527310121      , -0.79824527282869806     
  -1.3585977938153431      ,  -1.2765952520927344      , -0.85647535524582685     
  -1.4487112618217999      ,  -1.3671173852263221      , -0.91880991527361622     
  -1.5403806555242183      ,  -1.4607510350535038      , -0.98524008462433921     
  -1.6324975268572759      ,  -1.5564171138177354      ,  -1.0556580887928402     
  -1.7237613286094460      ,  -1.6526582029154728      ,  -1.1298286242713289     
  -1.8126334171958682      ,  -1.7475846497656911      ,  -1.2073567810173433     
  -1.8972740366876160      ,  -1.8388341462472721      ,  -1.2876538045436170     
  -1.9754763091379415      ,  -1.9235568958115867      ,  -1.3699030094540989     
  -2.0446178602871763      ,  -1.9984414754470683      ,  -1.4530294256971485     
  -2.1016521546131077      ,  -2.0597981597360326      ,  -1.5356781714554506     
  -2.1431567371134657      ,  -2.1037152903137084      ,  -1.6162078635177315     
  -2.1654491195176973      ,  -2.1262985059202357      ,  -1.6927062008074754     
  -2.1647794652596968      ,  -2.1239908924464261      ,  -1.7630346532475247     
  -2.1376126236224495      ,  -2.0939542405694795      ,  -1.8249073791125396     
  -2.0810107069132497      ,  -2.0344698460352229      ,  -1.8760056647451384     
  -1.9931059893063305      ,  -1.9452969176045305      ,  -1.9141233645507050     
  -1.8736081015225889      ,  -1.8279153874829066      ,  -1.9373317682185185     
  -1.7242478006286719      ,  -1.6855855241203963      ,  -1.9441455890870691     
  -1.5490701944452567      ,  -1.5231832073349167      ,  -1.9336674312105187     
  -1.3545433876442690      ,  -1.3468136481388202      ,  -1.9056880830014979     
  -1.1494323491100098      ,  -1.1632561703974931      ,  -1.8607252165892612     
 -0.94424212186037337      , -0.97933229922058140      ,  -1.7999928104286804     
 -0.74995418080394716      , -0.80130503042066714      ,  -1.7253055011865772     
 -0.57604904779289057      , -0.63440384938197447      ,  -1.6389329214769353     
 -0.42839036056000263      , -0.48253394132337513      ,  -1.5434260887480573     
 -0.30802302032478596      , -0.34818283590830196      ,  -1.4414396800717835     
 -0.21173891130672884      , -0.23249812814134732      ,  -1.3355709038006018     
 -0.13419508300097457      , -0.13548555971593074      ,  -1.2282293332833776     
  -7.0307907800864322E-002 ,  -5.6269906219155272E-002 ,  -1.1215446562215881     
  -1.6678362208585651E-002 ,   6.6318975710786821E-003 ,  -1.0173126590833490     
   2.8238709188423423E-002 ,   5.5061524558877140E-002 , -0.91697499538263172     
   6.4661794416492044E-002 ,   9.1014157251776917E-002 , -0.82162566727776609     
   9.2155554463701703E-002 ,  0.11648438835860699      , -0.73203639435533829     
  0.11032207867217877      ,  0.13336077817771405      , -0.64869359043157415     
  0.11938009957285621      ,  0.14336166147433382      , -0.57184093095123456     
  0.12041014814821860      ,  0.14800295290998974      , -0.50152299788620158     
  0.11527991091224075      ,  0.14858893126008563      , -0.43762692591034791     
  0.10632468095306900      ,  0.14621829166196354      , -0.37992018122204974     
   9.5753333423813633E-002 ,  0.14179943589764171      , -0.32808352909402183     
   8.4994819994848203E-002 ,  0.13607060347492927      , -0.28173890008174274     
   7.4428859244654449E-002 ,  0.12962183015824019      , -0.24047229154001515     
   6.3672657229776802E-002 ,  0.12291679566143585      , -0.20385209363802392     
   5.2211715860021671E-002 ,  0.11631340530896644      , -0.17144335712803233     
   4.0031831061736647E-002 ,  0.11008249150981247      , -0.14281856471464840     
   2.7898326663769242E-002 ,  0.10442437711713656      , -0.11756546009112379     
   1.7086668645609850E-002 ,   9.9483265975480822E-002 ,  -9.5292450698742537E-002
   8.7680245619477341E-003 ,   9.5359557810579046E-002 ,  -7.5632046969053610E-002
   3.5003088549980235E-003 ,   9.2120256097234787E-002 ,  -5.8242741815565935E-002
   1.1060865813087746E-003 ,   8.9807670522331809E-002 ,  -4.2809675278040152E-002
   9.2475416811080551E-004 ,   8.8446624947945987E-002 ,  -2.9044373790967137E-002
   2.2476594522259216E-003 ,   8.8050377067792895E-002 ,  -1.6683803224649796E-002
   4.6829784057822879E-003 ,   8.8625443418063860E-002 ,  -5.4889303017962065E-003
   8.2783674251297561E-003 ,   9.0175506903978228E-002 ,   4.7570517042281801E-003
   1.3384436944630013E-002 ,   9.2704565893845861E-002 ,   1.4250710197358178E-002
   2.0366169572089064E-002 ,   9.6219465629758111E-002 ,   2.3170478593267770E-002
   2.9339496174876994E-002 ,  0.10073193503900983      ,   3.1678808289697137E-002
   4.0080748932143098E-002 ,  0.10626023546901686      ,   3.9924315065625528E-002
   5.2130136252023125E-002 ,  0.11283051264599034      ,   4.8043883403733036E-002
   6.5001864046340369E-002 ,  0.12047792935848968      ,   5.6164704860415256E-002
   7.8377313579565400E-002 ,  0.12924764397219127      ,   6.4406236612651963E-002
   9.2179951616402050E-002 ,  0.13919568879702723      ,   7.2882074089193616E-002
  0.10651879618439514      ,  0.15038979239713457      ,   8.1701737491125151E-002
  0.12158892849179954      ,  0.16291018095003260      ,   9.0972376317400280E-002
  0.13761455789127777      ,  0.17685038546522014      ,  0.10080039897459114     
  0.15484569511648669      ,  0.19231807375030874      ,  0.11129303635303416     
  0.17358164585564023      ,  0.20943591808758993      ,  0.12255984902471209     
  0.19418064591936257      ,  0.22834250119983526      ,  0.13471418753482758     
  0.21701578393681997      ,  0.24919325368583059      ,  0.14787461413054032     
  0.24238900026191501      ,  0.27216140501006614      ,  0.16216629213985403     
  0.27046582158526217      ,  0.29743891648856235      ,  0.17772234594660688     
  0.30127908872918668      ,  0.32523734746483168      ,  0.19468518987864572     
  0.33480226093603854      ,  0.35578858369275485      ,  0.21320781800241143     
  0.37105646069802833      ,  0.38934532818804513      ,  0.23345503833546014     
  0.41019928237244146      ,  0.42618121744158366      ,  0.25560462372991749     
  0.45255313408632941      ,  0.46659037743175252      ,  0.27984833683908750     
  0.49856860035597794      ,  0.51088617139247883      ,  0.30639276713294245     
  0.54875328256756195      ,  0.55939881143258230      ,  0.33545989260639347     
  0.60360529501687143      ,  0.61247140525082377      ,  0.36728724609690205     
  0.66356994740286479      ,  0.67045388387585647      ,  0.40212752422049775     
  0.72901188901814340      ,  0.73369410400377422      ,  0.44024742390437027     
  0.80018998877062320      ,  0.80252523878664739      ,  0.48192542541007199     
  0.87723134511310030      ,  0.87724836805713469      ,  0.52744816004763362     
  0.96010636736284793      ,  0.95810896533412482      ,  0.57710490493869326     
   1.0486165456483802      ,   1.0452657805728223      ,  0.63117963775002872     
   1.1424100662742729      ,   1.1387504820354777      ,  0.68993996663175328     
   1.2410180859816002      ,   1.2384164273482181      ,  0.75362213632406572     
   1.3438782901455018      ,   1.3438752066554114      ,  0.82241122208398265     
   1.4503121921720330      ,   1.4544203201472676      ,  0.89641559472431365     
   1.5594428021259963      ,   1.5689387609178072      ,  0.97563482829485038     
   1.6700656694589855      ,   1.6858136658766292      ,   1.0599205065801458     
   1.7805149054887897      ,   1.8028248692118054      ,   1.1489299706560232     
   1.8885737202356283      ,   1.9170593339240956      ,   1.2420740599845279     
   1.9914545180871255      ,   2.0248499264203508      ,   1.3384614507544750     
   2.0858373938046424      ,   2.1217681005363196      ,   1.4368443490931841     
   2.1679343208029302      ,   2.2027020523138305      ,   1.5355729780716709     
   2.2335487340087927      ,   2.2620538223631388      ,   1.6325691829374855     
   2.2781290788912520      ,   2.2940825631095625      ,   1.7253318865775926     
   2.2968581275444260      ,   2.2934025096515773      ,   1.8109879719485740     
   2.2848566469488309      ,   2.2556108582566328      ,   1.8864000927656583     
   2.2375863692192399      ,   2.1779756365249536      ,   1.9483366994347122     
   2.1514897906218904      ,   2.0600674067786091      ,   1.9936988387326597     
   2.0247921218117391      ,   1.9041894755754216      ,   2.0197843039439829     
   1.8582574559558056      ,   1.7154692943814802      ,   2.0245557812127513     
   1.6556726452896529      ,   1.5015302430138926      ,   2.0068705581414674     
   1.4240315639076504      ,   1.2717598040209583      ,   1.9666297015238157     
   1.1735793287843139      ,   1.0362971825751546      ,   1.9048163682796677     
  0.91761988676731965      ,  0.80493991239132967      ,   1.8234138682300103     
  0.67146149786653875      ,  0.58618396610125834      ,   1.7252181534258575     
  0.44990683697626044      ,  0.38656124625243360      ,   1.6135790714816123     
  0.26357908971579058      ,  0.21034630813473335      ,   1.4921143988777912     
  0.11568520840167718      ,   5.9608695163686748E-002 ,   1.3644388805009304     
   1.6366481692578413E-003 ,  -6.5479933137011226E-002 ,   1.2339398472094227     
  -8.7607676799237172E-002 , -0.16620055027530495      ,   1.1036162944159156     
 -0.16077272160722839      , -0.24481000764352695      ,  0.97598429919751772     
 -0.22319631760162739      , -0.30410886996064257      ,  0.85304136147876719     
 -0.27663142946391683      , -0.34709476490187574      ,  0.73627664433751827     
 -0.32069519263386581      , -0.37671289195006802      ,  0.62671257737338548     
 -0.35421187419910677      , -0.39569614814294074      ,  0.52496455981118595     
 -0.37635341817660528      , -0.40647782964416257      ,  0.43130818574931273     
 -0.38770046681872095      , -0.41115746707718875      ,  0.34574645755035577     
 -0.39040530546305241      , -0.41150210621487715      ,  0.26807221390270930     
 -0.38758645633053301      , -0.40896890310199524      ,  0.19792318892810590     
 -0.38277983942052041      , -0.40473875859198022      ,  0.13482868670199558     
 -0.37916199534386957      , -0.39975409662649936      ,   7.8247876867343358E-002
 -0.37839826331614290      , -0.39475651542952789      ,   2.7600314319150377E-002
 -0.38015387428762465      , -0.39032191242298492      ,  -1.7710416716385423E-002
 -0.38276824090113715      , -0.38689192741735651      ,  -5.8278932325788971E-002
 -0.38446326918485096      , -0.38480132170628584      ,  -9.4685166360762144E-002
 -0.38451284633818045      , -0.38430135678688487      , -0.12748546907213734     
 -0.38388605460757003      , -0.38557946906189577      , -0.15720688788408219     
 -0.38477760058638999      , -0.38877563790933228      , -0.18434394603443194     
 -0.38928848714040415      , -0.39399586905819672      , -0.20935734501658584     
 -0.39835758842883423      , -0.40132319833040991      , -0.23267411661505247     
 -0.41156202745765380      , -0.41082658358391927      , -0.25468883757681537     
 -0.42764346628604427      , -0.42256800707019559      , -0.27576559431625691     
 -0.44538546798302903      , -0.43660806267782115      , -0.29624044721241904     
 -0.46430357406449130      , -0.45301025559336150      , -0.31642419513785502     
 -0.48478614596934499      , -0.47184419680003337      , -0.33660528206910106     
 -0.50775451380731018      , -0.49318783156868379      , -0.35705272011539529     
 -0.53409690341428684      , -0.51712879917563415      , -0.37801892807114496     
 -0.56421188898603225      , -0.54376497977004823      , -0.39974240249018106     
 -0.59794379544655707      , -0.57320424278403181      , -0.42245014997122587     
 -0.63485382902751519      , -0.60556336871600913      , -0.44635981535506558     
 -0.67458217698863310      , -0.64096607180850518      , -0.47168144125200534     
 -0.71712301339661511      , -0.67954000459510544      , -0.49861879002709569     
 -0.76285542319100530      , -0.72141257642418488      , -0.52737015029433365     
 -0.81227303062200251      , -0.76670536747726248      , -0.55812853633776005     
 -0.86566380364789719      , -0.81552686917319506      , -0.59108117101442681     
 -0.92300617833086662      , -0.86796323453109814      , -0.62640812116689004     
 -0.98404900471912582      , -0.92406668383501045      , -0.66427993038313904     
  -1.0484699699401392      , -0.98384119101453216      , -0.70485406880495360     
  -1.1160282646675443      ,  -1.0472250883707017      , -0.74826999640014280     
  -1.1865707002414516      ,  -1.1140702913966432      , -0.79464261903395428     
  -1.2598722720862685      ,  -1.1841179882630797      , -0.84405391227026083     
  -1.3354737228527449      ,  -1.2569708943107780      , -0.89654250528706636     
  -1.4126275698867756      ,  -1.3320625811600497      , -0.95209106900782137     
  -1.4903460877379711      ,  -1.4086249955284553      ,  -1.0106114543405447     
  -1.5674958288605141      ,  -1.4856561204709910      ,  -1.0719276969676881     
  -1.6428647503489431      ,  -1.5618908147046162      ,  -1.1357572641826892     
  -1.7151420819776448      ,  -1.6357791596741007      ,  -1.2016912837629112     
  -1.7828281983394538      ,  -1.7054780339848252      ,  -1.2691749722667758     
  -1.8441387722988349      ,  -1.7688628873783263      ,  -1.3374900584707226     
  -1.8969684694371240      ,  -1.8235674200729917      ,  -1.4057416326856329     
  -1.9389428421605837      ,  -1.8670585584756816      ,  -1.4728524544807782     
  -1.9675271171689843      ,  -1.8967521385750084      ,  -1.5375681751794532     
  -1.9801519143477351      ,  -1.9101705150628026      ,  -1.5984769812271005     
  -1.9743539468139837      ,  -1.9051366868038477      ,  -1.6540466183546458     
  -1.9479395034722824      ,  -1.8799909029060546      ,  -1.7026804229180070     
  -1.8991878960886737      ,  -1.8338064567641899      ,  -1.7427917898376235     
  -1.8271211948407327      ,  -1.7665738233804884      ,  -1.7728935811366489     
  -1.7318211274114752      ,  -1.6793193399910480      ,  -1.7916957382361516     
  -1.6147266868904357      ,  -1.5741287994909499      ,  -1.7982014834472844     
  -1.4788457786410301      ,  -1.4540585711738296      ,  -1.7917907942460058     
  -1.3288227560587711      ,  -1.3229355864692047      ,  -1.7722800115972297     
  -1.1707851372130567      ,  -1.1850684983651558      ,  -1.7399488134297523     
  -1.0118767867441616      ,  -1.0449098261764556      ,  -1.6955300711564372     
 -0.85941851026319094      , -0.90671780055009554      ,  -1.6401634518064443     
 -0.71977868578601711      , -0.77426443399857336      ,  -1.5753188259838156     
 -0.59726462633603361      , -0.65062418559314306      ,  -1.5026994293425207     
 -0.49349235359381499      , -0.53805960856055846      ,  -1.4241365517228026     
 -0.40755510400295619      , -0.43800192017994610      ,  -1.3414871510683963     
 -0.33690596629578939      , -0.35111004356225739      ,  -1.2565436330226010     
 -0.27849677905329062      , -0.27738372851379317      ,  -1.1709618668190174     
 -0.22967678710595427      , -0.21630490680726164      ,  -1.0862101432000582     
 -0.18863034321245167      , -0.16698485479310698      ,  -1.0035388660824414     
 -0.15442412282635304      , -0.12830075441590932      , -0.92396866930221366     
 -0.12681283472671642      ,  -9.9011800828282467E-002 , -0.84829344980179178     
 -0.10590147213482431      ,  -7.7850703932708876E-002 , -0.77709439787087953     
  -9.1762268466718200E-002 ,  -6.3590613793592488E-002 , -0.71076127246323817     
  -8.4130228456858802E-002 ,  -5.5090083998159803E-002 , -0.64951768650273467     
  -8.2270370443112154E-002 ,  -5.1319928652182122E-002 , -0.59344783846858606     
  -8.5058307564219532E-002 ,  -5.1376111790610725E-002 , -0.54252281249798806     
  -9.1251979627718430E-002 ,  -5.4482506497482014E-002 , -0.49662518528688282     
  -9.9824527574257083E-002 ,  -5.9986771525834218E-002 , -0.45557118450738321     
 -0.11016676229445030      ,  -6.7351918144290771E-002 , -0.41913003141958882     
 -0.12204856352122308      ,  -7.6145498697450006E-002 , -0.38704037906701927     
 -0.13538415065939538      ,  -8.6027798752510112E-002 , -0.35902394463510756     
 -0.14995506661903601      ,  -9.6739974650656230E-002 , -0.33479655016284376     
 -0.16526436477010417      , -0.10809274326090544      , -0.31407684844854894     
 -0.18061533967027560      , -0.11995598579839001      , -0.29659303637498741     
 -0.19535819019420853      , -0.13224945471734162      , -0.28208785835243927     
 -0.20913869643195923      , -0.14493465480064185      , -0.27032218738771446     
 -0.22200211568769759      , -0.15800789211005009      , -0.26107744707156139     
 -0.23431336039704861      , -0.17149443591142843      , -0.25415710912940392     
 -0.24655892362511078      , -0.18544371031143450      , -0.24938747116086327     
 -0.25914351971242205      , -0.19992541770844602      , -0.24661788975310234     
 -0.27227645596652461      , -0.21502649063002746      , -0.24572061646105828     
 -0.28598363716169378      , -0.23084876878264615      , -0.24659035883437774     
 -0.30021753826864328      , -0.24750730180244249      , -0.24914366600070298     
 -0.31499636617535454      , -0.26512918355277493      , -0.25331821830752771     
 -0.33050078789664289      , -0.28385282959556735      , -0.25907208303752821     
 -0.34709066674148625      , -0.30382761469181757      , -0.26638298299531660     
 -0.36525051369910394      , -0.32521379106320952      , -0.27524761149537930     
 -0.38550448032128487      , -0.34818260996592526      , -0.28568101558953890     
 -0.40834481426629310      , -0.37291656820932029      , -0.29771605884614949     
 -0.43419346443884088      , -0.39960969688581727      , -0.31140296518496530     
 -0.46338682569325729      , -0.42846780097640164      , -0.32680893569513642     
 -0.49616599373437537      , -0.45970854475326928      , -0.34401782048743806     
 -0.53266824875980789      , -0.49356125796539929      , -0.36312981686817919     
 -0.57292941542542497      , -0.53026631045188799      , -0.38426115281641809     
 -0.61691007558337474      , -0.57007386672513005      , -0.40754370016543978     
 -0.66455002514188455      , -0.61324178576453203      , -0.43312444421807728     
 -0.71583664307983164      , -0.66003237338925247      , -0.46116471487057925     
 -0.77085758337765320      , -0.71070762410160104      , -0.49183905773979042     
 -0.82981060007783414      , -0.76552250598750449      , -0.52533359135827784     
 -0.89296159667982389      , -0.82471574748206744      , -0.56184365743896569     
 -0.96056420299478429      , -0.88849748268377926      , -0.60157052509409392     
  -1.0327691979222722      , -0.95703301110356997      , -0.64471685702333670     
  -1.1095532300437774      ,  -1.0304218440011301      , -0.69148058764199649     
  -1.1906834180704862      ,  -1.1086711689674305      , -0.74204680358594444     
  -1.2757166988496591      ,  -1.1916629079707703      , -0.79657716295425818     
  -1.3640203346204187      ,  -1.2791137317463777      , -0.85519635278332806     
  -1.4547972359530190      ,  -1.3705278083744008      , -0.91797508300500474     
  -1.5471023956404171      ,  -1.4651428133852800      , -0.98490917658624821     
  -1.6398397505775248      ,  -1.5618709377351614      ,  -1.0558944769156287     
  -1.7317320226053756      ,  -1.6592384213378226      ,  -1.1306976022292721     
  -1.8212627267840553      ,  -1.7553295920387670      ,  -1.2089230872994532     
  -1.9065990392114105      ,  -1.8477444638281029      ,  -1.2899782167765024     
  -1.9855144785738612      ,  -1.9335823784575716      ,  -1.3730379039287575     
  -2.0553370749622442      ,  -2.0094673378281551      ,  -1.4570132840711101     
  -2.1129468013114856      ,  -2.0716324741702135      ,  -1.5405291632885045     
  -2.1548361020426698      ,  -2.1160799622598705      ,  -1.6219168435451898     
  -2.1772381755829397      ,  -2.1388267571723301      ,  -1.6992297223010837     
  -2.1763275102452844      ,  -2.1362343452227091      ,  -1.7702888766971601     
  -2.1485050727746802      ,  -2.1054020599515408      ,  -1.8327639813947796     
  -2.0907837992989227      ,  -2.0445807668991480      ,  -1.8842909353405151     
  -2.0012692123453961      ,  -1.9535423966589387      ,  -1.9226215166584080     
  -1.8796793474461160      ,  -1.8338290488603362      ,  -1.9457930344686416     
  -1.7278003937946487      ,  -1.6888114028237018      ,  -1.9522989358118306     
  -1.5497851684662003      ,  -1.5235141097589926      ,  -1.9412368422279591     
  -1.3522612306048227      ,  -1.3442120210571691      ,  -1.9124105565793181     
  -1.1442006242254879      ,  -1.1578532144471796      ,  -1.8663681352799042     
 -0.93634675707505521      , -0.97140576902449882      ,  -1.8043683566136113     
 -0.73990732969612616      , -0.79124071353522030      ,  -1.7282803210774276     
 -0.56450749851835280      , -0.62264865754680543      ,  -1.6404321365977033     
 -0.41600812696263351      , -0.46954913069346166      ,  -1.5434317569348321     
 -0.29529134366698739      , -0.33440429339267902      ,  -1.4399846537350298     
 -0.19889873485203563      , -0.21830781663064763      ,  -1.3327295467317848     
 -0.12127045347572084      , -0.12119519779513725      ,  -1.2241066936955947     
  -5.7225080958916444E-002 ,  -4.2115597683410992E-002 ,  -1.1162655197519116     
  -3.3876390296492809E-003 ,   2.0486709436646308E-002 ,  -1.0110115465697123     
   4.1698844327376583E-002 ,   6.8517777469615099E-002 , -0.90978775496973741     
   7.8160937581133960E-002 ,  0.10402626193743578      , -0.81368293448099915     
  0.10550368340509468      ,  0.12904874663052246      , -0.72345890814728753     
  0.12332384583243815      ,  0.14550507020936551      , -0.63958917068628618     
  0.13189263747367816      ,  0.15513562773870865      , -0.56230283043951657     
  0.13237881060841483      ,  0.15947093878374241      , -0.49162931722975295     
  0.12674699258780026      ,  0.15982416769303215      , -0.42744079806285401     
  0.11741712764669812      ,  0.15729872395344635      , -0.36949047281843572     
  0.10664582836924433      ,  0.15280484568268940      , -0.31744585488358845     
   9.5855540045688636E-002 ,  0.14708076104513482      , -0.27091679461893292     
   8.5376020748695325E-002 ,  0.14071543813105639      , -0.22947842460269577     
   7.4763112036371232E-002 ,  0.13417102251796589      , -0.19268945063371956     
   6.3461873749737163E-002 ,  0.12780384748378712      , -0.16010633292912446     
   5.1458564687696967E-002 ,  0.12188343978152048      , -0.13129393972555115     
   3.9556672722584403E-002 ,  0.11660929459036382      , -0.10583324203678925     
   2.9079480562135423E-002 ,  0.11212541045637760      ,  -8.3326575815892520E-002
   2.1224624483850926E-002 ,  0.10853270131855734      ,  -6.3400941043187109E-002
   1.6544941442108149E-002 ,  0.10589946947631626      ,  -4.5709745725188280E-002
   1.4837463378723940E-002 ,  0.10427015253733518      ,  -2.9933342086985087E-002
   1.5415945488255681E-002 ,  0.10367256371322282      ,  -1.5778645510833335E-002
   1.7563787264047479E-002 ,  0.10412383785823971      ,  -2.9780755577153233E-003
   2.0904407754489266E-002 ,  0.10563528140448651      ,   8.7119867305855848E-003
   2.5515862962095893E-002 ,  0.10821630655474181      ,   1.9513070123515407E-002
   3.1778959132867109E-002 ,  0.11187761099747581      ,   2.9626691293402192E-002
   4.0074285526706839E-002 ,  0.11663374533339807      ,   3.9236545986113792E-002
   5.0514175451494836E-002 ,  0.12250519210664432      ,   4.8510742915426050E-002
   6.2860403815805585E-002 ,  0.12952006322130361      ,   5.7604029240280456E-002
   7.6642352282369208E-002 ,  0.13771550677706540      ,   6.6659972083182917E-002
   9.1379584296801278E-002 ,  0.14713890001021801      ,   7.5813073027227965E-002
  0.10677963179714420      ,  0.15784889200725963      ,   8.5190802334656729E-002
  0.12280735407180365      ,  0.16991634801598865      ,   9.4915547152699190E-002
  0.13961638284659836      ,  0.18342523629126711      ,  0.10510647354626416     
  0.15743995628813787      ,  0.19847348819084690      ,  0.11588130609579436     
  0.17653070015973443      ,  0.21517385232113451      ,  0.12735803123493067     
  0.19715834047260142      ,  0.23365475348327366      ,  0.13965653162546596     
  0.21963668248880464      ,  0.25406115644904970      ,  0.15290015875808619     
  0.24433686343562638      ,  0.27655542254615456      ,  0.16721724963564050     
  0.27164412996361492      ,  0.30131813284431563      ,  0.18274259076972924     
  0.30187100475276674      ,  0.32854883440907107      ,  0.19961882863850883     
  0.33519280555605013      ,  0.35846664439448767      ,  0.21799781994534886     
  0.37165425444448552      ,  0.39131061915952309      ,  0.23804190709181647     
  0.41124578754392982      ,  0.42733976025768178      ,  0.25992509369566286     
  0.45401145959898326      ,  0.46683248383084736      ,  0.28383408103491098     
  0.50013460880732818      ,  0.51008532201043177      ,  0.30996910807541045     
  0.54995861796019696      ,  0.55741055142552731      ,  0.33854451411498021     
  0.60394030716380753      ,  0.60913235169282998      ,  0.36978891269851522     
  0.66256932055974727      ,  0.66558098285394907      ,  0.40394482676344723     
  0.72629474707210251      ,  0.72708433304494668      ,  0.44126758626840140     
  0.79547762522695109      ,  0.79395602623684047      ,  0.48202322918040019     
  0.87036053156293036      ,  0.86647909879151963      ,  0.52648507335109662     
  0.95104092442191024      ,  0.94488406424180749      ,  0.57492854014299799     
   1.0374444654137065      ,   1.0293200115880103      ,  0.62762371220481183     
   1.1292995850813494      ,   1.1198172657769607      ,  0.68482500244872102     
   1.2261243344057466      ,   1.2162401498838087      ,  0.74675720953346603     
   1.3272393872961834      ,   1.3182286351005581      ,  0.81359715612049432     
   1.4317972478105094      ,   1.4251283035935616      ,  0.88545008151459337     
   1.5387929508312930      ,   1.5359092905780751      ,  0.96232003866968674     
   1.6470259986703293      ,   1.6490769691601981      ,   1.0440737963954980     
   1.7550075337385158      ,   1.7625803520093120      ,   1.1303982621456463     
   1.8608341842772740      ,   1.8737286770511576      ,   1.2207523257973252     
   1.9620749261552364      ,   1.9791323337539792      ,   1.3143153831750887     
   2.0557170605220509      ,   2.0746905761774594      ,   1.4099366878493840     
   2.1381869886130462      ,   2.1556539445227054      ,   1.5060920462594489     
   2.2054284754287572      ,   2.2167915023342668      ,   1.6008569537318578     
   2.2530124764156603      ,   2.2526884218042524      ,   1.6919075042317528     
   2.2762728611474885      ,   2.2581843870692953      ,   1.7765613825387028     
   2.2705036469495901      ,   2.2289354566246842      ,   1.8518697931255470     
   2.2312879218995012      ,   2.1620431645734275      ,   1.9147661847452768     
   2.1550204181405688      ,   2.0566529170936714      ,   1.9622686169821451     
   2.0396070899201901      ,   1.9143940614837531      ,   1.9917204286638490     
   1.8851965928895296      ,   1.7395340488428781      ,   2.0010411052933321     
   1.6947325260098700      ,   1.5387608201874197      ,   1.9889499507456627     
   1.4742368082219777      ,   1.3205875736851553      ,   1.9551235362441517     
   1.2329206106114443      ,   1.0944698721640391      ,   1.9002562817400708     
  0.98308938457091888      ,  0.86980197130440695      ,   1.8260108125278076     
  0.73934403866006881      ,  0.65498696600371087      ,   1.7348662255019947     
  0.51645458649171438      ,  0.45674402410833626      ,   1.6298915649064565     
  0.32597182376534600      ,  0.27974115223213653      ,   1.5144830970439576     
  0.17285515061494400      ,  0.12655500924438956      ,   1.3921050714225933     
   5.4351884667661929E-002 ,  -2.1093609545281568E-003 ,   1.2660659784698975     
  -3.7559022969292574E-002 , -0.10703999294361360      ,   1.1393497488246689     
 -0.11170739715080835      , -0.19008160102014149      ,   1.0145082306768012     
 -0.17426063234037825      , -0.25371953242299472      ,  0.89361081724419855     
 -0.22787226867549371      , -0.30073129688479561      ,  0.77824067797363217     
 -0.27276189108030968      , -0.33392454246025399      ,  0.66952453904332021     
 -0.30801674118739103      , -0.35596005720225277      ,  0.56818335328088643     
 -0.33266410297194920      , -0.36924698732802863      ,  0.47459326396003948     
 -0.34675514290560694      , -0.37589322082260024      ,  0.38884895656509771     
 -0.35182167727557501      , -0.37769423707262845      ,  0.31082411065795684     
 -0.35049988401505683      , -0.37614639022080093      ,  0.24022584882287670     
 -0.34603819294400828      , -0.37247398388673925      ,  0.17664171537082027     
 -0.34165319103571828      , -0.36766269850571237      ,  0.11957883348917736     
 -0.33943956828811145      , -0.36249455027626887      ,   6.8495581330194732E-002
 -0.33963999486997676      , -0.35758150586839088      ,   2.2826506073900316E-002
 -0.34100294800666081      , -0.35339622047587044      ,  -1.7998639778078043E-002
 -0.34184125729672732      , -0.35029923678836039      ,  -5.4540824849171811E-002
 -0.34118756148126927      , -0.34856251030891594      ,  -8.7341759806201569E-002
 -0.33958698712494473      , -0.34838942264384626      , -0.11691723052267909     
 -0.33893488804035865      , -0.34993159229674742      , -0.14375306250130479     
 -0.34135553337682112      , -0.35330285041969134      , -0.16830313786135651     
 -0.34805010666589270      , -0.35859075534454887      , -0.19098898192971681     
 -0.35889043418012484      , -0.36586599856871060      , -0.21220052210168877     
 -0.37277361860879438      , -0.37519002047089617      , -0.23229769598738090     
 -0.38841958775218077      , -0.38662111437854607      , -0.25161264904947012     
 -0.40512435780792388      , -0.40021925684407017      , -0.27045231471455861     
 -0.42304438397573646      , -0.41604986199587363      , -0.28910121329269922     
 -0.44298074944483418      , -0.43418661921318441      , -0.30782434099060302     
 -0.46587225612447736      , -0.45471353602796433      , -0.32687004780146445     
 -0.49229656567816554      , -0.47772627159494169      , -0.34647282392138790     
 -0.52228407041185199      , -0.50333280959024207      , -0.36685592925790400     
 -0.55548855346951886      , -0.53165348217388397      , -0.38823381009042951     
 -0.59151672879810868      , -0.56282031778690689      , -0.41081425140154459     
 -0.63023045915499509      , -0.59697564414214421      , -0.43480021307211597     
 -0.67186332310669528      , -0.63426983296738892      , -0.46039129315319621     
 -0.71685095445669633      , -0.67485802422642949      , -0.48778475182937375     
 -0.76553878559474153      , -0.71889561443919947      , -0.51717601545449898     
 -0.81804370627226042      , -0.76653223684161209      , -0.54875856116675947     
 -0.87430021008587122      , -0.81790390218311593      , -0.58272305918769784     
 -0.93418927522430784      , -0.87312291159351063      , -0.61925562236534037     
 -0.99767412494449137      , -0.93226510369459192      , -0.65853498173058778     
  -1.0648222703020305      , -0.99535396770232754      , -0.70072837453749337     
  -1.1356605495554479      ,  -1.0623411591474730      , -0.74598590049483626     
  -1.2099955511658318      ,  -1.1330830190770358      , -0.79443307761640658     
  -1.2873350038432649      ,  -1.2073128544503686      , -0.84616131890993951     
  -1.3669255416649009      ,  -1.2846090303135032      , -0.90121606603373261     
  -1.4478562645402071      ,  -1.3643594057596606      , -0.95958237131782331     
  -1.5291537225087797      ,  -1.4457233725700702      ,  -1.0211678349887090     
  -1.6097945916873566      ,  -1.5275937779192856      ,  -1.0857830039380234     
  -1.6886255860410275      ,  -1.6085623533591964      ,  -1.1531196477268890     
  -1.7642455512982016      ,  -1.6868938939161400      ,  -1.2227277695525685     
  -1.8349188175768480      ,  -1.7605161903145281      ,  -1.2939927958138346     
  -1.8985644192430782      ,  -1.8270343129837907      ,  -1.3661151039794051     
  -1.9528066118576120      ,  -1.8837787772127064      ,  -1.4380948387112886     
  -1.9950453832898836      ,  -1.9278966816365157      ,  -1.5087257139824952     
  -2.0225340512334755      ,  -1.9564922881605553      ,  -1.5766020145148025     
  -2.0324707010032483      ,  -1.9668179842404507      ,  -1.6401430354681412     
  -2.0221228791293271      ,  -1.9565078935156675      ,  -1.6976384459203631     
  -1.9890306615247324      ,  -1.9238352622592316      ,  -1.7473162883833551     
  -1.9313091650863583      ,  -1.8679631247608479      ,  -1.7874324592804500     
  -1.8480159147360062      ,  -1.7891488963989355      ,  -1.8163767754887499     
  -1.7395204568403060      ,  -1.6888613174542515      ,  -1.8327867172578691     
  -1.6078117168180999      ,  -1.5697756537403367      ,  -1.8356565804305158     
  -1.4566837422881207      ,  -1.4356308657342878      ,  -1.8244281277482193     
  -1.2917504633014920      ,  -1.2909575812169940      ,  -1.7990497282333926     
  -1.1202145594551884      ,  -1.1407118013422741      ,  -1.7599946421626305     
 -0.95026240832365994      , -0.98986866166433762      ,  -1.7082349636031091     
 -0.78999705321186242      , -0.84303727905915227      ,  -1.6451744759519611     
 -0.64605144927166991      , -0.70414998917810345      ,  -1.5725497021054149     
