  0.59087888500138663      ,   2.1229450724483714      ,   1.4655193661558268     
   1.6735643791650461      ,   2.1929852415350255      ,   1.5610585270229873     
   2.1833388168151031      ,   2.2400776937172493      ,   1.6539053462152871     
   2.3979262953687859      ,   2.2589017442634218      ,   1.7415228812149708     
   2.3219744724876166      ,   2.2447042742917840      ,   1.8210630112943438     
   1.9758076755858633      ,   2.1939089102960634      ,   1.8894909061409448     
   1.6659037255119615      ,   2.1047402225179983      ,   1.9437656688917380     
   1.6176912518132942      ,   1.9777454803439807      ,   1.9810672081207392     
   1.5447023887473081      ,   1.8160821072783706      ,   1.9990464820024860     
   1.5510467425009047      ,   1.6254624622894605      ,   1.9960649989817625     
   1.3647813052839668      ,   1.4137129629515430      ,   1.9713841858516696     
   1.2063034646221011      ,   1.1899972664110152      ,   1.9252693066812612     
  0.92250952826704125      ,  0.96384218103004549      ,   1.8589865037522069     
  0.63182939930809978      ,  0.74415591195967179      ,   1.7746919444430655     
  0.41749119802843970      ,  0.53842131673974125      ,   1.6752329415465239     
  0.32346052730310193      ,  0.35218728446955988      ,   1.5638959838847664     
  0.17636945989770805      ,  0.18889565376218667      ,   1.4441420266186100     
  0.12354117613385965      ,   5.0001978019320249E-002 ,   1.3193650556489360     
   5.5698845771636071E-002 ,  -6.4700883798565631E-002 ,   1.1926989228874905     
  -3.3257590944403913E-002 , -0.15666063759309845      ,   1.0668841267543117     
  -9.9433373855555354E-002 , -0.22813426990100699      ,  0.94419438639734021     
 -0.16931938233785152      , -0.28180797976757588      ,  0.82641469034470127     
 -0.22993786214218831      , -0.32049834109380249      ,  0.71485843581946695     
 -0.25388412032275159      , -0.34694074961631782      ,  0.61041059040920653     
 -0.25233588345171276      , -0.36365620077566646      ,  0.51358530372947420     
 -0.27399562036431779      , -0.37288048745330526      ,  0.42458891988492709     
 -0.28779904547204205      , -0.37653861886822665      ,  0.34338204425120999     
 -0.30117429856570294      , -0.37624917459232166      ,  0.26973670639260389     
 -0.30194899762837646      , -0.37334652660465156      ,  0.20328652779630416     
 -0.31661745680858799      , -0.36891220776140959      ,  0.14356912745924336     
 -0.30269675785800398      , -0.36380958762195265      ,   9.0060855130340983E-002
 -0.31946496135104474      , -0.35871823902491112      ,   4.2204439621893741E-002
 -0.33135132356016705      , -0.35416596004674755      ,  -5.6961569239652996E-004
 -0.35038583032202325      , -0.35055746826940914      ,  -3.8826978221081797E-002
 -0.35677632919832647      , -0.34819944144875398      ,  -7.3117879548269940E-002
 -0.37774133913254671      , -0.34732196114584557      , -0.10396913675487859     
 -0.37502947968879763      , -0.34809661831423416      , -0.13187907821838246     
 -0.38328211842827004      , -0.35065163044657438      , -0.15731475324318300     
 -0.39083056730428378      , -0.35508434474769440      , -0.18071090378070817     
 -0.40827617281213702      , -0.36147149037983400      , -0.20247026648446861     
 -0.42446192395813209      , -0.36987751301508459      , -0.22296485238673353     
 -0.44497027387751875      , -0.38036128702789984      , -0.24253791924495635     
 -0.46565037412070970      , -0.39298146021187508      , -0.26150640862046931     
 -0.48021672144486682      , -0.40780064560972051      , -0.28016366693359418     
 -0.50499477417918726      , -0.42488863596647064      , -0.29878230811027573     
 -0.52573419562731249      , -0.44432477860534586      , -0.31761710598075332     
 -0.55610527728790760      , -0.46619961183729980      , -0.33690782818834025     
 -0.58234192239950855      , -0.49061582772856122      , -0.35688194075595159     
 -0.61933157063205091      , -0.51768858938690709      , -0.37775712423213165     
 -0.64085791606729692      , -0.54754519301577265      , -0.39974354894277481     
 -0.67675991796050006      , -0.58032402491292434      , -0.42304585861538374     
 -0.70236235971003069      , -0.61617272046811900      , -0.44786480869756806     
 -0.74337608944270428      , -0.65524538527947807      , -0.47439849813077212     
 -0.78121032441829219      , -0.69769868729453444      , -0.50284312115890861     
 -0.83626643378149301      , -0.74368657348523226      , -0.53339314892254241     
 -0.88685482912574154      , -0.79335330605295495      , -0.56624082914757556     
 -0.94691767293185203      , -0.84682445416439756      , -0.60157486641105617     
  -1.0066345119392668      , -0.90419542278911047      , -0.63957811587315860     
  -1.0710052606550160      , -0.96551705894731876      , -0.68042409129601356     
  -1.1379437337206246      ,  -1.0307778612015503      , -0.72427205599499500     
  -1.2086346072545948      ,  -1.0998823509037625      , -0.77126043706710912     
  -1.2842229100087017      ,  -1.1726252724491224      , -0.82149828508863920     
  -1.3567256894644808      ,  -1.2486615134322572      , -0.87505450283288311     
  -1.4370405227802279      ,  -1.3274720230237296      , -0.93194460068929952     
  -1.5119612851576194      ,  -1.4083266142620134      , -0.99211482113025040     
  -1.5960935203196798      ,  -1.4902454189606513      ,  -1.0554236320282695     
  -1.6746285666501917      ,  -1.5719619618454443      ,  -1.1216208443547895     
  -1.7603266683301233      ,  -1.6518923291820697      ,  -1.1903249890188543     
  -1.8354722055961390      ,  -1.7281166388091584      ,  -1.2610001085055818     
  -1.9109625677105897      ,  -1.7983807511966154      ,  -1.3329337815139992     
  -1.9701873708795670      ,  -1.8601274883067285      ,  -1.4052189689836077     
  -2.0219749154014997      ,  -1.9105669316404634      ,  -1.4767430611370855     
  -2.0546656260192937      ,  -1.9467938643396794      ,  -1.5461881616983577     
  -2.0740552893702326      ,  -1.9659562972366709      ,  -1.6120469374818855     
  -2.0705854411336437      ,  -1.9654717519920386      ,  -1.6726580056065574     
  -2.0468692575222383      ,  -1.9432777608327523      ,  -1.7262635486630262     
  -1.9963681396342803      ,  -1.8980912374186156      ,  -1.7710894706649931     
  -1.9198814602569187      ,  -1.8296406962393050      ,  -1.8054450031124267     
  -1.8161614810649631      ,  -1.7388294866500131      ,  -1.8278346624583925     
  -1.6879498542989591      ,  -1.6277909378168240      ,  -1.8370716452890137     
  -1.5390736830299354      ,  -1.4998095542228083      ,  -1.8323791687938058     
  -1.3746831418735692      ,  -1.3591048903602743      ,  -1.8134659116009328     
  -1.2028611062725754      ,  -1.2105014823689850      ,  -1.7805641330966038     
  -1.0295192235886055      ,  -1.0590317642324893      ,  -1.7344240464755345     
 -0.86425487383412203      , -0.90953204853726333      ,  -1.6762645840380972     
 -0.71149158580703564      , -0.76629045839720311      ,  -1.6076872838821734     
 -0.57797450587457999      , -0.63279111119684861      ,  -1.5305650890616394     
 -0.46309315134025147      , -0.51157614327258938      ,  -1.4469203331926654     
 -0.36817443580064235      , -0.40422348056081997      ,  -1.3588058440310067     
 -0.28872439873246497      , -0.31141976406450217      ,  -1.2682004526181798     
 -0.22380757851569724      , -0.23309778801163680      ,  -1.1769262441082506     
 -0.16977359261524988      , -0.16860623877588951      ,  -1.0865906987991416     
 -0.12637599673142788      , -0.11688420726929609      , -0.99855328422125944     
  -9.1671100792756741E-002 ,  -7.6620826960369842E-002 , -0.91391352682143312     
  -6.5977031346619586E-002 ,  -4.6388750188870759E-002 , -0.83351620498294843     
  -4.8051199358306568E-002 ,  -2.4747247274474339E-002 , -0.75796889974055193     
  -3.7728229221491619E-002 ,  -1.0315729998428632E-002 , -0.68766743138630215     
  -3.3467643328974277E-002 ,  -1.8214478280048640E-003 , -0.62282540323619306     
  -3.4053670508856382E-002 ,   1.8736213420180853E-003 , -0.56350492439458066     
  -3.7627887715275143E-002 ,   1.7615356216361129E-003 , -0.50964642339749555     
  -4.2837382730159940E-002 ,  -1.3118115952818158E-003 , -0.46109619835676158     
  -4.8825351536454245E-002 ,  -6.6396574477651698E-003 , -0.41763093670120399     
  -5.5238434680283985E-002 ,  -1.3643028666461270E-002 , -0.37897887546563841     
  -6.2584677124450316E-002 ,  -2.1857230537399887E-002 , -0.34483757807297111     
  -7.0970512969564761E-002 ,  -3.0917647516997382E-002 , -0.31488850072089442     
  -8.0983718329209697E-002 ,  -4.0545828998756465E-002 , -0.28880863680281205     
  -9.2099324267994540E-002 ,  -5.0536458215814865E-002 , -0.26627958437632082     
 -0.10449673465770939      ,  -6.0745535952676205E-002 , -0.24699439830948178     
 -0.11728134980070752      ,  -7.1079928829461902E-002 , -0.23066257968419340     
 -0.13072929151518314      ,  -8.1488312368645233E-002 , -0.21701353068754367     
 -0.14407052010863186      ,  -9.1953464011745173E-002 , -0.20579877078846398     
 -0.15755275465447680      , -0.10248581711414667      , -0.19679317430099824     
 -0.17028064826162567      , -0.11311816375377477      , -0.18979545356896593     
 -0.18230538701030768      , -0.12390138486828309      , -0.18462807785078555     
 -0.19289724067192662      , -0.13490108585741281      , -0.18113678659492613     
 -0.20237917917183487      , -0.14619502096295234      , -0.17918982768631697     
 -0.21074375208020307      , -0.15787119815256992      , -0.17867702656820605     
 -0.21876854967606202      , -0.17002656630521587      , -0.17950877083502106     
 -0.22697748658321298      , -0.18276619714175962      , -0.18161497674609636     
 -0.23608411199775506      , -0.19620288481528092      , -0.18494408884528565     
 -0.24661002980273689      , -0.21045709584136973      , -0.18946215116338330     
 -0.25879579126202856      , -0.22565721072115474      , -0.19515197798646983     
 -0.27303026574189199      , -0.24194000588268194      , -0.20201244354666020     
 -0.28915181650417870      , -0.25945133017162558      , -0.21005790288735099     
 -0.30747708616210739      , -0.27834693379168085      , -0.21931775023200070     
 -0.32755471249705292      , -0.29879340902458551      , -0.22983611610438576     
 -0.34968720997747632      , -0.32096920087564484      , -0.24167169986552495     
 -0.37337439844467601      , -0.34506564151254326      , -0.25489772989084503     
 -0.39918873371204633      , -0.37128795436713680      , -0.26960203892761031     
 -0.42702797326209047      , -0.39985616123761175      , -0.28588723682235340     
 -0.45790847187901745      , -0.43100580761439661      , -0.30387095630563832     
 -0.49210292592806532      , -0.46498839643186035      , -0.32368613929883611     
 -0.53062282014576312      , -0.50207138687697239      , -0.34548132058916198     
 -0.57358540070522568      , -0.54253757078717313      , -0.36942085189663620     
 -0.62144049130269818      , -0.58668358224765382      , -0.39568499136519159     
 -0.67395081262965539      , -0.63481722373640304      , -0.42446976021377292     
 -0.73105281547161349      , -0.68725320205339335      , -0.45598643837758396     
 -0.79247342630220174      , -0.74430675725310036      , -0.49046053302116105     
 -0.85801203969694495      , -0.80628453708180048      , -0.52813000635325302     
 -0.92770510379960092      , -0.87347191981658512      , -0.56924249093951840     
  -1.0014682997004760      , -0.94611582648685610      , -0.61405115097201413     
  -1.0797653413458681      ,  -1.0244019038421510      , -0.66280876718600912     
  -1.1626540283083231      ,  -1.1084248294944457      , -0.71575953398672687     
  -1.2507591954295219      ,  -1.1981504370039850      , -0.77312796625371349     
  -1.3438300957711016      ,  -1.2933684551491871      , -0.83510423251032928     
  -1.4418859675606219      ,  -1.3936350120537007      , -0.90182518174023896     
  -1.5436879294339543      ,  -1.4982048238685792      , -0.97335034643113805     
  -1.6481160425197501      ,  -1.6059543643073384      ,  -1.0496323335922244     
  -1.7529371156487006      ,  -1.7152995155211928      ,  -1.1304813258783022     
  -1.8561803762367803      ,  -1.8241144286973070      ,  -1.2155239907546520     
  -1.9551387841851946      ,  -1.9296626473165661      ,  -1.3041580287422825     
  -2.0472845353885094      ,  -2.0285567510694142      ,  -1.3955049591156097     
  -2.1293799264866644      ,  -2.1167681279727408      ,  -1.4883655626288721     
  -2.1978796078473284      ,  -2.1897124730225968      ,  -1.5811845732323351     
  -2.2484049081855737      ,  -2.2424368401855683      ,  -1.6720334281675850     
  -2.2760696822870390      ,  -2.2699274515027903      ,  -1.7586215675428791     
  -2.2756846656100485      ,  -2.2675410704442771      ,  -1.8383470568267553     
  -2.2424117869317017      ,  -2.2315354793862863      ,  -1.9083951718011813     
  -2.1726491347260866      ,  -2.1596393728573404      ,  -1.9658881976733313     
  -2.0648097365378919      ,  -2.0515673608482117      ,  -2.0080809159886481     
  -1.9201128361521613      ,  -1.9093654042820782      ,  -2.0325851947350984     
  -1.7425966186920572      ,  -1.7374802521795818      ,  -2.0375963442642169     
  -1.5389709983282134      ,  -1.5424908645419049      ,  -2.0220870557072868     
  -1.3178502675890731      ,  -1.3325138890316865      ,  -1.9859351503616736     
  -1.0893595939294756      ,  -1.1163770895205816      ,  -1.9299604824015189     
 -0.86430758246614858      , -0.90271463970216792      ,  -1.8558625427495614     
 -0.65334130090829734      , -0.69915333805288005      ,  -1.7660691607004873     
 -0.46519592058157583      , -0.51172455627362157      ,  -1.6635226118661581     
 -0.30489997179820405      , -0.34456902251457822      ,  -1.5514380456062040     
 -0.17248568069512704      , -0.19992742058226354      ,  -1.4330689555593126     
  -6.4099448177841523E-002 ,  -7.8353635495356427E-002 ,  -1.3115070018535810     
   2.5231838756334654E-002 ,   2.0938678205007655E-002 ,  -1.1895322925370455     
   9.9031318362218318E-002 ,   9.9683331970804839E-002 ,  -1.0695188846258392     
  0.15877579961750429      ,  0.16018938887226788      , -0.95339135265482711     
  0.20483660891736877      ,  0.20502955102225520      , -0.84262287340932207     
  0.23751097439608268      ,  0.23680505324691808      , -0.73826321303702513     
  0.25741994529123402      ,  0.25798571518553559      , -0.64098540203572851     
  0.26575756543162221      ,  0.27081406721431378      , -0.55114169936627055     
  0.26460468836449730      ,  0.27725876812910116      , -0.46882179683512121     
  0.25676551204635062      ,  0.27900274777112255      , -0.39390850780487019     
  0.24539272847563032      ,  0.27745373025931797      , -0.32612810965688144     
  0.23348433635894086      ,  0.27376767687771925      , -0.26509396378805872     
  0.22326486894690500      ,  0.26887844999022875      , -0.21034304104239709     
  0.21556298533319587      ,  0.26352928555378896      , -0.16136561312245876     
  0.20996751225183174      ,  0.25830338361003830      , -0.11762872548202521     
  0.20545342059418034      ,  0.25365213339961845      ,  -7.8594230329419618E-002
  0.20117046282202633      ,  0.24992028571985089      ,  -4.3732198406493103E-002
  0.19691459775777398      ,  0.24736787928073103      ,  -1.2530495478973122E-002
  0.19326783948592330      ,  0.24618901419420672      ,   1.5498761649762946E-002
  0.19109549063023315      ,  0.24652771658972086      ,   4.0815242249198726E-002
  0.19101724433097667      ,  0.24849120507191619      ,   6.3848395057936713E-002
  0.19322342730447448      ,  0.25216088680275600      ,   8.4996947291091016E-002
  0.19775251833520213      ,  0.25760140041147883      ,  0.10462953672164868     
  0.20476303608659427      ,  0.26486799812752337      ,  0.12308617297080882     
  0.21465841185217199      ,  0.27401252828755540      ,  0.14068028317307485     
  0.22791479147368127      ,  0.28508824596383264      ,  0.15770114704959190     
  0.24478673710223031      ,  0.29815364605313538      ,  0.17441656789863064     
  0.26511318106415788      ,  0.31327548066923111      ,  0.19107565995241765     
  0.28831984042049930      ,  0.33053109129916319      ,  0.20791165978693618     
  0.31367286146615125      ,  0.35001015569947541      ,  0.22514469075587282     
  0.34059137487780478      ,  0.37181591944846470      ,  0.24298442539145085     
  0.36889678018654365      ,  0.39606595177792658      ,  0.26163260189036275     
  0.39878218632171192      ,  0.42289243397840254      ,  0.28128535757025835     
  0.43072194903760203      ,  0.45244195537173576      ,  0.30213534479742682     
  0.46527774584518161      ,  0.48487475552864823      ,  0.32437359347328226     
  0.50301857307232567      ,  0.52036331095555033      ,  0.34819107871969512     
  0.54445216559508147      ,  0.55909011875466963      ,  0.37377994279216353     
  0.59007126054532277      ,  0.60124447776365575      ,  0.40133430624077332     
  0.64025431668981025      ,  0.64701800872700355      ,  0.43105058462564538     
  0.69517504103329597      ,  0.69659858914627970      ,  0.46312720335904639     
  0.75469389631302997      ,  0.75016230682968776      ,  0.49776357426593426     
  0.81838950485692985      ,  0.80786296208517894      ,  0.53515816326300703     
  0.88567926538776576      ,  0.86981857845954313      ,  0.57550543970562862     
  0.95605728064883977      ,  0.93609432723212493      ,  0.61899145589766924     
   1.0292989414205409      ,   1.0066812497723858      ,  0.66578776291098896     
   1.1055224297704878      ,   1.0814702020791576      ,  0.71604333133576936     
   1.1850911594203262      ,   1.1602205871984252      ,  0.76987412117325282     
   1.2683478886175044      ,   1.2425237379106899      ,  0.82734994640491488     
   1.3553296793523466      ,   1.3277613327337383      ,  0.88847832494687062     
   1.4455044630537841      ,   1.4150600519922343      ,  0.95318511823163443     
   1.5377083279553319      ,   1.5032448850857092      ,   1.0212919774044968     
   1.6301867716480358      ,   1.5907951368249806      ,   1.0924909602993793     
   1.7207849973622249      ,   1.6758092336481305      ,   1.1663171991790231     
   1.8070856224665475      ,   1.7559867539213359      ,   1.2421212063624751     
   1.8865428064593834      ,   1.8286383484215454      ,   1.3190432973004009     
   1.9564971753212128      ,   1.8907357477549998      ,   1.3959936298273332     
   2.0141665285547119      ,   1.9390139414672936      ,   1.4716423658616045     
   2.0565645594591757      ,   1.9701347168167749      ,   1.5444252179966029     
   2.0804844570246757      ,   1.9809139931688384      ,   1.6125698074137198     
   2.0825667420895946      ,   1.9686042965658759      ,   1.6741474332865141     
   2.0595585065148652      ,   1.9312090665239734      ,   1.7271526879999526     
   2.0087535921329547      ,   1.8677898948641325      ,   1.7696097139064220     
   1.9285644519529053      ,   1.7787157727778797      ,   1.7996990584772179     
   1.8190557171495505      ,   1.6658004180897077      ,   1.8158938485468463     
   1.6822832204892395      ,   1.5322841264031259      ,   1.8170896522382194     
   1.5223605442910106      ,   1.3826410816817760      ,   1.8027103842661085     
   1.3452886517900704      ,   1.2222271300857113      ,   1.7727740487535097     
   1.1586350163619723      ,   1.0568173954948450      ,   1.7279072363722550     
  0.97102997288256476      ,  0.89210699497372936      ,   1.6693051785598141     
  0.79134543875037078      ,  0.73325371885859658      ,   1.5986429288824242     
  0.62743146342993628      ,  0.58452759738698601      ,   1.5179506812892458     
  0.48463667103424024      ,  0.44910440619877645      ,   1.4294706036630744     
  0.36477786331891915      ,  0.32900804302432490      ,   1.3355131575457599     
  0.26634516383147805      ,  0.22517975761350253      ,   1.2383281301111788     
  0.18593956143024806      ,  0.13763619500143201      ,   1.1400007631493552     
  0.12000655020511153      ,   6.5674125912785541E-002 ,   1.0423779110055031     
   6.5842213315966541E-002 ,   8.0849226673441309E-003 ,  0.94702432864755492     
   2.1702407980847681E-002 ,  -3.6647959318350160E-002 ,  0.85520570116662220     
  -1.3459128082266049E-002 ,  -7.0183985503209742E-002 ,  0.76789306686827385     
  -4.0214204521154755E-002 ,  -9.4198889559875751E-002 ,  0.68578266487044659     
  -5.8957762258124671E-002 , -0.11029539148430681      ,  0.60932557376670549     
  -7.0346411895571725E-002 , -0.11994634888404937      ,  0.53876239312829344     
  -7.5621335694304057E-002 , -0.12446374781749646      ,  0.47415931772987213     
  -7.6618510488680083E-002 , -0.12498684092459350      ,  0.41544303521539272     
  -7.5457344737135626E-002 , -0.12248351306069007      ,  0.36243281295299978     
  -7.3972722839580826E-002 , -0.11776008759970902      ,  0.31486887817539688     
  -7.3167410303803804E-002 , -0.11147595722127562      ,  0.27243673610220331     
  -7.3067131826901957E-002 , -0.10416046098667439      ,  0.23478743889501760     
  -7.3038461750755651E-002 ,  -9.6230268745729916E-002 ,  0.20155404923322520     
  -7.2305948023458938E-002 ,  -8.8006169680094323E-002 ,  0.17236467135236386     
  -7.0382221632123959E-002 ,  -7.9728619465646910E-002 ,  0.14685248014890553     
  -6.7227168295796003E-002 ,  -7.1571715908854167E-002 ,  0.12466318963701144     
  -6.3079924430179707E-002 ,  -6.3655481380319207E-002 ,  0.10546038361411331     
  -5.8164709501858890E-002 ,  -5.6056462123818873E-002 ,   8.8929096525659293E-002
  -5.2561125545456673E-002 ,  -4.8816733180471229E-002 ,   7.4777989758615271E-002
  -4.6323745716297882E-002 ,  -4.1951440676735785E-002 ,   6.2740423449201291E-002
  -3.9688017021412149E-002 ,  -3.5455032936478358E-002 ,   5.2574679744355923E-002
  -3.3167180544886848E-002 ,  -2.9306336777311121E-002 ,   4.4063552248866676E-002
  -2.7436591244828487E-002 ,  -2.3472631137315080E-002 ,   3.7013479116549064E-002
  -2.3074091136566725E-002 ,  -1.7912860613176592E-002 ,   3.1253364298961861E-002
  -2.0320570441884914E-002 ,  -1.2580119031930273E-002 ,   2.6633202873642056E-002
  -1.8986793097407674E-002 ,  -7.4235194168164684E-003 ,   2.3022601941961349E-002
  -1.8532646021068216E-002 ,  -2.3895526643297050E-003 ,   2.0309267999732566E-002
  -1.8263828705396893E-002 ,   2.5769764294678002E-003 ,   1.8397514567913990E-002
  -1.7534770533780043E-002 ,   7.5323600723385788E-003 ,   1.7206829832404586E-002
  -1.5866537950368968E-002 ,   1.2533681512562971E-002 ,   1.6670532691262046E-002
  -1.2972031270947808E-002 ,   1.7638739228033853E-002 ,   1.6734536573687991E-002
  -8.7322777521874201E-003 ,   2.2906157954650883E-002 ,   1.7356233333978746E-002
  -3.1795986875059546E-003 ,   2.8395651775810059E-002 ,   1.8503504123173291E-002
   3.4869071637798816E-003 ,   3.4168411947193139E-002 ,   2.0153860122593532E-002
   1.0884971300307264E-002 ,   4.0287598573695890E-002 ,   2.2293713141477826E-002
   1.8510327826422899E-002 ,   4.6818920772964574E-002 ,   2.4917774122068557E-002
   2.5893716412232606E-002 ,   5.3831294641373525E-002 ,   2.8028576376258642E-002
   3.2800564820594749E-002 ,   6.1397572269541886E-002 ,   3.1636119741692989E-002
   3.9376311117102505E-002 ,   6.9595338313741359E-002 ,   3.5757631659391192E-002
   4.6156048288772136E-002 ,   7.8507773281989768E-002 ,   4.0417441327286856E-002
   5.3911375987509544E-002 ,   8.8224584786854909E-002 ,   4.5646963479192816E-002
   6.3409194936098201E-002 ,   9.8843009576148722E-002 ,   5.1484788894276025E-002
   7.5197094051322536E-002 ,  0.11046889017470396      ,   5.7976879384914290E-002
   8.9495636078225957E-002 ,  0.12321783041693192      ,   6.5176865672310277E-002
  0.10620594258686655      ,  0.13721643393795990      ,   7.3146447170941875E-002
  0.12499685493961057      ,  0.15260362868110805      ,   8.1955893190802181E-002
  0.14542356203525572      ,  0.16953207845828508      ,   9.1684645344361937E-002
  0.16704542428934657      ,  0.18816967925929715      ,  0.10242202090719046     
  0.18953732945387289      ,  0.20870113291326453      ,  0.11426801639108988     
  0.21279683512140052      ,  0.23132958326445305      ,  0.12733420946757795     
  0.23704323007141623      ,  0.25627828942655712      ,  0.14174475538966241     
  0.26286792960869865      ,  0.28379229583655963      ,  0.15763747088302618     
  0.29118661735395690      ,  0.31414003829503662      ,  0.17516499368889293     
  0.32307152890143187      ,  0.34761479704822135      ,  0.19449599897351566     
  0.35951238981306816      ,  0.38453586975492132      ,  0.21581644392278115     
  0.40118828649942351      ,  0.42524928569696840      ,  0.23933079802753432     
  0.44834232654705031      ,  0.47012781380497676      ,  0.26526319755009375     
  0.50080563404486889      ,  0.51956992601299135      ,  0.29385843679191381     
  0.55815985833680726      ,  0.57399725820589576      ,  0.32538267396696935     
  0.61996523073231868      ,  0.63384995688781476      ,  0.36012368314484444     
  0.68597315524639002      ,  0.69957910375106158      ,  0.39839042277848546     
  0.75626624290988997      ,  0.77163516659707754      ,  0.44051161226904401     
  0.83131146110702181      ,  0.85045113084173762      ,  0.48683290717601213     
  0.91192523918688995      ,  0.93641862573563228      ,  0.53771213779833738     
  0.99913613907388743      ,   1.0298549921469877      ,  0.59351192318830193     
   1.0939314620398426      ,   1.1309588877514196      ,  0.65458879492291688     
   1.1969193525664306      ,   1.2397517747754763      ,  0.72127777049431474     
   1.3080063125397683      ,   1.3560026313389530      ,  0.79387112490455902     
   1.4262118170549782      ,   1.4791337050455708      ,  0.87258995955215146     
   1.5497035874710998      ,   1.6081064368808913      ,  0.95754712642466444     
   1.6760339471818342      ,   1.7412893019177593      ,   1.0487002384026967     
   1.8024604717967245      ,   1.8763138155898438      ,   1.1457940364240928     
   1.9261794933396508      ,   2.0099318942507094      ,   1.2482924930836636     
   2.0443418537365576      ,   2.1378973961878445      ,   1.3553029398616954     
   2.1538118486483775      ,   2.2549064777318151      ,   1.4654974099608737     
   2.2507513319554873      ,   2.3546433513064033      ,   1.5770403371301229     
   2.3302107504405205      ,   2.4299858367995242      ,   1.6875364451886767     
   2.3859708344066948      ,   2.4734218891438644      ,   1.7940172231606923     
   2.4108394858456617      ,   2.4777056673536721      ,   1.8929871604190438     
   2.3974753720393949      ,   2.4367331707699966      ,   1.9805495722426576     
   2.3396395457382941      ,   2.3465443731214122      ,   2.0526239233744605     
   2.2336234044122323      ,   2.2062768910334571      ,   2.1052507294668348     
   2.0794366528832668      ,   2.0188375363135775      ,   2.1349578202379615     
   1.8812330585577430      ,   1.7910618331619277      ,   2.1391383069182974     
   1.6467182487575884      ,   1.5332228917328097      ,   2.1163745456471621     
   1.3860092086649296      ,   1.2579174386146803      ,   2.0666422782241312     
   1.1108026550437073      ,  0.97854134297999718      ,   1.9913488137310020     
  0.83405147182079287      ,  0.70769136313762082      ,   1.8931943560315410     
  0.56951456391251376      ,  0.45583824664640421      ,   1.7758848688803412     
  0.33046161979349714      ,  0.23050927023430751      ,   1.6437546594339536     
  0.12681804755502391      ,   3.6050505143438528E-002 ,   1.5013681551015559     
  -3.8628722056691898E-002 , -0.12611607209068093      ,   1.3531623917873992     
 -0.17104555451116293      , -0.25691646736808738      ,   1.2031709132144586     
 -0.27916599095766925      , -0.35892099368569275      ,   1.0548452921163320     
 -0.36964479033636360      , -0.43566570606659138      ,  0.91096991287466522     
 -0.44467681281049265      , -0.49109073009665027      ,  0.77365276665340721     
 -0.50365034612776494      , -0.52913030916021508      ,  0.64436993400604248     
 -0.54599629147187223      , -0.55344944453988010      ,  0.52404215255857545     
 -0.57206389374650790      , -0.56730092427670731      ,  0.41312580382037600     
 -0.58323516934477793      , -0.57347008422848955      ,  0.31170564749703555     
 -0.58270674729531580      , -0.57427697668179878      ,  0.21958131569322537     
 -0.57514592548511378      , -0.57161183544461391      ,  0.13634331255018414     
 -0.56531123454972676      , -0.56698665329823184      ,   6.1436906494710515E-002
 -0.55745624604431565      , -0.56159171937918373      ,  -5.7860203865394491E-003
 -0.55472635657680447      , -0.55635054902165548      ,  -6.6026161440253139E-002
 -0.55799413057285907      , -0.55196980285759600      , -0.12000557659049557     
 -0.56587934111487737      , -0.54898280315761561      , -0.16844453580434451     
 -0.57617469004928190      , -0.54778643087851842      , -0.21204493240616626     
 -0.58706055076543828      , -0.54867180518917957      , -0.25147893945101157     
 -0.59780624426203943      , -0.55184942003972071      , -0.28738176978518815     
 -0.60910794159041959      , -0.55746948611134617      , -0.32034758760914694     
 -0.62235209977283257      , -0.56563819546380900      , -0.35092779030212551     
 -0.63826716395893834      , -0.57643054706452279      , -0.37963102752785310     
 -0.65652340609166115      , -0.58990027587016369      , -0.40692444907360542     
 -0.67633411642932051      , -0.60608733244994850      , -0.43323577496980942     
 -0.69715191810508481      , -0.62502327145361625      , -0.45895586375767139     
 -0.71910236162964247      , -0.64673482781757508      , -0.48444152011735980     
 -0.74288163929900897      , -0.67124588940194041      , -0.51001833407320762     
 -0.76921976007152171      , -0.69857801281065290      , -0.53598338297267722     
 -0.79844774002267549      , -0.72874957445346822      , -0.56260765637729260     
 -0.83038605004005905      , -0.76177360083665890      , -0.59013808461061679     
 -0.86455017401294565      , -0.79765428065106081      , -0.61879906548882424     
 -0.90059769557296609      , -0.83638212735544426      , -0.64879339212775489     
 -0.93861893336825253      , -0.87792773658273071      , -0.68030248910997815     
 -0.97904044920233457      , -0.92223407105529098      , -0.71348586628439714     
  -1.0223877785094058      , -0.96920721151846778      , -0.74847970091958682     
  -1.0690622320627527      ,  -1.0187055419305131      , -0.78539446213172392     
  -1.1190813899773022      ,  -1.0705273990196120      , -0.82431149933192061     
  -1.1720191093023058      ,  -1.1243973202013882      , -0.86527853247538133     
  -1.2272211132270392      ,  -1.1799511806106666      , -0.90830401053099619     
  -1.2839544461252768      ,  -1.2367207301277516      , -0.95335035097060483     
  -1.3414064700496156      ,  -1.2941183324021865      ,  -1.0003261428697443     
  -1.3986691809897649      ,  -1.3514230708375985      ,  -1.0490774950421622     
  -1.4546868024406370      ,  -1.4077698097463391      ,  -1.0993788430539364     
  -1.5082151591775093      ,  -1.4621432513207209      ,  -1.1509236968342043     
  -1.5579169071474519      ,  -1.5133794522476787      ,  -1.2033160107705185     
  -1.6024989290119400      ,  -1.5601775654106953      ,  -1.2560630796131806     
  -1.6407413242105438      ,  -1.6011246243680743      ,  -1.3085710842048905     
  -1.6714138904748965      ,  -1.6347358360637099      ,  -1.3601445955361895     
  -1.6931658042993400      ,  -1.6595119318158782      ,  -1.4099914444430315     
  -1.7044859991485433      ,  -1.6740135290221811      ,  -1.4572343171030444     
  -1.7038184902676758      ,  -1.6769501584963395      ,  -1.5009301808173732     
  -1.6897976775660468      ,  -1.6672787674971616      ,  -1.5400981306903612     
  -1.6615047422599833      ,  -1.6443034919369328      ,  -1.5737554593945751     
  -1.6186561073124570      ,  -1.6077659040101648      ,  -1.6009607280829263     
  -1.5616622253516756      ,  -1.5579135285661139      ,  -1.6208614663653091     
  -1.4915826392629807      ,  -1.4955348932514001      ,  -1.6327430334951276     
  -1.4100657827903695      ,  -1.4219521617279289      ,  -1.6360743587605571     
  -1.3192954023465222      ,  -1.3389674036710908      ,  -1.6305459717501778     
  -1.2219185863791648      ,  -1.2487650483012311      ,  -1.6160960912620492     
  -1.1209339666891245      ,  -1.1537797725597216      ,  -1.5929215969596866     
  -1.0195022825131350      ,  -1.0565444878607058      ,  -1.5614723340519292     
 -0.92066620528492371      , -0.95953593668434656      ,  -1.5224291288345679     
 -0.82704074779083736      , -0.86503506073693992      ,  -1.4766677720079291     
 -0.74056489810754067      , -0.77501596540308193      ,  -1.4252127180413876     
 -0.66238089844666281      , -0.69107193118611820      ,  -1.3691851115140485     
 -0.59287948203273377      , -0.61438085835291323      ,  -1.3097498964083438     
 -0.53188818659918724      , -0.54570708471447615      ,  -1.2480662595137457     
 -0.47891611985224025      , -0.48543260907053182      ,  -1.1852446890097597     
 -0.43336740008036079      , -0.43360875900124374      ,  -1.1223127313895014     
 -0.39467902732223331      , -0.39001913247825576      ,  -1.0601903307828902     
 -0.36237355918164144      , -0.35424575937535829      , -0.99967460534226515     
 -0.33604701908166323      , -0.32573229227028422      , -0.94143315192369736     
 -0.31532468318459284      , -0.30384011645547843      , -0.88600449845689855     
 -0.29981324505842494      , -0.28789518263124692      , -0.83380411625177198     
 -0.28907239364753590      , -0.27722489743748402      , -0.78513440532441636     
 -0.28262066753662463      , -0.27118548665555725      , -0.74019720831002611     
 -0.27997238708436856      , -0.26918090226847574      , -0.69910763092864081     
 -0.28068914350621355      , -0.27067465841662991      , -0.66190819981108051     
 -0.28442292212502213      , -0.27519604925744096      , -0.62858263694646577     
 -0.29092971639756265      , -0.28234211350831079      , -0.59906875283833150     
 -0.30004766947069222      , -0.29177653783712260      , -0.57327014725614533     
 -0.31165445560855037      , -0.30322648557970211      , -0.55106655451075470     
 -0.32562624616902358      , -0.31647813139018632      , -0.53232278152552437     
 -0.34181433951684320      , -0.33137149483996187      , -0.51689626622335638     
 -0.36004418540917377      , -0.34779500501769461      , -0.50464333648177084     
 -0.38012808495646605      , -0.36568009573819377      , -0.49542428169247349     
 -0.40187813084209445      , -0.38499602525408183      , -0.48910736481874190     
 -0.42511381005976445      , -0.40574503181382809      , -0.48557190700941305     
 -0.44966807087649580      , -0.42795787285999853      , -0.48471057270616202     
 -0.47539753145180230      , -0.45168974702394493      , -0.48643097339798735     
 -0.50220034292082250      , -0.47701656066061776      , -0.49065669468592232     
 -0.53003823840563058      , -0.50403147131716031      , -0.49732783551610799     
 -0.55895360769796165      , -0.53284161661660823      , -0.50640113126787600     
 -0.58907327301585111      , -0.56356491644376672      , -0.51784971444532857     
 -0.62059693550511097      , -0.59632681739133375      , -0.53166254835454352     
 -0.65377326821556503      , -0.63125682995497168      , -0.54784355050508726     
 -0.68887046643167149      , -0.66848469021474177      , -0.56641040358499717     
 -0.72614849252154001      , -0.70813595849571220      , -0.58739303269851206     
 -0.76583704675848685      , -0.75032684820996909      , -0.61083170811569854     
 -0.80811964311081175      , -0.79515806005460743      , -0.63677471314776146     
 -0.85312290017254577      , -0.84270738243510879      , -0.66527549721122536     
 -0.90090968607359290      , -0.89302081239096343      , -0.69638921528000819     
 -0.95147528383267677      , -0.94610195840523448      , -0.73016853783086644     
  -1.0047462786011541      ,  -1.0018995157737431      , -0.76665860183091661     
  -1.0605798736244261      ,  -1.0602926681694629      , -0.80589096597885568     
  -1.1187592120778966      ,  -1.1210743804092265      , -0.84787643615008990     
  -1.1789800985774621      ,  -1.1839327250420781      , -0.89259664507869874     
  -1.2408270505901724      ,  -1.2484306490633519      , -0.93999431056875693     
  -1.3037409211510793      ,  -1.3139849560736494      , -0.98996216730446873     
  -1.3669856372793618      ,  -1.3798457674096958      ,  -1.0423306780223585     
  -1.4296233775709870      ,  -1.4450783338110693      ,  -1.0968547897873986     
  -1.4905052576872118      ,  -1.5085497731547308      ,  -1.1532002176860552     
  -1.5482795710256672      ,  -1.5689240468697017      ,  -1.2109300134128256     
  -1.6014150521957811      ,  -1.6246691407812124      ,  -1.2694925020919510     
  -1.6482343937093749      ,  -1.6740808026929315      ,  -1.3282120238056812     
  -1.6869555529501554      ,  -1.7153270618634235      ,  -1.3862842519564700     
  -1.7157430015807464      ,  -1.7465168280709595      ,  -1.4427781088534570     
  -1.7327753537078610      ,  -1.7657938748848623      ,  -1.4966463657802502     
  -1.7363373016441193      ,  -1.7714543110066963      ,  -1.5467467920685003     
  -1.7249408788084450      ,  -1.7620813487078815      ,  -1.5918751048897211     
  -1.6974733755888836      ,  -1.7366862849086970      ,  -1.6308099101921392     
  -1.6533588789360321      ,  -1.6948400507549732      ,  -1.6623683407229719     
  -1.5927107136794600      ,  -1.6367767362150747      ,  -1.6854693344275800     
  -1.5164466738568001      ,  -1.5634504866980163      ,  -1.6991997322826975     
  -1.4263403881002159      ,  -1.4765310201841704      ,  -1.7028769857454698     
  -1.3249888800765204      ,  -1.3783307488594123      ,  -1.6961016460448777     
  -1.2156844948048933      ,  -1.2716669436537500      ,  -1.6787932562460715     
  -1.1021871610878442      ,  -1.1596733249467557      ,  -1.6512048610538417     
 -0.98840509790670383      ,  -1.0455842051320325      ,  -1.6139138845134358     
 -0.87801518290698000      , -0.93251858183882830      ,  -1.5677901395865363     
 -0.77408754297965543      , -0.82329035218042435      ,  -1.5139446234270537     
 -0.67880548366248461      , -0.72026464386512257      ,  -1.4536649478973556     
 -0.59336437158743716      , -0.62527101860698397      ,  -1.3883443792293637     
 -0.51807656240256217      , -0.53957446906770634      ,  -1.3194114175192606     
 -0.45262738570244021      , -0.46389691918436793      ,  -1.2482658107355322     
 -0.39637339338478544      , -0.39847670576091254      ,  -1.1762252245048130     
 -0.34858417127954361      , -0.34315158107041943      ,  -1.1044848893203174     
 -0.30858364438647184      , -0.29745160266351045      ,  -1.0340907775608119     
 -0.27579659555287800      , -0.26069089022894731      , -0.96592546022966486     
 -0.24972587710709243      , -0.23205059843253328      , -0.90070485909712150     
 -0.22988959669766060      , -0.21064875873199193      , -0.83898363355433903     
 -0.21575314479679489      , -0.19559537939723376      , -0.78116684156170324     
 -0.20669302164658360      , -0.18603315816078411      , -0.72752567936784129     
 -0.20201603506734883      , -0.18116536963129981      , -0.67821542530855661     
 -0.20103050280508897      , -0.18027307394903186      , -0.63329409850843954     
 -0.20313821962534762      , -0.18272393010137675      , -0.59274072934587274     
 -0.20790229871199739      , -0.18797475401396574      , -0.55647248585787767     
 -0.21505773637499190      , -0.19556967171577358      , -0.52436018980393284     
 -0.22446351664506028      , -0.20513537557731906      , -0.49624198298935779     
 -0.23602577374086325      , -0.21637465526718860      , -0.47193507244194055     
 -0.24963178963937080      , -0.22905907577723930      , -0.45124560031800964     
 -0.26512139647590544      , -0.24302142513539784      , -0.43397676066707219     
 -0.28229625824156224      , -0.25814835544495218      , -0.41993532984433485     
 -0.30094603283068633      , -0.27437348785925458      , -0.40893679872533489     
 -0.32086791889941702      , -0.29167113772052305      , -0.40080929976955437     
 -0.34187160683457368      , -0.31005073261561378      , -0.39539651574186374     
 -0.36377930275413584      , -0.32955193639568431      , -0.39255974355020584     
 -0.38643563259999791      , -0.35024045017466282      , -0.39217926911047751     
 -0.40973329465290564      , -0.37220443197803904      , -0.39415518944159794     
 -0.43364663717011809      , -0.39555145607950276      , -0.39840779768278439     
 -0.45825751460379044      , -0.42040591799337096      , -0.40487762625429907     
 -0.48376023116779532      , -0.44690677909479126      , -0.41352522341094500     
 -0.51044222917072990      , -0.47520553392195697      , -0.42433071913709575     
 -0.53864804951604350      , -0.50546427174952702      , -0.43729321766365337     
 -0.56873993358831343      , -0.53785369066681721      , -0.45243003565478301     
 -0.60106650186281030      , -0.57255090604011283      , -0.46977578700513067     
 -0.63594370747493645      , -0.60973687501055940      , -0.48938129681772835     
 -0.67364542892321422      , -0.64959323398722135      , -0.51131230806695893     
 -0.71439892292917273      , -0.69229831675282183      , -0.53564792425562802     
 -0.75838283782976945      , -0.73802208723464602      , -0.56247870966875946     
 -0.80572895307616166      , -0.78691968457225403      , -0.59190434535887448     
 -0.85652906518126448      , -0.83912324162272045      , -0.62403071376360286     
 -0.91084449918349986      , -0.89473160635231996      , -0.65896625826376010     
 -0.96871062793945106      , -0.95379757650101715      , -0.69681743709137578     
  -1.0301269990440349      ,  -1.0163122633497086      , -0.73768306581018306     
  -1.0950276881764955      ,  -1.0821862475180342      , -0.78164732251353786     
  -1.1632350723198950      ,  -1.1512273020640964      , -0.82877118020333218     
  -1.2344085261387996      ,  -1.2231146665016239      , -0.87908203927150175     
  -1.3080023327605255      ,  -1.2973701971690170      , -0.93256137033902720     
  -1.3832425803241755      ,  -1.3733272361202213      , -0.98913025796572596     
  -1.4591238429391282      ,  -1.4500987710790152      ,  -1.0486328760822481     
  -1.5344182101531467      ,  -1.5265474263521797      ,  -1.1108181454454200     
  -1.6076859338248894      ,  -1.6012610163540415      ,  -1.1753201399794371     
  -1.6772796606589200      ,  -1.6725387318242921      ,  -1.2416382341557344     
  -1.7413409854995154      ,  -1.7383943355206446      ,  -1.3091185144058646     
  -1.7977960101877375      ,  -1.7965837066088675      ,  -1.3769385845074287     
  -1.8443635033968198      ,  -1.8446642303873391      ,  -1.4440985090625240     
  -1.8785937099449235      ,  -1.8800923057294496      ,  -1.5094211411549825     
  -1.8979563643190340      ,  -1.9003620552261886      ,  -1.5715652975031595     
  -1.8999912430150121      ,  -1.9031827982302114      ,  -1.6290549666315841     
  -1.8825225956404186      ,  -1.8866851170226828      ,  -1.6803267568421569     
  -1.8439213524541047      ,  -1.8496363551116888      ,  -1.7237959816215145     
  -1.7833804984095227      ,  -1.7916380410675179      ,  -1.7579391792960299     
  -1.7011564631639415      ,  -1.7132726957006661      ,  -1.7813877595971110     
  -1.5987299664740033      ,  -1.6161684807156373      ,  -1.7930244250309093     
  -1.4788548133463657      ,  -1.5029588695350191      ,  -1.7920717886868647     
  -1.3454821260326071      ,  -1.3771305048812259      ,  -1.7781619623086107     
  -1.2035532845592705      ,  -1.2427725453127778      ,  -1.7513773102249932     
  -1.0586445182192823      ,  -1.1042599496768615      ,  -1.7122560386931081     
 -0.91644590852460028      , -0.96591582889212391      ,  -1.6617612036872165     
 -0.78210367285726845      , -0.83170052098099057      ,  -1.6012170039848961     
 -0.65955169520321888      , -0.70496700230654741      ,  -1.5322206851177955     
 -0.55105302203817785      , -0.58830656487150945      ,  -1.4565410779602899     
 -0.45716216054751785      , -0.48349030064061937      ,  -1.3760153333794944     
 -0.37713939679599590      , -0.39149578312941646      ,  -1.2924539848468182     
 -0.30960053897508771      , -0.31259772590773183      ,  -1.2075617072594529     
 -0.25308718087688775      , -0.24649732083023929      ,  -1.1228778477963137     
 -0.20637420246864988      , -0.19246644036208602      ,  -1.0397377047734631     
 -0.16853681091335707      , -0.14948788969210711      , -0.95925310181428824     
 -0.13888553666724224      , -0.11637925082458615      , -0.88230924416551371     
 -0.11683581355375396      ,  -9.1893903499562668E-002 , -0.80957411805612767     
 -0.10174602691307218      ,  -7.4797586472046762E-002 , -0.74151662997261869     
  -9.2785063603278428E-002 ,  -6.3922072050415557E-002 , -0.67843005825751912     
  -8.8900155730764652E-002 ,  -5.8199293618304448E-002 , -0.62045799615403852     
  -8.8913904507714803E-002 ,  -5.6679925827361408E-002 , -0.56762064194083117     
  -9.1720484499976662E-002 ,  -5.8540348368154201E-002 , -0.51983993214592517     
  -9.6494178351069743E-002 ,  -6.3081452805168317E-002 , -0.47696256091195804     
 -0.10279932090626497      ,  -6.9722116155089525E-002 , -0.43878036149152644     
 -0.11054252117468992      ,  -7.7989515728857151E-002 , -0.40504784664213661     
 -0.11980458323879618      ,  -8.7507878633341765E-002 , -0.37549692761449566     
 -0.13065038160282524      ,  -9.7986779594274140E-002 , -0.34984897538591037     
 -0.14301037004514519      , -0.10920972673848564      , -0.32782447175601614     
 -0.15667512468106415      , -0.12102349597512529      , -0.30915053859972014     
 -0.17137038842325625      , -0.13332847406205278      , -0.29356664452594172     
 -0.18683309197034251      , -0.14607013108359065      , -0.28082877981958682     
 -0.20283133699301439      , -0.15923164952925400      , -0.27071237047079422     
 -0.21913657626436070      , -0.17282767687931797      , -0.26301417569665608     
 -0.23549871817938070      , -0.18689913183338283      , -0.25755338429269542     
 -0.25166679842180661      , -0.20150897378470639      , -0.25417209580375427     
 -0.26745750423501458      , -0.21673883553326737      , -0.25273534436015060     
 -0.28283605887843105      , -0.23268641671678922      , -0.25313079693558804     
 -0.29796450406167146      , -0.24946353727361886      , -0.25526823416466127     
 -0.31319118592721595      , -0.26719475444867991      , -0.25907890083227025     
 -0.32898609863982531      , -0.28601645195124986      , -0.26451479464037853     
 -0.34585306038779118      , -0.30607631475629160      , -0.27154794566341145     
 -0.36425658864182930      , -0.32753310681370912      , -0.28016972472774587     
 -0.38458484202754584      , -0.35055667081892139      , -0.29039020643681313     
 -0.40714517918074322      , -0.37532806847835753      , -0.30223760130804356     
 -0.43217475725292259      , -0.40203977563750370      , -0.31575776104721937     
 -0.45985143749091278      , -0.43089583842782897      , -0.33101375087482215     
 -0.49030445780201054      , -0.46211188333042980      , -0.34808547250654798     
 -0.52363629690218327      , -0.49591485471487706      , -0.36706931029059908     
 -0.55996371668914002      , -0.53254232681396518      , -0.38807776046718501     
 -0.59946925971680654      , -0.57224120193494643      , -0.41123898881699250     
 -0.64243920326722248      , -0.61526556162170254      , -0.43669624430404413     
 -0.68926201355420980      , -0.66187338119341854      , -0.46460703482419996     
 -0.74037641434435919      , -0.71232174967747208      , -0.49514194493394065     
 -0.79618376136129920      , -0.76686015654029704      , -0.52848294357277537     
 -0.85695870754678938      , -0.82572131529877424      , -0.56482099157809673     
 -0.92279168247917720      , -0.88910889631946843      , -0.60435271386681955     
 -0.99357870578383634      , -0.95718144561732144      , -0.64727584989268017     
  -1.0690514100731379      ,  -1.0300316888973573      , -0.69378314002236041     
  -1.1488252450470242      ,  -1.1076603862467747      , -0.74405424852281254     
  -1.2324422439010847      ,  -1.1899439527310121      , -0.79824527282869806     
  -1.3193926772836915      ,  -1.2765952520927344      , -0.85647535524582685     
  -1.4091081563838581      ,  -1.3671173852263221      , -0.91880991527361622     
  -1.5009216808946442      ,  -1.4607510350535038      , -0.98524008462433921     
  -1.5939908499609756      ,  -1.5564171138177354      ,  -1.0556580887928402     
  -1.6871874107176350      ,  -1.6526582029154728      ,  -1.1298286242713289     
  -1.7789727072844157      ,  -1.7475846497656911      ,  -1.2073567810173433     
  -1.8672946615581043      ,  -1.8388341462472721      ,  -1.2876538045436170     
  -1.9495428553961616      ,  -1.9235568958115867      ,  -1.3699030094540989     
  -2.0225798958035490      ,  -1.9984414754470683      ,  -1.4530294256971485     
  -2.0828410744745010      ,  -2.0597981597360326      ,  -1.5356781714554506     
  -2.1264795850519640      ,  -2.1037152903137084      ,  -1.6162078635177315     
  -2.1495439064177115      ,  -2.1262985059202357      ,  -1.6927062008074754     
  -2.1482019201732880      ,  -2.1239908924464261      ,  -1.7630346532475247     
  -2.1190494728708735      ,  -2.0939542405694795      ,  -1.8249073791125396     
  -2.0595310302568168      ,  -2.0344698460352229      ,  -1.8760056647451384     
  -1.9684429458790229      ,  -1.9452969176045305      ,  -1.9141233645507050     
  -1.8464082607551482      ,  -1.8279153874829066      ,  -1.9373317682185185     
  -1.6961713032089119      ,  -1.6855855241203963      ,  -1.9441455890870691     
  -1.5226197562149453      ,  -1.5231832073349167      ,  -1.9336674312105187     
  -1.3325598155321141      ,  -1.3468136481388202      ,  -1.9056880830014979     
  -1.1343061853322891      ,  -1.1632561703974931      ,  -1.8607252165892612     
 -0.93704968227106822      , -0.97933229922058140      ,  -1.7999928104286804     
 -0.74988109771110079      , -0.80130503042066714      ,  -1.7253055011865772     
 -0.58044421365148047      , -0.63440384938197447      ,  -1.6389329214769353     
 -0.43349817955976239      , -0.48253394132337513      ,  -1.5434260887480573     
 -0.31010049484254110      , -0.34818283590830196      ,  -1.4414396800717835     
 -0.20815009208438365      , -0.23249812814134732      ,  -1.3355709038006018     
 -0.12413597402500823      , -0.13548555971593074      ,  -1.2282293332833776     
  -5.4928277756715216E-002 ,  -5.6269906219155272E-002 ,  -1.1215446562215881     
   1.4335813309007892E-003 ,   6.6318975710786821E-003 ,  -1.0173126590833490     
   4.5980545966354300E-002 ,   5.5061524558877140E-002 , -0.91697499538263172     
   7.9352881434402001E-002 ,   9.1014157251776917E-002 , -0.82162566727776609     
  0.10214249602767209      ,  0.11648438835860699      , -0.73203639435533829     
  0.11515836653933204      ,  0.13336077817771405      , -0.64869359043157415     
  0.11970355049023461      ,  0.14336166147433382      , -0.57184093095123456     
  0.11765938587632860      ,  0.14800295290998974      , -0.50152299788620158     
  0.11131299830484476      ,  0.14858893126008563      , -0.43762692591034791     
  0.10299944931236477      ,  0.14621829166196354      , -0.37992018122204974     
   9.4588366688027531E-002 ,  0.14179943589764171      , -0.32808352909402183     
   8.7035170791132335E-002 ,  0.13607060347492927      , -0.28173890008174274     
   8.0337156596822334E-002 ,  0.12962183015824019      , -0.24047229154001515     
   7.3918351486878503E-002 ,  0.12291679566143585      , -0.20385209363802392     
   6.7163290728145308E-002 ,  0.11631340530896644      , -0.17144335712803233     
   5.9837801669798366E-002 ,  0.11008249150981247      , -0.14281856471464840     
   5.2215648632282091E-002 ,  0.10442437711713656      , -0.11756546009112379     
   4.4856499931273060E-002 ,   9.9483265975480822E-002 ,  -9.5292450698742537E-002
   3.8258546010910506E-002 ,   9.5359557810579046E-002 ,  -7.5632046969053610E-002
   3.2706207229795496E-002 ,   9.2120256097234787E-002 ,  -5.8242741815565935E-002
   2.8374882261794888E-002 ,   8.9807670522331809E-002 ,  -4.2809675278040152E-002
   2.5515577774499552E-002 ,   8.8446624947945987E-002 ,  -2.9044373790967137E-002
   2.4534104185913667E-002 ,   8.8050377067792895E-002 ,  -1.6683803224649796E-002
   2.5887839840717825E-002 ,   8.8625443418063860E-002 ,  -5.4889303017962065E-003
   2.9870415405906851E-002 ,   9.0175506903978228E-002 ,   4.7570517042281801E-003
   3.6434179627478344E-002 ,   9.2704565893845861E-002 ,   1.4250710197358178E-002
   4.5157415898543302E-002 ,   9.6219465629758111E-002 ,   2.3170478593267770E-002
   5.5379579095741857E-002 ,  0.10073193503900983      ,   3.1678808289697137E-002
   6.6438525936607623E-002 ,  0.10626023546901686      ,   3.9924315065625528E-002
   7.7876164342236459E-002 ,  0.11283051264599034      ,   4.8043883403733036E-002
   8.9515455363794738E-002 ,  0.12047792935848968      ,   5.6164704860415256E-002
  0.10141909391846456      ,  0.12924764397219127      ,   6.4406236612651963E-002
  0.11379957701061785      ,  0.13919568879702723      ,   7.2882074089193616E-002
  0.12694601998937668      ,  0.15038979239713457      ,   8.1701737491125151E-002
  0.14120340177060423      ,  0.16291018095003260      ,   9.0972376317400280E-002
  0.15697369863576432      ,  0.17685038546522014      ,  0.10080039897459114     
  0.17466989699958985      ,  0.19231807375030874      ,  0.11129303635303416     
  0.19460906465560970      ,  0.20943591808758993      ,  0.12255984902471209     
  0.21689959273355580      ,  0.22834250119983526      ,  0.13471418753482758     
  0.24139359308457753      ,  0.24919325368583059      ,  0.14787461413054032     
  0.26775539166398876      ,  0.27216140501006614      ,  0.16216629213985403     
  0.29563839624797023      ,  0.29743891648856235      ,  0.17772234594660688     
  0.32488821037045956      ,  0.32523734746483168      ,  0.19468518987864572     
  0.35567412060175052      ,  0.35578858369275485      ,  0.21320781800241143     
  0.38850252868080276      ,  0.38934532818804513      ,  0.23345503833546014     
  0.42412552734991515      ,  0.42618121744158366      ,  0.25560462372991749     
  0.46339265800237767      ,  0.46659037743175252      ,  0.27984833683908750     
  0.50710423443898256      ,  0.51088617139247883      ,  0.30639276713294245     
  0.55590477650619674      ,  0.55939881143258230      ,  0.33545989260639347     
  0.61022374622895026      ,  0.61247140525082377      ,  0.36728724609690205     
  0.67025236125164156      ,  0.67045388387585647      ,  0.40212752422049775     
  0.73594965382217747      ,  0.73369410400377422      ,  0.44024742390437027     
  0.80708931433771669      ,  0.80252523878664739      ,  0.48192542541007199     
  0.88336006179081361      ,  0.87724836805713469      ,  0.52744816004763362     
  0.96450166796745385      ,  0.95810896533412482      ,  0.57710490493869326     
   1.0504291174882441      ,   1.0452657805728223      ,  0.63117963775002872     
   1.1412877019381453      ,   1.1387504820354777      ,  0.68993996663175328     
   1.2373860274464044      ,   1.2384164273482181      ,  0.75362213632406572     
   1.3389864465713051      ,   1.3438752066554114      ,  0.82241122208398265     
   1.4460002462915540      ,   1.4544203201472676      ,  0.89641559472431365     
   1.5576948261463417      ,   1.5689387609178072      ,  0.97563482829485038     
   1.6725240744444387      ,   1.6858136658766292      ,   1.0599205065801458     
   1.7881396120657620      ,   1.8028248692118054      ,   1.1489299706560232     
   1.9015539045689733      ,   1.9170593339240956      ,   1.2420740599845279     
   2.0093524181083224      ,   2.0248499264203508      ,   1.3384614507544750     
   2.1078379737753323      ,   2.1217681005363196      ,   1.4368443490931841     
   2.1930427352816531      ,   2.2027020523138305      ,   1.5355729780716709     
   2.2606270487149436      ,   2.2620538223631388      ,   1.6325691829374855     
   2.3057652749549087      ,   2.2940825631095625      ,   1.7253318865775926     
   2.3231706450796175      ,   2.2934025096515773      ,   1.8109879719485740     
   2.3074135201105168      ,   2.2556108582566328      ,   1.8864000927656583     
   2.2536190399315674      ,   2.1779756365249536      ,   1.9483366994347122     
   2.1584780350724886      ,   2.0600674067786091      ,   1.9936988387326597     
   2.0212959415001417      ,   1.9041894755754216      ,   2.0197843039439829     
   1.8446586814501982      ,   1.7154692943814802      ,   2.0245557812127513     
   1.6344203731091846      ,   1.5015302430138926      ,   2.0068705581414674     
   1.3991567654669637      ,   1.2717598040209583      ,   1.9666297015238157     
   1.1495419473156518      ,   1.0362971825751546      ,   1.9048163682796677     
  0.89782400473113988      ,  0.80493991239132967      ,   1.8234138682300103     
  0.65704003396286459      ,  0.58618396610125834      ,   1.7252181534258575     
  0.43944510032148126      ,  0.38656124625243360      ,   1.6135790714816123     
  0.25385537218724302      ,  0.21034630813473335      ,   1.4921143988777912     
  0.10279763103890881      ,   5.9608695163686748E-002 ,   1.3644388805009304     
  -1.7847832337893374E-002 ,  -6.5479933137011226E-002 ,   1.2339398472094227     
 -0.11542124767466333      , -0.16620055027530495      ,   1.1036162944159156     
 -0.19601472409546397      , -0.24481000764352695      ,  0.97598429919751772     
 -0.26239946990801721      , -0.30410886996064257      ,  0.85304136147876719     
 -0.31501822651407807      , -0.34709476490187574      ,  0.73627664433751827     
 -0.35391746830348708      , -0.37671289195006802      ,  0.62671257737338548     
 -0.37946399174623824      , -0.39569614814294074      ,  0.52496455981118595     
 -0.39252427089159586      , -0.40647782964416257      ,  0.43130818574931273     
 -0.39508066564289263      , -0.41115746707718875      ,  0.34574645755035577     
 -0.39030503336710276      , -0.41150210621487715      ,  0.26807221390270930     
 -0.38191303754198369      , -0.40896890310199524      ,  0.19792318892810590     
 -0.37365595309133987      , -0.40473875859198022      ,  0.13482868670199558     
 -0.36859287982350319      , -0.39975409662649936      ,   7.8247876867343358E-002
 -0.36803687456232348      , -0.39475651542952789      ,   2.7600314319150377E-002
 -0.37136319453921618      , -0.39032191242298492      ,  -1.7710416716385423E-002
 -0.37693394893530230      , -0.38689192741735651      ,  -5.8278932325788971E-002
 -0.38315095983948572      , -0.38480132170628584      ,  -9.4685166360762144E-002
 -0.38921021126244609      , -0.38430135678688487      , -0.12748546907213734     
 -0.39545077665412731      , -0.38557946906189577      , -0.15720688788408219     
 -0.40286469568450206      , -0.38877563790933228      , -0.18434394603443194     
 -0.41211141987437760      , -0.39399586905819672      , -0.20935734501658584     
 -0.42311771136057008      , -0.40132319833040991      , -0.23267411661505247     
 -0.43546108061819866      , -0.41082658358391927      , -0.25468883757681537     
 -0.44893638531066060      , -0.42256800707019559      , -0.27576559431625691     
 -0.46390328898844407      , -0.43660806267782115      , -0.29624044721241904     
 -0.48117665453015240      , -0.45301025559336150      , -0.31642419513785502     
 -0.50155151235849749      , -0.47184419680003337      , -0.33660528206910106     
 -0.52538963095183444      , -0.49318783156868379      , -0.35705272011539529     
 -0.55250054025239848      , -0.51712879917563415      , -0.37801892807114496     
 -0.58232786208309473      , -0.54376497977004823      , -0.39974240249018106     
 -0.61434922806115877      , -0.57320424278403181      , -0.42245014997122587     
 -0.64839303279352212      , -0.60556336871600913      , -0.44635981535506558     
 -0.68466224283534327      , -0.64096607180850518      , -0.47168144125200534     
 -0.72358366701999033      , -0.67954000459510544      , -0.49861879002709569     
 -0.76563595822038188      , -0.72141257642418488      , -0.52737015029433365     
 -0.81118875316081096      , -0.76670536747726248      , -0.55812853633776005     
 -0.86048041392057872      , -0.81552686917319506      , -0.59108117101442681     
 -0.91374541288890332      , -0.86796323453109814      , -0.62640812116689004     
 -0.97124403442340801      , -0.92406668383501045      , -0.66427993038313904     
  -1.0331225257589451      , -0.98384119101453216      , -0.70485406880495360     
  -1.0992487853542210      ,  -1.0472250883707017      , -0.74826999640014280     
  -1.1691078065085536      ,  -1.1140702913966432      , -0.79464261903395428     
  -1.2418280894616758      ,  -1.1841179882630797      , -0.84405391227026083     
  -1.3163912292903659      ,  -1.2569708943107780      , -0.89654250528706636     
  -1.3918882050206185      ,  -1.3320625811600497      , -0.95209106900782137     
  -1.4676285853393458      ,  -1.4086249955284553      ,  -1.0106114543405447     
  -1.5430459869726663      ,  -1.4856561204709910      ,  -1.0719276969676881     
  -1.6174621802811056      ,  -1.5618908147046162      ,  -1.1357572641826892     
  -1.6898153660519553      ,  -1.6357791596741007      ,  -1.2016912837629112     
  -1.7584887016435522      ,  -1.7054780339848252      ,  -1.2691749722667758     
  -1.8213097473887574      ,  -1.7688628873783263      ,  -1.3374900584707226     
  -1.8756953820370765      ,  -1.8235674200729917      ,  -1.4057416326856329     
  -1.9188637672689273      ,  -1.8670585584756816      ,  -1.4728524544807782     
  -1.9480223565860215      ,  -1.8967521385750084      ,  -1.5375681751794532     
  -1.9605017309380004      ,  -1.9101705150628026      ,  -1.5984769812271005     
  -1.9538833905964348      ,  -1.9051366868038477      ,  -1.6540466183546458     
  -1.9261614251579426      ,  -1.8799909029060546      ,  -1.7026804229180070     
  -1.8759519484689315      ,  -1.8338064567641899      ,  -1.7427917898376235     
  -1.8027506239185880      ,  -1.7665738233804884      ,  -1.7728935811366489     
  -1.7071895509857244      ,  -1.6793193399910480      ,  -1.7916957382361516     
  -1.5912203607308673      ,  -1.5741287994909499      ,  -1.7982014834472844     
  -1.4581806802930906      ,  -1.4540585711738296      ,  -1.7917907942460058     
  -1.3127223730659487      ,  -1.3229355864692047      ,  -1.7722800115972297     
  -1.1605652141729528      ,  -1.1850684983651558      ,  -1.7399488134297523     
  -1.0080340372675902      ,  -1.0449098261764556      ,  -1.6955300711564372     
 -0.86136542759375867      , -0.90671780055009554      ,  -1.6401634518064443     
 -0.72585916256302063      , -0.77426443399857336      ,  -1.5753188259838156     
 -0.60509534715601554      , -0.65062418559314306      ,  -1.5026994293425207     
 -0.50054177508740916      , -0.53805960856055846      ,  -1.4241365517228026     
 -0.41177312671710148      , -0.43800192017994610      ,  -1.3414871510683963     
 -0.33719993129122405      , -0.35111004356225739      ,  -1.2565436330226010     
 -0.27491012584544461      , -0.27738372851379317      ,  -1.1709618668190174     
 -0.22323766497447933      , -0.21630490680726164      ,  -1.0862101432000582     
 -0.18095282822926279      , -0.16698485479310698      ,  -1.0035388660824414     
 -0.14721273053747866      , -0.12830075441590932      , -0.92396866930221366     
 -0.12141849501599405      ,  -9.9011800828282467E-002 , -0.84829344980179178     
 -0.10302471922513899      ,  -7.7850703932708876E-002 , -0.77709439787087953     
  -9.1339283482269218E-002 ,  -6.3590613793592488E-002 , -0.71076127246323817     
  -8.5399722877612175E-002 ,  -5.5090083998159803E-002 , -0.64951768650273467     
  -8.3995598139070302E-002 ,  -5.1319928652182122E-002 , -0.59344783846858606     
  -8.5841961120155352E-002 ,  -5.1376111790610725E-002 , -0.54252281249798806     
  -8.9841264658516329E-002 ,  -5.4482506497482014E-002 , -0.49662518528688282     
  -9.5305411425224779E-002 ,  -5.9986771525834218E-002 , -0.45557118450738321     
 -0.10201054158251793      ,  -6.7351918144290771E-002 , -0.41913003141958882     
 -0.11006009543135696      ,  -7.6145498697450006E-002 , -0.38704037906701927     
 -0.11964798083565850      ,  -8.6027798752510112E-002 , -0.35902394463510756     
 -0.13085212774522959      ,  -9.6739974650656230E-002 , -0.33479655016284376     
 -0.14355310146028541      , -0.10809274326090544      , -0.31407684844854894     
 -0.15748948094913065      , -0.11995598579839001      , -0.29659303637498741     
 -0.17237101896659784      , -0.13224945471734162      , -0.28208785835243927     
 -0.18794556867205639      , -0.14493465480064185      , -0.27032218738771446     
 -0.20398284848501327      , -0.15800789211005009      , -0.26107744707156139     
 -0.22022227325692934      , -0.17149443591142843      , -0.25415710912940392     
 -0.23635760004844533      , -0.18544371031143450      , -0.24938747116086327     
 -0.25209332470202933      , -0.19992541770844602      , -0.24661788975310234     
 -0.26724861513109427      , -0.21502649063002746      , -0.24572061646105828     
 -0.28185033082718514      , -0.23084876878264615      , -0.24659035883437774     
 -0.29616515448825909      , -0.24750730180244249      , -0.24914366600070298     
 -0.31065529228663313      , -0.26512918355277493      , -0.25331821830752771     
 -0.32588036825277911      , -0.28385282959556735      , -0.25907208303752821     
 -0.34239213665581963      , -0.30382761469181757      , -0.26638298299531660     
 -0.36066312095789937      , -0.32521379106320952      , -0.27524761149537930     
 -0.38106157455292461      , -0.34818260996592526      , -0.28568101558953890     
 -0.40385774647435857      , -0.37291656820932029      , -0.29771605884614949     
 -0.42923840530817775      , -0.39960969688581727      , -0.31140296518496530     
 -0.45731800476613249      , -0.42846780097640164      , -0.32680893569513642     
 -0.48815520850651845      , -0.45970854475326928      , -0.34401782048743806     
 -0.52179172794744610      , -0.49356125796539929      , -0.36312981686817919     
 -0.55831624502787813      , -0.53026631045188799      , -0.38426115281641809     
 -0.59793200101199684      , -0.57007386672513005      , -0.40754370016543978     
 -0.64099270326788438      , -0.61324178576453203      , -0.43312444421807728     
 -0.68797771631729165      , -0.66003237338925247      , -0.46116471487057925     
 -0.73940493989478528      , -0.71070762410160104      , -0.49183905773979042     
 -0.79571324832477652      , -0.76552250598750449      , -0.52533359135827784     
 -0.85716215304488375      , -0.82471574748206744      , -0.56184365743896569     
 -0.92378447961238397      , -0.88849748268377926      , -0.60157052509409392     
 -0.99539957399949919      , -0.95703301110356997      , -0.64471685702333670     
  -1.0716682645791122      ,  -1.0304218440011301      , -0.69148058764199649     
  -1.1521590531621990      ,  -1.1086711689674305      , -0.74204680358594444     
  -1.2364000003578108      ,  -1.1916629079707703      , -0.79657716295425818     
  -1.3239027207978993      ,  -1.2791137317463777      , -0.85519635278332806     
  -1.4141523748857234      ,  -1.3705278083744008      , -0.91797508300500474     
  -1.5065567251848442      ,  -1.4651428133852800      , -0.98490917658624821     
  -1.6003474934342465      ,  -1.5618709377351614      ,  -1.0558944769156287     
  -1.6944403852666039      ,  -1.6592384213378226      ,  -1.1306976022292721     
  -1.7872856817062648      ,  -1.7553295920387670      ,  -1.2089230872994532     
  -1.8767592820586170      ,  -1.8477444638281029      ,  -1.2899782167765024     
  -1.9601362804471454      ,  -1.9335823784575716      ,  -1.3730379039287575     
  -2.0341565458505344      ,  -2.0094673378281551      ,  -1.4570132840711101     
  -2.0951559733354324      ,  -2.0716324741702135      ,  -1.5405291632885045     
  -2.1392242071924148      ,  -2.1160799622598705      ,  -1.6219168435451898     
  -2.1623715951437390      ,  -2.1388267571723301      ,  -1.6992297223010837     
  -2.1607306575397081      ,  -2.1362343452227091      ,  -1.7702888766971601     
  -2.1308480206035627      ,  -2.1054020599515408      ,  -1.8327639813947796     
  -2.0701090907690074      ,  -2.0445807668991480      ,  -1.8842909353405151     
  -1.9772673940855872      ,  -1.9535423966589387      ,  -1.9226215166584080     
  -1.8529533307245136      ,  -1.8338290488603362      ,  -1.9457930344686416     
  -1.6999897160142801      ,  -1.6888114028237018      ,  -1.9522989358118306     
  -1.5234103446777052      ,  -1.5235141097589926      ,  -1.9412368422279591     
  -1.3302137806950336      ,  -1.3442120210571691      ,  -1.9124105565793181     
  -1.1289281921879371      ,  -1.1578532144471796      ,  -1.8663681352799042     
 -0.92895479069023124      , -0.97140576902449882      ,  -1.8043683566136113     
 -0.73956322049107748      , -0.79124071353522030      ,  -1.7282803210774276     
 -0.56850573507643443      , -0.62264865754680543      ,  -1.6404321365977033     
 -0.42053519641346748      , -0.46954913069346166      ,  -1.5434317569348321     
 -0.29657440122357270      , -0.33440429339267902      ,  -1.4399846537350298     
 -0.19432007912553412      , -0.21830781663064763      ,  -1.3327295467317848     
 -0.11009963146686735      , -0.12119519779513725      ,  -1.2241066936955947     
  -4.0729498681439658E-002 ,  -4.2115597683410992E-002 ,  -1.1162655197519116     
   1.5715274046643711E-002 ,   2.0486709436646308E-002 ,  -1.0110115465697123     
   6.0207880803768293E-002 ,   6.8517777469615099E-002 , -0.90978775496973741     
   9.3355297193009029E-002 ,  0.10402626193743578      , -0.81368293448099915     
  0.11574716999785467      ,  0.12904874663052246      , -0.72345890814728753     
  0.12822184975024747      ,  0.14550507020936551      , -0.63958917068628618     
  0.13214507527099822      ,  0.15513562773870865      , -0.56230283043951657     
  0.12947944741706399      ,  0.15947093878374241      , -0.49162931722975295     
  0.12259210458309741      ,  0.15982416769303215      , -0.42744079806285401     
  0.11388285018912284      ,  0.15729872395344635      , -0.36949047281843572     
  0.10525312453911967      ,  0.15280484568268940      , -0.31744585488358845     
   9.7645768877848635E-002 ,  0.14708076104513482      , -0.27091679461893292     
   9.1014861455956081E-002 ,  0.14071543813105639      , -0.22947842460269577     
   8.4738838223495497E-002 ,  0.13417102251796589      , -0.19268945063371956     
   7.8175889801723505E-002 ,  0.12780384748378712      , -0.16010633292912446     
   7.1094709757450775E-002 ,  0.12188343978152048      , -0.13129393972555115     
   6.3795879173890818E-002 ,  0.11660929459036382      , -0.10583324203678925     
   5.6867955611639043E-002 ,  0.11212541045637760      ,  -8.3326575815892520E-002
   5.0820354281855933E-002 ,  0.10853270131855734      ,  -6.3400941043187109E-002
   4.5931744934693798E-002 ,  0.10589946947631626      ,  -4.5709745725188280E-002
   4.2368347182110223E-002 ,  0.10427015253733518      ,  -2.9933342086985087E-002
   4.0379255336361872E-002 ,  0.10367256371322282      ,  -1.5778645510833335E-002
   4.0376911440395000E-002 ,  0.10412383785823971      ,  -2.9780755577153233E-003
   4.2826142544974556E-002 ,  0.10563528140448651      ,   8.7119867305855848E-003
   4.8019535372130898E-002 ,  0.10821630655474181      ,   1.9513070123515407E-002
   5.5896867327128751E-002 ,  0.11187761099747581      ,   2.9626691293402192E-002
   6.6017185468364756E-002 ,  0.11663374533339807      ,   3.9236545986113792E-002
   7.7704930099102787E-002 ,  0.12250519210664432      ,   4.8510742915426050E-002
   9.0298554665100381E-002 ,  0.12952006322130361      ,   5.7604029240280456E-002
  0.10336001852258689      ,  0.13771550677706540      ,   6.6659972083182917E-002
  0.11674646934251479      ,  0.14713890001021801      ,   7.5813073027227965E-002
  0.13056042251256092      ,  0.15784889200725963      ,   8.5190802334656729E-002
  0.14505299488966120      ,  0.16991634801598865      ,   9.4915547152699190E-002
  0.16054712556426107      ,  0.18342523629126711      ,  0.10510647354626416     
  0.17741741993153828      ,  0.19847348819084690      ,  0.11588130609579436     
  0.19609280832716722      ,  0.21517385232113451      ,  0.12735803123493067     
  0.21700856131090906      ,  0.23365475348327366      ,  0.13965653162546596     
  0.24049577314764695      ,  0.25406115644904970      ,  0.15290015875808619     
  0.26666795327748938      ,  0.27655542254615456      ,  0.16721724963564050     
  0.29537721995478972      ,  0.30131813284431563      ,  0.18274259076972924     
  0.32629052137315312      ,  0.32854883440907107      ,  0.19961882863850883     
  0.35907527247025089      ,  0.35846664439448767      ,  0.21799781994534886     
  0.39360720191521748      ,  0.39131061915952309      ,  0.23804190709181647     
  0.43009983903488203      ,  0.42733976025768178      ,  0.25992509369566286     
  0.46911051809240617      ,  0.46683248383084736      ,  0.28383408103491098     
  0.51143836809237830      ,  0.51008532201043177      ,  0.30996910807541045     
  0.55796419322829305      ,  0.55741055142552731      ,  0.33854451411498021     
  0.60949302722566145      ,  0.60913235169282998      ,  0.36978891269851522     
  0.66664001950656937      ,  0.66558098285394907      ,  0.40394482676344723     
  0.72976838312435288      ,  0.72708433304494668      ,  0.44126758626840140     
  0.79896873591478534      ,  0.79395602623684047      ,  0.48202322918040019     
  0.87407204034830766      ,  0.86647909879151963      ,  0.52648507335109662     
  0.95470532173574107      ,  0.94488406424180749      ,  0.57492854014299799     
   1.0403988998266926      ,   1.0293200115880103      ,  0.62762371220481183     
   1.1307217120566286      ,   1.1198172657769607      ,  0.68482500244872102     
   1.2253922725117252      ,   1.2162401498838087      ,  0.74675720953346603     
   1.3243049510890241      ,   1.3182286351005581      ,  0.81359715612049432     
   1.4274196084588189      ,   1.4251283035935616      ,  0.88545008151459337     
   1.5345053910992712      ,   1.5359092905780751      ,  0.96232003866968674     
   1.6448084025285699      ,   1.6490769691601981      ,   1.0440737963954980     
   1.7567715536138244      ,   1.7625803520093120      ,   1.1303982621456463     
   1.8679206063424472      ,   1.8737286770511576      ,   1.2207523257973252     
   1.9749519938046138      ,   1.9791323337539792      ,   1.3143153831750887     
   2.0739577393251465      ,   2.0746905761774594      ,   1.4099366878493840     
   2.1606614575207104      ,   2.1556539445227054      ,   1.5060920462594489     
   2.2305606918441989      ,   2.2167915023342668      ,   1.6008569537318578     
   2.2789603482119429      ,   2.2526884218042524      ,   1.6919075042317528     
   2.3009843336130524      ,   2.2581843870692953      ,   1.7765613825387028     
   2.2917202328493826      ,   2.2289354566246842      ,   1.8518697931255470     
   2.2466467796863689      ,   2.1620431645734275      ,   1.9147661847452768     
   2.1623903345465476      ,   2.0566529170936714      ,   1.9622686169821451     
   2.0376620058186088      ,   1.9143940614837531      ,   1.9917204286638490     
   1.8740322711012538      ,   1.7395340488428781      ,   2.0010411052933321     
   1.6761981549564735      ,   1.5387608201874197      ,   1.9889499507456627     
   1.4517072817122600      ,   1.3205875736851553      ,   1.9551235362441517     
   1.2104495127080532      ,   1.0944698721640391      ,   1.9002562817400708     
  0.96413504584085108      ,  0.86980197130440695      ,   1.8260108125278076     
  0.72553485364775272      ,  0.65498696600371087      ,   1.7348662255019947     
  0.50703799741395317      ,  0.45674402410833626      ,   1.6298915649064565     
  0.31823618635389489      ,  0.27974115223213653      ,   1.5144830970439576     
  0.16310651265963524      ,  0.12655500924438956      ,   1.3921050714225933     
   3.9009234378369402E-002 ,  -2.1093609545281568E-003 ,   1.2660659784698975     
  -6.0759297559521371E-002 , -0.10703999294361360      ,   1.1393497488246689     
 -0.14265973095739384      , -0.19008160102014149      ,   1.0145082306768012     
 -0.21025824021749828      , -0.25371953242299472      ,  0.89361081724419855     
 -0.26454106945731548      , -0.30073129688479561      ,  0.77824067797363217     
 -0.30568391488455487      , -0.33392454246025399      ,  0.66952453904332021     
 -0.33400759434883925      , -0.35596005720225277      ,  0.56818335328088643     
 -0.35015428378801794      , -0.36924698732802863      ,  0.47459326396003948     
 -0.35562060325398709      , -0.37589322082260024      ,  0.38884895656509771     
 -0.35307490786043222      , -0.37769423707262845      ,  0.31082411065795684     
 -0.34591703153493025      , -0.37614639022080093      ,  0.24022584882287670     
 -0.33777061848449424      , -0.37247398388673925      ,  0.17664171537082027     
 -0.33185230696706403      , -0.36766269850571237      ,  0.11957883348917736     
 -0.32994152549998207      , -0.36249455027626887      ,   6.8495581330194732E-002
 -0.33190548513501755      , -0.35758150586839088      ,   2.2826506073900316E-002
 -0.33635787130080413      , -0.35339622047587044      ,  -1.7998639778078043E-002
 -0.34169172660231717      , -0.35029923678836039      ,  -5.4540824849171811E-002
 -0.34688756918611929      , -0.34856251030891594      ,  -8.7341759806201569E-002
 -0.35197784011086103      , -0.34838942264384626      , -0.11691723052267909     
 -0.35779152532186159      , -0.34993159229674742      , -0.14375306250130479     
 -0.36507150461158716      , -0.35330285041969134      , -0.16830313786135651     
 -0.37391623400251489      , -0.35859075534454887      , -0.19098898192971681     
 -0.38399808736914437      , -0.36586599856871060      , -0.21220052210168877     
 -0.39509606831714922      , -0.37519002047089617      , -0.23229769598738090     
 -0.40748965024154771      , -0.38662111437854607      , -0.25161264904947012     
 -0.42195272550206614      , -0.40021925684407017      , -0.27045231471455861     
 -0.43934125616079578      , -0.41604986199587363      , -0.28910121329269922     
 -0.46014534884792696      , -0.43418661921318441      , -0.30782434099060302     
 -0.48429764876808157      , -0.45471353602796433      , -0.32687004780146445     
 -0.51128401241385002      , -0.47772627159494169      , -0.34647282392138790     
 -0.54049844876306574      , -0.50333280959024207      , -0.36685592925790400     
 -0.57160294532382605      , -0.53165348217388397      , -0.38823381009042951     
 -0.60463938238145665      , -0.56282031778690689      , -0.41081425140154459     
 -0.63992774517443296      , -0.59697564414214421      , -0.43480021307211597     
 -0.67791148738934981      , -0.63426983296738892      , -0.46039129315319621     
 -0.71900706211366461      , -0.67485802422642949      , -0.48778475182937375     
 -0.76355382453807896      , -0.71889561443919947      , -0.51717601545449898     
 -0.81191787099069623      , -0.76653223684161209      , -0.54875856116675947     
 -0.86454557875121651      , -0.81790390218311593      , -0.58272305918769784     
 -0.92183263531012383      , -0.87312291159351063      , -0.61925562236534037     
 -0.98392471267482684      , -0.93226510369459192      , -0.65853498173058778     
  -1.0505695690860477      , -0.99535396770232754      , -0.70072837453749337     
  -1.1211014427588910      ,  -1.0623411591474730      , -0.74598590049483626     
  -1.1946276472452939      ,  -1.1330830190770358      , -0.79443307761640658     
  -1.2703204610610119      ,  -1.2073128544503686      , -0.84616131890993951     
  -1.3476072509043953      ,  -1.2846090303135032      , -0.90121606603373261     
  -1.4261549243589868      ,  -1.3643594057596606      , -0.95958237131782331     
  -1.5056799592524179      ,  -1.4457233725700702      ,  -1.0211678349887090     
  -1.5856684198508173      ,  -1.5275937779192856      ,  -1.0857830039380234     
  -1.6651279330863467      ,  -1.6085623533591964      ,  -1.1531196477268890     
  -1.7424709371177374      ,  -1.6868938939161400      ,  -1.2227277695525685     
  -1.8155458542360230      ,  -1.7605161903145281      ,  -1.2939927958138346     
  -1.8817734810071016      ,  -1.8270343129837907      ,  -1.3661151039794051     
  -1.9383098222019657      ,  -1.8837787772127064      ,  -1.4380948387112886     
  -1.9821780171749961      ,  -1.9278966816365157      ,  -1.5087257139824952     
  -2.0103797093753344      ,  -1.9564922881605553      ,  -1.5766020145148025     
  -2.0200140268350073      ,  -1.9668179842404507      ,  -1.6401430354681412     
  -2.0084243460826485      ,  -1.9565078935156675      ,  -1.6976384459203631     
  -1.9734092117664299      ,  -1.9238352622592316      ,  -1.7473162883833551     
  -1.9135084899658859      ,  -1.8679631247608479      ,  -1.7874324592804500     
  -1.8283257303597440      ,  -1.7891488963989355      ,  -1.8163767754887499     
  -1.7188262617536794      ,  -1.6888613174542515      ,  -1.8327867172578691     
  -1.5875454480465105      ,  -1.5697756537403367      ,  -1.8356565804305158     
  -1.4386429948628376      ,  -1.4356308657342878      ,  -1.8244281277482193     
  -1.2777646577156891      ,  -1.2909575812169940      ,  -1.7990497282333926     
  -1.1116831889238161      ,  -1.1407118013422741      ,  -1.7599946421626305     
 -0.94767716696718274      , -0.98986866166433762      ,  -1.7082349636031091     
 -0.79264047335261900      , -0.84303727905915227      ,  -1.6451744759519611     
 -0.65204892094116218      , -0.70414998917810345      ,  -1.5725497021054149     
