  0.53639166466929833      ,   2.1229450724483714      ,   1.4655193661558268     
   1.5529348718021669      ,   2.1929852415350255      ,   1.5610585270229873     
   2.0935134587389137      ,   2.2400776937172493      ,   1.6539053462152871     
   2.4362033940131504      ,   2.2589017442634218      ,   1.7415228812149708     
   2.4999965346223716      ,   2.2447042742917840      ,   1.8210630112943438     
   2.1879467038448750      ,   2.1939089102960634      ,   1.8894909061409448     
   1.8038569980906205      ,   2.1047402225179983      ,   1.9437656688917380     
   1.6615805168377435      ,   1.9777454803439807      ,   1.9810672081207392     
   1.5328418468609302      ,   1.8160821072783706      ,   1.9990464820024860     
   1.5502662811703902      ,   1.6254624622894605      ,   1.9960649989817625     
   1.4115916998881115      ,   1.4137129629515430      ,   1.9713841858516696     
   1.2965359621546715      ,   1.1899972664110152      ,   1.9252693066812612     
   1.0223439944468611      ,  0.96384218103004549      ,   1.8589865037522069     
  0.71289232288515181      ,  0.74415591195967179      ,   1.7746919444430655     
  0.44606215488734285      ,  0.53842131673974125      ,   1.6752329415465239     
  0.30659760400468916      ,  0.35218728446955988      ,   1.5638959838847664     
  0.14055407043863144      ,  0.18889565376218667      ,   1.4441420266186100     
   9.1441103507430760E-002 ,   5.0001978019320249E-002 ,   1.3193650556489360     
   4.7951855227169153E-002 ,  -6.4700883798565631E-002 ,   1.1926989228874905     
  -1.0518869986400749E-002 , -0.15666063759309845      ,   1.0668841267543117     
  -6.6902489935484449E-002 , -0.22813426990100699      ,  0.94419438639734021     
 -0.14773112054340096      , -0.28180797976757588      ,  0.82641469034470127     
 -0.23323196914110692      , -0.32049834109380249      ,  0.71485843581946695     
 -0.28306367147437145      , -0.34694074961631782      ,  0.61041059040920653     
 -0.28884425154897941      , -0.36365620077566646      ,  0.51358530372947420     
 -0.30751290915621959      , -0.37288048745330526      ,  0.42458891988492709     
 -0.31224686026456983      , -0.37653861886822665      ,  0.34338204425120999     
 -0.31900141788561515      , -0.37624917459232166      ,  0.26973670639260389     
 -0.31553375904139941      , -0.37334652660465156      ,  0.20328652779630416     
 -0.33038703847673945      , -0.36891220776140959      ,  0.14356912745924336     
 -0.31482402898878908      , -0.36380958762195265      ,   9.0060855130340983E-002
 -0.32730933988474925      , -0.35871823902491112      ,   4.2204439621893741E-002
 -0.33076208324987971      , -0.35416596004674755      ,  -5.6961569239652996E-004
 -0.34507164978491361      , -0.35055746826940914      ,  -3.8826978221081797E-002
 -0.34732436083636714      , -0.34819944144875398      ,  -7.3117879548269940E-002
 -0.36703613723866180      , -0.34732196114584557      , -0.10396913675487859     
 -0.36482043936960012      , -0.34809661831423416      , -0.13187907821838246     
 -0.37138619731737155      , -0.35065163044657438      , -0.15731475324318300     
 -0.37479470883127752      , -0.35508434474769440      , -0.18071090378070817     
 -0.38696158401656067      , -0.36147149037983400      , -0.20247026648446861     
 -0.39916693655019314      , -0.36987751301508459      , -0.22296485238673353     
 -0.41744933573690729      , -0.38036128702789984      , -0.24253791924495635     
 -0.43844310085670940      , -0.39298146021187508      , -0.26150640862046931     
 -0.45379579236536238      , -0.40780064560972051      , -0.28016366693359418     
 -0.48011421747097049      , -0.42488863596647064      , -0.29878230811027573     
 -0.50006004113250613      , -0.44432477860534586      , -0.31761710598075332     
 -0.53066001288066889      , -0.46619961183729980      , -0.33690782818834025     
 -0.55787716934000131      , -0.49061582772856122      , -0.35688194075595159     
 -0.59985016176340988      , -0.51768858938690709      , -0.37775712423213165     
 -0.62797390295513855      , -0.54754519301577265      , -0.39974354894277481     
 -0.67059436264016326      , -0.58032402491292434      , -0.42304585861538374     
 -0.70016322387118379      , -0.61617272046811900      , -0.44786480869756806     
 -0.74167735868225049      , -0.65524538527947807      , -0.47439849813077212     
 -0.77703598427406739      , -0.69769868729453444      , -0.50284312115890861     
 -0.82971107596375859      , -0.74368657348523226      , -0.53339314892254241     
 -0.88000069220383448      , -0.79335330605295495      , -0.56624082914757556     
 -0.94188528417678374      , -0.84682445416439756      , -0.60157486641105617     
  -1.0053058968197981      , -0.90419542278911047      , -0.63957811587315860     
  -1.0728354763874877      , -0.96551705894731876      , -0.68042409129601356     
  -1.1425041665224329      ,  -1.0307778612015503      , -0.72427205599499500     
  -1.2140346538959244      ,  -1.0998823509037625      , -0.77126043706710912     
  -1.2908184856028331      ,  -1.1726252724491224      , -0.82149828508863920     
  -1.3642998985508610      ,  -1.2486615134322572      , -0.87505450283288311     
  -1.4460094354012021      ,  -1.3274720230237296      , -0.93194460068929952     
  -1.5209206631777952      ,  -1.4083266142620134      , -0.99211482113025040     
  -1.6036043830459210      ,  -1.4902454189606513      ,  -1.0554236320282695     
  -1.6785421210512490      ,  -1.5719619618454443      ,  -1.1216208443547895     
  -1.7599269526857293      ,  -1.6518923291820697      ,  -1.1903249890188543     
  -1.8309583784333741      ,  -1.7281166388091584      ,  -1.2610001085055818     
  -1.9038450176153865      ,  -1.7983807511966154      ,  -1.3329337815139992     
  -1.9619719808170981      ,  -1.8601274883067285      ,  -1.4052189689836077     
  -2.0133561132267652      ,  -1.9105669316404634      ,  -1.4767430611370855     
  -2.0458258034491701      ,  -1.9467938643396794      ,  -1.5461881616983577     
  -2.0646067840984967      ,  -1.9659562972366709      ,  -1.6120469374818855     
  -2.0606126670802811      ,  -1.9654717519920386      ,  -1.6726580056065574     
  -2.0367880914930443      ,  -1.9432777608327523      ,  -1.7262635486630262     
  -1.9874101868598466      ,  -1.8980912374186156      ,  -1.7710894706649931     
  -1.9129547652927459      ,  -1.8296406962393050      ,  -1.8054450031124267     
  -1.8119990334080411      ,  -1.7388294866500131      ,  -1.8278346624583925     
  -1.6862086552912174      ,  -1.6277909378168240      ,  -1.8370716452890137     
  -1.5390710106991636      ,  -1.4998095542228083      ,  -1.8323791687938058     
  -1.3750310337095866      ,  -1.3591048903602743      ,  -1.8134659116009328     
  -1.2025454603597518      ,  -1.2105014823689850      ,  -1.7805641330966038     
  -1.0276830527943981      ,  -1.0590317642324893      ,  -1.7344240464755345     
 -0.86093184192296790      , -0.90953204853726333      ,  -1.6762645840380972     
 -0.70717323410435295      , -0.76629045839720311      ,  -1.6076872838821734     
 -0.57378259044378066      , -0.63279111119684861      ,  -1.5305650890616394     
 -0.46023641495672751      , -0.51157614327258938      ,  -1.4469203331926654     
 -0.36773411928193256      , -0.40422348056081997      ,  -1.3588058440310067     
 -0.29128054423518429      , -0.31141976406450217      ,  -1.2682004526181798     
 -0.22919472387882370      , -0.23309778801163680      ,  -1.1769262441082506     
 -0.17719914926366245      , -0.16860623877588951      ,  -1.0865906987991416     
 -0.13446144346766398      , -0.11688420726929609      , -0.99855328422125944     
  -9.8988072117870030E-002 ,  -7.6620826960369842E-002 , -0.91391352682143312     
  -7.1174432729311413E-002 ,  -4.6388750188870759E-002 , -0.83351620498294843     
  -5.0377168911176620E-002 ,  -2.4747247274474339E-002 , -0.75796889974055193     
  -3.6945088281609972E-002 ,  -1.0315729998428632E-002 , -0.68766743138630215     
  -3.0162979269342954E-002 ,  -1.8214478280048640E-003 , -0.62282540323619306     
  -2.9199842988584513E-002 ,   1.8736213420180853E-003 , -0.56350492439458066     
  -3.2640729655925738E-002 ,   1.7615356216361129E-003 , -0.50964642339749555     
  -3.8945426076738052E-002 ,  -1.3118115952818158E-003 , -0.46109619835676158     
  -4.7187136216690614E-002 ,  -6.6396574477651698E-003 , -0.41763093670120399     
  -5.6502319448956527E-002 ,  -1.3643028666461270E-002 , -0.37897887546563841     
  -6.7221340976903507E-002 ,  -2.1857230537399887E-002 , -0.34483757807297111     
  -7.9004508870851364E-002 ,  -3.0917647516997382E-002 , -0.31488850072089442     
  -9.2267569657217524E-002 ,  -4.0545828998756465E-002 , -0.28880863680281205     
 -0.10601745000255881      ,  -5.0536458215814865E-002 , -0.26627958437632082     
 -0.12015566434658767      ,  -6.0745535952676205E-002 , -0.24699439830948178     
 -0.13340865241747046      ,  -7.1079928829461902E-002 , -0.23066257968419340     
 -0.14604197920285422      ,  -8.1488312368645233E-002 , -0.21701353068754367     
 -0.15750690463089256      ,  -9.1953464011745173E-002 , -0.20579877078846398     
 -0.16859725741898532      , -0.10248581711414667      , -0.19679317430099824     
 -0.17906919630619636      , -0.11311816375377477      , -0.18979545356896593     
 -0.18945266840908390      , -0.12390138486828309      , -0.18462807785078555     
 -0.19928725167370434      , -0.13490108585741281      , -0.18113678659492613     
 -0.20871408689845614      , -0.14619502096295234      , -0.17918982768631697     
 -0.21747193332625320      , -0.15787119815256992      , -0.17867702656820605     
 -0.22585431830202776      , -0.17002656630521587      , -0.17950877083502106     
 -0.23421146656558589      , -0.18276619714175962      , -0.18161497674609636     
 -0.24305115546901071      , -0.19620288481528092      , -0.18494408884528565     
 -0.25308805667808831      , -0.21045709584136973      , -0.18946215116338330     
 -0.26462250247118368      , -0.22565721072115474      , -0.19515197798646983     
 -0.27836745632209725      , -0.24194000588268194      , -0.20201244354666020     
 -0.29427678545269692      , -0.25945133017162558      , -0.21005790288735099     
 -0.31296630206731579      , -0.27834693379168085      , -0.21931775023200070     
 -0.33408993579160517      , -0.29879340902458551      , -0.22983611610438576     
 -0.35809137968557847      , -0.32096920087564484      , -0.24167169986552495     
 -0.38436433072604181      , -0.34506564151254326      , -0.25489772989084503     
 -0.41323042917213493      , -0.37128795436713680      , -0.26960203892761031     
 -0.44417957480834941      , -0.39985616123761175      , -0.28588723682235340     
 -0.47774800692041586      , -0.43100580761439661      , -0.30387095630563832     
 -0.51391510641832794      , -0.46498839643186035      , -0.32368613929883611     
 -0.55350666271961446      , -0.50207138687697239      , -0.34548132058916198     
 -0.59684419863288540      , -0.54253757078717313      , -0.36942085189663620     
 -0.64458291995108419      , -0.58668358224765382      , -0.39568499136519159     
 -0.69695091374990925      , -0.63481722373640304      , -0.42446976021377292     
 -0.75408903102393476      , -0.68725320205339335      , -0.45598643837758396     
 -0.81603286071161307      , -0.74430675725310036      , -0.49046053302116105     
 -0.88253016244430182      , -0.80628453708180048      , -0.52813000635325302     
 -0.95363630433732915      , -0.87347191981658512      , -0.56924249093951840     
  -1.0289596198153379      , -0.94611582648685610      , -0.61405115097201413     
  -1.1087185619062050      ,  -1.0244019038421510      , -0.66280876718600912     
  -1.1925223593788929      ,  -1.1084248294944457      , -0.71575953398672687     
  -1.2806973940065733      ,  -1.1981504370039850      , -0.77312796625371349     
  -1.3727678976189013      ,  -1.2933684551491871      , -0.83510423251032928     
  -1.4688032081562246      ,  -1.3936350120537007      , -0.90182518174023896     
  -1.5678331380056247      ,  -1.4982048238685792      , -0.97335034643113805     
  -1.6691017381736974      ,  -1.6059543643073384      ,  -1.0496323335922244     
  -1.7707635215049904      ,  -1.7152995155211928      ,  -1.1304813258783022     
  -1.8709936522028310      ,  -1.8241144286973070      ,  -1.2155239907546520     
  -1.9671374660932137      ,  -1.9296626473165661      ,  -1.3041580287422825     
  -2.0564904754794435      ,  -2.0285567510694142      ,  -1.3955049591156097     
  -2.1357773161901963      ,  -2.1167681279727408      ,  -1.4883655626288721     
  -2.2014642549367958      ,  -2.1897124730225968      ,  -1.5811845732323351     
  -2.2495199603899643      ,  -2.2424368401855683      ,  -1.6720334281675850     
  -2.2754902924924236      ,  -2.2699274515027903      ,  -1.7586215675428791     
  -2.2747357444590390      ,  -2.2675410704442771      ,  -1.8383470568267553     
  -2.2427027548461869      ,  -2.2315354793862863      ,  -1.9083951718011813     
  -2.1757526754269247      ,  -2.1596393728573404      ,  -1.9658881976733313     
  -2.0717190311037719      ,  -2.0515673608482117      ,  -2.0080809159886481     
  -1.9308840096083979      ,  -1.9093654042820782      ,  -2.0325851947350984     
  -1.7561625361889157      ,  -1.7374802521795818      ,  -2.0375963442642169     
  -1.5533832318528873      ,  -1.5424908645419049      ,  -2.0220870557072868     
  -1.3307910537799332      ,  -1.3325138890316865      ,  -1.9859351503616736     
  -1.0988921991241503      ,  -1.1163770895205816      ,  -1.9299604824015189     
 -0.86957545611047760      , -0.90271463970216792      ,  -1.8558625427495614     
 -0.65495699016339026      , -0.69915333805288005      ,  -1.7660691607004873     
 -0.46507094495064644      , -0.51172455627362157      ,  -1.6635226118661581     
 -0.30560337061289466      , -0.34456902251457822      ,  -1.5514380456062040     
 -0.17646323800118882      , -0.19992742058226354      ,  -1.4330689555593126     
  -7.2928295153819669E-002 ,  -7.8353635495356427E-002 ,  -1.3115070018535810     
   1.1348053011702205E-002 ,   2.0938678205007655E-002 ,  -1.1895322925370455     
   8.1383173648375370E-002 ,   9.9683331970804839E-002 ,  -1.0695188846258392     
  0.13972018848705564      ,  0.16018938887226788      , -0.95339135265482711     
  0.18703688661920306      ,  0.20502955102225520      , -0.84262287340932207     
  0.22317287372307204      ,  0.23680505324691808      , -0.73826321303702513     
  0.24788184688667955      ,  0.25798571518553559      , -0.64098540203572851     
  0.26140367489800642      ,  0.27081406721431378      , -0.55114169936627055     
  0.26498138856043302      ,  0.27725876812910116      , -0.46882179683512121     
  0.26077797771751732      ,  0.27900274777112255      , -0.39390850780487019     
  0.25159306493225386      ,  0.27745373025931797      , -0.32612810965688144     
  0.24036972396889769      ,  0.27376767687771925      , -0.26509396378805872     
  0.22953574621404324      ,  0.26887844999022875      , -0.21034304104239709     
  0.22022216798795183      ,  0.26352928555378896      , -0.16136561312245876     
  0.21225991667525390      ,  0.25830338361003830      , -0.11762872548202521     
  0.20474275580342804      ,  0.25365213339961845      ,  -7.8594230329419618E-002
  0.19692396421681718      ,  0.24992028571985089      ,  -4.3732198406493103E-002
  0.18883017877005720      ,  0.24736787928073103      ,  -1.2530495478973122E-002
  0.18146872869544048      ,  0.24618901419420672      ,   1.5498761649762946E-002
  0.17625461107125140      ,  0.24652771658972086      ,   4.0815242249198726E-002
  0.17426299890765279      ,  0.24849120507191619      ,   6.3848395057936713E-002
  0.17579299264745890      ,  0.25216088680275600      ,   8.4996947291091016E-002
  0.18052884834211810      ,  0.25760140041147883      ,  0.10462953672164868     
  0.18796438389861564      ,  0.26486799812752337      ,  0.12308617297080882     
  0.19784460074538618      ,  0.27401252828755540      ,  0.14068028317307485     
  0.21032870844796420      ,  0.28508824596383264      ,  0.15770114704959190     
  0.22582431138632114      ,  0.29815364605313538      ,  0.17441656789863064     
  0.24468462879824202      ,  0.31327548066923111      ,  0.19107565995241765     
  0.26691005166360110      ,  0.33053109129916319      ,  0.20791165978693618     
  0.29212041572661240      ,  0.35001015569947541      ,  0.22514469075587282     
  0.31972867554683843      ,  0.37181591944846470      ,  0.24298442539145085     
  0.34928388132441479      ,  0.39606595177792658      ,  0.26163260189036275     
  0.38064816602254165      ,  0.42289243397840254      ,  0.28128535757025835     
  0.41408448804942194      ,  0.45244195537173576      ,  0.30213534479742682     
  0.45008529192559971      ,  0.48487475552864823      ,  0.32437359347328226     
  0.48919541424436025      ,  0.52036331095555033      ,  0.34819107871969512     
  0.53183778371781742      ,  0.55909011875466963      ,  0.37377994279216353     
  0.57835084838798323      ,  0.60124447776365575      ,  0.40133430624077332     
  0.62900595592223751      ,  0.64701800872700355      ,  0.43105058462564538     
  0.68405222724279813      ,  0.69659858914627970      ,  0.46312720335904639     
  0.74366718071007709      ,  0.75016230682968776      ,  0.49776357426593426     
  0.80788158651481679      ,  0.80786296208517894      ,  0.53515816326300703     
  0.87650270308174205      ,  0.86981857845954313      ,  0.57550543970562862     
  0.94914809368093800      ,  0.93609432723212493      ,  0.61899145589766924     
   1.0253882733674797      ,   1.0066812497723858      ,  0.66578776291098896     
   1.1048757649360630      ,   1.0814702020791576      ,  0.71604333133576936     
   1.1874230298495971      ,   1.1602205871984252      ,  0.76987412117325282     
   1.2729044151236386      ,   1.2425237379106899      ,  0.82734994640491488     
   1.3610974429988789      ,   1.3277613327337383      ,  0.88847832494687062     
   1.4514481132114547      ,   1.4150600519922343      ,  0.95318511823163443     
   1.5429721959777420      ,   1.5032448850857092      ,   1.0212919774044968     
   1.6342152127290699      ,   1.5907951368249806      ,   1.0924909602993793     
   1.7233604398848628      ,   1.6758092336481305      ,   1.1663171991790231     
   1.8082952249743802      ,   1.7559867539213359      ,   1.2421212063624751     
   1.8866908306211696      ,   1.8286383484215454      ,   1.3190432973004009     
   1.9559904567329789      ,   1.8907357477549998      ,   1.3959936298273332     
   2.0134061839058877      ,   1.9390139414672936      ,   1.4716423658616045     
   2.0558948154819796      ,   1.9701347168167749      ,   1.5444252179966029     
   2.0802187527463447      ,   1.9809139931688384      ,   1.6125698074137198     
   2.0830780120499179      ,   1.9686042965658759      ,   1.6741474332865141     
   2.0613514786603724      ,   1.9312090665239734      ,   1.7271526879999526     
   2.0124323724773796      ,   1.8677898948641325      ,   1.7696097139064220     
   1.9346442887225461      ,   1.7787157727778797      ,   1.7996990584772179     
   1.8276776769764858      ,   1.6658004180897077      ,   1.8158938485468463     
   1.6929614776890447      ,   1.5322841264031259      ,   1.8170896522382194     
   1.5339150933746184      ,   1.3826410816817760      ,   1.8027103842661085     
   1.3560396660945495      ,   1.2222271300857113      ,   1.7727740487535097     
   1.1668376514991472      ,   1.0568173954948450      ,   1.7279072363722550     
  0.97542112905787659      ,  0.89210699497372936      ,   1.6693051785598141     
  0.79161181118353197      ,  0.73325371885859658      ,   1.5986429288824242     
  0.62440761812055334      ,  0.58452759738698601      ,   1.5179506812892458     
  0.48014401299088327      ,  0.44910440619877645      ,   1.4294706036630744     
  0.36114248836775509      ,  0.32900804302432490      ,   1.3355131575457599     
  0.26572559399592138      ,  0.22517975761350253      ,   1.2383281301111788     
  0.18967432912809548      ,  0.13763619500143201      ,   1.1400007631493552     
  0.12822936859373871      ,   6.5674125912785541E-002 ,   1.0423779110055031     
   7.7517239396648882E-002 ,   8.0849226673441309E-003 ,  0.94702432864755492     
   3.5016722995916863E-002 ,  -3.6647959318350160E-002 ,  0.85520570116662220     
  -5.6553415865463405E-004 ,  -7.0183985503209742E-002 ,  0.76789306686827385     
  -2.9582278385728130E-002 ,  -9.4198889559875751E-002 ,  0.68578266487044659     
  -5.1872126139908159E-002 , -0.11029539148430681      ,  0.60932557376670549     
  -6.7319366166535763E-002 , -0.11994634888404937      ,  0.53876239312829344     
  -7.6309086549846722E-002 , -0.12446374781749646      ,  0.47415931772987213     
  -7.9914927240447131E-002 , -0.12498684092459350      ,  0.41544303521539272     
  -7.9778257785438733E-002 , -0.12248351306069007      ,  0.36243281295299978     
  -7.7651851768160612E-002 , -0.11776008759970902      ,  0.31486887817539688     
  -7.4797995386344684E-002 , -0.11147595722127562      ,  0.27243673610220331     
  -7.1664599319428396E-002 , -0.10416046098667439      ,  0.23478743889501760     
  -6.8038375782067478E-002 ,  -9.6230268745729916E-002 ,  0.20155404923322520     
  -6.3517216966358814E-002 ,  -8.8006169680094323E-002 ,  0.17236467135236386     
  -5.8000225075614149E-002 ,  -7.9728619465646910E-002 ,  0.14685248014890553     
  -5.1920697989809923E-002 ,  -7.1571715908854167E-002 ,  0.12466318963701144     
  -4.6054696614359202E-002 ,  -6.3655481380319207E-002 ,  0.10546038361411331     
  -4.1056931865568511E-002 ,  -5.6056462123818873E-002 ,   8.8929096525659293E-002
  -3.7092645042431385E-002 ,  -4.8816733180471229E-002 ,   7.4777989758615271E-002
  -3.3819114511235794E-002 ,  -4.1951440676735785E-002 ,   6.2740423449201291E-002
  -3.0673356030551054E-002 ,  -3.5455032936478358E-002 ,   5.2574679744355923E-002
  -2.7252986014667996E-002 ,  -2.9306336777311121E-002 ,   4.4063552248866676E-002
  -2.3548774048322053E-002 ,  -2.3472631137315080E-002 ,   3.7013479116549064E-002
  -1.9919942833894498E-002 ,  -1.7912860613176592E-002 ,   3.1253364298961861E-002
  -1.6872227902351128E-002 ,  -1.2580119031930273E-002 ,   2.6633202873642056E-002
  -1.4784419570573304E-002 ,  -7.4235194168164684E-003 ,   2.3022601941961349E-002
  -1.3723124837448005E-002 ,  -2.3895526643297050E-003 ,   2.0309267999732566E-002
  -1.3417869413020677E-002 ,   2.5769764294678002E-003 ,   1.8397514567913990E-002
  -1.3371843779848744E-002 ,   7.5323600723385788E-003 ,   1.7206829832404586E-002
  -1.3019325387106401E-002 ,   1.2533681512562971E-002 ,   1.6670532691262046E-002
  -1.1854778286444635E-002 ,   1.7638739228033853E-002 ,   1.6734536573687991E-002
  -9.4896244455868282E-003 ,   2.2906157954650883E-002 ,   1.7356233333978746E-002
  -5.6570373863871074E-003 ,   2.8395651775810059E-002 ,   1.8503504123173291E-002
  -2.2290155667236853E-004 ,   3.4168411947193139E-002 ,   2.0153860122593532E-002
   6.7621671098149145E-003 ,   4.0287598573695890E-002 ,   2.2293713141477826E-002
   1.5022121018765312E-002 ,   4.6818920772964574E-002 ,   2.4917774122068557E-002
   2.4085986729675241E-002 ,   5.3831294641373525E-002 ,   2.8028576376258642E-002
   3.3417199929295455E-002 ,   6.1397572269541886E-002 ,   3.1636119741692989E-002
   4.2609506864158590E-002 ,   6.9595338313741359E-002 ,   3.5757631659391192E-002
   5.1569784251140172E-002 ,   7.8507773281989768E-002 ,   4.0417441327286856E-002
   6.0587466170496831E-002 ,   8.8224584786854909E-002 ,   4.5646963479192816E-002
   7.0254418735465785E-002 ,   9.8843009576148722E-002 ,   5.1484788894276025E-002
   8.1279065841391149E-002 ,  0.11046889017470396      ,   5.7976879384914290E-002
   9.4281508806643155E-002 ,  0.12321783041693192      ,   6.5176865672310277E-002
  0.10964885105552412      ,  0.13721643393795990      ,   7.3146447170941875E-002
  0.12748898987902454      ,  0.15260362868110805      ,   8.1955893190802181E-002
  0.14767472059389314      ,  0.16953207845828508      ,   9.1684645344361937E-002
  0.16993454639966063      ,  0.18816967925929715      ,  0.10242202090719046     
  0.19395455384505936      ,  0.20870113291326453      ,  0.11426801639108988     
  0.21947222519972989      ,  0.23132958326445305      ,  0.12733420946757795     
  0.24637086896745850      ,  0.25627828942655712      ,  0.14174475538966241     
  0.27476715424133397      ,  0.28379229583655963      ,  0.15763747088302618     
  0.30506954079973425      ,  0.31414003829503662      ,  0.17516499368889293     
  0.33796904557880109      ,  0.34761479704822135      ,  0.19449599897351566     
  0.37434714301436628      ,  0.38453586975492132      ,  0.21581644392278115     
  0.41510768483459104      ,  0.42524928569696840      ,  0.23933079802753432     
  0.46098722325144753      ,  0.47012781380497676      ,  0.26526319755009375     
  0.51241434906117733      ,  0.51956992601299135      ,  0.29385843679191381     
  0.56947570124977265      ,  0.57399725820589576      ,  0.32538267396696935     
  0.63199664559340818      ,  0.63384995688781476      ,  0.36012368314484444     
  0.69970366261440586      ,  0.69957910375106158      ,  0.39839042277848546     
  0.77240578884343547      ,  0.77163516659707754      ,  0.44051161226904401     
  0.85012957951331813      ,  0.85045113084173762      ,  0.48683290717601213     
  0.93316723592293271      ,  0.93641862573563228      ,  0.53771213779833738     
   1.0220233241867378      ,   1.0298549921469877      ,  0.59351192318830193     
   1.1172694467703330      ,   1.1309588877514196      ,  0.65458879492291688     
   1.2193290283978884      ,   1.2397517747754763      ,  0.72127777049431474     
   1.3282409257222334      ,   1.3560026313389530      ,  0.79387112490455902     
   1.4434574766124959      ,   1.4791337050455708      ,  0.87258995955215146     
   1.5637357686210369      ,   1.6081064368808913      ,  0.95754712642466444     
   1.6871482240053703      ,   1.7412893019177593      ,   1.0487002384026967     
   1.8112011634039398      ,   1.8763138155898438      ,   1.1457940364240928     
   1.9329941508968618      ,   2.0099318942507094      ,   1.2482924930836636     
   2.0493302385145542      ,   2.1378973961878445      ,   1.3553029398616954     
   2.1566993122666318      ,   2.2549064777318151      ,   1.4654974099608737     
   2.2511254531469080      ,   2.3546433513064033      ,   1.5770403371301229     
   2.3279509607352562      ,   2.4299858367995242      ,   1.6875364451886767     
   2.3816982556655186      ,   2.4734218891438644      ,   1.7940172231606923     
   2.4061651393055592      ,   2.4777056673536721      ,   1.8929871604190438     
   2.3948678656028566      ,   2.4367331707699966      ,   1.9805495722426576     
   2.3418665963061378      ,   2.3465443731214122      ,   2.0526239233744605     
   2.2428972244626473      ,   2.2062768910334571      ,   2.1052507294668348     
   2.0965609067339797      ,   2.0188375363135775      ,   2.1349578202379615     
   1.9051258253825898      ,   1.7910618331619277      ,   2.1391383069182974     
   1.6745632110666357      ,   1.5332228917328097      ,   2.1163745456471621     
   1.4139988447921341      ,   1.2579174386146803      ,   2.0666422782241312     
   1.1352399810245870      ,  0.97854134297999718      ,   1.9913488137310020     
  0.85254190719789169      ,  0.70769136313762082      ,   1.8931943560315410     
  0.58183469035669477      ,  0.45583824664640421      ,   1.7758848688803412     
  0.33857138129455011      ,  0.23050927023430751      ,   1.6437546594339536     
  0.13401980520761642      ,   3.6050505143438528E-002 ,   1.5013681551015559     
  -2.8739766266990402E-002 , -0.12611607209068093      ,   1.3531623917873992     
 -0.15555312967680532      , -0.25691646736808738      ,   1.2031709132144586     
 -0.25679807130234050      , -0.35892099368569275      ,   1.0548452921163320     
 -0.34138162158456631      , -0.43566570606659138      ,  0.91096991287466522     
 -0.41351300279868364      , -0.49109073009665027      ,  0.77365276665340721     
 -0.47347693128502599      , -0.52913030916021508      ,  0.64436993400604248     
 -0.52022759342355995      , -0.55344944453988010      ,  0.52404215255857545     
 -0.55285178400485935      , -0.56730092427670731      ,  0.41312580382037600     
 -0.57141983984806466      , -0.57347008422848955      ,  0.31170564749703555     
 -0.57806506085718190      , -0.57427697668179878      ,  0.21958131569322537     
 -0.57671570285403007      , -0.57161183544461391      ,  0.13634331255018414     
 -0.57173754385790099      , -0.56698665329823184      ,   6.1436906494710515E-002
 -0.56726294178043046      , -0.56159171937918373      ,  -5.7860203865394491E-003
 -0.56653249953014984      , -0.55635054902165548      ,  -6.6026161440253139E-002
 -0.57063673664314352      , -0.55196980285759600      , -0.12000557659049557     
 -0.57828948021943816      , -0.54898280315761561      , -0.16844453580434451     
 -0.58712621540584264      , -0.54778643087851842      , -0.21204493240616626     
 -0.59514078066575526      , -0.54867180518917957      , -0.25147893945101157     
 -0.60170001426495123      , -0.55184942003972071      , -0.28738176978518815     
 -0.60801502471609470      , -0.55746948611134617      , -0.32034758760914694     
 -0.61636525495533090      , -0.56563819546380900      , -0.35092779030212551     
 -0.62848402230923983      , -0.57643054706452279      , -0.37963102752785310     
 -0.64467783675448476      , -0.58990027587016369      , -0.40692444907360542     
 -0.66409848990163223      , -0.60608733244994850      , -0.43323577496980942     
 -0.68554143676382984      , -0.62502327145361625      , -0.45895586375767139     
 -0.70830868113956236      , -0.64673482781757508      , -0.48444152011735980     
 -0.73259191823849712      , -0.67124588940194041      , -0.51001833407320762     
 -0.75917855591977768      , -0.69857801281065290      , -0.53598338297267722     
 -0.78887301558683409      , -0.72874957445346822      , -0.56260765637729260     
 -0.82199671970109889      , -0.76177360083665890      , -0.59013808461061679     
 -0.85824113438120453      , -0.79765428065106081      , -0.61879906548882424     
 -0.89701421555387861      , -0.83638212735544426      , -0.64879339212775489     
 -0.93792719043366490      , -0.87792773658273071      , -0.68030248910997815     
 -0.98102409063380758      , -0.92223407105529098      , -0.71348586628439714     
  -1.0267497993011241      , -0.96920721151846778      , -0.74847970091958682     
  -1.0756949378938720      ,  -1.0187055419305131      , -0.78539446213172392     
  -1.1281306473079324      ,  -1.0705273990196120      , -0.82431149933192061     
  -1.1837123906421374      ,  -1.1243973202013882      , -0.86527853247538133     
  -1.2416032001740342      ,  -1.1799511806106666      , -0.90830401053099619     
  -1.3007469720065532      ,  -1.2367207301277516      , -0.95335035097060483     
  -1.3600860412761104      ,  -1.2941183324021865      ,  -1.0003261428697443     
  -1.4186938584291477      ,  -1.3514230708375985      ,  -1.0490774950421622     
  -1.4757162501566372      ,  -1.4077698097463391      ,  -1.0993788430539364     
  -1.5301766950992608      ,  -1.4621432513207209      ,  -1.1509236968342043     
  -1.5808807957659079      ,  -1.5133794522476787      ,  -1.2033160107705185     
  -1.6264729416489783      ,  -1.5601775654106953      ,  -1.2560630796131806     
  -1.6655452961191706      ,  -1.6011246243680743      ,  -1.3085710842048905     
  -1.6967170956965072      ,  -1.6347358360637099      ,  -1.3601445955361895     
  -1.7186478126863796      ,  -1.6595119318158782      ,  -1.4099914444430315     
  -1.7299984099299375      ,  -1.6740135290221811      ,  -1.4572343171030444     
  -1.7294248725433392      ,  -1.6769501584963395      ,  -1.5009301808173732     
  -1.7156559263562041      ,  -1.6672787674971616      ,  -1.5400981306903612     
  -1.6876599929280356      ,  -1.6443034919369328      ,  -1.5737554593945751     
  -1.6448619193998293      ,  -1.6077659040101648      ,  -1.6009607280829263     
  -1.5873220649331667      ,  -1.5579135285661139      ,  -1.6208614663653091     
  -1.5158273279593579      ,  -1.4955348932514001      ,  -1.6327430334951276     
  -1.4319163808878395      ,  -1.4219521617279289      ,  -1.6360743587605571     
  -1.3378446501041406      ,  -1.3389674036710908      ,  -1.6305459717501778     
  -1.2364834443435095      ,  -1.2487650483012311      ,  -1.6160960912620492     
  -1.1311629342145788      ,  -1.1537797725597216      ,  -1.5929215969596866     
  -1.0254400108035608      ,  -1.0565444878607058      ,  -1.5614723340519292     
 -0.92277051194455117      , -0.95953593668434656      ,  -1.5224291288345679     
 -0.82613447865650580      , -0.86503506073693992      ,  -1.4766677720079291     
 -0.73771412853891050      , -0.77501596540308193      ,  -1.4252127180413876     
 -0.65871508658619438      , -0.69107193118611820      ,  -1.3691851115140485     
 -0.58939112955871886      , -0.61438085835291323      ,  -1.3097498964083438     
 -0.52926304536470958      , -0.54570708471447615      ,  -1.2480662595137457     
 -0.47744202097507454      , -0.48543260907053182      ,  -1.1852446890097597     
 -0.43294615231909173      , -0.43360875900124374      ,  -1.1223127313895014     
 -0.39493296674643463      , -0.39001913247825576      ,  -1.0601903307828902     
 -0.36280969239319355      , -0.35424575937535829      , -0.99967460534226515     
 -0.33622580378614297      , -0.32573229227028422      , -0.94143315192369736     
 -0.31498509130567526      , -0.30384011645547843      , -0.88600449845689855     
 -0.29892772934393524      , -0.28789518263124692      , -0.83380411625177198     
 -0.28783166482135641      , -0.27722489743748402      , -0.78513440532441636     
 -0.28136799412559721      , -0.27118548665555725      , -0.74019720831002611     
 -0.27911632062284453      , -0.26918090226847574      , -0.69910763092864081     
 -0.28062092434506858      , -0.27067465841662991      , -0.66190819981108051     
 -0.28545378842054164      , -0.27519604925744096      , -0.62858263694646577     
 -0.29325029218023246      , -0.28234211350831079      , -0.59906875283833150     
 -0.30370307395620205      , -0.29177653783712260      , -0.57327014725614533     
 -0.31652821957598021      , -0.30322648557970211      , -0.55106655451075470     
 -0.33143310155575734      , -0.31647813139018632      , -0.53232278152552437     
 -0.34811026859573602      , -0.33137149483996187      , -0.51689626622335638     
 -0.36626459649097759      , -0.34779500501769461      , -0.50464333648177084     
 -0.38565781413448036      , -0.36568009573819377      , -0.49542428169247349     
 -0.40614275641593928      , -0.38499602525408183      , -0.48910736481874190     
 -0.42766882440178089      , -0.40574503181382809      , -0.48557190700941305     
 -0.45025952428777238      , -0.42795787285999853      , -0.48471057270616202     
 -0.47397682787590534      , -0.45168974702394493      , -0.48643097339798735     
 -0.49889234834055796      , -0.47701656066061776      , -0.49065669468592232     
 -0.52507816999893941      , -0.50403147131716031      , -0.49732783551610799     
 -0.55261695104793196      , -0.53284161661660823      , -0.50640113126787600     
 -0.58162118830330289      , -0.56356491644376672      , -0.51784971444532857     
 -0.61224994645504727      , -0.59632681739133375      , -0.53166254835454352     
 -0.64471418523491275      , -0.63125682995497168      , -0.54784355050508726     
 -0.67926814699107951      , -0.66848469021474177      , -0.56641040358499717     
 -0.71618988258854532      , -0.70813595849571220      , -0.58739303269851206     
 -0.75575553494256920      , -0.75032684820996909      , -0.61083170811569854     
 -0.79821085496024080      , -0.79515806005460743      , -0.63677471314776146     
 -0.84374253828660051      , -0.84270738243510879      , -0.66527549721122536     
 -0.89245154543586169      , -0.89302081239096343      , -0.69638921528000819     
 -0.94433142897138345      , -0.94610195840523448      , -0.73016853783086644     
 -0.99925607451705412      ,  -1.0018995157737431      , -0.76665860183091661     
  -1.0569791557230592      ,  -1.0602926681694629      , -0.80589096597885568     
  -1.1171432519485125      ,  -1.1210743804092265      , -0.84787643615008990     
  -1.1792921134529113      ,  -1.1839327250420781      , -0.89259664507869874     
  -1.2428774519730483      ,  -1.2484306490633519      , -0.93999431056875693     
  -1.3072530250150267      ,  -1.3139849560736494      , -0.98996216730446873     
  -1.3716548767025176      ,  -1.3798457674096958      ,  -1.0423306780223585     
  -1.4351731716585836      ,  -1.4450783338110693      ,  -1.0968547897873986     
  -1.4967253899816779      ,  -1.5085497731547308      ,  -1.1532002176860552     
  -1.5550408587790958      ,  -1.5689240468697017      ,  -1.2109300134128256     
  -1.6086632772434331      ,  -1.6246691407812124      ,  -1.2694925020919510     
  -1.6559725353725336      ,  -1.6740808026929315      ,  -1.3282120238056812     
  -1.6952238055996964      ,  -1.7153270618634235      ,  -1.3862842519564700     
  -1.7246017426979894      ,  -1.7465168280709595      ,  -1.4427781088534570     
  -1.7422900630674873      ,  -1.7657938748848623      ,  -1.4966463657802502     
  -1.7465599183974898      ,  -1.7714543110066963      ,  -1.5467467920685003     
  -1.7358815953196718      ,  -1.7620813487078815      ,  -1.5918751048897211     
  -1.7090610502441839      ,  -1.7366862849086970      ,  -1.6308099101921392     
  -1.6653956845536158      ,  -1.6948400507549732      ,  -1.6623683407229719     
  -1.6048345529943353      ,  -1.6367767362150747      ,  -1.6854693344275800     
  -1.5281197428402726      ,  -1.5634504866980163      ,  -1.6991997322826975     
  -1.4368811110653519      ,  -1.4765310201841704      ,  -1.7028769857454698     
  -1.3336559838682516      ,  -1.3783307488594123      ,  -1.6961016460448777     
  -1.2218070760338027      ,  -1.2716669436537500      ,  -1.6787932562460715     
  -1.1053161604442443      ,  -1.1596733249467557      ,  -1.6512048610538417     
 -0.98844534767926362      ,  -1.0455842051320325      ,  -1.6139138845134358     
 -0.87529165297669476      , -0.93251858183882830      ,  -1.5677901395865363     
 -0.76931213281037292      , -0.82329035218042435      ,  -1.5139446234270537     
 -0.67294124853359816      , -0.72026464386512257      ,  -1.4536649478973556     
 -0.58742083523642663      , -0.62527101860698397      ,  -1.3883443792293637     
 -0.51289582500394060      , -0.53957446906770634      ,  -1.3194114175192606     
 -0.44872380874540285      , -0.46389691918436793      ,  -1.2482658107355322     
 -0.39386896545388950      , -0.39847670576091254      ,  -1.1762252245048130     
 -0.34724799266204087      , -0.34315158107041943      ,  -1.1044848893203174     
 -0.30795281247781203      , -0.29745160266351045      ,  -1.0340907775608119     
 -0.27533779299026268      , -0.26069089022894731      , -0.96592546022966486     
 -0.24899368503964558      , -0.23205059843253328      , -0.90070485909712150     
 -0.22864481599605357      , -0.21064875873199193      , -0.83898363355433903     
 -0.21401779902938511      , -0.19559537939723376      , -0.78116684156170324     
 -0.20473538078277290      , -0.18603315816078411      , -0.72752567936784129     
 -0.20027681501212605      , -0.18116536963129981      , -0.67821542530855661     
 -0.20001685225465515      , -0.18027307394903186      , -0.63329409850843954     
 -0.20331898717577795      , -0.18272393010137675      , -0.59274072934587274     
 -0.20963112528089412      , -0.18797475401396574      , -0.55647248585787767     
 -0.21853240176217031      , -0.19556967171577358      , -0.52436018980393284     
 -0.22971186139112793      , -0.20513537557731906      , -0.49624198298935779     
 -0.24290182225397938      , -0.21637465526718860      , -0.47193507244194055     
 -0.25781353107294391      , -0.22905907577723930      , -0.45124560031800964     
 -0.27411709693184988      , -0.24302142513539784      , -0.43397676066707219     
 -0.29147662723250251      , -0.25814835544495218      , -0.41993532984433485     
 -0.30961510776611179      , -0.27437348785925458      , -0.40893679872533489     
 -0.32836673634398150      , -0.29167113772052305      , -0.40080929976955437     
 -0.34768734124402279      , -0.31005073261561378      , -0.39539651574186374     
 -0.36762309897839868      , -0.32955193639568431      , -0.39255974355020584     
 -0.38826183009188192      , -0.35024045017466282      , -0.39217926911047751     
 -0.40969639266043323      , -0.37220443197803904      , -0.39415518944159794     
 -0.43201736399680368      , -0.39555145607950276      , -0.39840779768278439     
 -0.45533309939687022      , -0.42040591799337096      , -0.40487762625429907     
 -0.47980102290069182      , -0.44690677909479126      , -0.41352522341094500     
 -0.50565078913260497      , -0.47520553392195697      , -0.42433071913709575     
 -0.53318711273456820      , -0.50546427174952702      , -0.43729321766365337     
 -0.56277182925432634      , -0.53785369066681721      , -0.45243003565478301     
 -0.59479371379829127      , -0.57255090604011283      , -0.46977578700513067     
 -0.62963642990626734      , -0.60973687501055940      , -0.48938129681772835     
 -0.66765073801782682      , -0.64959323398722135      , -0.51131230806695893     
 -0.70913156115291898      , -0.69229831675282183      , -0.53564792425562802     
 -0.75429841347703874      , -0.73802208723464602      , -0.56247870966875946     
 -0.80328009390002708      , -0.78691968457225403      , -0.59190434535887448     
 -0.85610781030497440      , -0.83912324162272045      , -0.62403071376360286     
 -0.91272057442162469      , -0.89473160635231996      , -0.65896625826376010     
 -0.97298169687858882      , -0.95379757650101715      , -0.69681743709137578     
  -1.0366983252764914      ,  -1.0163122633497086      , -0.73768306581018306     
  -1.1036317024953382      ,  -1.0821862475180342      , -0.78164732251353786     
  -1.1734877065333538      ,  -1.1512273020640964      , -0.82877118020333218     
  -1.2458851157702646      ,  -1.2231146665016239      , -0.87908203927150175     
  -1.3203087748391873      ,  -1.2973701971690170      , -0.93256137033902720     
  -1.3960611057229824      ,  -1.3733272361202213      , -0.98913025796572596     
  -1.4722251403403845      ,  -1.4500987710790152      ,  -1.0486328760822481     
  -1.5476461477662260      ,  -1.5265474263521797      ,  -1.1108181454454200     
  -1.6209307886543800      ,  -1.6012610163540415      ,  -1.1753201399794371     
  -1.6904571028779483      ,  -1.6725387318242921      ,  -1.2416382341557344     
  -1.7543881549431461      ,  -1.7383943355206446      ,  -1.3091185144058646     
  -1.8106865774358571      ,  -1.7965837066088675      ,  -1.3769385845074287     
  -1.8571342419687675      ,  -1.8446642303873391      ,  -1.4440985090625240     
  -1.8913681069556161      ,  -1.8800923057294496      ,  -1.5094211411549825     
  -1.9109477039151228      ,  -1.9003620552261886      ,  -1.5715652975031595     
  -1.9134700021299915      ,  -1.9031827982302114      ,  -1.6290549666315841     
  -1.8967420608430510      ,  -1.8866851170226828      ,  -1.6803267568421569     
  -1.8590102481478352      ,  -1.8496363551116888      ,  -1.7237959816215145     
  -1.7992280399558165      ,  -1.7916380410675179      ,  -1.7579391792960299     
  -1.7173269911497366      ,  -1.7132726957006661      ,  -1.7813877595971110     
  -1.6144450181409540      ,  -1.6161684807156373      ,  -1.7930244250309093     
  -1.4930682710213405      ,  -1.5029588695350191      ,  -1.7920717886868647     
  -1.3570523497558025      ,  -1.3771305048812259      ,  -1.7781619623086107     
  -1.2114894515167058      ,  -1.2427725453127778      ,  -1.7513773102249932     
  -1.0623748160339432      ,  -1.1042599496768615      ,  -1.7122560386931081     
 -0.91602831552967756      , -0.96591582889212391      ,  -1.6617612036872165     
 -0.77829399077617767      , -0.83170052098099057      ,  -1.6012170039848961     
 -0.65367823482027332      , -0.70496700230654741      ,  -1.5322206851177955     
 -0.54471708658209650      , -0.58830656487150945      ,  -1.4565410779602899     
 -0.45185330875348145      , -0.48349030064061937      ,  -1.3760153333794944     
 -0.37388885551203860      , -0.39149578312941646      ,  -1.2924539848468182     
 -0.30878014606973514      , -0.31259772590773183      ,  -1.2075617072594529     
 -0.25440332033991842      , -0.24649732083023929      ,  -1.1228778477963137     
 -0.20903505860908853      , -0.19246644036208602      ,  -1.0397377047734631     
 -0.17152125853823377      , -0.14948788969210711      , -0.95925310181428824     
 -0.14122938408606506      , -0.11637925082458615      , -0.88230924416551371     
 -0.11786688706954647      ,  -9.1893903499562668E-002 , -0.80957411805612767     
 -0.10122560629889894      ,  -7.4797586472046762E-002 , -0.74151662997261869     
  -9.0937439981468998E-002 ,  -6.3922072050415557E-002 , -0.67843005825751912     
  -8.6332987811875081E-002 ,  -5.8199293618304448E-002 , -0.62045799615403852     
  -8.6455950244658339E-002 ,  -5.6679925827361408E-002 , -0.56762064194083117     
  -9.0229800055463952E-002 ,  -5.8540348368154201E-002 , -0.51983993214592517     
  -9.6700230989216276E-002 ,  -6.3081452805168317E-002 , -0.47696256091195804     
 -0.10521877750117914      ,  -6.9722116155089525E-002 , -0.43878036149152644     
 -0.11546245896834334      ,  -7.7989515728857151E-002 , -0.40504784664213661     
 -0.12729233436939882      ,  -8.7507878633341765E-002 , -0.37549692761449566     
 -0.14054940260429377      ,  -9.7986779594274140E-002 , -0.34984897538591037     
 -0.15491360670399965      , -0.10920972673848564      , -0.32782447175601614     
 -0.16990846761488754      , -0.12102349597512529      , -0.30915053859972014     
 -0.18503784781166857      , -0.13332847406205278      , -0.29356664452594172     
 -0.19995229656738872      , -0.14607013108359065      , -0.28082877981958682     
 -0.21453405246346224      , -0.15923164952925400      , -0.27071237047079422     
 -0.22886113916653772      , -0.17282767687931797      , -0.26301417569665608     
 -0.24309292693998061      , -0.18689913183338283      , -0.25755338429269542     
 -0.25735740386903794      , -0.20150897378470639      , -0.25417209580375427     
 -0.27170398131806422      , -0.21673883553326737      , -0.25273534436015060     
 -0.28613666760596690      , -0.23268641671678922      , -0.25313079693558804     
 -0.30069610472684088      , -0.24946353727361886      , -0.25526823416466127     
 -0.31553856238406314      , -0.26719475444867991      , -0.25907890083227025     
 -0.33096950553527177      , -0.28601645195124986      , -0.26451479464037853     
 -0.34741994083849920      , -0.30607631475629160      , -0.27154794566341145     
 -0.36538540262319752      , -0.32753310681370912      , -0.28016972472774587     
 -0.38536062767430040      , -0.35055667081892139      , -0.29039020643681313     
 -0.40779427345312858      , -0.37532806847835753      , -0.30223760130804356     
 -0.43306786249934653      , -0.40203977563750370      , -0.31575776104721937     
 -0.46148654078465251      , -0.43089583842782897      , -0.33101375087482215     
 -0.49326940355453014      , -0.46211188333042980      , -0.34808547250654798     
 -0.52854223571095482      , -0.49591485471487706      , -0.36706931029059908     
 -0.56734728931465850      , -0.53254232681396518      , -0.38807776046718501     
 -0.60968093444253713      , -0.57224120193494643      , -0.41123898881699250     
 -0.65555438361470253      , -0.61526556162170254      , -0.43669624430404413     
 -0.70505496693913960      , -0.66187338119341854      , -0.46460703482419996     
 -0.75837733617777625      , -0.71232174967747208      , -0.49514194493394065     
 -0.81580432068171327      , -0.76686015654029704      , -0.52848294357277537     
 -0.87764090072597578      , -0.82572131529877424      , -0.56482099157809673     
 -0.94412619757333216      , -0.88910889631946843      , -0.60435271386681955     
  -1.0153556071198504      , -0.95718144561732144      , -0.64727584989268017     
  -1.0912364098704899      ,  -1.0300316888973573      , -0.69378314002236041     
  -1.1714817949025849      ,  -1.1076603862467747      , -0.74405424852281254     
  -1.2556312116629949      ,  -1.1899439527310121      , -0.79824527282869806     
  -1.3430777312245472      ,  -1.2765952520927344      , -0.85647535524582685     
  -1.4330858968184144      ,  -1.3671173852263221      , -0.91880991527361622     
  -1.5247903121719231      ,  -1.4607510350535038      , -0.98524008462433921     
  -1.6171700046325372      ,  -1.5564171138177354      ,  -1.0556580887928402     
  -1.7089964524436121      ,  -1.6526582029154728      ,  -1.1298286242713289     
  -1.7987586677976573      ,  -1.7475846497656911      ,  -1.2073567810173433     
  -1.8845783033582175      ,  -1.8388341462472721      ,  -1.2876538045436170     
  -1.9641370687085717      ,  -1.9235568958115867      ,  -1.3699030094540989     
  -2.0346419718731719      ,  -1.9984414754470683      ,  -1.4530294256971485     
  -2.0928479588122473      ,  -2.0597981597360326      ,  -1.5356781714554506     
  -2.1351458083243542      ,  -2.1037152903137084      ,  -1.6162078635177315     
  -2.1577152914645459      ,  -2.1262985059202357      ,  -1.6927062008074754     
  -2.1567469931555436      ,  -2.1239908924464261      ,  -1.7630346532475247     
  -2.1287463247000713      ,  -2.0939542405694795      ,  -1.8249073791125396     
  -2.0709331362663361      ,  -2.0344698460352229      ,  -1.8760056647451384     
  -1.9817210958026110      ,  -1.9452969176045305      ,  -1.9141233645507050     
  -1.8612039148338990      ,  -1.8279153874829066      ,  -1.9373317682185185     
  -1.7115320490236421      ,  -1.6855855241203963      ,  -1.9441455890870691     
  -1.5370901363006502      ,  -1.5231832073349167      ,  -1.9336674312105187     
  -1.3444654212208846      ,  -1.3468136481388202      ,  -1.9056880830014979     
  -1.1422071106956864      ,  -1.1632561703974931      ,  -1.8607252165892612     
 -0.94025087391116680      , -0.97933229922058140      ,  -1.7999928104286804     
 -0.74879388577303363      , -0.80130503042066714      ,  -1.7253055011865772     
 -0.57659552483459697      , -0.63440384938197447      ,  -1.6389329214769353     
 -0.42914435455767669      , -0.48253394132337513      ,  -1.5434260887480573     
 -0.30758981201663627      , -0.34818283590830196      ,  -1.4414396800717835     
 -0.20924668936195553      , -0.23249812814134732      ,  -1.3355709038006018     
 -0.12951318785616331      , -0.13548555971593074      ,  -1.2282293332833776     
  -6.4007912589877314E-002 ,  -5.6269906219155272E-002 ,  -1.1215446562215881     
  -9.7669476317523291E-003 ,   6.6318975710786821E-003 ,  -1.0173126590833490     
   3.4703837924986998E-002 ,   5.5061524558877140E-002 , -0.91697499538263172     
   6.9916911324168732E-002 ,   9.1014157251776917E-002 , -0.82162566727776609     
   9.5906599819377339E-002 ,  0.11648438835860699      , -0.73203639435533829     
  0.11272334932581857      ,  0.13336077817771405      , -0.64869359043157415     
  0.12089385055882713      ,  0.14336166147433382      , -0.57184093095123456     
  0.12163723215599742      ,  0.14800295290998974      , -0.50152299788620158     
  0.11680217094035844      ,  0.14858893126008563      , -0.43762692591034791     
  0.10857973231286476      ,  0.14621829166196354      , -0.37992018122204974     
   9.8972488989775675E-002 ,  0.14179943589764171      , -0.32808352909402183     
   8.9227236361586443E-002 ,  0.13607060347492927      , -0.28173890008174274     
   7.9640631976962736E-002 ,  0.12962183015824019      , -0.24047229154001515     
   6.9866284851985275E-002 ,  0.12291679566143585      , -0.20385209363802392     
   5.9485735529046291E-002 ,  0.11631340530896644      , -0.17144335712803233     
   4.8527678475035092E-002 ,  0.11008249150981247      , -0.14281856471464840     
   3.7657083329808862E-002 ,  0.10442437711713656      , -0.11756546009112379     
   2.7902809212893377E-002 ,   9.9483265975480822E-002 ,  -9.5292450698742537E-002
   2.0137934007692551E-002 ,   9.5359557810579046E-002 ,  -7.5632046969053610E-002
   1.4721477968720354E-002 ,   9.2120256097234787E-002 ,  -5.8242741815565935E-002
   1.1504888148524857E-002 ,   8.9807670522331809E-002 ,  -4.2809675278040152E-002
   1.0112270489194020E-002 ,   8.8446624947945987E-002 ,  -2.9044373790967137E-002
   1.0274732958024349E-002 ,   8.8050377067792895E-002 ,  -1.6683803224649796E-002
   1.2010011082492150E-002 ,   8.8625443418063860E-002 ,  -5.4889303017962065E-003
   1.5569116982820794E-002 ,   9.0175506903978228E-002 ,   4.7570517042281801E-003
   2.1224811287602941E-002 ,   9.2704565893845861E-002 ,   1.4250710197358178E-002
   2.9044641769323663E-002 ,   9.6219465629758111E-002 ,   2.3170478593267770E-002
   3.8784474709006048E-002 ,  0.10073193503900983      ,   3.1678808289697137E-002
   4.9960821542748876E-002 ,  0.10626023546901686      ,   3.9924315065625528E-002
   6.2039155957071199E-002 ,  0.11283051264599034      ,   4.8043883403733036E-002
   7.4618610436947452E-002 ,  0.12047792935848968      ,   5.6164704860415256E-002
   8.7526876664117348E-002 ,  0.12924764397219127      ,   6.4406236612651963E-002
  0.10080098375684354      ,  0.13919568879702723      ,   7.2882074089193616E-002
  0.11459836740495187      ,  0.15038979239713457      ,   8.1701737491125151E-002
  0.12913011715441650      ,  0.16291018095003260      ,   9.0972376317400280E-002
  0.14466046051256412      ,  0.17685038546522014      ,  0.10080039897459114     
  0.16152990844354773      ,  0.19231807375030874      ,  0.11129303635303416     
  0.18014643405890146      ,  0.20943591808758993      ,  0.12255984902471209     
  0.20092200211536437      ,  0.22834250119983526      ,  0.13471418753482758     
  0.22416692680564995      ,  0.24919325368583059      ,  0.14787461413054032     
  0.25000132175346529      ,  0.27216140501006614      ,  0.16216629213985403     
  0.27835544333430984      ,  0.29743891648856235      ,  0.17772234594660688     
  0.30907302267973719      ,  0.32523734746483168      ,  0.19468518987864572     
  0.34206397183578202      ,  0.35578858369275485      ,  0.21320781800241143     
  0.37743111510228999      ,  0.38934532818804513      ,  0.23345503833546014     
  0.41551565093073184      ,  0.42618121744158366      ,  0.25560462372991749     
  0.45684891563204633      ,  0.46659037743175252      ,  0.27984833683908750     
  0.50204670869597590      ,  0.51088617139247883      ,  0.30639276713294245     
  0.55170299648914101      ,  0.55939881143258230      ,  0.33545989260639347     
  0.60632258423873198      ,  0.61247140525082377      ,  0.36728724609690205     
  0.66629440414124219      ,  0.67045388387585647      ,  0.40212752422049775     
  0.73188101798997562      ,  0.73369410400377422      ,  0.44024742390437027     
  0.80320797103881303      ,  0.80252523878664739      ,  0.48192542541007199     
  0.88025912308549381      ,  0.87724836805713469      ,  0.52744816004763362     
  0.96289018524948877      ,  0.95810896533412482      ,  0.57710490493869326     
   1.0508671040449411      ,   1.0452657805728223      ,  0.63117963775002872     
   1.1439213168528157      ,   1.1387504820354777      ,  0.68993996663175328     
   1.2417866825505854      ,   1.2384164273482181      ,  0.75362213632406572     
   1.3441707306751562      ,   1.3438752066554114      ,  0.82241122208398265     
   1.4506401726443812      ,   1.4544203201472676      ,  0.89641559472431365     
   1.5604465317685743      ,   1.5689387609178072      ,  0.97563482829485038     
   1.6723494711203475      ,   1.6858136658766292      ,   1.0599205065801458     
   1.7845019067845871      ,   1.8028248692118054      ,   1.1489299706560232     
   1.8944328444094138      ,   1.9170593339240956      ,   1.2420740599845279     
   1.9991119675554860      ,   2.0248499264203508      ,   1.3384614507544750     
   2.0950409728720634      ,   2.1217681005363196      ,   1.4368443490931841     
   2.1783169309384935      ,   2.2027020523138305      ,   1.5355729780716709     
   2.2446480451064370      ,   2.2620538223631388      ,   1.6325691829374855     
   2.2893559635143861      ,   2.2940825631095625      ,   1.7253318865775926     
   2.3074474119534263      ,   2.2934025096515773      ,   1.8109879719485740     
   2.2938597922557893      ,   2.2556108582566328      ,   1.8864000927656583     
   2.2439636015802433      ,   2.1779756365249536      ,   1.9483366994347122     
   2.1543239869562969      ,   2.0600674067786091      ,   1.9936988387326597     
   2.0235824583633568      ,   1.9041894755754216      ,   2.0197843039439829     
   1.8531793311346145      ,   1.7154692943814802      ,   2.0245557812127513     
   1.6476589942555513      ,   1.5015302430138926      ,   2.0068705581414674     
   1.4145810291008016      ,   1.2717598040209583      ,   1.9666297015238157     
   1.1643096038867158      ,   1.0362971825751546      ,   1.9048163682796677     
  0.90970657473932892      ,  0.80493991239132967      ,   1.8234138682300103     
  0.66521002734916979      ,  0.58618396610125834      ,   1.7252181534258575     
  0.44471281411595348      ,  0.38656124625243360      ,   1.6135790714816123     
  0.25829328774992516      ,  0.21034630813473335      ,   1.4921143988777912     
  0.10910142571915474      ,   5.9608695163686748E-002 ,   1.3644388805009304     
  -7.1138569250547914E-003 ,  -6.5479933137011226E-002 ,   1.2339398472094227     
  -9.8747614941953776E-002 , -0.16620055027530495      ,   1.1036162944159156     
 -0.17370538357000326      , -0.24481000764352695      ,  0.97598429919751772     
 -0.23662626681744664      , -0.30410886996064257      ,  0.85304136147876719     
 -0.28902613286102591      , -0.34709476490187574      ,  0.73627664433751827     
 -0.33087462745586282      , -0.37671289195006802      ,  0.62671257737338548     
 -0.36168500550157806      , -0.39569614814294074      ,  0.52496455981118595     
 -0.38125217621089086      , -0.40647782964416257      ,  0.43130818574931273     
 -0.39052189202714538      , -0.41115746707718875      ,  0.34574645755035577     
 -0.39176194032642497      , -0.41150210621487715      ,  0.26807221390270930     
 -0.38801284433656524      , -0.40896890310199524      ,  0.19792318892810590     
 -0.38263350080908487      , -0.40473875859198022      ,  0.13482868670199558     
 -0.37862432758707287      , -0.39975409662649936      ,   7.8247876867343358E-002
 -0.37754054524585107      , -0.39475651542952789      ,   2.7600314319150377E-002
 -0.37907623927344136      , -0.39032191242298492      ,  -1.7710416716385423E-002
 -0.38178657903602897      , -0.38689192741735651      ,  -5.8278932325788971E-002
 -0.38419938752595545      , -0.38480132170628584      ,  -9.4685166360762144E-002
 -0.38576808367747784      , -0.38430135678688487      , -0.12748546907213734     
 -0.38734937288095850      , -0.38557946906189577      , -0.15720688788408219     
 -0.39071154920712986      , -0.38877563790933228      , -0.18434394603443194     
 -0.39733906186651402      , -0.39399586905819672      , -0.20935734501658584     
 -0.40762155576633796      , -0.40132319833040991      , -0.23267411661505247     
 -0.42092681722207487      , -0.41082658358391927      , -0.25468883757681537     
 -0.43623228917026335      , -0.42256800707019559      , -0.27576559431625691     
 -0.45287358065513100      , -0.43660806267782115      , -0.29624044721241904     
 -0.47094287982062771      , -0.45301025559336150      , -0.31642419513785502     
 -0.49113465117691801      , -0.47184419680003337      , -0.33660528206910106     
 -0.51428288875132921      , -0.49318783156868379      , -0.35705272011539529     
 -0.54090423907157503      , -0.51712879917563415      , -0.37801892807114496     
 -0.57099074854798149      , -0.54376497977004823      , -0.39974240249018106     
 -0.60417640958032437      , -0.57320424278403181      , -0.42245014997122587     
 -0.64009055285204364      , -0.60556336871600913      , -0.44635981535506558     
 -0.67861831328788969      , -0.64096607180850518      , -0.47168144125200534     
 -0.71997915575848359      , -0.67954000459510544      , -0.49861879002709569     
 -0.76461183768916086      , -0.72141257642418488      , -0.52737015029433365     
 -0.81289582321537568      , -0.76670536747726248      , -0.55812853633776005     
 -0.86495328374312297      , -0.81552686917319506      , -0.59108117101442681     
 -0.92071024490753972      , -0.86796323453109814      , -0.62640812116689004     
 -0.98005987680874074      , -0.92406668383501045      , -0.66427993038313904     
  -1.0429594561697226      , -0.98384119101453216      , -0.70485406880495360     
  -1.1094233766710830      ,  -1.0472250883707017      , -0.74826999640014280     
  -1.1793792486529118      ,  -1.1140702913966432      , -0.79464261903395428     
  -1.2524649869104301      ,  -1.1841179882630797      , -0.84405391227026083     
  -1.3279561651056855      ,  -1.2569708943107780      , -0.89654250528706636     
  -1.4048714349192717      ,  -1.3320625811600497      , -0.95209106900782137     
  -1.4821438056852361      ,  -1.4086249955284553      ,  -1.0106114543405447     
  -1.5587336822348790      ,  -1.4856561204709910      ,  -1.0719276969676881     
  -1.6336144969247941      ,  -1.5618908147046162      ,  -1.1357572641826892     
  -1.7056317333257442      ,  -1.6357791596741007      ,  -1.2016912837629112     
  -1.7733283049519741      ,  -1.7054780339848252      ,  -1.2691749722667758     
  -1.8348419017715374      ,  -1.7688628873783263      ,  -1.3374900584707226     
  -1.8879250032941601      ,  -1.8235674200729917      ,  -1.4057416326856329     
  -1.9300688574594891      ,  -1.8670585584756816      ,  -1.4728524544807782     
  -1.9586565408416239      ,  -1.8967521385750084      ,  -1.5375681751794532     
  -1.9710925282610372      ,  -1.9101705150628026      ,  -1.5984769812271005     
  -1.9649275976795144      ,  -1.9051366868038477      ,  -1.6540466183546458     
  -1.9380148350386475      ,  -1.8799909029060546      ,  -1.7026804229180070     
  -1.8887238928987946      ,  -1.8338064567641899      ,  -1.7427917898376235     
  -1.8162271417241753      ,  -1.7665738233804884      ,  -1.7728935811366489     
  -1.7208140109374823      ,  -1.6793193399910480      ,  -1.7916957382361516     
  -1.6041489724625371      ,  -1.5741287994909499      ,  -1.7982014834472844     
  -1.4694095167632375      ,  -1.4540585711738296      ,  -1.7917907942460058     
  -1.3212702078934737      ,  -1.3229355864692047      ,  -1.7722800115972297     
  -1.1656912139754747      ,  -1.1850684983651558      ,  -1.7399488134297523     
  -1.0094531098161146      ,  -1.0449098261764556      ,  -1.6955300711564372     
 -0.85939786041125077      , -0.90671780055009554      ,  -1.6401634518064443     
 -0.72144256560050535      , -0.77426443399857336      ,  -1.5753188259838156     
 -0.59962063322666126      , -0.65062418559314306      ,  -1.5026994293425207     
 -0.49554021420054928      , -0.53805960856055846      ,  -1.4241365517228026     
 -0.40854288064711158      , -0.43800192017994610      ,  -1.3414871510683963     
 -0.33648893724882806      , -0.35111004356225739      ,  -1.2565436330226010     
 -0.27675677434722490      , -0.27738372851379317      ,  -1.1709618668190174     
 -0.22701455470947818      , -0.21630490680726164      ,  -1.0862101432000582     
 -0.18558565701286092      , -0.16698485479310698      ,  -1.0035388660824414     
 -0.15149299036354424      , -0.12830075441590932      , -0.92396866930221366     
 -0.12431657300161997      ,  -9.9011800828282467E-002 , -0.84829344980179178     
 -0.10393002443322052      ,  -7.7850703932708876E-002 , -0.77709439787087953     
  -9.0183869114915938E-002 ,  -6.3590613793592488E-002 , -0.71076127246323817     
  -8.2648092508455590E-002 ,  -5.5090083998159803E-002 , -0.64951768650273467     
  -8.0509520365887072E-002 ,  -5.1319928652182122E-002 , -0.59344783846858606     
  -8.2663130869793836E-002 ,  -5.1376111790610725E-002 , -0.54252281249798806     
  -8.7965619241003226E-002 ,  -5.4482506497482014E-002 , -0.49662518528688282     
  -9.5522293803924962E-002 ,  -5.9986771525834218E-002 , -0.45557118450738321     
 -0.10483679532712943      ,  -6.7351918144290771E-002 , -0.41913003141958882     
 -0.11574239129337832      ,  -7.6145498697450006E-002 , -0.38704037906701927     
 -0.12817762588979725      ,  -8.6027798752510112E-002 , -0.35902394463510756     
 -0.14195255139045193      ,  -9.6739974650656230E-002 , -0.33479655016284376     
 -0.15664751093015633      , -0.10809274326090544      , -0.31407684844854894     
 -0.17170177968920652      , -0.11995598579839001      , -0.29659303637498741     
 -0.18661951678196045      , -0.13224945471734162      , -0.28208785835243927     
 -0.20114277436819847      , -0.14493465480064185      , -0.27032218738771446     
 -0.21528423044379610      , -0.15800789211005009      , -0.26107744707156139     
 -0.22922256557135487      , -0.17149443591142843      , -0.25415710912940392     
 -0.24314645338252766      , -0.18544371031143450      , -0.24938747116086327     
 -0.25714608082299312      , -0.19992541770844602      , -0.24661788975310234     
 -0.27120472958485303      , -0.21502649063002746      , -0.24572061646105828     
 -0.28527793487083208      , -0.23084876878264615      , -0.24659035883437774     
 -0.29940428282428799      , -0.24750730180244249      , -0.24914366600070298     
 -0.31378502274387465      , -0.26512918355277493      , -0.25331821830752771     
 -0.32879553188891636      , -0.28385282959556735      , -0.25907208303752821     
 -0.34493358928583290      , -0.30382761469181757      , -0.26638298299531660     
 -0.36273974251657365      , -0.32521379106320952      , -0.27524761149537930     
 -0.38272821040513982      , -0.34818260996592526      , -0.28568101558953890     
 -0.40534754947345342      , -0.37291656820932029      , -0.29771605884614949     
 -0.43096482530653629      , -0.39960969688581727      , -0.31140296518496530     
 -0.45985409102023733      , -0.42846780097640164      , -0.32680893569513642     
 -0.49218154618754117      , -0.45970854475326928      , -0.34401782048743806     
 -0.52800098720703703      , -0.49356125796539929      , -0.36312981686817919     
 -0.56727969054179228      , -0.53026631045188799      , -0.38426115281641809     
 -0.60996119942220450      , -0.57007386672513005      , -0.40754370016543978     
 -0.65604858598702875      , -0.61324178576453203      , -0.43312444421807728     
 -0.70567243710476379      , -0.66003237338925247      , -0.46116471487057925     
 -0.75910710809028425      , -0.71070762410160104      , -0.49183905773979042     
 -0.81672158311962417      , -0.76552250598750449      , -0.52533359135827784     
 -0.87888285862336413      , -0.82471574748206744      , -0.56184365743896569     
 -0.94584996547482481      , -0.88849748268377926      , -0.60157052509409392     
  -1.0176962505356091      , -0.95703301110356997      , -0.64471685702333670     
  -1.0942797305546306      ,  -1.0304218440011301      , -0.69148058764199649     
  -1.1752573329202252      ,  -1.1086711689674305      , -0.74204680358594444     
  -1.2601224818680581      ,  -1.1916629079707703      , -0.79657716295425818     
  -1.3482428052460298      ,  -1.2791137317463777      , -0.85519635278332806     
  -1.4388819668929287      ,  -1.3705278083744008      , -0.91797508300500474     
  -1.5311970160286985      ,  -1.4651428133852800      , -0.98490917658624821     
  -1.6242055883329465      ,  -1.5618709377351614      ,  -1.0558944769156287     
  -1.7167198878652501      ,  -1.6592384213378226      ,  -1.1306976022292721     
  -1.8072533408463358      ,  -1.7553295920387670      ,  -1.2089230872994532     
  -1.8939192723008285      ,  -1.8477444638281029      ,  -1.2899782167765024     
  -1.9743514856755982      ,  -1.9335823784575716      ,  -1.3730379039287575     
  -2.0456763591019662      ,  -2.0094673378281551      ,  -1.4570132840711101     
  -2.1045529616539174      ,  -2.0716324741702135      ,  -1.5405291632885045     
  -2.1472798395992170      ,  -2.1160799622598705      ,  -1.6219168435451898     
  -2.1699592893301700      ,  -2.1388267571723301      ,  -1.6992297223010837     
  -2.1687195595311937      ,  -2.1362343452227091      ,  -1.7702888766971601     
  -2.1400136787888715      ,  -2.1054020599515408      ,  -1.8327639813947796     
  -2.0810180321659009      ,  -2.0445807668991480      ,  -1.8842909353405151     
  -1.9901215623050181      ,  -1.9535423966589387      ,  -1.9226215166584080     
  -1.8674299982874469      ,  -1.8338290488603362      ,  -1.9457930344686416     
  -1.7151578327230146      ,  -1.6888114028237018      ,  -1.9522989358118306     
  -1.5378093094094822      ,  -1.5235141097589926      ,  -1.9412368422279591     
  -1.3421401953740011      ,  -1.3442120210571691      ,  -1.9124105565793181     
  -1.1369062515963972      ,  -1.1578532144471796      ,  -1.8663681352799042     
 -0.93226911477124763      , -0.97140576902449882      ,  -1.8043683566136113     
 -0.73863387018189730      , -0.79124071353522030      ,  -1.7282803210774276     
 -0.56489195536887382      , -0.62264865754680543      ,  -1.6404321365977033     
 -0.41653039635719075      , -0.46954913069346166      ,  -1.5434317569348321     
 -0.29454972110277244      , -0.33440429339267902      ,  -1.4399846537350298     
 -0.19603461175936757      , -0.21830781663064763      ,  -1.3327295467317848     
 -0.11618639142351585      , -0.12119519779513725      ,  -1.2241066936955947     
  -5.0538959147890486E-002 ,  -4.2115597683410992E-002 ,  -1.1162655197519116     
   3.8478045570673226E-003 ,   2.0486709436646308E-002 ,  -1.0110115465697123     
   4.8395448775962399E-002 ,   6.8517777469615099E-002 , -0.90978775496973741     
   8.3549516211150768E-002 ,  0.10402626193743578      , -0.81368293448099915     
  0.10930722175675922      ,  0.12904874663052246      , -0.72345890814728753     
  0.12572474188411115      ,  0.14550507020936551      , -0.63958917068628618     
  0.13338054039619676      ,  0.15513562773870865      , -0.56230283043951657     
  0.13357390380962719      ,  0.15947093878374241      , -0.49162931722975295     
  0.12823934997725833      ,  0.15982416769303215      , -0.42744079806285401     
  0.11964235873030502      ,  0.15729872395344635      , -0.36949047281843572     
  0.10982718100097481      ,  0.15280484568268940      , -0.31744585488358845     
  0.10003396989671159      ,  0.14708076104513482      , -0.27091679461893292     
   9.0515299139965311E-002 ,  0.14071543813105639      , -0.22947842460269577     
   8.0873163733539269E-002 ,  0.13417102251796589      , -0.19268945063371956     
   7.0657376226767071E-002 ,  0.12780384748378712      , -0.16010633292912446     
   5.9899718379860217E-002 ,  0.12188343978152048      , -0.13129393972555115     
   4.9298521589791915E-002 ,  0.11660929459036382      , -0.10583324203678925     
   3.9921071909061398E-002 ,  0.11212541045637760      ,  -8.3326575815892520E-002
   3.2658028758677148E-002 ,  0.10853270131855734      ,  -6.3400941043187109E-002
   2.7860176445447582E-002 ,  0.10589946947631626      ,  -4.5709745725188280E-002
   2.5358412650670542E-002 ,  0.10427015253733518      ,  -2.9933342086985087E-002
   2.4761582063632472E-002 ,  0.10367256371322282      ,  -1.5778645510833335E-002
   2.5801778911228129E-002 ,  0.10412383785823971      ,  -2.9780755577153233E-003
   2.8512484385257549E-002 ,  0.10563528140448651      ,   8.7119867305855848E-003
   3.3164356167622325E-002 ,  0.10821630655474181      ,   1.9513070123515407E-002
   4.0041873296079507E-002 ,  0.11187761099747581      ,   2.9626691293402192E-002
   4.9210210446787660E-002 ,  0.11663374533339807      ,   3.9236545986113792E-002
   6.0412419124580105E-002 ,  0.12250519210664432      ,   4.8510742915426050E-002
   7.3153757377756409E-002 ,  0.12952006322130361      ,   5.7604029240280456E-002
   8.6902057727515414E-002 ,  0.13771550677706540      ,   6.6659972083182917E-002
  0.10127758553470316      ,  0.14713890001021801      ,   7.5813073027227965E-002
  0.11614517206597941      ,  0.15784889200725963      ,   8.5190802334656729E-002
  0.13158614012181860      ,  0.16991634801598865      ,   9.4915547152699190E-002
  0.14779899196825583      ,  0.18342523629126711      ,  0.10510647354626416     
  0.16502743985395998      ,  0.19847348819084690      ,  0.11588130609579436     
  0.18356069320369345      ,  0.21517385232113451      ,  0.12735803123493067     
  0.20375879424068769      ,  0.23365475348327366      ,  0.13965653162546596     
  0.22604524150783253      ,  0.25406115644904970      ,  0.15290015875808619     
  0.25084416971570689      ,  0.27655542254615456      ,  0.16721724963564050     
  0.27847446703340195      ,  0.30131813284431563      ,  0.18274259076972924     
  0.30906226654881264      ,  0.32854883440907107      ,  0.19961882863850883     
  0.34254572563765973      ,  0.35846664439448767      ,  0.21799781994534886     
  0.37878415345046695      ,  0.39131061915952309      ,  0.23804190709181647     
  0.41771381868063706      ,  0.42733976025768178      ,  0.25992509369566286     
  0.45947259896591403      ,  0.46683248383084736      ,  0.28383408103491098     
  0.50443788503446141      ,  0.51008532201043177      ,  0.30996910807541045     
  0.55316710139885572      ,  0.55741055142552731      ,  0.33854451411498021     
  0.60628081015606117      ,  0.60913235169282998      ,  0.36978891269851522     
  0.66434843935927457      ,  0.66558098285394907      ,  0.40394482676344723     
  0.72781735948863169      ,  0.72708433304494668      ,  0.44126758626840140     
  0.79698575789672166      ,  0.79395602623684047      ,  0.48202322918040019     
  0.87199287405123527      ,  0.86647909879151963      ,  0.52648507335109662     
  0.95280927889616351      ,  0.94488406424180749      ,  0.57492854014299799     
   1.0392329676358099      ,   1.0293200115880103      ,  0.62762371220481183     
   1.1309019990291951      ,   1.1198172657769607      ,  0.68482500244872102     
   1.2273281586423901      ,   1.2162401498838087      ,  0.74675720953346603     
   1.3279412347770028      ,   1.3182286351005581      ,  0.81359715612049432     
   1.4321069907040429      ,   1.4251283035935616      ,  0.88545008151459337     
   1.5390743374558447      ,   1.5359092905780751      ,  0.96232003866968674     
   1.6478411337646928      ,   1.6490769691601981      ,   1.0440737963954980     
   1.7569762124366191      ,   1.7625803520093120      ,   1.1303982621456463     
   1.8644619837149725      ,   1.8737286770511576      ,   1.2207523257973252     
   1.9676182555198778      ,   1.9791323337539792      ,   1.3143153831750887     
   2.0631297570428861      ,   2.0746905761774594      ,   1.4099366878493840     
   2.1471473084809762      ,   2.1556539445227054      ,   1.5060920462594489     
   2.2154067313105643      ,   2.2167915023342668      ,   1.6008569537318578     
   2.2633312174501330      ,   2.2526884218042524      ,   1.6919075042317528     
   2.2861367180035712      ,   2.2581843870692953      ,   1.7765613825387028     
   2.2790175650608373      ,   2.2289354566246842      ,   1.8518697931255470     
   2.2375134305995168      ,   2.1620431645734275      ,   1.9147661847452768     
   2.1581161527160662      ,   2.0566529170936714      ,   1.9622686169821451     
   2.0390534273846259      ,   1.9143940614837531      ,   1.9917204286638490     
   1.8810315277762280      ,   1.7395340488428781      ,   2.0010411052933321     
   1.6876725925233043      ,   1.5387608201874197      ,   1.9889499507456627     
   1.4655731696475434      ,   1.3205875736851553      ,   1.9551235362441517     
   1.2241686960033580      ,   1.0944698721640391      ,   1.9002562817400708     
  0.97548573885877077      ,  0.86980197130440695      ,   1.8260108125278076     
  0.73339487728281805      ,  0.65498696600371087      ,   1.7348662255019947     
  0.51178672425049254      ,  0.45674402410833626      ,   1.6298915649064565     
  0.32157873291136324      ,  0.27974115223213653      ,   1.5144830970439576     
  0.16754091129731094      ,  0.12655500924438956      ,   1.3921050714225933     
   4.7136959186195447E-002 ,  -2.1093609545281568E-003 ,   1.2660659784698975     
  -4.7108736271775434E-002 , -0.10703999294361360      ,   1.1393497488246689     
 -0.12325811419438519      , -0.19008160102014149      ,   1.0145082306768012     
 -0.18674105259359405      , -0.25371953242299472      ,  0.89361081724419855     
 -0.23984087298178305      , -0.30073129688479561      ,  0.77824067797363217     
 -0.28296516936554611      , -0.33392454246025399      ,  0.66952453904332021     
 -0.31579252377121186      , -0.35596005720225277      ,  0.56818335328088643     
 -0.33797286822305778      , -0.36924698732802863      ,  0.47459326396003948     
 -0.34997200295116587      , -0.37589322082260024      ,  0.38884895656509771     
 -0.35350193633189086      , -0.37769423707262845      ,  0.31082411065795684     
 -0.35118841760956671      , -0.37614639022080093      ,  0.24022584882287670     
 -0.34615140058797517      , -0.37247398388673925      ,  0.17664171537082027     
 -0.34144770224486137      , -0.36766269850571237      ,  0.11957883348917736     
 -0.33904462934131113      , -0.36249455027626887      ,   6.8495581330194732E-002
 -0.33915951883583279      , -0.35758150586839088      ,   2.2826506073900316E-002
 -0.34068352864558055      , -0.35339622047587044      ,  -1.7998639778078043E-002
 -0.34219295296402319      , -0.35029923678836039      ,  -5.4540824849171811E-002
 -0.34292124221294257      , -0.34856251030891594      ,  -8.7341759806201569E-002
 -0.34337032263183120      , -0.34838942264384626      , -0.11691723052267909     
 -0.34508763419606381      , -0.34993159229674742      , -0.14375306250130479     
 -0.34962795087421877      , -0.35330285041969134      , -0.16830313786135651     
 -0.35762453792127769      , -0.35859075534454887      , -0.19098898192971681     
 -0.36865904794039422      , -0.36586599856871060      , -0.21220052210168877     
 -0.38177093387630551      , -0.37519002047089617      , -0.23229769598738090     
 -0.39618687737083086      , -0.38662111437854607      , -0.25161264904947012     
 -0.41181882024490379      , -0.40021925684407017      , -0.27045231471455861     
 -0.42924107478126455      , -0.41604986199587363      , -0.28910121329269922     
 -0.44929252016339716      , -0.43418661921318441      , -0.30782434099060302     
 -0.47261033062876379      , -0.45471353602796433      , -0.32687004780146445     
 -0.49934407880789988      , -0.47772627159494169      , -0.34647282392138790     
 -0.52921410589023976      , -0.50333280959024207      , -0.36685592925790400     
 -0.56181809307267638      , -0.53165348217388397      , -0.38823381009042951     
 -0.59692093419465786      , -0.56282031778690689      , -0.41081425140154459     
 -0.63459197723743510      , -0.59697564414214421      , -0.43480021307211597     
 -0.67516322312642518      , -0.63426983296738892      , -0.46039129315319621     
 -0.71901345780612314      , -0.67485802422642949      , -0.48778475182937375     
 -0.76636007960113639      , -0.71889561443919947      , -0.51717601545449898     
 -0.81727028161726267      , -0.76653223684161209      , -0.54875856116675947     
 -0.87180670131972871      , -0.81790390218311593      , -0.58272305918769784     
 -0.93012431169538212      , -0.87312291159351063      , -0.61925562236534037     
 -0.99246230184677886      , -0.93226510369459192      , -0.65853498173058778     
  -1.0590062986636162      , -0.99535396770232754      , -0.70072837453749337     
  -1.1296717343323543      ,  -1.0623411591474730      , -0.74598590049483626     
  -1.2039880732147485      ,  -1.1330830190770358      , -0.79443307761640658     
  -1.2811773076865767      ,  -1.2073128544503686      , -0.84616131890993951     
  -1.3603411544736808      ,  -1.2846090303135032      , -0.90121606603373261     
  -1.4406217465546647      ,  -1.3643594057596606      , -0.95958237131782331     
  -1.5212434193327300      ,  -1.4457233725700702      ,  -1.0211678349887090     
  -1.6014066813817414      ,  -1.5275937779192856      ,  -1.0857830039380234     
  -1.6800979781750847      ,  -1.6085623533591964      ,  -1.1531196477268890     
  -1.7559262393398190      ,  -1.6868938939161400      ,  -1.2227277695525685     
  -1.8270605832255700      ,  -1.7605161903145281      ,  -1.2939927958138346     
  -1.8912785984011555      ,  -1.8270343129837907      ,  -1.3661151039794051     
  -1.9460673720423249      ,  -1.8837787772127064      ,  -1.4380948387112886     
  -1.9887134867342882      ,  -1.9278966816365157      ,  -1.5087257139824952     
  -2.0163784528696898      ,  -1.9564922881605553      ,  -1.5766020145148025     
  -2.0261906938337537      ,  -1.9668179842404507      ,  -1.6401430354681412     
  -2.0153880586326061      ,  -1.9565078935156675      ,  -1.6976384459203631     
  -1.9815514889729340      ,  -1.9238352622592316      ,  -1.7473162883833551     
  -1.9229324790721514      ,  -1.8679631247608479      ,  -1.7874324592804500     
  -1.8388190207619464      ,  -1.7891488963989355      ,  -1.8163767754887499     
  -1.7298668346276367      ,  -1.6888613174542515      ,  -1.8327867172578691     
  -1.5983360815269183      ,  -1.5697756537403367      ,  -1.8356565804305158     
  -1.4481909084937035      ,  -1.4356308657342878      ,  -1.8244281277482193     
  -1.2850360310128868      ,  -1.2909575812169940      ,  -1.7990497282333926     
  -1.1158436683537345      ,  -1.1407118013422741      ,  -1.7599946421626305     
 -0.94837289120009782      , -0.98986866166433762      ,  -1.7082349636031091     
 -0.79020962219680879      , -0.84303727905915227      ,  -1.6451744759519611     
 -0.64754406449176205      , -0.70414998917810345      ,  -1.5725497021054149     
