  0.71717953934739775      ,   2.1229450724483714      ,   1.4655193661558268     
   1.9193548284534550      ,   2.1929852415350255      ,   1.5610585270229873     
   2.2799580855252808      ,   2.2400776937172493      ,   1.6539053462152871     
   2.1769469498473413      ,   2.2589017442634218      ,   1.7415228812149708     
   1.8792692226041021      ,   2.2447042742917840      ,   1.8210630112943438     
   1.6055835936363261      ,   2.1939089102960634      ,   1.8894909061409448     
   1.5279463181557809      ,   2.1047402225179983      ,   1.9437656688917380     
   1.6186314885507285      ,   1.9777454803439807      ,   1.9810672081207392     
   1.5461921380006962      ,   1.8160821072783706      ,   1.9990464820024860     
   1.4516137821369119      ,   1.6254624622894605      ,   1.9960649989817625     
   1.1750496772818997      ,   1.4137129629515430      ,   1.9713841858516696     
   1.0297226445697778      ,   1.1899972664110152      ,   1.9252693066812612     
  0.83823467744133351      ,  0.96384218103004549      ,   1.8589865037522069     
  0.64917501318328741      ,  0.74415591195967179      ,   1.7746919444430655     
  0.52097402477950461      ,  0.53842131673974125      ,   1.6752329415465239     
  0.45485803736609176      ,  0.35218728446955988      ,   1.5638959838847664     
  0.26872888239115916      ,  0.18889565376218667      ,   1.4441420266186100     
  0.17713945612766557      ,   5.0001978019320249E-002 ,   1.3193650556489360     
   7.9373845061742637E-002 ,  -6.4700883798565631E-002 ,   1.1926989228874905     
  -1.9085621316606190E-002 , -0.15666063759309845      ,   1.0668841267543117     
  -7.8432488228775174E-002 , -0.22813426990100699      ,  0.94419438639734021     
 -0.13085934614038436      , -0.28180797976757588      ,  0.82641469034470127     
 -0.19386947250260617      , -0.32049834109380249      ,  0.71485843581946695     
 -0.23782772672358182      , -0.34694074961631782      ,  0.61041059040920653     
 -0.26641149836835748      , -0.36365620077566646      ,  0.51358530372947420     
 -0.30569602069060220      , -0.37288048745330526      ,  0.42458891988492709     
 -0.33094228483033317      , -0.37653861886822665      ,  0.34338204425120999     
 -0.34730632311946785      , -0.37624917459232166      ,  0.26973670639260389     
 -0.35426178927957619      , -0.37334652660465156      ,  0.20328652779630416     
 -0.37448596592240097      , -0.36891220776140959      ,  0.14356912745924336     
 -0.37063820419628829      , -0.36380958762195265      ,   9.0060855130340983E-002
 -0.39055616076986377      , -0.35871823902491112      ,   4.2204439621893741E-002
 -0.40015779359484738      , -0.35416596004674755      ,  -5.6961569239652996E-004
 -0.40618128036454421      , -0.35055746826940914      ,  -3.8826978221081797E-002
 -0.40321786037926899      , -0.34819944144875398      ,  -7.3117879548269940E-002
 -0.42428733698058618      , -0.34732196114584557      , -0.10396913675487859     
 -0.43148850850101567      , -0.34809661831423416      , -0.13187907821838246     
 -0.45676863764984510      , -0.35065163044657438      , -0.15731475324318300     
 -0.47661743909411658      , -0.35508434474769440      , -0.18071090378070817     
 -0.49651852807508950      , -0.36147149037983400      , -0.20247026648446861     
 -0.50292924793127658      , -0.36987751301508459      , -0.22296485238673353     
 -0.51093801743213174      , -0.38036128702789984      , -0.24253791924495635     
 -0.51817005628106738      , -0.39298146021187508      , -0.26150640862046931     
 -0.52527224984268306      , -0.40780064560972051      , -0.28016366693359418     
 -0.54533890888953729      , -0.42488863596647064      , -0.29878230811027573     
 -0.56219960521196599      , -0.44432477860534586      , -0.31761710598075332     
 -0.58337690668760989      , -0.46619961183729980      , -0.33690782818834025     
 -0.59924607065436875      , -0.49061582772856122      , -0.35688194075595159     
 -0.62726662623650964      , -0.51768858938690709      , -0.37775712423213165     
 -0.64556196046843795      , -0.54754519301577265      , -0.39974354894277481     
 -0.68168446330566879      , -0.58032402491292434      , -0.42304585861538374     
 -0.70723200999513447      , -0.61617272046811900      , -0.44786480869756806     
 -0.74424432401179164      , -0.65524538527947807      , -0.47439849813077212     
 -0.76980774615222303      , -0.69769868729453444      , -0.50284312115890861     
 -0.80942141511090060      , -0.74368657348523226      , -0.53339314892254241     
 -0.84276758972004806      , -0.79335330605295495      , -0.56624082914757556     
 -0.89161728152621222      , -0.84682445416439756      , -0.60157486641105617     
 -0.94254433942770943      , -0.90419542278911047      , -0.63957811587315860     
  -1.0034413845255834      , -0.96551705894731876      , -0.68042409129601356     
  -1.0666823700049224      ,  -1.0307778612015503      , -0.72427205599499500     
  -1.1370421088834459      ,  -1.0998823509037625      , -0.77126043706710912     
  -1.2126167422404113      ,  -1.1726252724491224      , -0.82149828508863920     
  -1.2895183761242865      ,  -1.2486615134322572      , -0.87505450283288311     
  -1.3754023493066516      ,  -1.3274720230237296      , -0.93194460068929952     
  -1.4570019126938962      ,  -1.4083266142620134      , -0.99211482113025040     
  -1.5460998910915014      ,  -1.4902454189606513      ,  -1.0554236320282695     
  -1.6269756560634969      ,  -1.5719619618454443      ,  -1.1216208443547895     
  -1.7152876271753568      ,  -1.6518923291820697      ,  -1.1903249890188543     
  -1.7938671335969398      ,  -1.7281166388091584      ,  -1.2610001085055818     
  -1.8784011411844355      ,  -1.7983807511966154      ,  -1.3329337815139992     
  -1.9503431455351694      ,  -1.8601274883067285      ,  -1.4052189689836077     
  -2.0195235112089915      ,  -1.9105669316404634      ,  -1.4767430611370855     
  -2.0689540822685415      ,  -1.9467938643396794      ,  -1.5461881616983577     
  -2.1039840954183289      ,  -1.9659562972366709      ,  -1.6120469374818855     
  -2.1113370905814826      ,  -1.9654717519920386      ,  -1.6726580056065574     
  -2.0951478329464734      ,  -1.9432777608327523      ,  -1.7262635486630262     
  -2.0480916176774473      ,  -1.8980912374186156      ,  -1.7710894706649931     
  -1.9734658759822197      ,  -1.8296406962393050      ,  -1.8054450031124267     
  -1.8699072367295348      ,  -1.7388294866500131      ,  -1.8278346624583925     
  -1.7412106439212585      ,  -1.6277909378168240      ,  -1.8370716452890137     
  -1.5908076093310499      ,  -1.4998095542228083      ,  -1.8323791687938058     
  -1.4243826518766660      ,  -1.3591048903602743      ,  -1.8134659116009328     
  -1.2496512081716284      ,  -1.2105014823689850      ,  -1.7805641330966038     
  -1.0729613390314361      ,  -1.0590317642324893      ,  -1.7344240464755345     
 -0.90332676795955869      , -0.90953204853726333      ,  -1.6762645840380972     
 -0.74480061860447611      , -0.76629045839720311      ,  -1.6076872838821734     
 -0.60368075781198971      , -0.63279111119684861      ,  -1.5305650890616394     
 -0.47902069671463948      , -0.51157614327258938      ,  -1.4469203331926654     
 -0.37286164739430333      , -0.40422348056081997      ,  -1.3588058440310067     
 -0.28121532323540904      , -0.31141976406450217      ,  -1.2682004526181798     
 -0.20509068401881214      , -0.23309778801163680      ,  -1.1769262441082506     
 -0.14189440439686099      , -0.16860623877588951      ,  -1.0865906987991416     
  -9.2889986980835587E-002 , -0.11688420726929609      , -0.99855328422125944     
  -5.5955885487114429E-002 ,  -7.6620826960369842E-002 , -0.91391352682143312     
  -3.1162058890446445E-002 ,  -4.6388750188870759E-002 , -0.83351620498294843     
  -1.5827913450211450E-002 ,  -2.4747247274474339E-002 , -0.75796889974055193     
  -9.0606731062569737E-003 ,  -1.0315729998428632E-002 , -0.68766743138630215     
  -8.1704265204430304E-003 ,  -1.8214478280048640E-003 , -0.62282540323619306     
  -1.1901815693734892E-002 ,   1.8736213420180853E-003 , -0.56350492439458066     
  -1.8010946552635361E-002 ,   1.7615356216361129E-003 , -0.50964642339749555     
  -2.5485292104391051E-002 ,  -1.3118115952818158E-003 , -0.46109619835676158     
  -3.3157165942981508E-002 ,  -6.6396574477651698E-003 , -0.41763093670120399     
  -4.0911515407460283E-002 ,  -1.3643028666461270E-002 , -0.37897887546563841     
  -4.9023081409466922E-002 ,  -2.1857230537399887E-002 , -0.34483757807297111     
  -5.8054846511700009E-002 ,  -3.0917647516997382E-002 , -0.31488850072089442     
  -6.8736265833889296E-002 ,  -4.0545828998756465E-002 , -0.28880863680281205     
  -8.0977417477638328E-002 ,  -5.0536458215814865E-002 , -0.26627958437632082     
  -9.4787854251725784E-002 ,  -6.0745535952676205E-002 , -0.24699439830948178     
 -0.10889783601311687      ,  -7.1079928829461902E-002 , -0.23066257968419340     
 -0.12290277412538736      ,  -8.1488312368645233E-002 , -0.21701353068754367     
 -0.13540602535012958      ,  -9.1953464011745173E-002 , -0.20579877078846398     
 -0.14660608474342049      , -0.10248581711414667      , -0.19679317430099824     
 -0.15599920373852127      , -0.11311816375377477      , -0.18979545356896593     
 -0.16479298150809085      , -0.12390138486828309      , -0.18462807785078555     
 -0.17327234592803262      , -0.13490108585741281      , -0.18113678659492613     
 -0.18283600671239209      , -0.14619502096295234      , -0.17918982768631697     
 -0.19355045888415834      , -0.15787119815256992      , -0.17867702656820605     
 -0.20592029706864282      , -0.17002656630521587      , -0.17950877083502106     
 -0.21917264145856197      , -0.18276619714175962      , -0.18161497674609636     
 -0.23289843327611745      , -0.19620288481528092      , -0.18494408884528565     
 -0.24628448798953398      , -0.21045709584136973      , -0.18946215116338330     
 -0.25910389282373675      , -0.22565721072115474      , -0.19515197798646983     
 -0.27156077481052299      , -0.24194000588268194      , -0.20201244354666020     
 -0.28406426346522767      , -0.25945133017162558      , -0.21005790288735099     
 -0.29764186624286421      , -0.27834693379168085      , -0.21931775023200070     
 -0.31276921077278336      , -0.29879340902458551      , -0.22983611610438576     
 -0.33064475289688633      , -0.32096920087564484      , -0.24167169986552495     
 -0.35143091049761854      , -0.34506564151254326      , -0.25489772989084503     
 -0.37615663931867038      , -0.37128795436713680      , -0.26960203892761031     
 -0.40438310531596966      , -0.39985616123761175      , -0.28588723682235340     
 -0.43653045462073081      , -0.43100580761439661      , -0.30387095630563832     
 -0.47153252619498387      , -0.46498839643186035      , -0.32368613929883611     
 -0.50953658795743340      , -0.50207138687697239      , -0.34548132058916198     
 -0.54973500746901693      , -0.54253757078717313      , -0.36942085189663620     
 -0.59282010513626182      , -0.58668358224765382      , -0.39568499136519159     
 -0.63888747330886875      , -0.63481722373640304      , -0.42446976021377292     
 -0.68909687064462499      , -0.68725320205339335      , -0.45598643837758396     
 -0.74399361648793838      , -0.74430675725310036      , -0.49046053302116105     
 -0.80457728484061652      , -0.80628453708180048      , -0.52813000635325302     
 -0.87154167639723090      , -0.87347191981658512      , -0.56924249093951840     
 -0.94552324526087983      , -0.94611582648685610      , -0.61405115097201413     
  -1.0269181647126546      ,  -1.0244019038421510      , -0.66280876718600912     
  -1.1151456673833191      ,  -1.1084248294944457      , -0.71575953398672687     
  -1.2094321371885552      ,  -1.1981504370039850      , -0.77312796625371349     
  -1.3079328649690025      ,  -1.2933684551491871      , -0.83510423251032928     
  -1.4096739516393968      ,  -1.3936350120537007      , -0.90182518174023896     
  -1.5132552803107000      ,  -1.4982048238685792      , -0.97335034643113805     
  -1.6187077002945971      ,  -1.6059543643073384      ,  -1.0496323335922244     
  -1.7252303804133751      ,  -1.7152995155211928      ,  -1.1304813258783022     
  -1.8326473625292963      ,  -1.8241144286973070      ,  -1.2155239907546520     
  -1.9391105400391913      ,  -1.9296626473165661      ,  -1.3041580287422825     
  -2.0424570301931269      ,  -2.0285567510694142      ,  -1.3955049591156097     
  -2.1383600078104275      ,  -2.1167681279727408      ,  -1.4883655626288721     
  -2.2215269318222828      ,  -2.1897124730225968      ,  -1.5811845732323351     
  -2.2850006311549866      ,  -2.2424368401855683      ,  -1.6720334281675850     
  -2.3218048848586230      ,  -2.2699274515027903      ,  -1.7586215675428791     
  -2.3253918554891215      ,  -2.2675410704442771      ,  -1.8383470568267553     
  -2.2909461356596874      ,  -2.2315354793862863      ,  -1.9083951718011813     
  -2.2157767178598382      ,  -2.1596393728573404      ,  -1.9658881976733313     
  -2.0998109925295805      ,  -2.0515673608482117      ,  -2.0080809159886481     
  -1.9457761899083195      ,  -1.9093654042820782      ,  -2.0325851947350984     
  -1.7591068875457412      ,  -1.7374802521795818      ,  -2.0375963442642169     
  -1.5477619476242568      ,  -1.5424908645419049      ,  -2.0220870557072868     
  -1.3214967735931067      ,  -1.3325138890316865      ,  -1.9859351503616736     
  -1.0911092995786744      ,  -1.1163770895205816      ,  -1.9299604824015189     
 -0.86701621653066663      , -0.90271463970216792      ,  -1.8558625427495614     
 -0.65821301379477615      , -0.69915333805288005      ,  -1.7660691607004873     
 -0.47107335309775289      , -0.51172455627362157      ,  -1.6635226118661581     
 -0.30853759734503594      , -0.34456902251457822      ,  -1.5514380456062040     
 -0.16954374101776343      , -0.19992742058226354      ,  -1.4330689555593126     
  -5.0900990360782293E-002 ,  -7.8353635495356427E-002 ,  -1.3115070018535810     
   4.9945147027135074E-002 ,   2.0938678205007655E-002 ,  -1.1895322925370455     
  0.13326241329370514      ,   9.9683331970804839E-002 ,  -1.0695188846258392     
  0.19805811964408554      ,  0.16018938887226788      , -0.95339135265482711     
  0.24400155906501117      ,  0.20502955102225520      , -0.84262287340932207     
  0.27252052643764274      ,  0.23680505324691808      , -0.73826321303702513     
  0.28635267514774787      ,  0.25798571518553559      , -0.64098540203572851     
  0.28881075517262689      ,  0.27081406721431378      , -0.55114169936627055     
  0.28326436861071458      ,  0.27725876812910116      , -0.46882179683512121     
  0.27274998033493991      ,  0.27900274777112255      , -0.39390850780487019     
  0.25990446846175941      ,  0.27745373025931797      , -0.32612810965688144     
  0.24705252170041384      ,  0.27376767687771925      , -0.26509396378805872     
  0.23594125936497728      ,  0.26887844999022875      , -0.21034304104239709     
  0.22721707159919841      ,  0.26352928555378896      , -0.16136561312245876     
  0.22042783438931635      ,  0.25830338361003830      , -0.11762872548202521     
  0.21446607660514871      ,  0.25365213339961845      ,  -7.8594230329419618E-002
  0.20836380954805914      ,  0.24992028571985089      ,  -4.3732198406493103E-002
  0.20203633937326759      ,  0.24736787928073103      ,  -1.2530495478973122E-002
  0.19655937901779674      ,  0.24618901419420672      ,   1.5498761649762946E-002
  0.19347197876942004      ,  0.24652771658972086      ,   4.0815242249198726E-002
  0.19399504703731563      ,  0.24849120507191619      ,   6.3848395057936713E-002
  0.19862686014448575      ,  0.25216088680275600      ,   8.4996947291091016E-002
  0.20721608779646514      ,  0.25760140041147883      ,  0.10462953672164868     
  0.21908252672719675      ,  0.26486799812752337      ,  0.12308617297080882     
  0.23327045327535492      ,  0.27401252828755540      ,  0.14068028317307485     
  0.24877684183913387      ,  0.28508824596383264      ,  0.15770114704959190     
  0.26492264322139913      ,  0.29815364605313538      ,  0.17441656789863064     
  0.28166457273273504      ,  0.31327548066923111      ,  0.19107565995241765     
  0.29962825516048541      ,  0.33053109129916319      ,  0.20791165978693618     
  0.31981388328884514      ,  0.35001015569947541      ,  0.22514469075587282     
  0.34318610201368899      ,  0.37181591944846470      ,  0.24298442539145085     
  0.37041956826099220      ,  0.39606595177792658      ,  0.26163260189036275     
  0.40180798593189343      ,  0.42289243397840254      ,  0.28128535757025835     
  0.43737486482467325      ,  0.45244195537173576      ,  0.30213534479742682     
  0.47685581865563470      ,  0.48487475552864823      ,  0.32437359347328226     
  0.51969756657404365      ,  0.52036331095555033      ,  0.34819107871969512     
  0.56509858238010680      ,  0.55909011875466963      ,  0.37377994279216353     
  0.61233876102842566      ,  0.60124447776365575      ,  0.40133430624077332     
  0.66107125323645100      ,  0.64701800872700355      ,  0.43105058462564538     
  0.71159464669791272      ,  0.69659858914627970      ,  0.46312720335904639     
  0.76470806258410973      ,  0.75016230682968776      ,  0.49776357426593426     
  0.82133525612266156      ,  0.80786296208517894      ,  0.53515816326300703     
  0.88213795839546216      ,  0.86981857845954313      ,  0.57550543970562862     
  0.94759209637136288      ,  0.93609432723212493      ,  0.61899145589766924     
   1.0182096439423793      ,   1.0066812497723858      ,  0.66578776291098896     
   1.0945058390178684      ,   1.0814702020791576      ,  0.71604333133576936     
   1.1764926424822943      ,   1.1602205871984252      ,  0.76987412117325282     
   1.2631370268686759      ,   1.2425237379106899      ,  0.82734994640491488     
   1.3523838560094095      ,   1.3277613327337383      ,  0.88847832494687062     
   1.4418496845051791      ,   1.4150600519922343      ,  0.95318511823163443     
   1.5297285828365659      ,   1.5032448850857092      ,   1.0212919774044968     
   1.6151562289258672      ,   1.5907951368249806      ,   1.0924909602993793     
   1.6978649456504038      ,   1.6758092336481305      ,   1.1663171991790231     
   1.7773259952483615      ,   1.7559867539213359      ,   1.2421212063624751     
   1.8521114086903885      ,   1.8286383484215454      ,   1.3190432973004009     
   1.9196853092679094      ,   1.8907357477549998      ,   1.3959936298273332     
   1.9765616692307346      ,   1.9390139414672936      ,   1.4716423658616045     
   2.0184362978127979      ,   1.9701347168167749      ,   1.5444252179966029     
   2.0404863952710266      ,   1.9809139931688384      ,   1.6125698074137198     
   2.0379839524423082      ,   1.9686042965658759      ,   1.6741474332865141     
   2.0072689555348870      ,   1.9312090665239734      ,   1.7271526879999526     
   1.9466189704177954      ,   1.8677898948641325      ,   1.7696097139064220     
   1.8566502444222792      ,   1.7787157727778797      ,   1.7996990584772179     
   1.7400940931768938      ,   1.6658004180897077      ,   1.8158938485468463     
   1.6012342937047566      ,   1.5322841264031259      ,   1.8170896522382194     
   1.4453641838817060      ,   1.3826410816817760      ,   1.8027103842661085     
   1.2784600121904779      ,   1.2222271300857113      ,   1.7727740487535097     
   1.1069379547540024      ,   1.0568173954948450      ,   1.7279072363722550     
  0.93725632979088425      ,  0.89210699497372936      ,   1.6693051785598141     
  0.77528643747846193      ,  0.73325371885859658      ,   1.5986429288824242     
  0.62558268505854842      ,  0.58452759738698601      ,   1.5179506812892458     
  0.49084099930342340      ,  0.44910440619877645      ,   1.4294706036630744     
  0.37186222718024653      ,  0.32900804302432490      ,   1.3355131575457599     
  0.26818497478111475      ,  0.22517975761350253      ,   1.2383281301111788     
  0.17901219831495585      ,  0.13763619500143201      ,   1.1400007631493552     
  0.10380336049110683      ,   6.5674125912785541E-002 ,   1.0423779110055031     
   4.2220925467466849E-002 ,   8.0849226673441309E-003 ,  0.94702432864755492     
  -6.2601650068287440E-003 ,  -3.6647959318350160E-002 ,  0.85520570116662220     
  -4.2625953496380126E-002 ,  -7.0183985503209742E-002 ,  0.76789306686827385     
  -6.8305658258385887E-002 ,  -9.4198889559875751E-002 ,  0.68578266487044659     
  -8.5038755643113834E-002 , -0.11029539148430681      ,  0.60932557376670549     
  -9.4750889010885603E-002 , -0.11994634888404937      ,  0.53876239312829344     
  -9.9431821408665882E-002 , -0.12446374781749646      ,  0.47415931772987213     
 -0.10097811110209967      , -0.12498684092459350      ,  0.41544303521539272     
 -0.10099844643328713      , -0.12248351306069007      ,  0.36243281295299978     
 -0.10059268018205658      , -0.11776008759970902      ,  0.31486887817539688     
 -0.10021377844114089      , -0.11147595722127562      ,  0.27243673610220331     
  -9.9717639270798741E-002 , -0.10416046098667439      ,  0.23478743889501760     
  -9.8600488324793817E-002 ,  -9.6230268745729916E-002 ,  0.20155404923322520     
  -9.6334632886386884E-002 ,  -8.8006169680094323E-002 ,  0.17236467135236386     
  -9.2677249833605993E-002 ,  -7.9728619465646910E-002 ,  0.14685248014890553     
  -8.7804444644786733E-002 ,  -7.1571715908854167E-002 ,  0.12466318963701144     
  -8.2219703504141151E-002 ,  -6.3655481380319207E-002 ,  0.10546038361411331     
  -7.6545935441491395E-002 ,  -5.6056462123818873E-002 ,   8.8929096525659293E-002
  -7.1322011409812300E-002 ,  -4.8816733180471229E-002 ,   7.4777989758615271E-002
  -6.6846091591997045E-002 ,  -4.1951440676735785E-002 ,   6.2740423449201291E-002
  -6.3081683933832441E-002 ,  -3.5455032936478358E-002 ,   5.2574679744355923E-002
  -5.9669542210864061E-002 ,  -2.9306336777311121E-002 ,   4.4063552248866676E-002
  -5.6054185750922442E-002 ,  -2.3472631137315080E-002 ,   3.7013479116549064E-002
  -5.1692650963863378E-002 ,  -1.7912860613176592E-002 ,   3.1253364298961861E-002
  -4.6257157450526117E-002 ,  -1.2580119031930273E-002 ,   2.6633202873642056E-002
  -3.9751476884953368E-002 ,  -7.4235194168164684E-003 ,   2.3022601941961349E-002
  -3.2494412436007557E-002 ,  -2.3895526643297050E-003 ,   2.0309267999732566E-002
  -2.4986153872253489E-002 ,   2.5769764294678002E-003 ,   1.8397514567913990E-002
  -1.7711754534631852E-002 ,   7.5323600723385788E-003 ,   1.7206829832404586E-002
  -1.0972931864436828E-002 ,   1.2533681512562971E-002 ,   1.6670532691262046E-002
  -4.8101492681602047E-003 ,   1.7638739228033853E-002 ,   1.6734536573687991E-002
   9.7847238298398370E-004 ,   2.2906157954650883E-002 ,   1.7356233333978746E-002
   6.7576350446550667E-003 ,   2.8395651775810059E-002 ,   1.8503504123173291E-002
   1.2957806655039638E-002 ,   3.4168411947193139E-002 ,   2.0153860122593532E-002
   1.9995434306949101E-002 ,   4.0287598573695890E-002 ,   2.2293713141477826E-002
   2.8213656945724558E-002 ,   4.6818920772964574E-002 ,   2.4917774122068557E-002
   3.7816622709246649E-002 ,   5.3831294641373525E-002 ,   2.8028576376258642E-002
   4.8806860626313744E-002 ,   6.1397572269541886E-002 ,   3.1636119741692989E-002
   6.0966259244327206E-002 ,   6.9595338313741359E-002 ,   3.5757631659391192E-002
   7.3913192527843730E-002 ,   7.8507773281989768E-002 ,   4.0417441327286856E-002
   8.7214129468825480E-002 ,   8.8224584786854909E-002 ,   4.5646963479192816E-002
  0.10051823006645205      ,   9.8843009576148722E-002 ,   5.1484788894276025E-002
  0.11367154306126913      ,  0.11046889017470396      ,   5.7976879384914290E-002
  0.12677986381154016      ,  0.12321783041693192      ,   6.5176865672310277E-002
  0.14019253155492775      ,  0.13721643393795990      ,   7.3146447170941875E-002
  0.15442768288351799      ,  0.15260362868110805      ,   8.1955893190802181E-002
  0.17007936684247213      ,  0.16953207845828508      ,   9.1684645344361937E-002
  0.18773872300700184      ,  0.18816967925929715      ,  0.10242202090719046     
  0.20791290965397854      ,  0.20870113291326453      ,  0.11426801639108988     
  0.23093307984446418      ,  0.23132958326445305      ,  0.12733420946757795     
  0.25688276929746662      ,  0.25627828942655712      ,  0.14174475538966241     
  0.28559672402235986      ,  0.28379229583655963      ,  0.15763747088302618     
  0.31674953811307716      ,  0.31414003829503662      ,  0.17516499368889293     
  0.35001753686306941      ,  0.34761479704822135      ,  0.19449599897351566     
  0.38527557002755658      ,  0.38453586975492132      ,  0.21581644392278115     
  0.42275168380429418      ,  0.42524928569696840      ,  0.23933079802753432     
  0.46305881310715441      ,  0.47012781380497676      ,  0.26526319755009375     
  0.50708145199297727      ,  0.51956992601299135      ,  0.29385843679191381     
  0.55581395233966246      ,  0.57399725820589576      ,  0.32538267396696935     
  0.61025187229249656      ,  0.63384995688781476      ,  0.36012368314484444     
  0.67133342743827706      ,  0.69957910375106158      ,  0.39839042277848546     
  0.73982657098718785      ,  0.77163516659707754      ,  0.44051161226904401     
  0.81613786799064458      ,  0.85045113084173762      ,  0.48683290717601213     
  0.90014431976319575      ,  0.93641862573563228      ,  0.53771213779833738     
  0.99120116358194033      ,   1.0298549921469877      ,  0.59351192318830193     
   1.0883841915334296      ,   1.1309588877514196      ,  0.65458879492291688     
   1.1908747200805934      ,   1.2397517747754763      ,  0.72127777049431474     
   1.2982540990782236      ,   1.3560026313389530      ,  0.79387112490455902     
   1.4104978137253870      ,   1.4791337050455708      ,  0.87258995955215146     
   1.5276662983522686      ,   1.6081064368808913      ,  0.95754712642466444     
   1.6495057321935715      ,   1.7412893019177593      ,   1.0487002384026967     
   1.7751286229414760      ,   1.8763138155898438      ,   1.1457940364240928     
   1.9026843878393871      ,   2.0099318942507094      ,   1.2482924930836636     
   2.0288811066508736      ,   2.1378973961878445      ,   1.3553029398616954     
   2.1485343022512087      ,   2.2549064777318151      ,   1.4654974099608737     
   2.2545897520518920      ,   2.3546433513064033      ,   1.5770403371301229     
   2.3388300155087007      ,   2.4299858367995242      ,   1.6875364451886767     
   2.3929665313755080      ,   2.4734218891438644      ,   1.7940172231606923     
   2.4096101987171772      ,   2.4777056673536721      ,   1.8929871604190438     
   2.3829171238677604      ,   2.4367331707699966      ,   1.9805495722426576     
   2.3090950183228607      ,   2.3465443731214122      ,   2.0526239233744605     
   2.1870235835131480      ,   2.2062768910334571      ,   2.1052507294668348     
   2.0189341976101280      ,   2.0188375363135775      ,   2.1349578202379615     
   1.8107417638056107      ,   1.7910618331619277      ,   2.1391383069182974     
   1.5716664288396176      ,   1.5332228917328097      ,   2.1163745456471621     
   1.3132487444432113      ,   1.2579174386146803      ,   2.0666422782241312     
   1.0480300985279833      ,  0.97854134297999718      ,   1.9913488137310020     
  0.78803233582604637      ,  0.70769136313762082      ,   1.8931943560315410     
  0.54358974257638315      ,  0.45583824664640421      ,   1.7758848688803412     
  0.32285927722118540      ,  0.23050927023430751      ,   1.6437546594339536     
  0.13060704935505774      ,   3.6050505143438528E-002 ,   1.5013681551015559     
  -3.3600427099581782E-002 , -0.12611607209068093      ,   1.3531623917873992     
 -0.17410483691984247      , -0.25691646736808738      ,   1.2031709132144586     
 -0.29463708549202633      , -0.35892099368569275      ,   1.0548452921163320     
 -0.39542349542474781      , -0.43566570606659138      ,  0.91096991287466522     
 -0.47429998240321541      , -0.49109073009665027      ,  0.77365276665340721     
 -0.53008569112562920      , -0.52913030916021508      ,  0.64436993400604248     
 -0.56460260180761623      , -0.55344944453988010      ,  0.52404215255857545     
 -0.58181818598798762      , -0.56730092427670731      ,  0.41312580382037600     
 -0.58647033467676757      , -0.57347008422848955      ,  0.31170564749703555     
 -0.58341401556524408      , -0.57427697668179878      ,  0.21958131569322537     
 -0.57685053365490180      , -0.57161183544461391      ,  0.13634331255018414     
 -0.56999527491888446      , -0.56698665329823184      ,   6.1436906494710515E-002
 -0.56544795368948930      , -0.56159171937918373      ,  -5.7860203865394491E-003
 -0.56490313251527646      , -0.55635054902165548      ,  -6.6026161440253139E-002
 -0.56835559336546415      , -0.55196980285759600      , -0.12000557659049557     
 -0.57437276088636247      , -0.54898280315761561      , -0.16844453580434451     
 -0.58127254935818362      , -0.54778643087851842      , -0.21204493240616626     
 -0.58816744916269570      , -0.54867180518917957      , -0.25147893945101157     
 -0.59568086314612401      , -0.55184942003972071      , -0.28738176978518815     
 -0.60568911401171666      , -0.55746948611134617      , -0.32034758760914694     
 -0.61974461809853021      , -0.56563819546380900      , -0.35092779030212551     
 -0.63786231103256497      , -0.57643054706452279      , -0.37963102752785310     
 -0.65888464991419371      , -0.58990027587016369      , -0.40692444907360542     
 -0.68144710525096130      , -0.60608733244994850      , -0.43323577496980942     
 -0.70460118316880493      , -0.62502327145361625      , -0.45895586375767139     
 -0.72798337018105930      , -0.64673482781757508      , -0.48444152011735980     
 -0.75168978968312539      , -0.67124588940194041      , -0.51001833407320762     
 -0.77620779787010641      , -0.69857801281065290      , -0.53598338297267722     
 -0.80235933246911362      , -0.72874957445346822      , -0.56260765637729260     
 -0.83099976120112529      , -0.76177360083665890      , -0.59013808461061679     
 -0.86270974989998306      , -0.79765428065106081      , -0.61879906548882424     
 -0.89778319288869213      , -0.83638212735544426      , -0.64879339212775489     
 -0.93631795373674020      , -0.87792773658273071      , -0.68030248910997815     
 -0.97823839035000471      , -0.92223407105529098      , -0.71348586628439714     
  -1.0233130793456076      , -0.96920721151846778      , -0.74847970091958682     
  -1.0710482275557744      ,  -1.0187055419305131      , -0.78539446213172392     
  -1.1205670588839829      ,  -1.0705273990196120      , -0.82431149933192061     
  -1.1708895201235292      ,  -1.1243973202013882      , -0.86527853247538133     
  -1.2214208947081377      ,  -1.1799511806106666      , -0.90830401053099619     
  -1.2721208964265749      ,  -1.2367207301277516      , -0.95335035097060483     
  -1.3232691495459408      ,  -1.2941183324021865      ,  -1.0003261428697443     
  -1.3750239955849137      ,  -1.3514230708375985      ,  -1.0490774950421622     
  -1.4270188120886711      ,  -1.4077698097463391      ,  -1.0993788430539364     
  -1.4782747580313087      ,  -1.4621432513207209      ,  -1.1509236968342043     
  -1.5274167243943286      ,  -1.5133794522476787      ,  -1.2033160107705185     
  -1.5728449824621120      ,  -1.5601775654106953      ,  -1.2560630796131806     
  -1.6127033582639385      ,  -1.6011246243680743      ,  -1.3085710842048905     
  -1.6448504998106095      ,  -1.6347358360637099      ,  -1.3601445955361895     
  -1.6670545588373300      ,  -1.6595119318158782      ,  -1.4099914444430315     
  -1.6773956465749686      ,  -1.6740135290221811      ,  -1.4572343171030444     
  -1.6746273151653652      ,  -1.6769501584963395      ,  -1.5009301808173732     
  -1.6582479296544939      ,  -1.6672787674971616      ,  -1.5400981306903612     
  -1.6283083494798847      ,  -1.6443034919369328      ,  -1.5737554593945751     
  -1.5851670490218883      ,  -1.6077659040101648      ,  -1.6009607280829263     
  -1.5293747073874679      ,  -1.5579135285661139      ,  -1.6208614663653091     
  -1.4617599547604956      ,  -1.4955348932514001      ,  -1.6327430334951276     
  -1.3836267868825134      ,  -1.4219521617279289      ,  -1.6360743587605571     
  -1.2968773601963148      ,  -1.3389674036710908      ,  -1.6305459717501778     
  -1.2039608915188307      ,  -1.2487650483012311      ,  -1.6160960912620492     
  -1.1076703035900439      ,  -1.1537797725597216      ,  -1.5929215969596866     
  -1.0108506064091884      ,  -1.0565444878607058      ,  -1.5614723340519292     
 -0.91609655261775014      , -0.95953593668434656      ,  -1.5224291288345679     
 -0.82552495698449380      , -0.86503506073693992      ,  -1.4766677720079291     
 -0.74067447632747552      , -0.77501596540308193      ,  -1.4252127180413876     
 -0.66253791321369737      , -0.69107193118611820      ,  -1.3691851115140485     
 -0.59168994410071829      , -0.61438085835291323      ,  -1.3097498964083438     
 -0.52843507720386385      , -0.54570708471447615      ,  -1.2480662595137457     
 -0.47290800339468664      , -0.48543260907053182      ,  -1.1852446890097597     
 -0.42511097432143630      , -0.43360875900124374      ,  -1.1223127313895014     
 -0.38490977370486401      , -0.39001913247825576      ,  -1.0601903307828902     
 -0.35201806594450658      , -0.35424575937535829      , -0.99967460534226515     
 -0.32599764615646870      , -0.32573229227028422      , -0.94143315192369736     
 -0.30628409763365094      , -0.30384011645547843      , -0.88600449845689855     
 -0.29222927371594165      , -0.28789518263124692      , -0.83380411625177198     
 -0.28314955083670895      , -0.27722489743748402      , -0.78513440532441636     
 -0.27837506159204606      , -0.27118548665555725      , -0.74019720831002611     
 -0.27729898267827163      , -0.26918090226847574      , -0.69910763092864081     
 -0.27942385434175249      , -0.27067465841662991      , -0.66190819981108051     
 -0.28439121479806656      , -0.27519604925744096      , -0.62858263694646577     
 -0.29197734027802080      , -0.28234211350831079      , -0.59906875283833150     
 -0.30205189260692250      , -0.29177653783712260      , -0.57327014725614533     
 -0.31451569055667461      , -0.30322648557970211      , -0.55106655451075470     
 -0.32924215852343530      , -0.31647813139018632      , -0.53232278152552437     
 -0.34604595241649105      , -0.33137149483996187      , -0.51689626622335638     
 -0.36469073469371016      , -0.34779500501769461      , -0.50464333648177084     
 -0.38492913448114474      , -0.36568009573819377      , -0.49542428169247349     
 -0.40655479151346458      , -0.38499602525408183      , -0.48910736481874190     
 -0.42944530620655519      , -0.40574503181382809      , -0.48557190700941305     
 -0.45358103224181584      , -0.42795787285999853      , -0.48471057270616202     
 -0.47903545298137917      , -0.45168974702394493      , -0.48643097339798735     
 -0.50594277722328307      , -0.47701656066061776      , -0.49065669468592232     
 -0.53445251191960230      , -0.50403147131716031      , -0.49732783551610799     
 -0.56468347945162445      , -0.53284161661660823      , -0.50640113126787600     
 -0.59669310538890596      , -0.56356491644376672      , -0.51784971444532857     
 -0.63047595787150290      , -0.59632681739133375      , -0.53166254835454352     
 -0.66599442545318233      , -0.63125682995497168      , -0.54784355050508726     
 -0.70322945263448011      , -0.66848469021474177      , -0.56641040358499717     
 -0.74222788971397335      , -0.70813595849571220      , -0.58739303269851206     
 -0.78312370934759967      , -0.75032684820996909      , -0.61083170811569854     
 -0.82612361704680704      , -0.79515806005460743      , -0.63677471314776146     
 -0.87146444483560970      , -0.84270738243510879      , -0.66527549721122536     
 -0.91935886717246418      , -0.89302081239096343      , -0.69638921528000819     
 -0.96994509913849725      , -0.94610195840523448      , -0.73016853783086644     
  -1.0232487240541055      ,  -1.0018995157737431      , -0.76665860183091661     
  -1.0791588942166155      ,  -1.0602926681694629      , -0.80589096597885568     
  -1.1374202722175761      ,  -1.1210743804092265      , -0.84787643615008990     
  -1.1976412530775808      ,  -1.1839327250420781      , -0.89259664507869874     
  -1.2593127573647671      ,  -1.2484306490633519      , -0.93999431056875693     
  -1.3218238778195546      ,  -1.3139849560736494      , -0.98996216730446873     
  -1.3844587967002420      ,  -1.3798457674096958      ,  -1.0423306780223585     
  -1.4463673680386095      ,  -1.4450783338110693      ,  -1.0968547897873986     
  -1.5065161443802553      ,  -1.5085497731547308      ,  -1.1532002176860552     
  -1.5636383055069625      ,  -1.5689240468697017      ,  -1.2109300134128256     
  -1.6162036844757264      ,  -1.6246691407812124      ,  -1.2694925020919510     
  -1.6624252800779389      ,  -1.6740808026929315      ,  -1.3282120238056812     
  -1.7003120129730811      ,  -1.7153270618634235      ,  -1.3862842519564700     
  -1.7277705909608492      ,  -1.7465168280709595      ,  -1.4427781088534570     
  -1.7427513921359237      ,  -1.7657938748848623      ,  -1.4966463657802502     
  -1.7434238254607464      ,  -1.7714543110066963      ,  -1.5467467920685003     
  -1.7283593494300782      ,  -1.7620813487078815      ,  -1.5918751048897211     
  -1.6966988851993285      ,  -1.7366862849086970      ,  -1.6308099101921392     
  -1.6482856369766015      ,  -1.6948400507549732      ,  -1.6623683407229719     
  -1.5837495264453609      ,  -1.6367767362150747      ,  -1.6854693344275800     
  -1.5045319610047558      ,  -1.5634504866980163      ,  -1.6991997322826975     
  -1.4128396059643444      ,  -1.4765310201841704      ,  -1.7028769857454698     
  -1.3115173960529445      ,  -1.3783307488594123      ,  -1.6961016460448777     
  -1.2038395167260643      ,  -1.2716669436537500      ,  -1.6787932562460715     
  -1.0932348827300042      ,  -1.1596733249467557      ,  -1.6512048610538417     
 -0.98298597461035420      ,  -1.0455842051320325      ,  -1.6139138845134358     
 -0.87595643745190832      , -0.93251858183882830      ,  -1.5677901395865363     
 -0.77440470933413319      , -0.82329035218042435      ,  -1.5139446234270537     
 -0.67992419939537962      , -0.72026464386512257      ,  -1.4536649478973556     
 -0.59351400420602174      , -0.62527101860698397      ,  -1.3883443792293637     
 -0.51573520303587872      , -0.53957446906770634      ,  -1.3194114175192606     
 -0.44687345447388188      , -0.46389691918436793      ,  -1.2482658107355322     
 -0.38703923391867823      , -0.39847670576091254      ,  -1.1762252245048130     
 -0.33618892463438177      , -0.34315158107041943      ,  -1.1044848893203174     
 -0.29410135215181055      , -0.29745160266351045      ,  -1.0340907775608119     
 -0.26035792943328573      , -0.26069089022894731      , -0.96592546022966486     
 -0.23435249754686829      , -0.23205059843253328      , -0.90070485909712150     
 -0.21532949346448296      , -0.21064875873199193      , -0.83898363355433903     
 -0.20243793261966897      , -0.19559537939723376      , -0.78116684156170324     
 -0.19479204030846728      , -0.18603315816078411      , -0.72752567936784129     
 -0.19153536680235206      , -0.18116536963129981      , -0.67821542530855661     
 -0.19190556430371858      , -0.18027307394903186      , -0.63329409850843954     
 -0.19529009139800407      , -0.18272393010137675      , -0.59274072934587274     
 -0.20125558736249055      , -0.18797475401396574      , -0.55647248585787767     
 -0.20953560750242506      , -0.19556967171577358      , -0.52436018980393284     
 -0.21997585669404943      , -0.20513537557731906      , -0.49624198298935779     
 -0.23245578835136466      , -0.21637465526718860      , -0.47193507244194055     
 -0.24681874359870462      , -0.22905907577723930      , -0.45124560031800964     
 -0.26284012911245586      , -0.24302142513539784      , -0.43397676066707219     
 -0.28024423799968579      , -0.25814835544495218      , -0.41993532984433485     
 -0.29875707632682119      , -0.27437348785925458      , -0.40893679872533489     
 -0.31816916487112168      , -0.29167113772052305      , -0.40080929976955437     
 -0.33838297691316366      , -0.31005073261561378      , -0.39539651574186374     
 -0.35942915483026255      , -0.32955193639568431      , -0.39255974355020584     
 -0.38144735014090281      , -0.35024045017466282      , -0.39217926911047751     
 -0.40463789742575562      , -0.37220443197803904      , -0.39415518944159794     
 -0.42919886271673829      , -0.39555145607950276      , -0.39840779768278439     
 -0.45526905656904559      , -0.42040591799337096      , -0.40487762625429907     
 -0.48289893321409944      , -0.44690677909479126      , -0.41352522341094500     
 -0.51206384447258235      , -0.47520553392195697      , -0.42433071913709575     
 -0.54271720552094227      , -0.50546427174952702      , -0.43729321766365337     
 -0.57486177047440112      , -0.53785369066681721      , -0.45243003565478301     
 -0.60860740835081950      , -0.57255090604011283      , -0.46977578700513067     
 -0.64419088526221235      , -0.60973687501055940      , -0.48938129681772835     
 -0.68195290279717291      , -0.64959323398722135      , -0.51131230806695893     
 -0.72228684807159949      , -0.69229831675282183      , -0.53564792425562802     
 -0.76558060113288962      , -0.73802208723464602      , -0.56247870966875946     
 -0.81216609999437761      , -0.78691968457225403      , -0.59190434535887448     
 -0.86228094921158216      , -0.83912324162272045      , -0.62403071376360286     
 -0.91604277614560203      , -0.89473160635231996      , -0.65896625826376010     
 -0.97344039650522618      , -0.95379757650101715      , -0.69681743709137578     
  -1.0343466868763438      ,  -1.0163122633497086      , -0.73768306581018306     
  -1.0985496356973696      ,  -1.0821862475180342      , -0.78164732251353786     
  -1.1657848870809095      ,  -1.1512273020640964      , -0.82877118020333218     
  -1.2357466660047962      ,  -1.2231146665016239      , -0.87908203927150175     
  -1.3080614880640333      ,  -1.2973701971690170      , -0.93256137033902720     
  -1.3822262761551420      ,  -1.3733272361202213      , -0.98913025796572596     
  -1.4575271981409328      ,  -1.4500987710790152      ,  -1.0486328760822481     
  -1.5329588816436830      ,  -1.5265474263521797      ,  -1.1108181454454200     
  -1.6071586130842892      ,  -1.6012610163540415      ,  -1.1753201399794371     
  -1.6783665663896030      ,  -1.6725387318242921      ,  -1.2416382341557344     
  -1.7444247301006872      ,  -1.7383943355206446      ,  -1.3091185144058646     
  -1.8028267755067378      ,  -1.7965837066088675      ,  -1.3769385845074287     
  -1.8508214247881176      ,  -1.8446642303873391      ,  -1.4440985090625240     
  -1.8855579102988027      ,  -1.8800923057294496      ,  -1.5094211411549825     
  -1.9042569341524658      ,  -1.9003620552261886      ,  -1.5715652975031595     
  -1.9043993188441026      ,  -1.9031827982302114      ,  -1.6290549666315841     
  -1.8839370701696654      ,  -1.8866851170226828      ,  -1.6803267568421569     
  -1.8415317507377300      ,  -1.8496363551116888      ,  -1.7237959816215145     
  -1.7768060632792131      ,  -1.7916380410675179      ,  -1.7579391792960299     
  -1.6905652743594173      ,  -1.7132726957006661      ,  -1.7813877595971110     
  -1.5849240370095843      ,  -1.6161684807156373      ,  -1.7930244250309093     
  -1.4632762150750298      ,  -1.5029588695350191      ,  -1.7920717886868647     
  -1.3300721420482489      ,  -1.3771305048812259      ,  -1.7781619623086107     
  -1.1904107408399351      ,  -1.2427725453127778      ,  -1.7513773102249932     
  -1.0495033399097855      ,  -1.1042599496768615      ,  -1.7122560386931081     
 -0.91210843038037459      , -0.96591582889212391      ,  -1.6617612036872165     
 -0.78205348751551906      , -0.83170052098099057      ,  -1.6012170039848961     
 -0.66195129265421337      , -0.70496700230654741      ,  -1.5322206851177955     
 -0.55319548350663783      , -0.58830656487150945      ,  -1.4565410779602899     
 -0.45624941907383654      , -0.48349030064061937      ,  -1.3760153333794944     
 -0.37109618501159525      , -0.39149578312941646      ,  -1.2924539848468182     
 -0.29760581347514775      , -0.31259772590773183      ,  -1.2075617072594529     
 -0.23564696967456664      , -0.24649732083023929      ,  -1.1228778477963137     
 -0.18497786475224673      , -0.19246644036208602      ,  -1.0397377047734631     
 -0.14509268084032914      , -0.14948788969210711      , -0.95925310181428824     
 -0.11516361522919588      , -0.11637925082458615      , -0.88230924416551371     
  -9.4090434797846803E-002 ,  -9.1893903499562668E-002 , -0.80957411805612767     
  -8.0597241930349270E-002 ,  -7.4797586472046762E-002 , -0.74151662997261869     
  -7.3330476251676185E-002 ,  -6.3922072050415557E-002 , -0.67843005825751912     
  -7.0948378900604486E-002 ,  -5.8199293618304448E-002 , -0.62045799615403852     
  -7.2214033706671787E-002 ,  -5.6679925827361408E-002 , -0.56762064194083117     
  -7.6102555405351158E-002 ,  -5.8540348368154201E-002 , -0.51983993214592517     
  -8.1900732665936199E-002 ,  -6.3081452805168317E-002 , -0.47696256091195804     
  -8.9246545398357247E-002 ,  -6.9722116155089525E-002 , -0.43878036149152644     
  -9.8068765225426763E-002 ,  -7.7989515728857151E-002 , -0.40504784664213661     
 -0.10843461603309937      ,  -8.7507878633341765E-002 , -0.37549692761449566     
 -0.12036288017549134      ,  -9.7986779594274140E-002 , -0.34984897538591037     
 -0.13368701251547216      , -0.10920972673848564      , -0.32782447175601614     
 -0.14803248685902182      , -0.12102349597512529      , -0.30915053859972014     
 -0.16290690322355567      , -0.13332847406205278      , -0.29356664452594172     
 -0.17784439413284950      , -0.14607013108359065      , -0.28082877981958682     
 -0.19253847652777845      , -0.15923164952925400      , -0.27071237047079422     
 -0.20692125621982743      , -0.17282767687931797      , -0.26301417569665608     
 -0.22117160970785146      , -0.18689913183338283      , -0.25755338429269542     
 -0.23565347589416286      , -0.20150897378470639      , -0.25417209580375427     
 -0.25079990432583371      , -0.21673883553326737      , -0.25273534436015060     
 -0.26697340210310505      , -0.23268641671678922      , -0.25313079693558804     
 -0.28434843054334014      , -0.24946353727361886      , -0.25526823416466127     
 -0.30286583740573414      , -0.26719475444867991      , -0.25907890083227025     
 -0.32228792554827734      , -0.28601645195124986      , -0.26451479464037853     
 -0.34233779570955303      , -0.30607631475629160      , -0.27154794566341145     
 -0.36286158129548757      , -0.32753310681370912      , -0.28016972472774587     
 -0.38393988707297783      , -0.35055667081892139      , -0.29039020643681313     
 -0.40590572424730204      , -0.37532806847835753      , -0.30223760130804356     
 -0.42927849652319727      , -0.40203977563750370      , -0.31575776104721937     
 -0.45466202412839357      , -0.43089583842782897      , -0.33101375087482215     
 -0.48265536463301228      , -0.46211188333042980      , -0.34808547250654798     
 -0.51379249663632687      , -0.49591485471487706      , -0.36706931029059908     
 -0.54849616623960362      , -0.53254232681396518      , -0.38807776046718501     
 -0.58703572308508711      , -0.57224120193494643      , -0.41123898881699250     
 -0.62950697937165145      , -0.61526556162170254      , -0.43669624430404413     
 -0.67586325847551498      , -0.66187338119341854      , -0.46460703482419996     
 -0.72600418475028539      , -0.71232174967747208      , -0.49514194493394065     
 -0.77989151656117262      , -0.76686015654029704      , -0.52848294357277537     
 -0.83763795222266024      , -0.82572131529877424      , -0.56482099157809673     
 -0.89952418550465330      , -0.88910889631946843      , -0.60435271386681955     
 -0.96593983065599931      , -0.95718144561732144      , -0.64727584989268017     
  -1.0372857635637078      ,  -1.0300316888973573      , -0.69378314002236041     
  -1.1138808169780643      ,  -1.1076603862467747      , -0.74405424852281254     
  -1.1958801981523692      ,  -1.1899439527310121      , -0.79824527282869806     
  -1.2831799895855183      ,  -1.2765952520927344      , -0.85647535524582685     
  -1.3752973942932449      ,  -1.3671173852263221      , -0.91880991527361622     
  -1.4712691136819325      ,  -1.4607510350535038      , -0.98524008462433921     
  -1.5696371794251760      ,  -1.5564171138177354      ,  -1.0556580887928402     
  -1.6685471703071895      ,  -1.6526582029154728      ,  -1.1298286242713289     
  -1.7658965578193266      ,  -1.7475846497656911      ,  -1.2073567810173433     
  -1.8594203380690904      ,  -1.8388341462472721      ,  -1.2876538045436170     
  -1.9466378800802298      ,  -1.9235568958115867      ,  -1.3699030094540989     
  -2.0246814508597688      ,  -1.9984414754470683      ,  -1.4530294256971485     
  -2.0901088812721595      ,  -2.0597981597360326      ,  -1.5356781714554506     
  -2.1388236649848653      ,  -2.1037152903137084      ,  -1.6162078635177315     
  -2.1661998041691781      ,  -2.1262985059202357      ,  -1.6927062008074754     
  -2.1674680414445429      ,  -2.1239908924464261      ,  -1.7630346532475247     
  -2.1383627491026092      ,  -2.0939542405694795      ,  -1.8249073791125396     
  -2.0759370739547705      ,  -2.0344698460352229      ,  -1.8760056647451384     
  -1.9793480873316782      ,  -1.9452969176045305      ,  -1.9141233645507050     
  -1.8503608684333126      ,  -1.8279153874829066      ,  -1.9373317682185185     
  -1.6933888373130708      ,  -1.6855855241203963      ,  -1.9441455890870691     
  -1.5150670617725450      ,  -1.5231832073349167      ,  -1.9336674312105187     
  -1.3235116344334392      ,  -1.3468136481388202      ,  -1.9056880830014979     
  -1.1274263850811550      ,  -1.1632561703974931      ,  -1.8607252165892612     
 -0.93516314011647106      , -0.97933229922058140      ,  -1.7999928104286804     
 -0.75384743402999910      , -0.80130503042066714      ,  -1.7253055011865772     
 -0.58863512319931921      , -0.63440384938197447      ,  -1.6389329214769353     
 -0.44215079228168713      , -0.48253394132337513      ,  -1.5434260887480573     
 -0.31449425107924034      , -0.34818283590830196      ,  -1.4414396800717835     
 -0.20426027621778051      , -0.23249812814134732      ,  -1.3355709038006018     
 -0.11008672207128536      , -0.13548555971593074      ,  -1.2282293332833776     
  -3.1532052142721249E-002 ,  -5.6269906219155272E-002 ,  -1.1215446562215881     
   3.1249886696878670E-002 ,   6.6318975710786821E-003 ,  -1.0173126590833490     
   7.8428844664715142E-002 ,   5.5061524558877140E-002 , -0.91697499538263172     
  0.11106133988462197      ,   9.1014157251776917E-002 , -0.82162566727776609     
  0.13099799175715704      ,  0.11648438835860699      , -0.73203639435533829     
  0.14052964366558793      ,  0.13336077817771405      , -0.64869359043157415     
  0.14209146716875201      ,  0.14336166147433382      , -0.57184093095123456     
  0.13805165280064496      ,  0.14800295290998974      , -0.50152299788620158     
  0.13060352904408296      ,  0.14858893126008563      , -0.43762692591034791     
  0.12168073176916835      ,  0.14621829166196354      , -0.37992018122204974     
  0.11273467774190055      ,  0.14179943589764171      , -0.32808352909402183     
  0.10447442993481687      ,  0.13607060347492927      , -0.28173890008174274     
   9.6835068041297628E-002 ,  0.12962183015824019      , -0.24047229154001515     
   8.9246714568780000E-002 ,  0.12291679566143585      , -0.20385209363802392     
   8.1104557974519986E-002 ,  0.11631340530896644      , -0.17144335712803233     
   7.2260877885471392E-002 ,  0.11008249150981247      , -0.14281856471464840     
   6.3241381261531809E-002 ,  0.10442437711713656      , -0.11756546009112379     
   5.5027079250759024E-002 ,   9.9483265975480822E-002 ,  -9.5292450698742537E-002
   4.8626604659922357E-002 ,   9.5359557810579046E-002 ,  -7.5632046969053610E-002
   4.4744413366127757E-002 ,   9.2120256097234787E-002 ,  -5.8242741815565935E-002
   4.3618305494277074E-002 ,   8.9807670522331809E-002 ,  -4.2809675278040152E-002
   4.4991002737113941E-002 ,   8.8446624947945987E-002 ,  -2.9044373790967137E-002
   4.8199013367591866E-002 ,   8.8050377067792895E-002 ,  -1.6683803224649796E-002
   5.2370200419149554E-002 ,   8.8625443418063860E-002 ,  -5.4889303017962065E-003
   5.6716733602618953E-002 ,   9.0175506903978228E-002 ,   4.7570517042281801E-003
   6.0840353697948539E-002 ,   9.2704565893845861E-002 ,   1.4250710197358178E-002
   6.4899528206082954E-002 ,   9.6219465629758111E-002 ,   2.3170478593267770E-002
   6.9542099483708902E-002 ,  0.10073193503900983      ,   3.1678808289697137E-002
   7.5636812699811526E-002 ,  0.10626023546901686      ,   3.9924315065625528E-002
   8.3942011080464493E-002 ,  0.11283051264599034      ,   4.8043883403733036E-002
   9.4869512741729528E-002 ,  0.12047792935848968      ,   5.6164704860415256E-002
  0.10841952972416438      ,  0.12924764397219127      ,   6.4406236612651963E-002
  0.12424891853003182      ,  0.13919568879702723      ,   7.2882074089193616E-002
  0.14180005356031655      ,  0.15038979239713457      ,   8.1701737491125151E-002
  0.16044283360157716      ,  0.16291018095003260      ,   9.0972376317400280E-002
  0.17959907118594759      ,  0.17685038546522014      ,  0.10080039897459114     
  0.19886087899889615      ,  0.19231807375030874      ,  0.11129303635303416     
  0.21812477103224792      ,  0.20943591808758993      ,  0.12255984902471209     
  0.23767236267283273      ,  0.22834250119983526      ,  0.13471418753482758     
  0.25810482271453411      ,  0.24919325368583059      ,  0.14787461413054032     
  0.28017682520887321      ,  0.27216140501006614      ,  0.16216629213985403     
  0.30466235491174126      ,  0.29743891648856235      ,  0.17772234594660688     
  0.33228583225490343      ,  0.32523734746483168      ,  0.19468518987864572     
  0.36363970306474386      ,  0.35578858369275485      ,  0.21320781800241143     
  0.39905097110991206      ,  0.38934532818804513      ,  0.23345503833546014     
  0.43847168610597204      ,  0.42618121744158366      ,  0.25560462372991749     
  0.48149499720682165      ,  0.46659037743175252      ,  0.27984833683908750     
  0.52752867617662780      ,  0.51088617139247883      ,  0.30639276713294245     
  0.57608100644575078      ,  0.55939881143258230      ,  0.33545989260639347     
  0.62705666823399653      ,  0.61247140525082377      ,  0.36728724609690205     
  0.68090805864502835      ,  0.67045388387585647      ,  0.40212752422049775     
  0.73853065603341517      ,  0.73369410400377422      ,  0.44024742390437027     
  0.80099589968993756      ,  0.80252523878664739      ,  0.48192542541007199     
  0.86936720135025314      ,  0.87724836805713469      ,  0.52744816004763362     
  0.94468492849258845      ,  0.95810896533412482      ,  0.57710490493869326     
   1.0279071921533047      ,   1.0452657805728223      ,  0.63117963775002872     
   1.1195827533003408      ,   1.1387504820354777      ,  0.68993996663175328     
   1.2193670816309075      ,   1.2384164273482181      ,  0.75362213632406572     
   1.3257753770901468      ,   1.3438752066554114      ,  0.82241122208398265     
   1.4364772995581632      ,   1.4544203201472676      ,  0.89641559472431365     
   1.5490304407114650      ,   1.5689387609178072      ,  0.97563482829485038     
   1.6615658866656131      ,   1.6858136658766292      ,   1.0599205065801458     
   1.7729328206274950      ,   1.8028248692118054      ,   1.1489299706560232     
   1.8822002940832783      ,   1.9170593339240956      ,   1.2420740599845279     
   1.9878699575925169      ,   2.0248499264203508      ,   1.3384614507544750     
   2.0872616326051370      ,   2.1217681005363196      ,   1.4368443490931841     
   2.1762194691266208      ,   2.2027020523138305      ,   1.5355729780716709     
   2.2490264215252393      ,   2.2620538223631388      ,   1.6325691829374855     
   2.2985729183722770      ,   2.2940825631095625      ,   1.7253318865775926     
   2.3170496007368206      ,   2.2934025096515773      ,   1.8109879719485740     
   2.2972594918711113      ,   2.2556108582566328      ,   1.8864000927656583     
   2.2342098381578395      ,   2.1779756365249536      ,   1.9483366994347122     
   2.1263958987310887      ,   2.0600674067786091      ,   1.9936988387326597     
   1.9762876967535914      ,   1.9041894755754216      ,   2.0197843039439829     
   1.7898897894781243      ,   1.7154692943814802      ,   2.0245557812127513     
   1.5757185649740917      ,   1.5015302430138926      ,   2.0068705581414674     
   1.3437662964712243      ,   1.2717598040209583      ,   1.9666297015238157     
   1.1046856296155363      ,   1.0362971825751546      ,   1.9048163682796677     
  0.86898433745007908      ,  0.80493991239132967      ,   1.8234138682300103     
  0.64616391954323660      ,  0.58618396610125834      ,   1.7252181534258575     
  0.44385437699763841      ,  0.38656124625243360      ,   1.6135790714816123     
  0.26654458587114960      ,  0.21034630813473335      ,   1.4921143988777912     
  0.11442393499339150      ,   5.9608695163686748E-002 ,   1.3644388805009304     
  -1.5573627201671228E-002 ,  -6.5479933137011226E-002 ,   1.2339398472094227     
 -0.12654038127963169      , -0.16620055027530495      ,   1.1036162944159156     
 -0.21928693819075545      , -0.24481000764352695      ,  0.97598429919751772     
 -0.29285258700166739      , -0.30410886996064257      ,  0.85304136147876719     
 -0.34670396065405368      , -0.34709476490187574      ,  0.73627664433751827     
 -0.38217321216791589      , -0.37671289195006802      ,  0.62671257737338548     
 -0.40210612651525152      , -0.39569614814294074      ,  0.52496455981118595     
 -0.41001534183882998      , -0.40647782964416257      ,  0.43130818574931273     
 -0.40963773206736626      , -0.41115746707718875      ,  0.34574645755035577     
 -0.40450661230838403      , -0.41150210621487715      ,  0.26807221390270930     
 -0.39768263531667480      , -0.40896890310199524      ,  0.19792318892810590     
 -0.39177761076067003      , -0.40473875859198022      ,  0.13482868670199558     
 -0.38862842158145394      , -0.39975409662649936      ,   7.8247876867343358E-002
 -0.38872912354060690      , -0.39475651542952789      ,   2.7600314319150377E-002
 -0.39129557366517820      , -0.39032191242298492      ,  -1.7710416716385423E-002
 -0.39496515969012430      , -0.38689192741735651      ,  -5.8278932325788971E-002
 -0.39860354151236749      , -0.38480132170628584      ,  -9.4685166360762144E-002
 -0.40203472113008676      , -0.38430135678688487      , -0.12748546907213734     
 -0.40621064142767199      , -0.38557946906189577      , -0.15720688788408219     
 -0.41244374392613453      , -0.38877563790933228      , -0.18434394603443194     
 -0.42151667008786559      , -0.39399586905819672      , -0.20935734501658584     
 -0.43352627676070116      , -0.40132319833040991      , -0.23267411661505247     
 -0.44815680760712540      , -0.41082658358391927      , -0.25468883757681537     
 -0.46489507286991960      , -0.42256800707019559      , -0.27576559431625691     
 -0.48314655437273973      , -0.43660806267782115      , -0.29624044721241904     
 -0.50233710248852947      , -0.45301025559336150      , -0.31642419513785502     
 -0.52212471307741803      , -0.47184419680003337      , -0.33660528206910106     
 -0.54263318823659457      , -0.49318783156868379      , -0.35705272011539529     
 -0.56444832730749162      , -0.51712879917563415      , -0.37801892807114496     
 -0.58838841847495205      , -0.54376497977004823      , -0.39974240249018106     
 -0.61526170290578497      , -0.57320424278403181      , -0.42245014997122587     
 -0.64568872793848264      , -0.60556336871600913      , -0.44635981535506558     
 -0.68002204898073115      , -0.64096607180850518      , -0.47168144125200534     
 -0.71838998868860582      , -0.67954000459510544      , -0.49861879002709569     
 -0.76070891319039224      , -0.72141257642418488      , -0.52737015029433365     
 -0.80660119826265964      , -0.76670536747726248      , -0.55812853633776005     
 -0.85546195000681124      , -0.81552686917319506      , -0.59108117101442681     
 -0.90673949805416643      , -0.86796323453109814      , -0.62640812116689004     
 -0.96021410112098926      , -0.92406668383501045      , -0.66427993038313904     
  -1.0161188244769923      , -0.98384119101453216      , -0.70485406880495360     
  -1.0750270638853492      ,  -1.0472250883707017      , -0.74826999640014280     
  -1.1375347258404818      ,  -1.1140702913966432      , -0.79464261903395428     
  -1.2039847509821937      ,  -1.1841179882630797      , -0.84405391227026083     
  -1.2744305455066938      ,  -1.2569708943107780      , -0.89654250528706636     
  -1.3486911540093338      ,  -1.3320625811600497      , -0.95209106900782137     
  -1.4262375260220603      ,  -1.4086249955284553      ,  -1.0106114543405447     
  -1.5059012609918276      ,  -1.4856561204709910      ,  -1.0719276969676881     
  -1.5856755376497602      ,  -1.5618908147046162      ,  -1.1357572641826892     
  -1.6628941257978169      ,  -1.6357791596741007      ,  -1.2016912837629112     
  -1.7347598863637836      ,  -1.7054780339848252      ,  -1.2691749722667758     
  -1.7988379628678091      ,  -1.7688628873783263      ,  -1.3374900584707226     
  -1.8531629927406419      ,  -1.8235674200729917      ,  -1.4057416326856329     
  -1.8959430857078492      ,  -1.8670585584756816      ,  -1.4728524544807782     
  -1.9251381991981527      ,  -1.8967521385750084      ,  -1.5375681751794532     
  -1.9382580195448884      ,  -1.9101705150628026      ,  -1.5984769812271005     
  -1.9325307670370429      ,  -1.9051366868038477      ,  -1.6540466183546458     
  -1.9053450026492174      ,  -1.8799909029060546      ,  -1.7026804229180070     
  -1.8548082901579501      ,  -1.8338064567641899      ,  -1.7427917898376235     
  -1.7803026531249753      ,  -1.7665738233804884      ,  -1.7728935811366489     
  -1.6829040579916295      ,  -1.6793193399910480      ,  -1.7916957382361516     
  -1.5655234588397631      ,  -1.5741287994909499      ,  -1.7982014834472844     
  -1.4326863835431300      ,  -1.4540585711738296      ,  -1.7917907942460058     
  -1.2899797504139137      ,  -1.3229355864692047      ,  -1.7722800115972297     
  -1.1433158858471990      ,  -1.1850684983651558      ,  -1.7399488134297523     
 -0.99822151162519812      ,  -1.0449098261764556      ,  -1.6955300711564372     
 -0.85929947874485302      , -0.90671780055009554      ,  -1.6401634518064443     
 -0.72990120565849792      , -0.77426443399857336      ,  -1.5753188259838156     
 -0.61201852892462894      , -0.65062418559314306      ,  -1.5026994293425207     
 -0.50644913908823008      , -0.53805960856055846      ,  -1.4241365517228026     
 -0.41323143268097778      , -0.43800192017994610      ,  -1.3414871510683963     
 -0.33214812299799851      , -0.35111004356225739      ,  -1.2565436330226010     
 -0.26301203204349693      , -0.27738372851379317      ,  -1.1709618668190174     
 -0.20563314604265887      , -0.21630490680726164      ,  -1.0862101432000582     
 -0.15962783586265836      , -0.16698485479310698      ,  -1.0035388660824414     
 -0.12429187542564607      , -0.12830075441590932      , -0.92396866930221366     
  -9.8609507875199995E-002 ,  -9.9011800828282467E-002 , -0.84829344980179178     
  -8.1336718028437865E-002 ,  -7.7850703932708876E-002 , -0.77709439787087953     
  -7.1097075224059419E-002 ,  -6.3590613793592488E-002 , -0.71076127246323817     
  -6.6474281544198238E-002 ,  -5.5090083998159803E-002 , -0.64951768650273467     
  -6.6104916351728021E-002 ,  -5.1319928652182122E-002 , -0.59344783846858606     
  -6.8784807575811693E-002 ,  -5.1376111790610725E-002 , -0.54252281249798806     
  -7.3589527639008362E-002 ,  -5.4482506497482014E-002 , -0.49662518528688282     
  -7.9965173314076737E-002 ,  -5.9986771525834218E-002 , -0.45557118450738321     
  -8.7727514970712780E-002 ,  -6.7351918144290771E-002 , -0.41913003141958882     
  -9.6946107491254610E-002 ,  -7.6145498697450006E-002 , -0.38704037906701927     
 -0.10774777287538148      ,  -8.6027798752510112E-002 , -0.35902394463510756     
 -0.12011999821189882      ,  -9.6739974650656230E-002 , -0.33479655016284376     
 -0.13380707954603588      , -0.10809274326090544      , -0.31407684844854894     
 -0.14834259625835794      , -0.11995598579839001      , -0.29659303637498741     
 -0.16318218783776101      , -0.13224945471734162      , -0.28208785835243927     
 -0.17786300490343276      , -0.14493465480064185      , -0.27032218738771446     
 -0.19213168307343867      , -0.15800789211005009      , -0.26107744707156139     
 -0.20600838188476614      , -0.17149443591142843      , -0.25415710912940392     
 -0.21977274593347002      , -0.18544371031143450      , -0.24938747116086327     
 -0.23387429158478334      , -0.19992541770844602      , -0.24661788975310234     
 -0.24878839943305028      , -0.21502649063002746      , -0.24572061646105828     
 -0.26485945165604258      , -0.23084876878264615      , -0.24659035883437774     
 -0.28218786924537453      , -0.24750730180244249      , -0.24914366600070298     
 -0.30061399922075921      , -0.26512918355277493      , -0.25331821830752771     
 -0.31981810203268068      , -0.28385282959556735      , -0.25907208303752821     
 -0.33949839236636131      , -0.30382761469181757      , -0.26638298299531660     
 -0.35954406237630221      , -0.32521379106320952      , -0.27524761149537930     
 -0.38012475727806677      , -0.34818260996592526      , -0.28568101558953890     
 -0.40166947462907349      , -0.37291656820932029      , -0.29771605884614949     
 -0.42476807899410846      , -0.39960969688581727      , -0.31140296518496530     
 -0.45005855312570969      , -0.42846780097640164      , -0.32680893569513642     
 -0.47814527893548647      , -0.45970854475326928      , -0.34401782048743806     
 -0.50954712173901451      , -0.49356125796539929      , -0.36312981686817919     
 -0.54464972186654670      , -0.53026631045188799      , -0.38426115281641809     
 -0.58365972982331771      , -0.57007386672513005      , -0.40754370016543978     
 -0.62659399151798334      , -0.61324178576453203      , -0.43312444421807728     
 -0.67333604948375558      , -0.66003237338925247      , -0.46116471487057925     
 -0.72375444017919288      , -0.71070762410160104      , -0.49183905773979042     
 -0.77783413228312881      , -0.76552250598750449      , -0.52533359135827784     
 -0.83575597473277929      , -0.82471574748206744      , -0.56184365743896569     
 -0.89788447458636522      , -0.88849748268377926      , -0.60157052509409392     
 -0.96467916841122003      , -0.95703301110356997      , -0.64471685702333670     
  -1.0365851007938252      ,  -1.0304218440011301      , -0.69148058764199649     
  -1.1139440785337695      ,  -1.1086711689674305      , -0.74204680358594444     
  -1.1969154858540123      ,  -1.1916629079707703      , -0.79657716295425818     
  -1.2853686337516923      ,  -1.2791137317463777      , -0.85519635278332806     
  -1.3787484031424164      ,  -1.3705278083744008      , -0.91797508300500474     
  -1.4759821982890917      ,  -1.4651428133852800      , -0.98490917658624821     
  -1.5755069962246915      ,  -1.5618709377351614      ,  -1.0558944769156287     
  -1.6754190841604080      ,  -1.6592384213378226      ,  -1.1306976022292721     
  -1.7736465862576338      ,  -1.7553295920387670      ,  -1.2089230872994532     
  -1.8680118018840286      ,  -1.8477444638281029      ,  -1.2899782167765024     
  -1.9561215870973423      ,  -1.9335823784575716      ,  -1.3730379039287575     
  -2.0351404497994086      ,  -2.0094673378281551      ,  -1.4570132840711101     
  -2.1015743994983382      ,  -2.0716324741702135      ,  -1.5405291632885045     
  -2.1511926971784314      ,  -2.1160799622598705      ,  -1.6219168435451898     
  -2.1791779270955125      ,  -2.1388267571723301      ,  -1.6992297223010837     
  -2.1805557873992663      ,  -2.1362343452227091      ,  -1.7702888766971601     
  -2.1508969358159487      ,  -2.1054020599515408      ,  -1.8327639813947796     
  -2.0871820653105275      ,  -2.0445807668991480      ,  -1.8842909353405151     
  -1.9886106244994890      ,  -1.9535423966589387      ,  -1.9226215166584080     
  -1.8570898694154161      ,  -1.8338290488603362      ,  -1.9457930344686416     
  -1.6972295699174791      ,  -1.6888114028237018      ,  -1.9522989358118306     
  -1.5158657494448609      ,  -1.5235141097589926      ,  -1.9412368422279591     
  -1.3212923740277773      ,  -1.3442120210571691      ,  -1.9124105565793181     
  -1.1223642054627687      ,  -1.1578532144471796      ,  -1.8663681352799042     
 -0.92755988502210274      , -0.97140576902449882      ,  -1.8043683566136113     
 -0.74410577726615068      , -0.79124071353522030      ,  -1.7282803210774276     
 -0.57721885487061042      , -0.62264865754680543      ,  -1.6404321365977033     
 -0.42951409536316487      , -0.46954913069346166      ,  -1.5434317569348321     
 -0.30099848850202149      , -0.33440429339267902      ,  -1.4399846537350298     
 -0.19014541149436667      , -0.21830781663064763      ,  -1.3327295467317848     
  -9.5526672237786936E-002 , -0.12119519779513725      ,  -1.2241066936955947     
  -1.6716485797699528E-002 ,  -4.2115597683410992E-002 ,  -1.1162655197519116     
   4.6082228127143153E-002 ,   2.0486709436646308E-002 ,  -1.0110115465697123     
   9.3022804407742354E-002 ,   6.8517777469615099E-002 , -0.90978775496973741     
  0.12520035244035790      ,  0.10402626193743578      , -0.81368293448099915     
  0.14453667509525223      ,  0.12904874663052246      , -0.72345890814728753     
  0.15340124333748650      ,  0.14550507020936551      , -0.63958917068628618     
  0.15430126593773502      ,  0.15513562773870865      , -0.56230283043951657     
  0.14966077086018176      ,  0.15947093878374241      , -0.49162931722975295     
  0.14171455214326625      ,  0.15982416769303215      , -0.42744079806285401     
  0.13242954610721897      ,  0.15729872395344635      , -0.36949047281843572     
  0.12327456218820447      ,  0.15280484568268940      , -0.31744585488358845     
  0.11494837977307749      ,  0.14708076104513482      , -0.27091679461893292     
  0.10735231275008338      ,  0.14071543813105639      , -0.22947842460269577     
   9.9876460042458926E-002 ,  0.13417102251796589      , -0.19268945063371956     
   9.1891308098433683E-002 ,  0.12780384748378712      , -0.16010633292912446     
   8.3258601289113179E-002 ,  0.12188343978152048      , -0.13129393972555115     
   7.4544865658645862E-002 ,  0.11660929459036382      , -0.10583324203678925     
   6.6774501848139808E-002 ,  0.11212541045637760      ,  -8.3326575815892520E-002
   6.0975756920879878E-002 ,  0.10853270131855734      ,  -6.3400941043187109E-002
   5.7844983368700795E-002 ,  0.10589946947631626      ,  -4.5709745725188280E-002
   5.7593392937176545E-002 ,  0.10427015253733518      ,  -2.9933342086985087E-002
   5.9929919768176486E-002 ,  0.10367256371322282      ,  -1.5778645510833335E-002
   6.4159935371745136E-002 ,  0.10412383785823971      ,  -2.9780755577153233E-003
   6.9391116954357665E-002 ,  0.10563528140448651      ,   8.7119867305855848E-003
   7.4835329108574669E-002 ,  0.10821630655474181      ,   1.9513070123515407E-002
   8.0118724930844307E-002 ,  0.11187761099747581      ,   2.9626691293402192E-002
   8.5441236989472882E-002 ,  0.11663374533339807      ,   3.9236545986113792E-002
   9.1491414058662054E-002 ,  0.12250519210664432      ,   4.8510742915426050E-002
   9.9162536477919991E-002 ,  0.12952006322130361      ,   5.7604029240280456E-002
  0.10921840375207510      ,  0.13771550677706540      ,   6.6659972083182917E-002
  0.12206673276056447      ,  0.14713890001021801      ,   7.5813073027227965E-002
  0.13770636150738658      ,  0.15784889200725963      ,   8.5190802334656729E-002
  0.15579886241304525      ,  0.16991634801598865      ,   9.4915547152699190E-002
  0.17579153481685111      ,  0.18342523629126711      ,  0.10510647354626416     
  0.19705528334133299      ,  0.19847348819084690      ,  0.11588130609579436     
  0.21901377880878822      ,  0.21517385232113451      ,  0.12735803123493067     
  0.24127383560725804      ,  0.23365475348327366      ,  0.13965653162546596     
  0.26376935816882774      ,  0.25406115644904970      ,  0.15290015875808619     
  0.28683646348294450      ,  0.27655542254615456      ,  0.16721724963564050     
  0.31112691393430641      ,  0.30131813284431563      ,  0.18274259076972924     
  0.33742630312887628      ,  0.32854883440907107      ,  0.19961882863850883     
  0.36652717345350644      ,  0.35846664439448767      ,  0.21799781994534886     
  0.39918169850045326      ,  0.39131061915952309      ,  0.23804190709181647     
  0.43602863198291880      ,  0.42733976025768178      ,  0.25992509369566286     
  0.47744178272368698      ,  0.46683248383084736      ,  0.28383408103491098     
  0.52338693260108149      ,  0.51008532201043177      ,  0.30996910807541045     
  0.57341917342035431      ,  0.55741055142552731      ,  0.33854451411498021     
  0.62687523341138984      ,  0.60913235169282998      ,  0.36978891269851522     
  0.68320639504355185      ,  0.66558098285394907      ,  0.40394482676344723     
  0.74231069988697429      ,  0.72708433304494668      ,  0.44126758626840140     
  0.80467478173318108      ,  0.79395602623684047      ,  0.48202322918040019     
  0.87121931505539651      ,  0.86647909879151963      ,  0.52648507335109662     
  0.94298664721258585      ,  0.94488406424180749      ,  0.57492854014299799     
   1.0209512683263020      ,   1.0293200115880103      ,  0.62762371220481183     
   1.1060168231540151      ,   1.1198172657769607      ,  0.68482500244872102     
   1.1989306830649136      ,   1.2162401498838087      ,  0.74675720953346603     
   1.2998785356756910      ,   1.3182286351005581      ,  0.81359715612049432     
   1.4079346826338828      ,   1.4251283035935616      ,  0.88545008151459337     
   1.5208508069460744      ,   1.5359092905780751      ,  0.96232003866968674     
   1.6354923031592850      ,   1.6490769691601981      ,   1.0440737963954980     
   1.7486972450602922      ,   1.7625803520093120      ,   1.1303982621456463     
   1.8579397549264436      ,   1.8737286770511576      ,   1.2207523257973252     
   1.9613121738706543      ,   1.9791323337539792      ,   1.3143153831750887     
   2.0568634686364895      ,   2.0746905761774594      ,   1.4099366878493840     
   2.1417755293381249      ,   2.1556539445227054      ,   1.5060920462594489     
   2.2118622833346175      ,   2.2167915023342668      ,   1.6008569537318578     
   2.2615374186471793      ,   2.2526884218042524      ,   1.6919075042317528     
   2.2841895927415479      ,   2.2581843870692953      ,   1.7765613825387028     
   2.2729856083736837      ,   2.2289354566246842      ,   1.8518697931255470     
   2.2221407337178030      ,   2.1620431645734275      ,   1.9147661847452768     
   2.1284302343661592      ,   2.0566529170936714      ,   1.9622686169821451     
   1.9923923473031651      ,   1.9143940614837531      ,   1.9917204286638490     
   1.8186479088248113      ,   1.7395340488428781      ,   2.0010411052933321     
   1.6151818905116653      ,   1.5387608201874197      ,   1.9889499507456627     
   1.3920285535429124      ,   1.3205875736851553      ,   1.9551235362441517     
   1.1599683008332295      ,   1.0944698721640391      ,   1.9002562817400708     
  0.92947251534784192      ,  0.86980197130440695      ,   1.8260108125278076     
  0.70989243238297262      ,  0.65498696600371087      ,   1.7348662255019947     
  0.50880174702014014      ,  0.45674402410833626      ,   1.6298915649064565     
  0.33102545382733467      ,  0.27974115223213653      ,   1.5144830970439576     
  0.17753375555869932      ,  0.12655500924438956      ,   1.3921050714225933     
   4.5971103465491360E-002 ,  -2.1093609545281568E-003 ,   1.2660659784698975     
  -6.6638713981757192E-002 , -0.10703999294361360      ,   1.1393497488246689     
 -0.16147265375526587      , -0.19008160102014149      ,   1.0145082306768012     
 -0.23790425281314032      , -0.25371953242299472      ,  0.89361081724419855     
 -0.29533319269158542      , -0.30073129688479561      ,  0.77824067797363217     
 -0.33470289086740612      , -0.33392454246025399      ,  0.66952453904332021     
 -0.35844347593156911      , -0.35596005720225277      ,  0.56818335328088643     
 -0.36971928141470478      , -0.36924698732802863      ,  0.47459326396003948     
 -0.37198988285471657      , -0.37589322082260024      ,  0.38884895656509771     
 -0.36865925226370322      , -0.37769423707262845      ,  0.31082411065795684     
 -0.36278199437475556      , -0.37614639022080093      ,  0.24022584882287670     
 -0.35702361325901560      , -0.37247398388673925      ,  0.17664171537082027     
 -0.35340049998008372      , -0.36766269850571237      ,  0.11957883348917736     
 -0.35272396419513891      , -0.36249455027626887      ,   6.8495581330194732E-002
 -0.35450424212666759      , -0.35758150586839088      ,   2.2826506073900316E-002
 -0.35751640269874424      , -0.35339622047587044      ,  -1.7998639778078043E-002
 -0.36056094289270879      , -0.35029923678836039      ,  -5.4540824849171811E-002
 -0.36319073309894578      , -0.34856251030891594      ,  -8.7341759806201569E-002
 -0.36604488763945836      , -0.34838942264384626      , -0.11691723052267909     
 -0.37034225334713322      , -0.34993159229674742      , -0.14375306250130479     
 -0.37703141069120166      , -0.35330285041969134      , -0.16830313786135651     
 -0.38646421636784228      , -0.35859075534454887      , -0.19098898192971681     
 -0.39854309506895241      , -0.36586599856871060      , -0.21220052210168877     
 -0.41289001801325559      , -0.37519002047089617      , -0.23229769598738090     
 -0.42894474281094586      , -0.38662111437854607      , -0.25161264904947012     
 -0.44606447766809826      , -0.40021925684407017      , -0.27045231471455861     
 -0.46373333333946370      , -0.41604986199587363      , -0.28910121329269922     
 -0.48184218287881020      , -0.43418661921318441      , -0.30782434099060302     
 -0.50079305138374564      , -0.45471353602796433      , -0.32687004780146445     
 -0.52134610045913410      , -0.47772627159494169      , -0.34647282392138790     
 -0.54437004813675982      , -0.50333280959024207      , -0.36685592925790400     
 -0.57061262184196826      , -0.53165348217388397      , -0.38823381009042951     
 -0.60055602983848200      , -0.56282031778690689      , -0.41081425140154459     
 -0.63441828812101064      , -0.59697564414214421      , -0.43480021307211597     
 -0.67219555172657541      , -0.63426983296738892      , -0.46039129315319621     
 -0.71362205963216874      , -0.67485802422642949      , -0.48778475182937375     
 -0.75819593835840904      , -0.71889561443919947      , -0.51717601545449898     
 -0.80538738209511196      , -0.76653223684161209      , -0.54875856116675947     
 -0.85490047594423935      , -0.81790390218311593      , -0.58272305918769784     
 -0.90685104373133019      , -0.87312291159351063      , -0.61925562236534037     
 -0.96176688817890810      , -0.93226510369459192      , -0.65853498173058778     
  -1.0203624516136569      , -0.99535396770232754      , -0.70072837453749337     
  -1.0832513976372480      ,  -1.0623411591474730      , -0.74598590049483626     
  -1.1508361896145722      ,  -1.1330830190770358      , -0.79443307761640658     
  -1.2233450231588601      ,  -1.2073128544503686      , -0.84616131890993951     
  -1.3007716997190322      ,  -1.2846090303135032      , -0.90121606603373261     
  -1.3826038094089388      ,  -1.3643594057596606      , -0.95958237131782331     
  -1.4675173027098825      ,  -1.4457233725700702      ,  -1.0211678349887090     
  -1.5533618949310162      ,  -1.5275937779192856      ,  -1.0857830039380234     
  -1.6375759366101772      ,  -1.6085623533591964      ,  -1.1531196477268890     
  -1.7177628224783268      ,  -1.6868938939161400      ,  -1.2227277695525685     
  -1.7919988570215304      ,  -1.7605161903145281      ,  -1.2939927958138346     
  -1.8586709395188712      ,  -1.8270343129837907      ,  -1.3661151039794051     
  -1.9160010868919293      ,  -1.8837787772127064      ,  -1.4380948387112886     
  -1.9616215349505577      ,  -1.9278966816365157      ,  -1.5087257139824952     
  -1.9924698613259098      ,  -1.9564922881605553      ,  -1.5766020145148025     
  -2.0050038537070742      ,  -1.9668179842404507      ,  -1.6401430354681412     
  -1.9956266927232151      ,  -1.9565078935156675      ,  -1.6976384459203631     
  -1.9612708310218945      ,  -1.9238352622592316      ,  -1.7473162883833551     
  -1.9000794121993436      ,  -1.8679631247608479      ,  -1.7874324592804500     
  -1.8120190306361688      ,  -1.7891488963989355      ,  -1.8163767754887499     
  -1.6991983648551381      ,  -1.6888613174542515      ,  -1.8327867172578691     
  -1.5657426207876708      ,  -1.5697756537403367      ,  -1.8356565804305158     
  -1.4172618861995803      ,  -1.4356308657342878      ,  -1.8244281277482193     
  -1.2601197242592006      ,  -1.2909575812169940      ,  -1.7990497282333926     
  -1.1007184633878992      ,  -1.1407118013422741      ,  -1.7599946421626305     
 -0.94490172893111468      , -0.98986866166433762      ,  -1.7082349636031091     
 -0.79746900440692881      , -0.84303727905915227      ,  -1.6451744759519611     
 -0.66179666798486603      , -0.70414998917810345      ,  -1.5725497021054149     
