  0.67791611108736505      ,   2.1229450724483714      ,   1.4655193661558268     
   1.8484755237114370      ,   2.1929852415350255      ,   1.5610585270229873     
   2.2699390041593075      ,   2.2400776937172493      ,   1.6539053462152871     
   2.2682653779476785      ,   2.2589017442634218      ,   1.7415228812149708     
   2.0202536762110359      ,   2.2447042742917840      ,   1.8210630112943438     
   1.7006837519110281      ,   2.1939089102960634      ,   1.8894909061409448     
   1.5454648723781834      ,   2.1047402225179983      ,   1.9437656688917380     
   1.6076360875895102      ,   1.9777454803439807      ,   1.9810672081207392     
   1.5535003377515828      ,   1.8160821072783706      ,   1.9990464820024860     
   1.4968152944018702      ,   1.6254624622894605      ,   1.9960649989817625     
   1.2416565004270450      ,   1.4137129629515430      ,   1.9713841858516696     
   1.0769122059002365      ,   1.1899972664110152      ,   1.9252693066812612     
  0.85012363473178720      ,  0.96384218103004549      ,   1.8589865037522069     
  0.63031469439763621      ,  0.74415591195967179      ,   1.7746919444430655     
  0.48693186570406122      ,  0.53842131673974125      ,   1.6752329415465239     
  0.42251865956058288      ,  0.35218728446955988      ,   1.5638959838847664     
  0.25244351911006457      ,  0.18889565376218667      ,   1.4441420266186100     
  0.16697951459211058      ,   5.0001978019320249E-002 ,   1.3193650556489360     
   6.8768498869938299E-002 ,  -6.4700883798565631E-002 ,   1.1926989228874905     
  -3.4803628718904779E-002 , -0.15666063759309845      ,   1.0668841267543117     
  -9.2963390738207821E-002 , -0.22813426990100699      ,  0.94419438639734021     
 -0.14364350117085253      , -0.28180797976757588      ,  0.82641469034470127     
 -0.19585337903026823      , -0.32049834109380249      ,  0.71485843581946695     
 -0.22661851798325539      , -0.34694074961631782      ,  0.61041059040920653     
 -0.24598611406352028      , -0.36365620077566646      ,  0.51358530372947420     
 -0.28480985428933780      , -0.37288048745330526      ,  0.42458891988492709     
 -0.30977347907158531      , -0.37653861886822665      ,  0.34338204425120999     
 -0.32602155018849277      , -0.37624917459232166      ,  0.26973670639260389     
 -0.32939490142478467      , -0.37334652660465156      ,  0.20328652779630416     
 -0.34644191055463691      , -0.36891220776140959      ,  0.14356912745924336     
 -0.33972303426442862      , -0.36380958762195265      ,   9.0060855130340983E-002
 -0.36253216229340518      , -0.35871823902491112      ,   4.2204439621893741E-002
 -0.37759997852509969      , -0.35416596004674755      ,  -5.6961569239652996E-004
 -0.38943401247866710      , -0.35055746826940914      ,  -3.8826978221081797E-002
 -0.38871257801983694      , -0.34819944144875398      ,  -7.3117879548269940E-002
 -0.40719817294927396      , -0.34732196114584557      , -0.10396913675487859     
 -0.40932608193210435      , -0.34809661831423416      , -0.13187907821838246     
 -0.43096150423421292      , -0.35065163044657438      , -0.15731475324318300     
 -0.45257220046763502      , -0.35508434474769440      , -0.18071090378070817     
 -0.47781075409278451      , -0.36147149037983400      , -0.20247026648446861     
 -0.49249455366838879      , -0.36987751301508459      , -0.22296485238673353     
 -0.50587454563648793      , -0.38036128702789984      , -0.24253791924495635     
 -0.51614008708419312      , -0.39298146021187508      , -0.26150640862046931     
 -0.52245795072235091      , -0.40780064560972051      , -0.28016366693359418     
 -0.54199561451536793      , -0.42488863596647064      , -0.29878230811027573     
 -0.55867926201716167      , -0.44432477860534586      , -0.31761710598075332     
 -0.58144851764051320      , -0.46619961183729980      , -0.33690782818834025     
 -0.59769968143576246      , -0.49061582772856122      , -0.35688194075595159     
 -0.62456602727085420      , -0.51768858938690709      , -0.37775712423213165     
 -0.64023159010924169      , -0.54754519301577265      , -0.39974354894277481     
 -0.67582837378689820      , -0.58032402491292434      , -0.42304585861538374     
 -0.70426642073193801      , -0.61617272046811900      , -0.44786480869756806     
 -0.74714828935332411      , -0.65524538527947807      , -0.47439849813077212     
 -0.78077503037788254      , -0.69769868729453444      , -0.50284312115890861     
 -0.82612718045072142      , -0.74368657348523226      , -0.53339314892254241     
 -0.86286968801378205      , -0.79335330605295495      , -0.56624082914757556     
 -0.91123546372643760      , -0.84682445416439756      , -0.60157486641105617     
 -0.96190855410486398      , -0.90419542278911047      , -0.63957811587315860     
  -1.0218265846143741      , -0.96551705894731876      , -0.68042409129601356     
  -1.0858176978688849      ,  -1.0307778612015503      , -0.72427205599499500     
  -1.1557119152048321      ,  -1.0998823509037625      , -0.77126043706710912     
  -1.2311631877018137      ,  -1.1726252724491224      , -0.82149828508863920     
  -1.3069333742472382      ,  -1.2486615134322572      , -0.87505450283288311     
  -1.3936021755549901      ,  -1.3274720230237296      , -0.93194460068929952     
  -1.4773308599059434      ,  -1.4083266142620134      , -0.99211482113025040     
  -1.5699865054274353      ,  -1.4902454189606513      ,  -1.0554236320282695     
  -1.6540371887967418      ,  -1.5719619618454443      ,  -1.1216208443547895     
  -1.7427901296906974      ,  -1.6518923291820697      ,  -1.1903249890188543     
  -1.8188897799411559      ,  -1.7281166388091584      ,  -1.2610001085055818     
  -1.8975024454232052      ,  -1.7983807511966154      ,  -1.3329337815139992     
  -1.9624087317307528      ,  -1.8601274883067285      ,  -1.4052189689836077     
  -2.0241044284429526      ,  -1.9105669316404634      ,  -1.4767430611370855     
  -2.0678186648031431      ,  -1.9467938643396794      ,  -1.5461881616983577     
  -2.0982569391891670      ,  -1.9659562972366709      ,  -1.6120469374818855     
  -2.1028789204811722      ,  -1.9654717519920386      ,  -1.6726580056065574     
  -2.0843314000908602      ,  -1.9432777608327523      ,  -1.7262635486630262     
  -2.0354629773326502      ,  -1.8980912374186156      ,  -1.7710894706649931     
  -1.9585411273010001      ,  -1.8296406962393050      ,  -1.8054450031124267     
  -1.8527348336120373      ,  -1.7388294866500131      ,  -1.8278346624583925     
  -1.7217192692302117      ,  -1.6277909378168240      ,  -1.8370716452890137     
  -1.5696226474268258      ,  -1.4998095542228083      ,  -1.8323791687938058     
  -1.4021598667034514      ,  -1.3591048903602743      ,  -1.8134659116009328     
  -1.2274909991304397      ,  -1.2105014823689850      ,  -1.7805641330966038     
  -1.0518103867477995      ,  -1.0590317642324893      ,  -1.7344240464755345     
 -0.88434013534439559      , -0.90953204853726333      ,  -1.6762645840380972     
 -0.72898802197918389      , -0.76629045839720311      ,  -1.6076872838821734     
 -0.59183957959304223      , -0.63279111119684861      ,  -1.5305650890616394     
 -0.47171551612034435      , -0.51157614327258938      ,  -1.4469203331926654     
 -0.37011781769529667      , -0.40422348056081997      ,  -1.3588058440310067     
 -0.28290531662585322      , -0.31141976406450217      ,  -1.2682004526181798     
 -0.21050421719593987      , -0.23309778801163680      ,  -1.1769262441082506     
 -0.15029696431023515      , -0.16860623877588951      ,  -1.0865906987991416     
 -0.10323250805374198      , -0.11688420726929609      , -0.99855328422125944     
  -6.7565676941581096E-002 ,  -7.6620826960369842E-002 , -0.91391352682143312     
  -4.3480555991548410E-002 ,  -4.6388750188870759E-002 , -0.83351620498294843     
  -2.8826291489760535E-002 ,  -2.4747247274474339E-002 , -0.75796889974055193     
  -2.2686007095599175E-002 ,  -1.0315729998428632E-002 , -0.68766743138630215     
  -2.2539068457372767E-002 ,  -1.8214478280048640E-003 , -0.62282540323619306     
  -2.6745734576929442E-002 ,   1.8736213420180853E-003 , -0.56350492439458066     
  -3.2995185834508646E-002 ,   1.7615356216361129E-003 , -0.50964642339749555     
  -3.9951766192791373E-002 ,  -1.3118115952818158E-003 , -0.46109619835676158     
  -4.6615314273475893E-002 ,  -6.6396574477651698E-003 , -0.41763093670120399     
  -5.2835159767128173E-002 ,  -1.3643028666461270E-002 , -0.37897887546563841     
  -5.9212176075782788E-002 ,  -2.1857230537399887E-002 , -0.34483757807297111     
  -6.6336105816523647E-002 ,  -3.0917647516997382E-002 , -0.31488850072089442     
  -7.5228870294063638E-002 ,  -4.0545828998756465E-002 , -0.28880863680281205     
  -8.5887582909452156E-002 ,  -5.0536458215814865E-002 , -0.26627958437632082     
  -9.8609541195972233E-002 ,  -6.0745535952676205E-002 , -0.24699439830948178     
 -0.11222408586502940      ,  -7.1079928829461902E-002 , -0.23066257968419340     
 -0.12635876000170637      ,  -8.1488312368645233E-002 , -0.21701353068754367     
 -0.13943468553970340      ,  -9.1953464011745173E-002 , -0.20579877078846398     
 -0.15128763095175760      , -0.10248581711414667      , -0.19679317430099824     
 -0.16106862614172790      , -0.11311816375377477      , -0.18979545356896593     
 -0.16962235109226537      , -0.12390138486828309      , -0.18462807785078555     
 -0.17719736234461586      , -0.13490108585741281      , -0.18113678659492613     
 -0.18522181024097867      , -0.14619502096295234      , -0.17918982768631697     
 -0.19419325023189268      , -0.15787119815256992      , -0.17867702656820605     
 -0.20494316771922602      , -0.17002656630521587      , -0.17950877083502106     
 -0.21722712723104423      , -0.18276619714175962      , -0.18161497674609636     
 -0.23075504052480600      , -0.19620288481528092      , -0.18494408884528565     
 -0.24482651868886346      , -0.21045709584136973      , -0.18946215116338330     
 -0.25886892522253624      , -0.22565721072115474      , -0.19515197798646983     
 -0.27281575854482426      , -0.24194000588268194      , -0.20201244354666020     
 -0.28660861818104855      , -0.25945133017162558      , -0.21005790288735099     
 -0.30105609388645332      , -0.27834693379168085      , -0.21931775023200070     
 -0.31644201541670619      , -0.29879340902458551      , -0.22983611610438576     
 -0.33398373441719470      , -0.32096920087564484      , -0.24167169986552495     
 -0.35396213690783612      , -0.34506564151254326      , -0.25489772989084503     
 -0.37765290173992677      , -0.37128795436713680      , -0.26960203892761031     
 -0.40505602092186765      , -0.39985616123761175      , -0.28588723682235340     
 -0.43695457252095532      , -0.43100580761439661      , -0.30387095630563832     
 -0.47268474319467446      , -0.46498839643186035      , -0.32368613929883611     
 -0.51236319964102983      , -0.50207138687697239      , -0.34548132058916198     
 -0.55508935824165084      , -0.54253757078717313      , -0.36942085189663620     
 -0.60098893030268696      , -0.58668358224765382      , -0.39568499136519159     
 -0.64979080197454242      , -0.63481722373640304      , -0.42446976021377292     
 -0.70211015651418340      , -0.68725320205339335      , -0.45598643837758396     
 -0.75839387317022133      , -0.74430675725310036      , -0.49046053302116105     
 -0.81940174633033536      , -0.80628453708180048      , -0.52813000635325302     
 -0.88591959683707577      , -0.87347191981658512      , -0.56924249093951840     
 -0.95858514174490150      , -0.94611582648685610      , -0.61405115097201413     
  -1.0382399738555166      ,  -1.0244019038421510      , -0.66280876718600912     
  -1.1248422782583971      ,  -1.1084248294944457      , -0.71575953398672687     
  -1.2182990231223001      ,  -1.1981504370039850      , -0.77312796625371349     
  -1.3170611239032812      ,  -1.2933684551491871      , -0.83510423251032928     
  -1.4198928754649343      ,  -1.3936350120537007      , -0.90182518174023896     
  -1.5246589138866926      ,  -1.4982048238685792      , -0.97335034643113805     
  -1.6304043746675647      ,  -1.6059543643073384      ,  -1.0496323335922244     
  -1.7357068864887459      ,  -1.7152995155211928      ,  -1.1304813258783022     
  -1.8400655795091438      ,  -1.8241144286973070      ,  -1.2155239907546520     
  -1.9419136379754782      ,  -1.9296626473165661      ,  -1.3041580287422825     
  -2.0395087803335299      ,  -2.0285567510694142      ,  -1.3955049591156097     
  -2.1293853597142793      ,  -2.1167681279727408      ,  -1.4883655626288721     
  -2.2070796987280690      ,  -2.1897124730225968      ,  -1.5811845732323351     
  -2.2665071236300034      ,  -2.2424368401855683      ,  -1.6720334281675850     
  -2.3010030043643046      ,  -2.2699274515027903      ,  -1.7586215675428791     
  -2.3039108417458469      ,  -2.2675410704442771      ,  -1.8383470568267553     
  -2.2698530032635937      ,  -2.2315354793862863      ,  -1.9083951718011813     
  -2.1956471701004441      ,  -2.1596393728573404      ,  -1.9658881976733313     
  -2.0809406022379155      ,  -2.0515673608482117      ,  -2.0080809159886481     
  -1.9285186528489795      ,  -1.9093654042820782      ,  -2.0325851947350984     
  -1.7439238557653565      ,  -1.7374802521795818      ,  -2.0375963442642169     
  -1.5350696812530717      ,  -1.5424908645419049      ,  -2.0220870557072868     
  -1.3113859160067909      ,  -1.3325138890316865      ,  -1.9859351503616736     
  -1.0832703509473627      ,  -1.1163770895205816      ,  -1.9299604824015189     
 -0.86097206768379064      , -0.90271463970216792      ,  -1.8558625427495614     
 -0.65370282186611040      , -0.69915333805288005      ,  -1.7660691607004873     
 -0.46825686355010554      , -0.51172455627362157      ,  -1.6635226118661581     
 -0.30787639628724134      , -0.34456902251457822      ,  -1.5514380456062040     
 -0.17156574355794554      , -0.19992742058226354      ,  -1.4330689555593126     
  -5.5841679883861774E-002 ,  -7.8353635495356427E-002 ,  -1.3115070018535810     
   4.2449431902668526E-002 ,   2.0938678205007655E-002 ,  -1.1895322925370455     
  0.12426684662722459      ,   9.9683331970804839E-002 ,  -1.0695188846258392     
  0.18895760137962930      ,  0.16018938887226788      , -0.95339135265482711     
  0.23596349631734512      ,  0.20502955102225520      , -0.84262287340932207     
  0.26596061663485004      ,  0.23680505324691808      , -0.73826321303702513     
  0.28083188638009826      ,  0.25798571518553559      , -0.64098540203572851     
  0.28334491278238433      ,  0.27081406721431378      , -0.55114169936627055     
  0.27686832720570070      ,  0.27725876812910116      , -0.46882179683512121     
  0.26487313756265674      ,  0.27900274777112255      , -0.39390850780487019     
  0.25059906303187562      ,  0.27745373025931797      , -0.32612810965688144     
  0.23681773853872151      ,  0.27376767687771925      , -0.26509396378805872     
  0.22547121467787445      ,  0.26887844999022875      , -0.21034304104239709     
  0.21722989048070326      ,  0.26352928555378896      , -0.16136561312245876     
  0.21163518435055254      ,  0.25830338361003830      , -0.11762872548202521     
  0.20753215088817895      ,  0.25365213339961845      ,  -7.8594230329419618E-002
  0.20376988376550198      ,  0.24992028571985089      ,  -4.3732198406493103E-002
  0.19983470870717546      ,  0.24736787928073103      ,  -1.2530495478973122E-002
  0.19621156102723841      ,  0.24618901419420672      ,   1.5498761649762946E-002
  0.19397402110451695      ,  0.24652771658972086      ,   4.0815242249198726E-002
  0.19428245183476625      ,  0.24849120507191619      ,   6.3848395057936713E-002
  0.19803311228563961      ,  0.25216088680275600      ,   8.4996947291091016E-002
  0.20575547840822778      ,  0.25760140041147883      ,  0.10462953672164868     
  0.21746354100552592      ,  0.26486799812752337      ,  0.12308617297080882     
  0.23264530796880828      ,  0.27401252828755540      ,  0.14068028317307485     
  0.25034578007367547      ,  0.28508824596383264      ,  0.15770114704959190     
  0.26948407221541204      ,  0.29815364605313538      ,  0.17441656789863064     
  0.28928213215249593      ,  0.31327548066923111      ,  0.19107565995241765     
  0.30956905859058864      ,  0.33053109129916319      ,  0.20791165978693618     
  0.33083071993709340      ,  0.35001015569947541      ,  0.22514469075587282     
  0.35393072723324304      ,  0.37181591944846470      ,  0.24298442539145085     
  0.37976257144966619      ,  0.39606595177792658      ,  0.26163260189036275     
  0.40897611801627243      ,  0.42289243397840254      ,  0.28128535757025835     
  0.44202429363174389      ,  0.45244195537173576      ,  0.30213534479742682     
  0.47915345400500531      ,  0.48487475552864823      ,  0.32437359347328226     
  0.52038301578608015      ,  0.52036331095555033      ,  0.34819107871969512     
  0.56538188013586121      ,  0.55909011875466963      ,  0.37377994279216353     
  0.61354931120599809      ,  0.60124447776365575      ,  0.40133430624077332     
  0.66414109662101828      ,  0.64701800872700355      ,  0.43105058462564538     
  0.71663733037041177      ,  0.69659858914627970      ,  0.46312720335904639     
  0.77099962365672237      ,  0.75016230682968776      ,  0.49776357426593426     
  0.82771869628826766      ,  0.80786296208517894      ,  0.53515816326300703     
  0.88752553526593159      ,  0.86981857845954313      ,  0.57550543970562862     
  0.95115183335075582      ,  0.93609432723212493      ,  0.61899145589766924     
   1.0192801239396938      ,   1.0066812497723858      ,  0.66578776291098896     
   1.0926159853888151      ,   1.0814702020791576      ,  0.71604333133576936     
   1.1717581809981950      ,   1.1602205871984252      ,  0.76987412117325282     
   1.2567194889183353      ,   1.2425237379106899      ,  0.82734994640491488     
   1.3464618605755352      ,   1.3277613327337383      ,  0.88847832494687062     
   1.4388401114572293      ,   1.4150600519922343      ,  0.95318511823163443     
   1.5311913076592965      ,   1.5032448850857092      ,   1.0212919774044968     
   1.6211017714619065      ,   1.5907951368249806      ,   1.0924909602993793     
   1.7069312220851867      ,   1.6758092336481305      ,   1.1663171991790231     
   1.7876529975936657      ,   1.7559867539213359      ,   1.2421212063624751     
   1.8622929492645890      ,   1.8286383484215454      ,   1.3190432973004009     
   1.9292605822102908      ,   1.8907357477549998      ,   1.3959936298273332     
   1.9860261228260456      ,   1.9390139414672936      ,   1.4716423658616045     
   2.0290648781177261      ,   1.9701347168167749      ,   1.5444252179966029     
   2.0540755980483483      ,   1.9809139931688384      ,   1.6125698074137198     
   2.0563896022792978      ,   1.9686042965658759      ,   1.6741474332865141     
   2.0317122301519674      ,   1.9312090665239734      ,   1.7271526879999526     
   1.9770527720418749      ,   1.8677898948641325      ,   1.7696097139064220     
   1.8915578827253698      ,   1.7787157727778797      ,   1.7996990584772179     
   1.7768732963548983      ,   1.6658004180897077      ,   1.8158938485468463     
   1.6369397811262312      ,   1.5322841264031259      ,   1.8170896522382194     
   1.4774063218333779      ,   1.3826410816817760      ,   1.8027103842661085     
   1.3049882762152472      ,   1.2222271300857113      ,   1.7727740487535097     
   1.1269519434010218      ,   1.0568173954948450      ,   1.7279072363722550     
  0.95063068535082085      ,  0.89210699497372936      ,   1.6693051785598141     
  0.78279520343459252      ,  0.73325371885859658      ,   1.5986429288824242     
  0.62881008944145966      ,  0.58452759738698601      ,   1.5179506812892458     
  0.49184427823858690      ,  0.44910440619877645      ,   1.4294706036630744     
  0.37262601041164062      ,  0.32900804302432490      ,   1.3355131575457599     
  0.27010322202434284      ,  0.22517975761350253      ,   1.2383281301111788     
  0.18264616622407456      ,  0.13763619500143201      ,   1.1400007631493552     
  0.10899165244376445      ,   6.5674125912785541E-002 ,   1.0423779110055031     
   4.8423491368287747E-002 ,   8.0849226673441309E-003 ,  0.94702432864755492     
   4.2867431018014240E-004 ,  -3.6647959318350160E-002 ,  0.85520570116662220     
  -3.5669949336682980E-002 ,  -7.0183985503209742E-002 ,  0.76789306686827385     
  -6.0879342081532631E-002 ,  -9.4198889559875751E-002 ,  0.68578266487044659     
  -7.6621326950178037E-002 , -0.11029539148430681      ,  0.60932557376670549     
  -8.4773683938107303E-002 , -0.11994634888404937      ,  0.53876239312829344     
  -8.7578185245349480E-002 , -0.12446374781749646      ,  0.47415931772987213     
  -8.7385675029614363E-002 , -0.12498684092459350      ,  0.41544303521539272     
  -8.6287051758199895E-002 , -0.12248351306069007      ,  0.36243281295299978     
  -8.5714724676999060E-002 , -0.11776008759970902      ,  0.31486887817539688     
  -8.6203551666600126E-002 , -0.11147595722127562      ,  0.27243673610220331     
  -8.7453655399276062E-002 , -0.10416046098667439      ,  0.23478743889501760     
  -8.8633184368938162E-002 ,  -9.6230268745729916E-002 ,  0.20155404923322520     
  -8.8778429220941882E-002 ,  -8.8006169680094323E-002 ,  0.17236467135236386     
  -8.7173288803925733E-002 ,  -7.9728619465646910E-002 ,  0.14685248014890553     
  -8.3585571235580539E-002 ,  -7.1571715908854167E-002 ,  0.12466318963701144     
  -7.8287855442682797E-002 ,  -6.3655481380319207E-002 ,  0.10546038361411331     
  -7.1937299517896763E-002 ,  -5.6056462123818873E-002 ,   8.8929096525659293E-002
  -6.5393560693269168E-002 ,  -4.8816733180471229E-002 ,   7.4777989758615271E-002
  -5.9485482326503109E-002 ,  -4.1951440676735785E-002 ,   6.2740423449201291E-002
  -5.4749377905197363E-002 ,  -3.5455032936478358E-002 ,   5.2574679744355923E-002
  -5.1246654868366749E-002 ,  -2.9306336777311121E-002 ,   4.4063552248866676E-002
  -4.8549078938356187E-002 ,  -2.3472631137315080E-002 ,   3.7013479116549064E-002
  -4.5911353145102293E-002 ,  -1.7912860613176592E-002 ,   3.1253364298961861E-002
  -4.2550919680500961E-002 ,  -1.2580119031930273E-002 ,   2.6633202873642056E-002
  -3.7924276983504840E-002 ,  -7.4235194168164684E-003 ,   2.3022601941961349E-002
  -3.1901889268906039E-002 ,  -2.3895526643297050E-003 ,   2.0309267999732566E-002
  -2.4779510803492503E-002 ,   2.5769764294678002E-003 ,   1.8397514567913990E-002
  -1.7120820616035017E-002 ,   7.5323600723385788E-003 ,   1.7206829832404586E-002
  -9.5243082726190111E-003 ,   1.2533681512562971E-002 ,   1.6670532691262046E-002
  -2.4348245085133503E-003 ,   1.7638739228033853E-002 ,   1.6734536573687991E-002
   3.9478148321527417E-003 ,   2.2906157954650883E-002 ,   1.7356233333978746E-002
   9.6714057497563483E-003 ,   2.8395651775810059E-002 ,   1.8503504123173291E-002
   1.4980270294423425E-002 ,   3.4168411947193139E-002 ,   2.0153860122593532E-002
   2.0254328154346454E-002 ,   4.0287598573695890E-002 ,   2.2293713141477826E-002
   2.5968689674281720E-002 ,   4.6818920772964574E-002 ,   2.4917774122068557E-002
   3.2637657979518446E-002 ,   5.3831294641373525E-002 ,   2.8028576376258642E-002
   4.0710044801159584E-002 ,   6.1397572269541886E-002 ,   3.1636119741692989E-002
   5.0435017327910572E-002 ,   6.9595338313741359E-002 ,   3.5757631659391192E-002
   6.1777920191814391E-002 ,   7.8507773281989768E-002 ,   4.0417441327286856E-002
   7.4436190210784792E-002 ,   8.8224584786854909E-002 ,   4.5646963479192816E-002
   8.7951706880858446E-002 ,   9.8843009576148722E-002 ,   5.1484788894276025E-002
  0.10186194185297727      ,  0.11046889017470396      ,   5.7976879384914290E-002
  0.11584404387229046      ,  0.12321783041693192      ,   6.5176865672310277E-002
  0.12981427689063499      ,  0.13721643393795990      ,   7.3146447170941875E-002
  0.14395998127710985      ,  0.15260362868110805      ,   8.1955893190802181E-002
  0.15870366515947637      ,  0.16953207845828508      ,   9.1684645344361937E-002
  0.17463931533753929      ,  0.18816967925929715      ,  0.10242202090719046     
  0.19247182917370101      ,  0.20870113291326453      ,  0.11426801639108988     
  0.21294120790302018      ,  0.23132958326445305      ,  0.12733420946757795     
  0.23670217097353352      ,  0.25627828942655712      ,  0.14174475538966241     
  0.26417691972689494      ,  0.28379229583655963      ,  0.15763747088302618     
  0.29545746869290090      ,  0.31414003829503662      ,  0.17516499368889293     
  0.33031544194508972      ,  0.34761479704822135      ,  0.19449599897351566     
  0.36833295293556151      ,  0.38453586975492132      ,  0.21581644392278115     
  0.40911840394484827      ,  0.42524928569696840      ,  0.23933079802753432     
  0.45254468988733770      ,  0.47012781380497676      ,  0.26526319755009375     
  0.49889492820046605      ,  0.51956992601299135      ,  0.29385843679191381     
  0.54883850039539317      ,  0.57399725820589576      ,  0.32538267396696935     
  0.60328251999634397      ,  0.63384995688781476      ,  0.36012368314484444     
  0.66324850622457199      ,  0.69957910375106158      ,  0.39839042277848546     
  0.72982482892297673      ,  0.77163516659707754      ,  0.44051161226904401     
  0.80408875144716740      ,  0.85045113084173762      ,  0.48683290717601213     
  0.88687822746874467      ,  0.93641862573563228      ,  0.53771213779833738     
  0.97846340487643813      ,   1.0298549921469877      ,  0.59351192318830193     
   1.0783131183187649      ,   1.1309588877514196      ,  0.65458879492291688     
   1.1851526825455572      ,   1.2397517747754763      ,  0.72127777049431474     
   1.2973497628721204      ,   1.3560026313389530      ,  0.79387112490455902     
   1.4134273535830097      ,   1.4791337050455708      ,  0.87258995955215146     
   1.5323781101772733      ,   1.6081064368808913      ,  0.95754712642466444     
   1.6535704856801754      ,   1.7412893019177593      ,   1.0487002384026967     
   1.7763320696182354      ,   1.8763138155898438      ,   1.1457940364240928     
   1.8994574859157343      ,   2.0099318942507094      ,   1.2482924930836636     
   2.0207598384783583      ,   2.1378973961878445      ,   1.3553029398616954     
   2.1365903238760908      ,   2.2549064777318151      ,   1.4654974099608737     
   2.2413903076824004      ,   2.3546433513064033      ,   1.5770403371301229     
   2.3276295630558210      ,   2.4299858367995242      ,   1.6875364451886767     
   2.3864659480486154      ,   2.4734218891438644      ,   1.7940172231606923     
   2.4090392907845826      ,   2.4777056673536721      ,   1.8929871604190438     
   2.3879562619964960      ,   2.4367331707699966      ,   1.9805495722426576     
   2.3185420649179949      ,   2.3465443731214122      ,   2.0526239233744605     
   2.1996624932558717      ,   2.2062768910334571      ,   2.1052507294668348     
   2.0340273214189946      ,   2.0188375363135775      ,   2.1349578202379615     
   1.8278967596033733      ,   1.7910618331619277      ,   2.1391383069182974     
   1.5902784211010330      ,   1.5332228917328097      ,   2.1163745456471621     
   1.3319919840246375      ,   1.2579174386146803      ,   2.0666422782241312     
   1.0648640133854423      ,  0.97854134297999718      ,   1.9913488137310020     
  0.80087402296152610      ,  0.70769136313762082      ,   1.8931943560315410     
  0.55125216032860769      ,  0.45583824664640421      ,   1.7758848688803412     
  0.32561495914993310      ,  0.23050927023430751      ,   1.6437546594339536     
  0.13012286902738793      ,   3.6050505143438528E-002 ,   1.5013681551015559     
  -3.4957871341351317E-002 , -0.12611607209068093      ,   1.3531623917873992     
 -0.17447899239788134      , -0.25691646736808738      ,   1.2031709132144586     
 -0.29372182234015343      , -0.35892099368569275      ,   1.0548452921163320     
 -0.39452728355433475      , -0.43566570606659138      ,  0.91096991287466522     
 -0.47540038305827059      , -0.49109073009665027      ,  0.77365276665340721     
 -0.53456774437755505      , -0.52913030916021508      ,  0.64436993400604248     
 -0.57245773850111648      , -0.55344944453988010      ,  0.52404215255857545     
 -0.59158690787902679      , -0.56730092427670731      ,  0.41312580382037600     
 -0.59583334203779270      , -0.57347008422848955      ,  0.31170564749703555     
 -0.59016269347652783      , -0.57427697668179878      ,  0.21958131569322537     
 -0.57968140880440633      , -0.57161183544461391      ,  0.13634331255018414     
 -0.56871777985898764      , -0.56698665329823184      ,   6.1436906494710515E-002
 -0.56077052556526086      , -0.56159171937918373      ,  -5.7860203865394491E-003
 -0.55812521382794100      , -0.55635054902165548      ,  -6.6026161440253139E-002
 -0.56108696083875420      , -0.55196980285759600      , -0.12000557659049557     
 -0.56826872077365842      , -0.54898280315761561      , -0.16844453580434451     
 -0.57771712689678745      , -0.54778643087851842      , -0.21204493240616626     
 -0.58784348269461317      , -0.54867180518917957      , -0.25147893945101157     
 -0.59821816152672602      , -0.55184942003972071      , -0.28738176978518815     
 -0.60979778312973854      , -0.55746948611134617      , -0.32034758760914694     
 -0.62388974165435207      , -0.56563819546380900      , -0.35092779030212551     
 -0.64099703228920601      , -0.57643054706452279      , -0.37963102752785310     
 -0.66081590675213409      , -0.58990027587016369      , -0.40692444907360542     
 -0.68277032798291226      , -0.60608733244994850      , -0.43323577496980942     
 -0.70632904519222250      , -0.62502327145361625      , -0.45895586375767139     
 -0.73109429274255677      , -0.64673482781757508      , -0.48444152011735980     
 -0.75674318995066636      , -0.67124588940194041      , -0.51001833407320762     
 -0.78309233478251239      , -0.69857801281065290      , -0.53598338297267722     
 -0.81030330509901982      , -0.72874957445346822      , -0.56260765637729260     
 -0.83889140440181087      , -0.76177360083665890      , -0.59013808461061679     
 -0.86952303361111916      , -0.79765428065106081      , -0.61879906548882424     
 -0.90283001325004320      , -0.83638212735544426      , -0.64879339212775489     
 -0.93925939249832613      , -0.87792773658273071      , -0.68030248910997815     
 -0.97901567669223100      , -0.92223407105529098      , -0.71348586628439714     
  -1.0221773935915812      , -0.96920721151846778      , -0.74847970091958682     
  -1.0686931819017969      ,  -1.0187055419305131      , -0.78539446213172392     
  -1.1181236017538656      ,  -1.0705273990196120      , -0.82431149933192061     
  -1.1695816331999640      ,  -1.1243973202013882      , -0.86527853247538133     
  -1.2220241838363060      ,  -1.1799511806106666      , -0.90830401053099619     
  -1.2745919668726644      ,  -1.2367207301277516      , -0.95335035097060483     
  -1.3268196302294750      ,  -1.2941183324021865      ,  -1.0003261428697443     
  -1.3785977744458946      ,  -1.3514230708375985      ,  -1.0490774950421622     
  -1.4298309078812164      ,  -1.4077698097463391      ,  -1.0993788430539364     
  -1.4800540415873236      ,  -1.4621432513207209      ,  -1.1509236968342043     
  -1.5283054895880586      ,  -1.5133794522476787      ,  -1.2033160107705185     
  -1.5732126757884193      ,  -1.5601775654106953      ,  -1.2560630796131806     
  -1.6130926849381546      ,  -1.6011246243680743      ,  -1.3085710842048905     
  -1.6459857143432224      ,  -1.6347358360637099      ,  -1.3601445955361895     
  -1.6696991885623829      ,  -1.6595119318158782      ,  -1.4099914444430315     
  -1.6820165612670497      ,  -1.6740135290221811      ,  -1.4572343171030444     
  -1.6810886197761223      ,  -1.6769501584963395      ,  -1.5009301808173732     
  -1.6657947973150584      ,  -1.6672787674971616      ,  -1.5400981306903612     
  -1.6358824178889386      ,  -1.6443034919369328      ,  -1.5737554593945751     
  -1.5918543727221413      ,  -1.6077659040101648      ,  -1.6009607280829263     
  -1.5347190091328922      ,  -1.5579135285661139      ,  -1.6208614663653091     
  -1.4657980448121117      ,  -1.4955348932514001      ,  -1.6327430334951276     
  -1.3866997714032494      ,  -1.4219521617279289      ,  -1.6360743587605571     
  -1.2993819342159700      ,  -1.3389674036710908      ,  -1.6305459717501778     
  -1.2061819489099856      ,  -1.2487650483012311      ,  -1.6160960912620492     
  -1.1097441889889124      ,  -1.1537797725597216      ,  -1.5929215969596866     
  -1.0128286782939417      ,  -1.0565444878607058      ,  -1.5614723340519292     
 -0.91804605444506726      , -0.95953593668434656      ,  -1.5224291288345679     
 -0.82760396435698769      , -0.86503506073693992      ,  -1.4766677720079291     
 -0.74313728927360156      , -0.77501596540308193      ,  -1.4252127180413876     
 -0.66566695426554168      , -0.69107193118611820      ,  -1.3691851115140485     
 -0.59569625705096119      , -0.61438085835291323      ,  -1.3097498964083438     
 -0.53338556372699519      , -0.54570708471447615      ,  -1.2480662595137457     
 -0.47871289046038668      , -0.48543260907053182      ,  -1.1852446890097597     
 -0.43156644671917377      , -0.43360875900124374      ,  -1.1223127313895014     
 -0.39176782225178092      , -0.39001913247825576      ,  -1.0601903307828902     
 -0.35905123860828286      , -0.35424575937535829      , -0.99967460534226515     
 -0.33303517769366642      , -0.32573229227028422      , -0.94143315192369736     
 -0.31321241813328848      , -0.30384011645547843      , -0.88600449845689855     
 -0.29896795037203006      , -0.28789518263124692      , -0.83380411625177198     
 -0.28962229888646873      , -0.27722489743748402      , -0.78513440532441636     
 -0.28448992198762346      , -0.27118548665555725      , -0.74019720831002611     
 -0.28293998314755558      , -0.26918090226847574      , -0.69910763092864081     
 -0.28445170093851474      , -0.27067465841662991      , -0.66190819981108051     
 -0.28865407219043282      , -0.27519604925744096      , -0.62858263694646577     
 -0.29533524758113405      , -0.28234211350831079      , -0.59906875283833150     
 -0.30441367782850015      , -0.29177653783712260      , -0.57327014725614533     
 -0.31587865664716486      , -0.30322648557970211      , -0.55106655451075470     
 -0.32971859955054289      , -0.31647813139018632      , -0.53232278152552437     
 -0.34586087870475363      , -0.33137149483996187      , -0.51689626622335638     
 -0.36414401730124429      , -0.34779500501769461      , -0.50464333648177084     
 -0.38432974128465175      , -0.36568009573819377      , -0.49542428169247349     
 -0.40614795797166620      , -0.38499602525408183      , -0.48910736481874190     
 -0.42935753839338664      , -0.40574503181382809      , -0.48557190700941305     
 -0.45380035175394251      , -0.42795787285999853      , -0.48471057270616202     
 -0.47943006401649779      , -0.45168974702394493      , -0.48643097339798735     
 -0.50630948549373345      , -0.47701656066061776      , -0.49065669468592232     
 -0.53458041316559424      , -0.50403147131716031      , -0.49732783551610799     
 -0.56441643012411413      , -0.53284161661660823      , -0.50640113126787600     
 -0.59597328954995576      , -0.56356491644376672      , -0.51784971444532857     
 -0.62935289423787599      , -0.59632681739133375      , -0.53166254835454352     
 -0.66459299057343635      , -0.63125682995497168      , -0.54784355050508726     
 -0.70168659351654450      , -0.66848469021474177      , -0.56641040358499717     
 -0.74062267394199821      , -0.70813595849571220      , -0.58739303269851206     
 -0.78142958555079867      , -0.75032684820996909      , -0.61083170811569854     
 -0.82420167959468449      , -0.79515806005460743      , -0.63677471314776146     
 -0.86909783357128723      , -0.84270738243510879      , -0.66527549721122536     
 -0.91631209584702777      , -0.89302081239096343      , -0.69638921528000819     
 -0.96602645275237442      , -0.94610195840523448      , -0.73016853783086644     
  -1.0183584712196376      ,  -1.0018995157737431      , -0.76665860183091661     
  -1.0733131861605971      ,  -1.0602926681694629      , -0.80589096597885568     
  -1.1307452541192573      ,  -1.1210743804092265      , -0.84787643615008990     
  -1.1903363600805137      ,  -1.1839327250420781      , -0.89259664507869874     
  -1.2515910850590635      ,  -1.2484306490633519      , -0.93999431056875693     
  -1.3138489988990760      ,  -1.3139849560736494      , -0.98996216730446873     
  -1.3763033646354390      ,  -1.3798457674096958      ,  -1.0423306780223585     
  -1.4380121087172788      ,  -1.4450783338110693      ,  -1.0968547897873986     
  -1.4978905149504658      ,  -1.5085497731547308      ,  -1.1532002176860552     
  -1.5546861490491297      ,  -1.5689240468697017      ,  -1.2109300134128256     
  -1.6069486001477393      ,  -1.6246691407812124      ,  -1.2694925020919510     
  -1.6530131373138910      ,  -1.6740808026929315      ,  -1.3282120238056812     
  -1.6910173243638045      ,  -1.7153270618634235      ,  -1.3862842519564700     
  -1.7189640747630399      ,  -1.7465168280709595      ,  -1.4427781088534570     
  -1.7348365532186611      ,  -1.7657938748848623      ,  -1.4966463657802502     
  -1.7367601081004058      ,  -1.7714543110066963      ,  -1.5467467920685003     
  -1.7231947162747501      ,  -1.7620813487078815      ,  -1.5918751048897211     
  -1.6931310557464641      ,  -1.7366862849086970      ,  -1.6308099101921392     
  -1.6462589958626186      ,  -1.6948400507549732      ,  -1.6623683407229719     
  -1.5830806911513611      ,  -1.6367767362150747      ,  -1.6854693344275800     
  -1.5049496530037472      ,  -1.5634504866980163      ,  -1.6991997322826975     
  -1.4140275192637970      ,  -1.4765310201841704      ,  -1.7028769857454698     
  -1.3131578590402817      ,  -1.3783307488594123      ,  -1.6961016460448777     
  -1.2056617699920111      ,  -1.2716669436537500      ,  -1.6787932562460715     
  -1.0950680531639334      ,  -1.1596733249467557      ,  -1.6512048610538417     
 -0.98480542950122885      ,  -1.0455842051320325      ,  -1.6139138845134358     
 -0.87790306673582430      , -0.93251858183882830      ,  -1.5677901395865363     
 -0.77675951578574076      , -0.82329035218042435      ,  -1.5139446234270537     
 -0.68303648718384613      , -0.72026464386512257      ,  -1.4536649478973556     
 -0.59770250028359151      , -0.62527101860698397      ,  -1.3883443792293637     
 -0.52119611520887443      , -0.53957446906770634      ,  -1.3194114175192606     
 -0.45362900363181685      , -0.46389691918436793      ,  -1.2482658107355322     
 -0.39494348632015536      , -0.39847670576091254      ,  -1.1762252245048130     
 -0.34498314299613869      , -0.34315158107041943      ,  -1.1044848893203174     
 -0.30349149942109116      , -0.29745160266351045      ,  -1.0340907775608119     
 -0.27008155592147237      , -0.26069089022894731      , -0.96592546022966486     
 -0.24421182449599876      , -0.23205059843253328      , -0.90070485909712150     
 -0.22518576100829743      , -0.21064875873199193      , -0.83898363355433903     
 -0.21217959384497148      , -0.19559537939723376      , -0.78116684156170324     
 -0.20429808533056842      , -0.18603315816078411      , -0.72752567936784129     
 -0.20065223333088794      , -0.18116536963129981      , -0.67821542530855661     
 -0.20044564020774613      , -0.18027307394903186      , -0.63329409850843954     
 -0.20304924715139319      , -0.18272393010137675      , -0.59274072934587274     
 -0.20804218252541881      , -0.18797475401396574      , -0.55647248585787767     
 -0.21520426125544115      , -0.19556967171577358      , -0.52436018980393284     
 -0.22446140613202017      , -0.20513537557731906      , -0.49624198298935779     
 -0.23580171714970849      , -0.21637465526718860      , -0.47193507244194055     
 -0.24919031969924663      , -0.22905907577723930      , -0.45124560031800964     
 -0.26451097101959514      , -0.24302142513539784      , -0.43397676066707219     
 -0.28155100742752004      , -0.25814835544495218      , -0.41993532984433485     
 -0.30002960492189362      , -0.27437348785925458      , -0.40893679872533489     
 -0.31965581570927876      , -0.29167113772052305      , -0.40080929976955437     
 -0.34019583130682807      , -0.31005073261561378      , -0.39539651574186374     
 -0.36152770475315549      , -0.32955193639568431      , -0.39255974355020584     
 -0.38366615640531615      , -0.35024045017466282      , -0.39217926911047751     
 -0.40674965403985019      , -0.37220443197803904      , -0.39415518944159794     
 -0.43099403944855763      , -0.39555145607950276      , -0.39840779768278439     
 -0.45662783628847203      , -0.42040591799337096      , -0.40487762625429907     
 -0.48383124161156493      , -0.44690677909479126      , -0.41352522341094500     
 -0.51270138662239595      , -0.47520553392195697      , -0.42433071913709575     
 -0.54325830403231334      , -0.50546427174952702      , -0.43729321766365337     
 -0.57548956153114561      , -0.53785369066681721      , -0.45243003565478301     
 -0.60941390194728173      , -0.57255090604011283      , -0.46977578700513067     
 -0.64513604212337683      , -0.60973687501055940      , -0.48938129681772835     
 -0.68287099149200536      , -0.64959323398722135      , -0.51131230806695893     
 -0.72293207829100592      , -0.69229831675282183      , -0.53564792425562802     
 -0.76569197212358819      , -0.73802208723464602      , -0.56247870966875946     
 -0.81153193282476777      , -0.78691968457225403      , -0.59190434535887448     
 -0.86079057475850729      , -0.83912324162272045      , -0.62403071376360286     
 -0.91371686673583608      , -0.89473160635231996      , -0.65896625826376010     
 -0.97043060212143650      , -0.95379757650101715      , -0.69681743709137578     
  -1.0308970760854168      ,  -1.0163122633497086      , -0.73768306581018306     
  -1.0949237918449346      ,  -1.0821862475180342      , -0.78164732251353786     
  -1.1621798372840648      ,  -1.1512273020640964      , -0.82877118020333218     
  -1.2322257821227469      ,  -1.2231146665016239      , -0.87908203927150175     
  -1.3045330053746751      ,  -1.2973701971690170      , -0.93256137033902720     
  -1.3784740020775672      ,  -1.3733272361202213      , -0.98913025796572596     
  -1.4532784384089030      ,  -1.4500987710790152      ,  -1.0486328760822481     
  -1.5279646852532178      ,  -1.5265474263521797      ,  -1.1108181454454200     
  -1.6012647344756883      ,  -1.6012610163540415      ,  -1.1753201399794371     
  -1.6715608991325981      ,  -1.6725387318242921      ,  -1.2416382341557344     
  -1.7368510821348204      ,  -1.7383943355206446      ,  -1.3091185144058646     
  -1.7947592188599335      ,  -1.7965837066088675      ,  -1.3769385845074287     
  -1.8426052874097789      ,  -1.8446642303873391      ,  -1.4440985090625240     
  -1.8775400273195684      ,  -1.8800923057294496      ,  -1.5094211411549825     
  -1.8967353139609580      ,  -1.9003620552261886      ,  -1.5715652975031595     
  -1.8976107206040815      ,  -1.9031827982302114      ,  -1.6290549666315841     
  -1.8780757656417861      ,  -1.8866851170226828      ,  -1.6803267568421569     
  -1.8367715854267757      ,  -1.8496363551116888      ,  -1.7237959816215145     
  -1.7732959071080194      ,  -1.7916380410675179      ,  -1.7579391792960299     
  -1.6883868031479299      ,  -1.7132726957006661      ,  -1.7813877595971110     
  -1.5840292403632605      ,  -1.6161684807156373      ,  -1.7930244250309093     
  -1.4634438256656763      ,  -1.5029588695350191      ,  -1.7920717886868647     
  -1.3309244859771250      ,  -1.3771305048812259      ,  -1.7781619623086107     
  -1.1915105089121241      ,  -1.2427725453127778      ,  -1.7513773102249932     
  -1.0505091343410713      ,  -1.1042599496768615      ,  -1.7122560386931081     
 -0.91292735842092432      , -0.96591582889212391      ,  -1.6617612036872165     
 -0.78291554045742984      , -0.83170052098099057      ,  -1.6012170039848961     
 -0.66335891358426835      , -0.70496700230654741      ,  -1.5322206851177955     
 -0.55575897662287654      , -0.58830656487150945      ,  -1.4565410779602899     
 -0.46047349791653636      , -0.48349030064061937      ,  -1.3760153333794944     
 -0.37720823353005428      , -0.39149578312941646      ,  -1.2924539848468182     
 -0.30549826328829860      , -0.31259772590773183      ,  -1.2075617072594529     
 -0.24495063506719972      , -0.24649732083023929      ,  -1.1228778477963137     
 -0.19522098451463760      , -0.19246644036208602      ,  -1.0397377047734631     
 -0.15586686474938871      , -0.14948788969210711      , -0.95925310181428824     
 -0.12622569116638832      , -0.11637925082458615      , -0.88230924416551371     
 -0.10536760817834345      ,  -9.1893903499562668E-002 , -0.80957411805612767     
  -9.2110832100239154E-002 ,  -7.4797586472046762E-002 , -0.74151662997261869     
  -8.5087868778189746E-002 ,  -6.3922072050415557E-002 , -0.67843005825751912     
  -8.2857804795031686E-002 ,  -5.8199293618304448E-002 , -0.62045799615403852     
  -8.4053958373891471E-002 ,  -5.6679925827361408E-002 , -0.56762064194083117     
  -8.7545159717925078E-002 ,  -5.8540348368154201E-002 , -0.51983993214592517     
  -9.2567705031927003E-002 ,  -6.3081452805168317E-002 , -0.47696256091195804     
  -9.8774336514390784E-002 ,  -6.9722116155089525E-002 , -0.43878036149152644     
 -0.10617315041238531      ,  -7.7989515728857151E-002 , -0.40504784664213661     
 -0.11497404389867472      ,  -8.7507878633341765E-002 , -0.37549692761449566     
 -0.12539413006815725      ,  -9.7986779594274140E-002 , -0.34984897538591037     
 -0.13749080151954737      , -0.10920972673848564      , -0.32782447175601614     
 -0.15108090316805439      , -0.12102349597512529      , -0.30915053859972014     
 -0.16576236807485439      , -0.13332847406205278      , -0.29356664452594172     
 -0.18101321991711503      , -0.14607013108359065      , -0.28082877981958682     
 -0.19632890675277670      , -0.15923164952925400      , -0.27071237047079422     
 -0.21135865483426203      , -0.17282767687931797      , -0.26301417569665608     
 -0.22600122975002979      , -0.18689913183338283      , -0.25755338429269542     
 -0.24042886197960098      , -0.20150897378470639      , -0.25417209580375427     
 -0.25502960619749421      , -0.21673883553326737      , -0.25273534436015060     
 -0.27028479790586069      , -0.23268641671678922      , -0.25313079693558804     
 -0.28661992603411812      , -0.24946353727361886      , -0.25526823416466127     
 -0.30427950488367084      , -0.26719475444867991      , -0.25907890083227025     
 -0.32327559263329975      , -0.28601645195124986      , -0.26451479464037853     
 -0.34343570258238704      , -0.30607631475629160      , -0.27154794566341145     
 -0.36452996059657827      , -0.32753310681370912      , -0.28016972472774587     
 -0.38641808033009917      , -0.35055667081892139      , -0.29039020643681313     
 -0.40915336425580440      , -0.37532806847835753      , -0.30223760130804356     
 -0.43301122325500918      , -0.40203977563750370      , -0.31575776104721937     
 -0.45845001532404450      , -0.43089583842782897      , -0.33101375087482215     
 -0.48603951968233255      , -0.46211188333042980      , -0.34808547250654798     
 -0.51639124459443042      , -0.49591485471487706      , -0.36706931029059908     
 -0.55009913195632998      , -0.53254232681396518      , -0.38807776046718501     
 -0.58767919059538742      , -0.57224120193494643      , -0.41123898881699250     
 -0.62950543923084490      , -0.61526556162170254      , -0.43669624430404413     
 -0.67576403162022602      , -0.66187338119341854      , -0.46460703482419996     
 -0.72645683549513795      , -0.71232174967747208      , -0.49514194493394065     
 -0.78146685147891348      , -0.76686015654029704      , -0.52848294357277537     
 -0.84066348742267372      , -0.82572131529877424      , -0.56482099157809673     
 -0.90400018651615488      , -0.88910889631946843      , -0.60435271386681955     
 -0.97155874702506784      , -0.95718144561732144      , -0.64727584989268017     
  -1.0435244435700162      ,  -1.0300316888973573      , -0.69378314002236041     
  -1.1201124005603276      ,  -1.1076603862467747      , -0.74405424852281254     
  -1.2014782286010182      ,  -1.1899439527310121      , -0.79824527282869806     
  -1.2876250358566719      ,  -1.2765952520927344      , -0.85647535524582685     
  -1.3782926591057836      ,  -1.3671173852263221      , -0.91880991527361622     
  -1.4728220015948292      ,  -1.4607510350535038      , -0.98524008462433921     
  -1.5700291447549188      ,  -1.5564171138177354      ,  -1.0556580887928402     
  -1.6681550699996153      ,  -1.6526582029154728      ,  -1.1298286242713289     
  -1.7649311918304578      ,  -1.7475846497656911      ,  -1.2073567810173433     
  -1.8577263144064986      ,  -1.8388341462472721      ,  -1.2876538045436170     
  -1.9436799473109434      ,  -1.9235568958115867      ,  -1.3699030094540989     
  -2.0197369424338190      ,  -1.9984414754470683      ,  -1.4530294256971485     
  -2.0825748650811291      ,  -2.0597981597360326      ,  -1.5356781714554506     
  -2.1285030393768731      ,  -2.1037152903137084      ,  -1.6162078635177315     
  -2.1534580235141041      ,  -2.1262985059202357      ,  -1.6927062008074754     
  -2.1532093606405254      ,  -2.1239908924464261      ,  -1.7630346532475247     
  -2.1238319524413827      ,  -2.0939542405694795      ,  -1.8249073791125396     
  -2.0624065047718556      ,  -2.0344698460352229      ,  -1.8760056647451384     
  -1.9677932563148248      ,  -1.9452969176045305      ,  -1.9141233645507050     
  -1.8412373362822319      ,  -1.8279153874829066      ,  -1.9373317682185185     
  -1.6865819966062672      ,  -1.6855855241203963      ,  -1.9441455890870691     
  -1.5100129441126711      ,  -1.5231832073349167      ,  -1.9336674312105187     
  -1.3194311696205556      ,  -1.3468136481388202      ,  -1.9056880830014979     
  -1.1236088392072145      ,  -1.1632561703974931      ,  -1.8607252165892612     
 -0.93123939852984150      , -0.97933229922058140      ,  -1.7999928104286804     
 -0.74996580115944245      , -0.80130503042066714      ,  -1.7253055011865772     
 -0.58544554547873062      , -0.63440384938197447      ,  -1.6389329214769353     
 -0.44058395672710204      , -0.48253394132337513      ,  -1.5434260887480573     
 -0.31541739063983487      , -0.34818283590830196      ,  -1.4414396800717835     
 -0.20812959987252982      , -0.23249812814134732      ,  -1.3355709038006018     
 -0.11673832662492990      , -0.13548555971593074      ,  -1.2282293332833776     
  -4.0230517045878975E-002 ,  -5.6269906219155272E-002 ,  -1.1215446562215881     
   2.1513806540701595E-002 ,   6.6318975710786821E-003 ,  -1.0173126590833490     
   6.8538364005232735E-002 ,   5.5061524558877140E-002 , -0.91697499538263172     
  0.10145880069110505      ,   9.1014157251776917E-002 , -0.82162566727776609     
  0.12159261153439183      ,  0.11648438835860699      , -0.73203639435533829     
  0.13085711192881821      ,  0.13336077817771405      , -0.64869359043157415     
  0.13162634850714131      ,  0.14336166147433382      , -0.57184093095123456     
  0.12650326769187342      ,  0.14800295290998974      , -0.50152299788620158     
  0.11806087133771742      ,  0.14858893126008563      , -0.43762692591034791     
  0.10857756914305297      ,  0.14621829166196354      , -0.37992018122204974     
   9.9705678202854905E-002 ,  0.14179943589764171      , -0.32808352909402183     
   9.2204480610499601E-002 ,  0.13607060347492927      , -0.28173890008174274     
   8.5955068022371073E-002 ,  0.12962183015824019      , -0.24047229154001515     
   8.0255422915824520E-002 ,  0.12291679566143585      , -0.20385209363802392     
   7.4269438679191391E-002 ,  0.11631340530896644      , -0.17144335712803233     
   6.7498324818131866E-002 ,  0.11008249150981247      , -0.14281856471464840     
   6.0054848986306128E-002 ,  0.10442437711713656      , -0.11756546009112379     
   5.2596279597397447E-002 ,   9.9483265975480822E-002 ,  -9.5292450698742537E-002
   4.6056177673399347E-002 ,   9.5359557810579046E-002 ,  -7.5632046969053610E-002
   4.1377973036984372E-002 ,   9.2120256097234787E-002 ,  -5.8242741815565935E-002
   3.9285226746606769E-002 ,   8.9807670522331809E-002 ,  -4.2809675278040152E-002
   4.0085470273434801E-002 ,   8.8446624947945987E-002 ,  -2.9044373790967137E-002
   4.3565013671123226E-002 ,   8.8050377067792895E-002 ,  -1.6683803224649796E-002
   4.9034004009329057E-002 ,   8.8625443418063860E-002 ,  -5.4889303017962065E-003
   5.5542832702296333E-002 ,   9.0175506903978228E-002 ,   4.7570517042281801E-003
   6.2212832754413375E-002 ,   9.2704565893845861E-002 ,   1.4250710197358178E-002
   6.8553976764963429E-002 ,   9.6219465629758111E-002 ,   2.3170478593267770E-002
   7.4635736655063317E-002 ,  0.10073193503900983      ,   3.1678808289697137E-002
   8.1023303193409987E-002 ,  0.10626023546901686      ,   3.9924315065625528E-002
   8.8511037817882596E-002 ,  0.11283051264599034      ,   4.8043883403733036E-002
   9.7818182655106667E-002 ,  0.12047792935848968      ,   5.6164704860415256E-002
  0.10940065918075940      ,  0.12924764397219127      ,   6.4406236612651963E-002
  0.12339853393912070      ,  0.13919568879702723      ,   7.2882074089193616E-002
  0.13966758433984050      ,  0.15038979239713457      ,   8.1701737491125151E-002
  0.15785553500040567      ,  0.16291018095003260      ,   9.0972376317400280E-002
  0.17747906925042686      ,  0.17685038546522014      ,  0.10080039897459114     
  0.19799056280756036      ,  0.19231807375030874      ,  0.11129303635303416     
  0.21889047918565457      ,  0.20943591808758993      ,  0.12255984902471209     
  0.23989945091715076      ,  0.22834250119983526      ,  0.13471418753482758     
  0.26109448360365750      ,  0.24919325368583059      ,  0.14787461413054032     
  0.28291640047749927      ,  0.27216140501006614      ,  0.16216629213985403     
  0.30606852551385755      ,  0.29743891648856235      ,  0.17772234594660688     
  0.33139559839838140      ,  0.32523734746483168      ,  0.19468518987864572     
  0.35978388126238636      ,  0.35578858369275485      ,  0.21320781800241143     
  0.39204750673165761      ,  0.38934532818804513      ,  0.23345503833546014     
  0.42877756987860777      ,  0.42618121744158366      ,  0.25560462372991749     
  0.47020798636514632      ,  0.46659037743175252      ,  0.27984833683908750     
  0.51617840621999855      ,  0.51088617139247883      ,  0.30639276713294245     
  0.56623054143143348      ,  0.55939881143258230      ,  0.33545989260639347     
  0.61982865745641369      ,  0.61247140525082377      ,  0.36728724609690205     
  0.67664288067855693      ,  0.67045388387585647      ,  0.40212752422049775     
  0.73676836516479904      ,  0.73369410400377422      ,  0.44024742390437027     
  0.80075774293025270      ,  0.80252523878664739      ,  0.48192542541007199     
  0.86947623787278849      ,  0.87724836805713469      ,  0.52744816004763362     
  0.94393137977166663      ,  0.95810896533412482      ,  0.57710490493869326     
   1.0251858948342836      ,   1.0452657805728223      ,  0.63117963775002872     
   1.1142507924314051      ,   1.1387504820354777      ,  0.68993996663175328     
   1.2117738457124134      ,   1.2384164273482181      ,  0.75362213632406572     
   1.3175498939827808      ,   1.3438752066554114      ,  0.82241122208398265     
   1.4301536899653058      ,   1.4544203201472676      ,  0.89641559472431365     
   1.5470221464757443      ,   1.5689387609178072      ,  0.97563482829485038     
   1.6650313020483121      ,   1.6858136658766292      ,   1.0599205065801458     
   1.7812326524845068      ,   1.8028248692118054      ,   1.1489299706560232     
   1.8932640417914677      ,   1.9170593339240956      ,   1.2420740599845279     
   1.9991744238505804      ,   2.0248499264203508      ,   1.3384614507544750     
   2.0968023402779510      ,   2.1217681005363196      ,   1.4368443490931841     
   2.1830896719731636      ,   2.2027020523138305      ,   1.5355729780716709     
   2.2536332987488241      ,   2.2620538223631388      ,   1.6325691829374855     
   2.3025859950308907      ,   2.2940825631095625      ,   1.7253318865775926     
   2.3229906375785920      ,   2.2934025096515773      ,   1.8109879719485740     
   2.3076732275023488      ,   2.2556108582566328      ,   1.8864000927656583     
   2.2506677444504395      ,   2.1779756365249536      ,   1.9483366994347122     
   2.1488163435241181      ,   2.0600674067786091      ,   1.9936988387326597     
   2.0029376616447245      ,   1.9041894755754216      ,   2.0197843039439829     
   1.8180246590363005      ,   1.7154692943814802      ,   2.0245557812127513     
   1.6024197202793109      ,   1.5015302430138926      ,   2.0068705581414674     
   1.3665237222272435      ,   1.2717598040209583      ,   1.9666297015238157     
   1.1216638574801943      ,   1.0362971825751546      ,   1.9048163682796677     
  0.87922590011670199      ,  0.80493991239132967      ,   1.8234138682300103     
  0.64985836931256780      ,  0.58618396610125834      ,   1.7252181534258575     
  0.44248712573563476      ,  0.38656124625243360      ,   1.6135790714816123     
  0.26263142230093195      ,  0.21034630813473335      ,   1.4921143988777912     
  0.11068532183489885      ,   5.9608695163686748E-002 ,   1.3644388805009304     
  -1.7310177900229755E-002 ,  -6.5479933137011226E-002 ,   1.2339398472094227     
 -0.12601406125756298      , -0.16620055027530495      ,   1.1036162944159156     
 -0.21759104614903713      , -0.24481000764352695      ,  0.97598429919751772     
 -0.29155507779211065      , -0.30410886996064257      ,  0.85304136147876719     
 -0.34692960453005073      , -0.34709476490187574      ,  0.73627664433751827     
 -0.38407485519203871      , -0.37671289195006802      ,  0.62671257737338548     
 -0.40476590857952599      , -0.39569614814294074      ,  0.52496455981118595     
 -0.41178264562289324      , -0.40647782964416257      ,  0.43130818574931273     
 -0.40882781730837386      , -0.41115746707718875      ,  0.34574645755035577     
 -0.40005957088242505      , -0.41150210621487715      ,  0.26807221390270930     
 -0.38945449376371760      , -0.40896890310199524      ,  0.19792318892810590     
 -0.38050525601944579      , -0.40473875859198022      ,  0.13482868670199558     
 -0.37567354277920306      , -0.39975409662649936      ,   7.8247876867343358E-002
 -0.37569131259329391      , -0.39475651542952789      ,   2.7600314319150377E-002
 -0.37966577427496945      , -0.39032191242298492      ,  -1.7710416716385423E-002
 -0.38587932724058593      , -0.38689192741735651      ,  -5.8278932325788971E-002
 -0.39259929279503292      , -0.38480132170628584      ,  -9.4685166360762144E-002
 -0.39885960741617887      , -0.38430135678688487      , -0.12748546907213734     
 -0.40489259689287455      , -0.38557946906189577      , -0.15720688788408219     
 -0.41166332303572484      , -0.38877563790933228      , -0.18434394603443194     
 -0.42008738724401917      , -0.39399586905819672      , -0.20935734501658584     
 -0.43079919004360373      , -0.40132319833040991      , -0.23267411661505247     
 -0.44423637138690925      , -0.41082658358391927      , -0.25468883757681537     
 -0.46059318053927351      , -0.42256800707019559      , -0.27576559431625691     
 -0.47969892486284998      , -0.43660806267782115      , -0.29624044721241904     
 -0.50096064532574092      , -0.45301025559336150      , -0.31642419513785502     
 -0.52354775597060677      , -0.47184419680003337      , -0.33660528206910106     
 -0.54680481175022233      , -0.49318783156868379      , -0.35705272011539529     
 -0.57058130320861467      , -0.51712879917563415      , -0.37801892807114496     
 -0.59530205595681429      , -0.54376497977004823      , -0.39974240249018106     
 -0.62180779719588164      , -0.57320424278403181      , -0.42245014997122587     
 -0.65102305070829125      , -0.60556336871600913      , -0.44635981535506558     
 -0.68367145681567887      , -0.64096607180850518      , -0.47168144125200534     
 -0.72025702201214936      , -0.67954000459510544      , -0.49861879002709569     
 -0.76114134690317503      , -0.72141257642418488      , -0.52737015029433365     
 -0.80645898264498328      , -0.76670536747726248      , -0.55812853633776005     
 -0.85600494596218013      , -0.81552686917319506      , -0.59108117101442681     
 -0.90925693135203667      , -0.86796323453109814      , -0.62640812116689004     
 -0.96551914643468073      , -0.92406668383501045      , -0.66427993038313904     
  -1.0241976332612255      , -0.98384119101453216      , -0.70485406880495360     
  -1.0850859010854501      ,  -1.0472250883707017      , -0.74826999640014280     
  -1.1484017618240534      ,  -1.1140702913966432      , -0.79464261903395428     
  -1.2145519818386554      ,  -1.1841179882630797      , -0.84405391227026083     
  -1.2838555701294658      ,  -1.2569708943107780      , -0.89654250528706636     
  -1.3563896591486784      ,  -1.3320625811600497      , -0.95209106900782137     
  -1.4319304064839691      ,  -1.4086249955284553      ,  -1.0106114543405447     
  -1.5098370276896833      ,  -1.4856561204709910      ,  -1.0719276969676881     
  -1.5887931792744605      ,  -1.5618908147046162      ,  -1.1357572641826892     
  -1.6665824460051677      ,  -1.6357791596741007      ,  -1.2016912837629112     
  -1.7402069630163020      ,  -1.7054780339848252      ,  -1.2691749722667758     
  -1.8063823064866082      ,  -1.7688628873783263      ,  -1.3374900584707226     
  -1.8621097744501145      ,  -1.8235674200729917      ,  -1.4057416326856329     
  -1.9049699841969761      ,  -1.8670585584756816      ,  -1.4728524544807782     
  -1.9330067787822873      ,  -1.8967521385750084      ,  -1.5375681751794532     
  -1.9443890564593382      ,  -1.9101705150628026      ,  -1.5984769812271005     
  -1.9371759798838244      ,  -1.9051366868038477      ,  -1.6540466183546458     
  -1.9093742047695477      ,  -1.8799909029060546      ,  -1.7026804229180070     
  -1.8592916985625281      ,  -1.8338064567641899      ,  -1.7427917898376235     
  -1.7860707285930160      ,  -1.7665738233804884      ,  -1.7728935811366489     
  -1.6902128301916379      ,  -1.6793193399910480      ,  -1.7916957382361516     
  -1.5739183010367899      ,  -1.5741287994909499      ,  -1.7982014834472844     
  -1.4411249990114525      ,  -1.4540585711738296      ,  -1.7917907942460058     
  -1.2971962541190030      ,  -1.3229355864692047      ,  -1.7722800115972297     
  -1.1482928499466147      ,  -1.1850684983651558      ,  -1.7399488134297523     
  -1.0005684960361676      ,  -1.0449098261764556      ,  -1.6955300711564372     
 -0.85938210222946765      , -0.90671780055009554      ,  -1.6401634518064443     
 -0.72869647985671737      , -0.77426443399857336      ,  -1.5753188259838156     
 -0.61078734489771802      , -0.65062418559314306      ,  -1.5026994293425207     
 -0.50635833822977061      , -0.53805960856055846      ,  -1.4241365517228026     
 -0.41505305396591063      , -0.43800192017994610      ,  -1.3414871510683963     
 -0.33613460771211234      , -0.35111004356225739      ,  -1.2565436330226010     
 -0.26897372902558436      , -0.27738372851379317      ,  -1.1709618668190174     
 -0.21314832038890663      , -0.21630490680726164      ,  -1.0862101432000582     
 -0.16826571211537145      , -0.16698485479310698      ,  -1.0035388660824414     
 -0.13375974494945794      , -0.12830075441590932      , -0.92396866930221366     
 -0.10879676970151089      ,  -9.9011800828282467E-002 , -0.84829344980179178     
  -9.2265868864780443E-002 ,  -7.7850703932708876E-002 , -0.77709439787087953     
  -8.2811635712585527E-002 ,  -6.3590613793592488E-002 , -0.71076127246323817     
  -7.8916075902184496E-002 ,  -5.5090083998159803E-002 , -0.64951768650273467     
  -7.9037861564880255E-002 ,  -5.1319928652182122E-002 , -0.59344783846858606     
  -8.1794609580106384E-002 ,  -5.1376111790610725E-002 , -0.54252281249798806     
  -8.6149569654637673E-002 ,  -5.4482506497482014E-002 , -0.49662518528688282     
  -9.1535103112438607E-002 ,  -5.9986771525834218E-002 , -0.45557118450738321     
  -9.7852707259499599E-002 ,  -6.7351918144290771E-002 , -0.41913003141958882     
 -0.10534311806825160      ,  -7.6145498697450006E-002 , -0.38704037906701927     
 -0.11437054869990267      ,  -8.6027798752510112E-002 , -0.35902394463510756     
 -0.12519301172360223      ,  -9.6739974650656230E-002 , -0.33479655016284376     
 -0.13780153214004853      , -0.10809274326090544      , -0.31407684844854894     
 -0.15188103459634675      , -0.11995598579839001      , -0.29659303637498741     
 -0.16688457251822950      , -0.13224945471734162      , -0.28208785835243927     
 -0.18217681933984764      , -0.14493465480064185      , -0.27032218738771446     
 -0.19720396172829183      , -0.15800789211005009      , -0.26107744707156139     
 -0.21164709017686040      , -0.17149443591142843      , -0.25415710912940392     
 -0.22551219686806270      , -0.18544371031143450      , -0.24938747116086327     
 -0.23912356910656188      , -0.19992541770844602      , -0.24661788975310234     
 -0.25301983774276732      , -0.21502649063002746      , -0.24572061646105828     
 -0.26778504283536531      , -0.23084876878264615      , -0.24659035883437774     
 -0.28386792093564750      , -0.24750730180244249      , -0.24914366600070298     
 -0.30145168488872043      , -0.26512918355277493      , -0.25331821830752771     
 -0.32043062469679501      , -0.28385282959556735      , -0.25907208303752821     
 -0.34051055637118005      , -0.30382761469181757      , -0.26638298299531660     
 -0.36138695987617675      , -0.32521379106320952      , -0.27524761149537930     
 -0.38291626327666051      , -0.34818260996592526      , -0.28568101558953890     
 -0.40521054737548035      , -0.37291656820932029      , -0.29771605884614949     
 -0.42863469723346598      , -0.39960969688581727      , -0.31140296518496530     
 -0.45373446210235041      , -0.42846780097640164      , -0.32680893569513642     
 -0.48114796136057542      , -0.45970854475326928      , -0.34401782048743806     
 -0.51153465348589278      , -0.49356125796539929      , -0.36312981686817919     
 -0.54551500183129664      , -0.53026631045188799      , -0.38426115281641809     
 -0.58359896577202763      , -0.57007386672513005      , -0.40754370016543978     
 -0.62610898539638826      , -0.61324178576453203      , -0.43312444421807728     
 -0.67313663907507715      , -0.66003237338925247      , -0.46116471487057925     
 -0.72457236709783235      , -0.71070762410160104      , -0.49183905773979042     
 -0.78021091062934034      , -0.76552250598750449      , -0.52533359135827784     
 -0.83988966403448839      , -0.82471574748206744      , -0.56184365743896569     
 -0.90359436457209152      , -0.88849748268377926      , -0.60157052509409392     
 -0.97148379448482247      , -0.95703301110356997      , -0.64471685702333670     
  -1.0438330890670084      ,  -1.0304218440011301      , -0.69148058764199649     
  -1.1209376105423421      ,  -1.1086711689674305      , -0.74204680358594444     
  -1.2030176494953648      ,  -1.1916629079707703      , -0.79657716295425818     
  -1.2901221491424479      ,  -1.2791137317463777      , -0.85519635278332806     
  -1.3820006168146886      ,  -1.3705278083744008      , -0.91797508300500474     
  -1.4779410357527263      ,  -1.4651428133852800      , -0.98490917658624821     
  -1.5766362726575565      ,  -1.5618709377351614      ,  -1.0558944769156287     
  -1.6761680174080562      ,  -1.6592384213378226      ,  -1.1306976022292721     
  -1.7741384011808154      ,  -1.7553295920387670      ,  -1.2089230872994532     
  -1.8678734386640661      ,  -1.8477444638281029      ,  -1.2899782167765024     
  -1.9545642245093955      ,  -1.9335823784575716      ,  -1.3730379039287575     
  -2.0312553333432910      ,  -2.0094673378281551      ,  -1.4570132840711101     
  -2.0947007631573840      ,  -2.0716324741702135      ,  -1.5405291632885045     
  -2.1412048270551289      ,  -2.1160799622598705      ,  -1.6219168435451898     
  -2.1665970904120919      ,  -2.1388267571723301      ,  -1.6992297223010837     
  -2.1664599531008562      ,  -2.1362343452227091      ,  -1.7702888766971601     
  -2.1366570015823276      ,  -2.1054020599515408      ,  -1.8327639813947796     
  -2.0741059301242508      ,  -2.0445807668991480      ,  -1.8842909353405151     
  -1.9776150931581213      ,  -1.9535423966589387      ,  -1.9226215166584080     
  -1.8485146955767306      ,  -1.8338290488603362      ,  -1.9457930344686416     
  -1.6908458654678442      ,  -1.6888114028237018      ,  -1.9522989358118306     
  -1.5110449943201933      ,  -1.5235141097589926      ,  -1.9412368422279591     
  -1.3172549913495126      ,  -1.3442120210571691      ,  -1.9124105565793181     
  -1.1184450137294479      ,  -1.1578532144471796      ,  -1.8663681352799042     
 -0.92345254800118282      , -0.97140576902449882      ,  -1.8043683566136113     
 -0.74001790236462850      , -0.79124071353522030      ,  -1.7282803210774276     
 -0.57384603353690633      , -0.62264865754680543      ,  -1.6404321365977033     
 -0.42781318663521900      , -0.46954913069346166      ,  -1.5434317569348321     
 -0.30183998114399113      , -0.33440429339267902      ,  -1.4399846537350298     
 -0.19396690640986358      , -0.21830781663064763      ,  -1.3327295467317848     
 -0.10213080211996375      , -0.12119519779513725      ,  -1.2241066936955947     
  -2.5331183070149227E-002 ,  -4.2115597683410992E-002 ,  -1.1162655197519116     
   3.6494064661273903E-002 ,   2.0486709436646308E-002 ,  -1.0110115465697123     
   8.3354320546673161E-002 ,   6.8517777469615099E-002 , -0.90978775496973741     
  0.11588044961503177      ,  0.10402626193743578      , -0.81368293448099915     
  0.13543990561730315      ,  0.12904874663052246      , -0.72345890814728753     
  0.14402015522429742      ,  0.14550507020936551      , -0.63958917068628618     
  0.14407588468606083      ,  0.15513562773870865      , -0.56230283043951657     
  0.13828554910466934      ,  0.15947093878374241      , -0.49162931722975295     
  0.12928387194841409      ,  0.15982416769303215      , -0.42744079806285401     
  0.11939520762705655      ,  0.15729872395344635      , -0.36949047281843572     
  0.11029195065323380      ,  0.15280484568268940      , -0.31744585488358845     
  0.10271971377911246      ,  0.14708076104513482      , -0.27091679461893292     
   9.6521923814095772E-002 ,  0.14071543813105639      , -0.22947842460269577     
   9.0953637073719965E-002 ,  0.13417102251796589      , -0.19268945063371956     
   8.5149222614119210E-002 ,  0.12780384748378712      , -0.16010633292912446     
   7.8610199665878427E-002 ,  0.12188343978152048      , -0.13129393972555115     
   7.1479559611404050E-002 ,  0.11660929459036382      , -0.10583324203678925     
   6.4453206978791089E-002 ,  0.11212541045637760      ,  -8.3326575815892520E-002
   5.8490732195391575E-002 ,  0.10853270131855734      ,  -6.3400941043187109E-002
   5.4543799778305452E-002 ,  0.10589946947631626      ,  -4.5709745725188280E-002
   5.3328719685114920E-002 ,  0.10427015253733518      ,  -2.9933342086985087E-002
   5.5132998900152760E-002 ,  0.10367256371322282      ,  -1.5778645510833335E-002
   5.9713869580733221E-002 ,  0.10412383785823971      ,  -2.9780755577153233E-003
   6.6349527716684037E-002 ,  0.10563528140448651      ,   8.7119867305855848E-003
   7.4066236837780339E-002 ,  0.10821630655474181      ,   1.9513070123515407E-002
   8.1980864843361687E-002 ,  0.11187761099747581      ,   2.9626691293402192E-002
   8.9623472065392479E-002 ,  0.11663374533339807      ,   3.9236545986113792E-002
   9.7101520700782651E-002 ,  0.12250519210664432      ,   4.8510742915426050E-002
  0.10502001884384118      ,  0.12952006322130361      ,   5.7604029240280456E-002
  0.11419959036764453      ,  0.13771550677706540      ,   6.6659972083182917E-002
  0.12536973118244391      ,  0.14713890001021801      ,   7.5813073027227965E-002
  0.13899104398869672      ,  0.15784889200725963      ,   8.5190802334656729E-002
  0.15521234905377432      ,  0.16991634801598865      ,   9.4915547152699190E-002
  0.17390225275586330      ,  0.18342523629126711      ,  0.10510647354626416     
  0.19471979732225309      ,  0.19847348819084690      ,  0.11588130609579436     
  0.21718664362418350      ,  0.21517385232113451      ,  0.12735803123493067     
  0.24075570685082515      ,  0.23365475348327366      ,  0.13965653162546596     
  0.26493542042554552      ,  0.25406115644904970      ,  0.15290015875808619     
  0.28947447364168682      ,  0.27655542254615456      ,  0.16721724963564050     
  0.31449695305576497      ,  0.30131813284431563      ,  0.18274259076972924     
  0.34049481605692195      ,  0.32854883440907107      ,  0.19961882863850883     
  0.36821344506843912      ,  0.35846664439448767      ,  0.21799781994534886     
  0.39853274587116067      ,  0.39131061915952309      ,  0.23804190709181647     
  0.43238023718283830      ,  0.42733976025768178      ,  0.25992509369566286     
  0.47062236653733486      ,  0.46683248383084736      ,  0.28383408103491098     
  0.51389706857827777      ,  0.51008532201043177      ,  0.30996910807541045     
  0.56244913152541098      ,  0.55741055142552731      ,  0.33854451411498021     
  0.61607257564841222      ,  0.60913235169282998      ,  0.36978891269851522     
  0.67421768135013926      ,  0.66558098285394907      ,  0.40394482676344723     
  0.73625215531376376      ,  0.72708433304494668      ,  0.44126758626840140     
  0.80178560114639397      ,  0.79395602623684047      ,  0.48202322918040019     
  0.87089573045467694      ,  0.86647909879151963      ,  0.52648507335109662     
  0.94412781792725553      ,  0.94488406424180749      ,  0.57492854014299799     
   1.0223055205188165      ,   1.0293200115880103      ,  0.62762371220481183     
   1.1063353953687125      ,   1.1198172657769607      ,  0.68482500244872102     
   1.1971070832671142      ,   1.2162401498838087      ,  0.74675720953346603     
   1.2953485633029149      ,   1.3182286351005581      ,  0.81359715612049432     
   1.4012392147106092      ,   1.4251283035935616      ,  0.88545008151459337     
   1.5138597436921177      ,   1.5359092905780751      ,  0.96232003866968674     
   1.6308610283291367      ,   1.6490769691601981      ,   1.0440737963954980     
   1.7486937241971303      ,   1.7625803520093120      ,   1.1303982621456463     
   1.8633413906300591      ,   1.8737286770511576      ,   1.2207523257973252     
   1.9710876847255101      ,   1.9791323337539792      ,   1.3143153831750887     
   2.0688086431929213      ,   2.0746905761774594      ,   1.4099366878493840     
   2.1536406395214351      ,   2.1556539445227054      ,   1.5060920462594489     
   2.2223057386536786      ,   2.2167915023342668      ,   1.6008569537318578     
   2.2705491181361457      ,   2.2526884218042524      ,   1.6919075042317528     
   2.2930112699717000      ,   2.2581843870692953      ,   1.7765613825387028     
   2.2836551743695268      ,   2.2289354566246842      ,   1.8518697931255470     
   2.2367481759524606      ,   2.1620431645734275      ,   1.9147661847452768     
   2.1482537210230901      ,   2.0566529170936714      ,   1.9622686169821451     
   2.0172396552242122      ,   1.9143940614837531      ,   1.9917204286638490     
   1.8467280843717957      ,   1.7395340488428781      ,   2.0010411052933321     
   1.6435760978763669      ,   1.5387608201874197      ,   1.9889499507456627     
   1.4175040764995734      ,   1.3205875736851553      ,   1.9551235362441517     
   1.1797916928884891      ,   1.0944698721640391      ,   1.9002562817400708     
  0.94203362593764661      ,  0.86980197130440695      ,   1.8260108125278076     
  0.71506933172146891      ,  0.65498696600371087      ,   1.7348662255019947     
  0.50801129226251462      ,  0.45674402410833626      ,   1.6298915649064565     
  0.32689222000911200      ,  0.27974115223213653      ,   1.5144830970439576     
  0.17307141386675387      ,  0.12655500924438956      ,   1.3921050714225933     
   4.3428601217700750E-002 ,  -2.1093609545281568E-003 ,   1.2660659784698975     
  -6.6603748182401265E-002 , -0.10703999294361360      ,   1.1393497488246689     
 -0.15971465207362856      , -0.19008160102014149      ,   1.0145082306768012     
 -0.23594087060559057      , -0.25371953242299472      ,  0.89361081724419855     
 -0.29438407862783494      , -0.30073129688479561      ,  0.77824067797363217     
 -0.33513125168222102      , -0.33392454246025399      ,  0.66952453904332021     
 -0.35962313795221001      , -0.35596005720225277      ,  0.56818335328088643     
 -0.37025378320465718      , -0.36924698732802863      ,  0.47459326396003948     
 -0.37028625855602681      , -0.37589322082260024      ,  0.38884895656509771     
 -0.36357908566125330      , -0.37769423707262845      ,  0.31082411065795684     
 -0.35400369894957495      , -0.37614639022080093      ,  0.24022584882287670     
 -0.34508487884641342      , -0.37247398388673925      ,  0.17664171537082027     
 -0.33952357711491737      , -0.36766269850571237      ,  0.11957883348917736     
 -0.33847680530625446      , -0.36249455027626887      ,   6.8495581330194732E-002
 -0.34143039713455792      , -0.35758150586839088      ,   2.2826506073900316E-002
 -0.34684790074517380      , -0.35339622047587044      ,  -1.7998639778078043E-002
 -0.35296708936936305      , -0.35029923678836039      ,  -5.4540824849171811E-002
 -0.35857035998078152      , -0.34856251030891594      ,  -8.7341759806201569E-002
 -0.36354233694680954      , -0.34838942264384626      , -0.11691723052267909     
 -0.36866474206435362      , -0.34993159229674742      , -0.14375306250130479     
 -0.37490988196390285      , -0.35330285041969134      , -0.16830313786135651     
 -0.38307554739499072      , -0.35859075534454887      , -0.19098898192971681     
 -0.39378185169588109      , -0.36586599856871060      , -0.21220052210168877     
 -0.40740123382244098      , -0.37519002047089617      , -0.23229769598738090     
 -0.42390956685883113      , -0.38662111437854607      , -0.25161264904947012     
 -0.44279893257672753      , -0.40021925684407017      , -0.27045231471455861     
 -0.46320884821687081      , -0.41604986199587363      , -0.28910121329269922     
 -0.48431592062193574      , -0.43418661921318441      , -0.30782434099060302     
 -0.50572682246072831      , -0.45471353602796433      , -0.32687004780146445     
 -0.52764874031235243      , -0.47772627159494169      , -0.34647282392138790     
 -0.55081394236742276      , -0.50333280959024207      , -0.36685592925790400     
 -0.57618449531302274      , -0.53165348217388397      , -0.38823381009042951     
 -0.60461256262546137      , -0.56282031778690689      , -0.41081425140154459     
 -0.63672006663839842      , -0.59697564414214421      , -0.43480021307211597     
 -0.67295573948112997      , -0.63426983296738892      , -0.46039129315319621     
 -0.71356701724733329      , -0.67485802422642949      , -0.48778475182937375     
 -0.75850436517799780      , -0.71889561443919947      , -0.51717601545449898     
 -0.80740803429676911      , -0.76653223684161209      , -0.54875856116675947     
 -0.85969080699899270      , -0.81790390218311593      , -0.58272305918769784     
 -0.91475222858654015      , -0.87312291159351063      , -0.61925562236534037     
 -0.97228568779382241      , -0.93226510369459192      , -0.65853498173058778     
  -1.0324389971174746      , -0.99535396770232754      , -0.70072837453749337     
  -1.0956932649281295      ,  -1.0623411591474730      , -0.74598590049483626     
  -1.1626059955328378      ,  -1.1330830190770358      , -0.79443307761640658     
  -1.2336165040632365      ,  -1.2073128544503686      , -0.84616131890993951     
  -1.3089662148005070      ,  -1.2846090303135032      , -0.90121606603373261     
  -1.3886124739009398      ,  -1.3643594057596606      , -0.95958237131782331     
  -1.4719839530594192      ,  -1.4457233725700702      ,  -1.0211678349887090     
  -1.5576453700601731      ,  -1.5275937779192856      ,  -1.0857830039380234     
  -1.6431945316972367      ,  -1.6085623533591964      ,  -1.1531196477268890     
  -1.7255950464356626      ,  -1.6868938939161400      ,  -1.2227277695525685     
  -1.8017779611738318      ,  -1.7605161903145281      ,  -1.2939927958138346     
  -1.8691173277855186      ,  -1.8270343129837907      ,  -1.3661151039794051     
  -1.9254849399889680      ,  -1.8837787772127064      ,  -1.4380948387112886     
  -1.9689195498999417      ,  -1.9278966816365157      ,  -1.5087257139824952     
  -1.9972149148537943      ,  -1.9564922881605553      ,  -1.5766020145148025     
  -2.0077147593436671      ,  -1.9668179842404507      ,  -1.6401430354681412     
  -1.9974364000207554      ,  -1.9565078935156675      ,  -1.6976384459203631     
  -1.9635080732013750      ,  -1.9238352622592316      ,  -1.7473162883833551     
  -1.9038104916903946      ,  -1.8679631247608479      ,  -1.7874324592804500     
  -1.8176577047787119      ,  -1.7891488963989355      ,  -1.8163767754887499     
  -1.7063249832419745      ,  -1.6888613174542515      ,  -1.8327867172578691     
  -1.5732360366896900      ,  -1.5697756537403367      ,  -1.8356565804305158     
  -1.4237101165721124      ,  -1.4356308657342878      ,  -1.8244281277482193     
  -1.2643311850480281      ,  -1.2909575812169940      ,  -1.7990497282333926     
  -1.1021180487044859      ,  -1.1407118013422741      ,  -1.7599946421626305     
 -0.94368511717668135      , -0.98986866166433762      ,  -1.7082349636031091     
 -0.79451563880345888      , -0.84303727905915227      ,  -1.6451744759519611     
 -0.65841024195454956      , -0.70414998917810345      ,  -1.5725497021054149     
