  0.67212674535460015      ,   2.1229450724483714      ,   1.4655193661558268     
   1.8375587627553946      ,   2.1929852415350255      ,   1.5610585270229873     
   2.2665248708151529      ,   2.2400776937172493      ,   1.6539053462152871     
   2.2793748035202688      ,   2.2589017442634218      ,   1.7415228812149708     
   2.0403426609659339      ,   2.2447042742917840      ,   1.8210630112943438     
   1.7161539079627552      ,   2.1939089102960634      ,   1.8894909061409448     
   1.5502333347903356      ,   2.1047402225179983      ,   1.9437656688917380     
   1.6071984142325382      ,   1.9777454803439807      ,   1.9810672081207392     
   1.5543951432343033      ,   1.8160821072783706      ,   1.9990464820024860     
   1.5028443068118373      ,   1.6254624622894605      ,   1.9960649989817625     
   1.2513595793063117      ,   1.4137129629515430      ,   1.9713841858516696     
   1.0846778033709294      ,   1.1899972664110152      ,   1.9252693066812612     
  0.85266436727919992      ,  0.96384218103004549      ,   1.8589865037522069     
  0.62785772984240951      ,  0.74415591195967179      ,   1.7746919444430655     
  0.48112012441447216      ,  0.53842131673974125      ,   1.6752329415465239     
  0.41620653184569661      ,  0.35218728446955988      ,   1.5638959838847664     
  0.24861620479162053      ,  0.18889565376218667      ,   1.4441420266186100     
  0.16490084764978991      ,   5.0001978019320249E-002 ,   1.3193650556489360     
   6.7486373497992108E-002 ,  -6.4700883798565631E-002 ,   1.1926989228874905     
  -3.6391496722734416E-002 , -0.15666063759309845      ,   1.0668841267543117     
  -9.4983528410189727E-002 , -0.22813426990100699      ,  0.94419438639734021     
 -0.14601023805934410      , -0.28180797976757588      ,  0.82641469034470127     
 -0.19717814694537661      , -0.32049834109380249      ,  0.71485843581946695     
 -0.22609031142977309      , -0.34694074961631782      ,  0.61041059040920653     
 -0.24363286219664548      , -0.36365620077566646      ,  0.51358530372947420     
 -0.28156992748395832      , -0.37288048745330526      ,  0.42458891988492709     
 -0.30608193939637107      , -0.37653861886822665      ,  0.34338204425120999     
 -0.32216212642002162      , -0.37624917459232166      ,  0.26973670639260389     
 -0.32508618530801825      , -0.37334652660465156      ,  0.20328652779630416     
 -0.34170459597072445      , -0.36891220776140959      ,  0.14356912745924336     
 -0.33453403779975932      , -0.36380958762195265      ,   9.0060855130340983E-002
 -0.35747235356868573      , -0.35871823902491112      ,   4.2204439621893741E-002
 -0.37317316463406142      , -0.35416596004674755      ,  -5.6961569239652996E-004
 -0.38608290318580468      , -0.35055746826940914      ,  -3.8826978221081797E-002
 -0.38601951744482749      , -0.34819944144875398      ,  -7.3117879548269940E-002
 -0.40437167864993867      , -0.34732196114584557      , -0.10396913675487859     
 -0.40573979416677342      , -0.34809661831423416      , -0.13187907821838246     
 -0.42638813372174922      , -0.35065163044657438      , -0.15731475324318300     
 -0.44755790856788319      , -0.35508434474769440      , -0.18071090378070817     
 -0.47314547914441157      , -0.36147149037983400      , -0.20247026648446861     
 -0.48892007368967461      , -0.36987751301508459      , -0.22296485238673353     
 -0.50347351516323724      , -0.38036128702789984      , -0.24253791924495635     
 -0.51473928927442003      , -0.39298146021187508      , -0.26150640862046931     
 -0.52154800303426119      , -0.40780064560972051      , -0.28016366693359418     
 -0.54123934760041681      , -0.42488863596647064      , -0.29878230811027573     
 -0.55806665870596917      , -0.44432477860534586      , -0.31761710598075332     
 -0.58118051022511508      , -0.46619961183729980      , -0.33690782818834025     
 -0.59775696883102447      , -0.49061582772856122      , -0.35688194075595159     
 -0.62469120508707776      , -0.51768858938690709      , -0.37775712423213165     
 -0.64009012415715627      , -0.54754519301577265      , -0.39974354894277481     
 -0.67537673562542422      , -0.58032402491292434      , -0.42304585861538374     
 -0.70388512262715008      , -0.61617272046811900      , -0.44786480869756806     
 -0.74738774865761870      , -0.65524538527947807      , -0.47439849813077212     
 -0.78228591219869792      , -0.69769868729453444      , -0.50284312115890861     
 -0.82897509798698243      , -0.74368657348523226      , -0.53339314892254241     
 -0.86687006966262792      , -0.79335330605295495      , -0.56624082914757556     
 -0.91574309074865223      , -0.84682445416439756      , -0.60157486641105617     
 -0.96659322069241305      , -0.90419542278911047      , -0.63957811587315860     
  -1.0264068418278725      , -0.96551705894731876      , -0.68042409129601356     
  -1.0903575989880570      ,  -1.0307778612015503      , -0.72427205599499500     
  -1.1600976260172688      ,  -1.0998823509037625      , -0.77126043706710912     
  -1.2353385636662066      ,  -1.1726252724491224      , -0.82149828508863920     
  -1.3106764981030725      ,  -1.2486615134322572      , -0.87505450283288311     
  -1.3969488936332697      ,  -1.3274720230237296      , -0.93194460068929952     
  -1.4804981857470143      ,  -1.4083266142620134      , -0.99211482113025040     
  -1.5732950598679687      ,  -1.4902454189606513      ,  -1.0554236320282695     
  -1.6577771990574677      ,  -1.5719619618454443      ,  -1.1216208443547895     
  -1.7467990949084136      ,  -1.6518923291820697      ,  -1.1903249890188543     
  -1.8228658969986689      ,  -1.7281166388091584      ,  -1.2610001085055818     
  -1.9008055741139618      ,  -1.7983807511966154      ,  -1.3329337815139992     
  -1.9646590175626617      ,  -1.8601274883067285      ,  -1.4052189689836077     
  -2.0250074131715086      ,  -1.9105669316404634      ,  -1.4767430611370855     
  -2.0674984623062653      ,  -1.9467938643396794      ,  -1.5461881616983577     
  -2.0968919201437735      ,  -1.9659562972366709      ,  -1.6120469374818855     
  -2.1008200300884465      ,  -1.9654717519920386      ,  -1.6726580056065574     
  -2.0817973534379122      ,  -1.9432777608327523      ,  -1.7262635486630262     
  -2.0326650697276927      ,  -1.8980912374186156      ,  -1.7710894706649931     
  -1.9555530223917570      ,  -1.8296406962393050      ,  -1.8054450031124267     
  -1.8496207794547668      ,  -1.7388294866500131      ,  -1.8278346624583925     
  -1.7185225373341686      ,  -1.6277909378168240      ,  -1.8370716452890137     
  -1.5664107581808637      ,  -1.4998095542228083      ,  -1.8323791687938058     
  -1.3990142802510845      ,  -1.3591048903602743      ,  -1.8134659116009328     
  -1.2245121827079548      ,  -1.2105014823689850      ,  -1.7805641330966038     
  -1.0490907394566691      ,  -1.0590317642324893      ,  -1.7344240464755345     
 -0.88198137243852914      , -0.90953204853726333      ,  -1.6762645840380972     
 -0.72709966697664008      , -0.76629045839720311      ,  -1.6076872838821734     
 -0.59050751011311808      , -0.63279111119684861      ,  -1.5305650890616394     
 -0.47101902437525395      , -0.51157614327258938      ,  -1.4469203331926654     
 -0.37006902784315815      , -0.40422348056081997      ,  -1.3588058440310067     
 -0.28350439357230739      , -0.31141976406450217      ,  -1.2682004526181798     
 -0.21167000736404062      , -0.23309778801163680      ,  -1.1769262441082506     
 -0.15192901554439348      , -0.16860623877588951      ,  -1.0865906987991416     
 -0.10517733083934042      , -0.11688420726929609      , -0.99855328422125944     
  -6.9691236060376277E-002 ,  -7.6620826960369842E-002 , -0.91391352682143312     
  -4.5667863651033549E-002 ,  -4.6388750188870759E-002 , -0.83351620498294843     
  -3.1012536146135937E-002 ,  -2.4747247274474339E-002 , -0.75796889974055193     
  -2.4824497785813714E-002 ,  -1.0315729998428632E-002 , -0.68766743138630215     
  -2.4612545238350811E-002 ,  -1.8214478280048640E-003 , -0.62282540323619306     
  -2.8724204790863059E-002 ,   1.8736213420180853E-003 , -0.56350492439458066     
  -3.4851164945875375E-002 ,   1.7615356216361129E-003 , -0.50964642339749555     
  -4.1647031838147497E-002 ,  -1.3118115952818158E-003 , -0.46109619835676158     
  -4.8127393046637289E-002 ,  -6.6396574477651698E-003 , -0.41763093670120399     
  -5.4147698892928225E-002 ,  -1.3643028666461270E-002 , -0.37897887546563841     
  -6.0322982443644146E-002 ,  -2.1857230537399887E-002 , -0.34483757807297111     
  -6.7235996150594418E-002 ,  -3.0917647516997382E-002 , -0.31488850072089442     
  -7.5906153173593560E-002 ,  -4.0545828998756465E-002 , -0.28880863680281205     
  -8.6335075754880294E-002 ,  -5.0536458215814865E-002 , -0.26627958437632082     
  -9.8847018447984769E-002 ,  -6.0745535952676205E-002 , -0.24699439830948178     
 -0.11231905181940698      ,  -7.1079928829461902E-002 , -0.23066257968419340     
 -0.12641338781903128      ,  -8.1488312368645233E-002 , -0.21701353068754367     
 -0.13957338738756747      ,  -9.1953464011745173E-002 , -0.20579877078846398     
 -0.15160072254806173      , -0.10248581711414667      , -0.19679317430099824     
 -0.16159315522855339      , -0.11311816375377477      , -0.18979545356896593     
 -0.17030954848670957      , -0.12390138486828309      , -0.18462807785078555     
 -0.17794142954722497      , -0.13490108585741281      , -0.18113678659492613     
 -0.18587622377368898      , -0.14619502096295234      , -0.17918982768631697     
 -0.19463274575801354      , -0.15787119815256992      , -0.17867702656820605     
 -0.20509244030957940      , -0.17002656630521587      , -0.17950877083502106     
 -0.21710388247655701      , -0.18276619714175962      , -0.18161497674609636     
 -0.23045719047416280      , -0.19620288481528092      , -0.18494408884528565     
 -0.24451221546016452      , -0.21045709584136973      , -0.18946215116338330     
 -0.25870294763874091      , -0.22565721072115474      , -0.19515197798646983     
 -0.27292570887933026      , -0.24194000588268194      , -0.20201244354666020     
 -0.28705540033651855      , -0.25945133017162558      , -0.21005790288735099     
 -0.30182018108654751      , -0.27834693379168085      , -0.21931775023200070     
 -0.31744505342480694      , -0.29879340902458551      , -0.22983611610438576     
 -0.33509726392585709      , -0.32096920087564484      , -0.24167169986552495     
 -0.35504939114264178      , -0.34506564151254326      , -0.25489772989084503     
 -0.37858208798222259      , -0.37128795436713680      , -0.26960203892761031     
 -0.40576069885244309      , -0.39985616123761175      , -0.28588723682235340     
 -0.43744198651465377      , -0.43100580761439661      , -0.30387095630563832     
 -0.47306849138436208      , -0.46498839643186035      , -0.32368613929883611     
 -0.51281339317804076      , -0.50207138687697239      , -0.34548132058916198     
 -0.55580818090523754      , -0.54253757078717313      , -0.36942085189663620     
 -0.60212773921939955      , -0.58668358224765382      , -0.39568499136519159     
 -0.65142792623122392      , -0.63481722373640304      , -0.42446976021377292     
 -0.70421698961334522      , -0.68725320205339335      , -0.45598643837758396     
 -0.76086703835447322      , -0.74430675725310036      , -0.49046053302116105     
 -0.82207713108333558      , -0.80628453708180048      , -0.52813000635325302     
 -0.88860287315338760      , -0.87347191981658512      , -0.56924249093951840     
 -0.96106887786789075      , -0.94611582648685610      , -0.61405115097201413     
  -1.0403429224507155      ,  -1.0244019038421510      , -0.66280876718600912     
  -1.1264706019065454      ,  -1.1084248294944457      , -0.71575953398672687     
  -1.2194866874170247      ,  -1.1981504370039850      , -0.77312796625371349     
  -1.3179806902353617      ,  -1.2933684551491871      , -0.83510423251032928     
  -1.4207721451737028      ,  -1.3936350120537007      , -0.90182518174023896     
  -1.5256911859629034      ,  -1.4982048238685792      , -0.97335034643113805     
  -1.6316338265054202      ,  -1.6059543643073384      ,  -1.0496323335922244     
  -1.7370200929411559      ,  -1.7152995155211928      ,  -1.1304813258783022     
  -1.8412062238616282      ,  -1.8241144286973070      ,  -1.2155239907546520     
  -1.9425819425192372      ,  -1.9296626473165661      ,  -1.3041580287422825     
  -2.0394227123060795      ,  -2.0285567510694142      ,  -1.3955049591156097     
  -2.1283693024976329      ,  -2.1167681279727408      ,  -1.4883655626288721     
  -2.2051030757410821      ,  -2.1897124730225968      ,  -1.5811845732323351     
  -2.2637151676115836      ,  -2.2424368401855683      ,  -1.6720334281675850     
  -2.2976737593410337      ,  -2.2699274515027903      ,  -1.7586215675428791     
  -2.3003798368926240      ,  -2.2675410704442771      ,  -1.8383470568267553     
  -2.2664183184904725      ,  -2.2315354793862863      ,  -1.9083951718011813     
  -2.1925141603105960      ,  -2.1596393728573404      ,  -1.9658881976733313     
  -2.0782186017016175      ,  -2.0515673608482117      ,  -2.0080809159886481     
  -1.9262549191121920      ,  -1.9093654042820782      ,  -2.0325851947350984     
  -1.7421395281598109      ,  -1.7374802521795818      ,  -2.0375963442642169     
  -1.5337630511689091      ,  -1.5424908645419049      ,  -2.0220870557072868     
  -1.3105135099686633      ,  -1.3325138890316865      ,  -1.9859351503616736     
  -1.0827340751327728      ,  -1.1163770895205816      ,  -1.9299604824015189     
 -0.86065084974842143      , -0.90271463970216792      ,  -1.8558625427495614     
 -0.65350901119941329      , -0.69915333805288005      ,  -1.7660691607004873     
 -0.46818152491624165      , -0.51172455627362157      ,  -1.6635226118661581     
 -0.30799343241472610      , -0.34456902251457822      ,  -1.5514380456062040     
 -0.17200578574435924      , -0.19992742058226354      ,  -1.4330689555593126     
  -5.6723623768748857E-002 ,  -7.8353635495356427E-002 ,  -1.3115070018535810     
   4.1097284743597043E-002 ,   2.0938678205007655E-002 ,  -1.1895322925370455     
  0.12254762668452937      ,   9.9683331970804839E-002 ,  -1.0695188846258392     
  0.18707088819032552      ,  0.16018938887226788      , -0.95339135265482711     
  0.23412092146463848      ,  0.20502955102225520      , -0.84262287340932207     
  0.26430084089988698      ,  0.23680505324691808      , -0.73826321303702513     
  0.27938178850522200      ,  0.25798571518553559      , -0.64098540203572851     
  0.28203742406900589      ,  0.27081406721431378      , -0.55114169936627055     
  0.27560068836886065      ,  0.27725876812910116      , -0.46882179683512121     
  0.26356933563444757      ,  0.27900274777112255      , -0.39390850780487019     
  0.24924049042413637      ,  0.27745373025931797      , -0.32612810965688144     
  0.23543386245080059      ,  0.27376767687771925      , -0.26509396378805872     
  0.22411191485090404      ,  0.26887844999022875      , -0.21034304104239709     
  0.21594773306644288      ,  0.26352928555378896      , -0.16136561312245876     
  0.21048691208371653      ,  0.25830338361003830      , -0.11762872548202521     
  0.20659027795938611      ,  0.25365213339961845      ,  -7.8594230329419618E-002
  0.20311761912863718      ,  0.24992028571985089      ,  -4.3732198406493103E-002
  0.19953061990943208      ,  0.24736787928073103      ,  -1.2530495478973122E-002
  0.19624269648366463      ,  0.24618901419420672      ,   1.5498761649762946E-002
  0.19423749457220230      ,  0.24652771658972086      ,   4.0815242249198726E-002
  0.19460870058921900      ,  0.24849120507191619      ,   6.3848395057936713E-002
  0.19824322730700999      ,  0.25216088680275600      ,   8.4996947291091016E-002
  0.20572822812447417      ,  0.25760140041147883      ,  0.10462953672164868     
  0.21718575987997624      ,  0.26486799812752337      ,  0.12308617297080882     
  0.23222235447316600      ,  0.27401252828755540      ,  0.14068028317307485     
  0.24996810079201631      ,  0.28508824596383264      ,  0.15770114704959190     
  0.26935763728815360      ,  0.29815364605313538      ,  0.17441656789863064     
  0.28954679113167292      ,  0.31327548066923111      ,  0.19107565995241765     
  0.31024012875907220      ,  0.33053109129916319      ,  0.20791165978693618     
  0.33179369185565699      ,  0.35001015569947541      ,  0.22514469075587282     
  0.35498894262389546      ,  0.37181591944846470      ,  0.24298442539145085     
  0.38070090905102022      ,  0.39606595177792658      ,  0.26163260189036275     
  0.40960588871712517      ,  0.42289243397840254      ,  0.28128535757025835     
  0.44220424855737561      ,  0.45244195537173576      ,  0.30213534479742682     
  0.47881186816955867      ,  0.48487475552864823      ,  0.32437359347328226     
  0.51954807617040033      ,  0.52036331095555033      ,  0.34819107871969512     
  0.56420397217914708      ,  0.55909011875466963      ,  0.37377994279216353     
  0.61228402214865885      ,  0.60124447776365575      ,  0.40133430624077332     
  0.66308200720882704      ,  0.64701800872700355      ,  0.43105058462564538     
  0.71601403573034328      ,  0.69659858914627970      ,  0.46312720335904639     
  0.77089638915487801      ,  0.75016230682968776      ,  0.49776357426593426     
  0.82806370493239734      ,  0.80786296208517894      ,  0.53515816326300703     
  0.88815238104640892      ,  0.86981857845954313      ,  0.57550543970562862     
  0.95187166913987620      ,  0.93609432723212493      ,  0.61899145589766924     
   1.0199121416931107      ,   1.0066812497723858      ,  0.66578776291098896     
   1.0929888869085311      ,   1.0814702020791576      ,  0.71604333133576936     
   1.1717412464023107      ,   1.1602205871984252      ,  0.76987412117325282     
   1.2563037826739483      ,   1.2425237379106899      ,  0.82734994640491488     
   1.3458335665676868      ,   1.3277613327337383      ,  0.88847832494687062     
   1.4383616621768129      ,   1.4150600519922343      ,  0.95318511823163443     
   1.5312664386642396      ,   1.5032448850857092      ,   1.0212919774044968     
   1.6219975971547531      ,   1.5907951368249806      ,   1.0924909602993793     
   1.7086658252431977      ,   1.6758092336481305      ,   1.1663171991790231     
   1.7900150903570464      ,   1.7559867539213359      ,   1.2421212063624751     
   1.8649672313252812      ,   1.8286383484215454      ,   1.3190432973004009     
   1.9319727640390991      ,   1.8907357477549998      ,   1.3959936298273332     
   1.9886316592675677      ,   1.9390139414672936      ,   1.4716423658616045     
   2.0315734472735798      ,   1.9701347168167749      ,   1.5444252179966029     
   2.0566348210779544      ,   1.9809139931688384      ,   1.6125698074137198     
   2.0592387094348386      ,   1.9686042965658759      ,   1.6741474332865141     
   2.0350982274879188      ,   1.9312090665239734      ,   1.7271526879999526     
   1.9811238601486609      ,   1.8677898948641325      ,   1.7696097139064220     
   1.8962782939518559      ,   1.7787157727778797      ,   1.7996990584772179     
   1.7820059505793375      ,   1.6658004180897077      ,   1.8158938485468463     
   1.6421065336468312      ,   1.5322841264031259      ,   1.8170896522382194     
   1.4821911667820458      ,   1.3826410816817760      ,   1.8027103842661085     
   1.3090326554428255      ,   1.2222271300857113      ,   1.7727740487535097     
   1.1300151254928215      ,   1.0568173954948450      ,   1.7279072363722550     
  0.95262137381408241      ,  0.89210699497372936      ,   1.6693051785598141     
  0.78378719516927853      ,  0.73325371885859658      ,   1.5986429288824242     
  0.62903559494887851      ,  0.58452759738698601      ,   1.5179506812892458     
  0.49164458201063921      ,  0.44910440619877645      ,   1.4294706036630744     
  0.37235946615499321      ,  0.32900804302432490      ,   1.3355131575457599     
  0.27004748119996985      ,  0.22517975761350253      ,   1.2383281301111788     
  0.18294298579170853      ,  0.13763619500143201      ,   1.1400007631493552     
  0.10965227236812779      ,   6.5674125912785541E-002 ,   1.0423779110055031     
   4.9374889773887758E-002 ,   8.0849226673441309E-003 ,  0.94702432864755492     
   1.5693747736227406E-003 ,  -3.6647959318350160E-002 ,  0.85520570116662220     
  -3.4421518026160107E-002 ,  -7.0183985503209742E-002 ,  0.76789306686827385     
  -5.9552831150281357E-002 ,  -9.4198889559875751E-002 ,  0.68578266487044659     
  -7.5189765226119809E-002 , -0.11029539148430681      ,  0.60932557376670549     
  -8.3178501526244772E-002 , -0.11994634888404937      ,  0.53876239312829344     
  -8.5768775403868278E-002 , -0.12446374781749646      ,  0.47415931772987213     
  -8.5354020692793520E-002 , -0.12498684092459350      ,  0.41544303521539272     
  -8.4083528638490876E-002 , -0.12248351306069007      ,  0.36243281295299978     
  -8.3438601755009667E-002 , -0.11776008759970902      ,  0.31486887817539688     
  -8.3974721655105306E-002 , -0.11147595722127562      ,  0.27243673610220331     
  -8.5383500973264678E-002 , -0.10416046098667439      ,  0.23478743889501760     
  -8.6806189388364471E-002 ,  -9.6230268745729916E-002 ,  0.20155404923322520     
  -8.7241869117378565E-002 ,  -8.8006169680094323E-002 ,  0.17236467135236386     
  -8.5928902355500186E-002 ,  -7.9728619465646910E-002 ,  0.14685248014890553     
  -8.2582947449963112E-002 ,  -7.1571715908854167E-002 ,  0.12466318963701144     
  -7.7424512873186260E-002 ,  -6.3655481380319207E-002 ,  0.10546038361411331     
  -7.1073151797811235E-002 ,  -5.6056462123818873E-002 ,   8.8929096525659293E-002
  -6.4384904282207708E-002 ,  -4.8816733180471229E-002 ,   7.4777989758615271E-002
  -5.8231973688488411E-002 ,  -4.1951440676735785E-002 ,   6.2740423449201291E-002
  -5.3235147412362224E-002 ,  -3.5455032936478358E-002 ,   5.2574679744355923E-002
  -4.9555055658193979E-002 ,  -2.9306336777311121E-002 ,   4.4063552248866676E-002
  -4.6842263282506957E-002 ,  -2.3472631137315080E-002 ,   3.7013479116549064E-002
  -4.4382449374671368E-002 ,  -1.7912860613176592E-002 ,   3.1253364298961861E-002
  -4.1367158348529963E-002 ,  -1.2580119031930273E-002 ,   2.6633202873642056E-002
  -3.7179725269594059E-002 ,  -7.4235194168164684E-003 ,   2.3022601941961349E-002
  -3.1594855553472773E-002 ,  -2.3895526643297050E-003 ,   2.0309267999732566E-002
  -2.4821801967178168E-002 ,   2.5769764294678002E-003 ,   1.8397514567913990E-002
  -1.7372482892309575E-002 ,   7.5323600723385788E-003 ,   1.7206829832404586E-002
  -9.8374288636536890E-003 ,   1.2533681512562971E-002 ,   1.6670532691262046E-002
  -2.6921966477618806E-003 ,   1.7638739228033853E-002 ,   1.6734536573687991E-002
   3.8058377928375875E-003 ,   2.2906157954650883E-002 ,   1.7356233333978746E-002
   9.6342688089794248E-003 ,   2.8395651775810059E-002 ,   1.8503504123173291E-002
   1.4968793603379228E-002 ,   3.4168411947193139E-002 ,   2.0153860122593532E-002
   2.0134455842718130E-002 ,   4.0287598573695890E-002 ,   2.2293713141477826E-002
   2.5576312111231840E-002 ,   4.6818920772964574E-002 ,   2.4917774122068557E-002
   3.1815312064200726E-002 ,   5.3831294641373525E-002 ,   2.8028576376258642E-002
   3.9351320797281111E-002 ,   6.1397572269541886E-002 ,   3.1636119741692989E-002
   4.8522199006926871E-002 ,   6.9595338313741359E-002 ,   3.5757631659391192E-002
   5.9394852614049920E-002 ,   7.8507773281989768E-002 ,   4.0417441327286856E-002
   7.1750306563869076E-002 ,   8.8224584786854909E-002 ,   4.5646963479192816E-002
   8.5174431686562663E-002 ,   9.8843009576148722E-002 ,   5.1484788894276025E-002
   9.9201298955463119E-002 ,  0.11046889017470396      ,   5.7976879384914290E-002
  0.11345976032285865      ,  0.12321783041693192      ,   6.5176865672310277E-002
  0.12778514705331945      ,  0.13721643393795990      ,   7.3146447170941875E-002
  0.14227229199993413      ,  0.15260362868110805      ,   8.1955893190802181E-002
  0.15726144803261805      ,  0.16953207845828508      ,   9.1684645344361937E-002
  0.17328838842236838      ,  0.18816967925929715      ,  0.10242202090719046     
  0.19103199025554954      ,  0.20870113291326453      ,  0.11426801639108988     
  0.21124854443506283      ,  0.23132958326445305      ,  0.12733420946757795     
  0.23465994588389522      ,  0.25627828942655712      ,  0.14174475538966241     
  0.26179904769111478      ,  0.28379229583655963      ,  0.15763747088302618     
  0.29288307030856414      ,  0.31414003829503662      ,  0.17516499368889293     
  0.32778478772162933      ,  0.34761479704822135      ,  0.19449599897351566     
  0.36612960118659443      ,  0.38453586975492132      ,  0.21581644392278115     
  0.40749166858797969      ,  0.42524928569696840      ,  0.23933079802753432     
  0.45163681520024773      ,  0.47012781380497676      ,  0.26526319755009375     
  0.49870446303475346      ,  0.51956992601299135      ,  0.29385843679191381     
  0.54923458158002059      ,  0.57399725820589576      ,  0.32538267396696935     
  0.60404934990531589      ,  0.63384995688781476      ,  0.36012368314484444     
  0.66412592735525966      ,  0.69957910375106158      ,  0.39839042277848546     
  0.73054059189330900      ,  0.77163516659707754      ,  0.44051161226904401     
  0.80440838446760043      ,  0.85045113084173762      ,  0.48683290717601213     
  0.88668374253553350      ,  0.93641862573563228      ,  0.53771213779833738     
  0.97782812031827426      ,   1.0298549921469877      ,  0.59351192318830193     
   1.0775166377074206      ,   1.1309588877514196      ,  0.65458879492291688     
   1.1845995765723443      ,   1.2397517747754763      ,  0.72127777049431474     
   1.2974104808435396      ,   1.3560026313389530      ,  0.79387112490455902     
   1.4142774819894666      ,   1.4791337050455708      ,  0.87258995955215146     
   1.5339242648687019      ,   1.6081064368808913      ,  0.95754712642466444     
   1.6554970599484806      ,   1.7412893019177593      ,   1.0487002384026967     
   1.7782210290399203      ,   1.8763138155898438      ,   1.1457940364240928     
   1.9009043646501858      ,   2.0099318942507094      ,   1.2482924930836636     
   2.0214620899410907      ,   2.1378973961878445      ,   1.3553029398616954     
   2.1364340824731274      ,   2.2549064777318151      ,   1.4654974099608737     
   2.2405276851319647      ,   2.3546433513064033      ,   1.5770403371301229     
   2.3264787144292032      ,   2.4299858367995242      ,   1.6875364451886767     
   2.3855853201314408      ,   2.4734218891438644      ,   1.7940172231606923     
   2.4089228253524904      ,   2.4777056673536721      ,   1.8929871604190438     
   2.3888637323979749      ,   2.4367331707699966      ,   1.9805495722426576     
   2.3204529882261848      ,   2.3465443731214122      ,   2.0526239233744605     
   2.2023577626960700      ,   2.2062768910334571      ,   2.1052507294668348     
   2.0372270015826444      ,   2.0188375363135775      ,   2.1349578202379615     
   1.8313585287446432      ,   1.7910618331619277      ,   2.1391383069182974     
   1.5938028091426351      ,   1.5332228917328097      ,   2.1163745456471621     
   1.3353601839921996      ,   1.2579174386146803      ,   2.0666422782241312     
   1.0677952957249925      ,  0.97854134297999718      ,   1.9913488137310020     
  0.80307667022993823      ,  0.70769136313762082      ,   1.8931943560315410     
  0.55254620639823859      ,  0.45583824664640421      ,   1.7758848688803412     
  0.32603625443941880      ,  0.23050927023430751      ,   1.6437546594339536     
  0.12995151748858688      ,   3.6050505143438528E-002 ,   1.5013681551015559     
  -3.5280696943603404E-002 , -0.12611607209068093      ,   1.3531623917873992     
 -0.17455244303805750      , -0.25691646736808738      ,   1.2031709132144586     
 -0.29338562261334367      , -0.35892099368569275      ,   1.0548452921163320     
 -0.39391111616449997      , -0.43566570606659138      ,  0.91096991287466522     
 -0.47480059462788082      , -0.49109073009665027      ,  0.77365276665340721     
 -0.53425637597625142      , -0.52913030916021508      ,  0.64436993400604248     
 -0.57254839583867834      , -0.55344944453988010      ,  0.52404215255857545     
 -0.59199209084073678      , -0.56730092427670731      ,  0.41312580382037600     
 -0.59630582635190144      , -0.57347008422848955      ,  0.31170564749703555     
 -0.59041620012818397      , -0.57427697668179878      ,  0.21958131569322537     
 -0.57951743013100476      , -0.57161183544461391      ,  0.13634331255018414     
 -0.56807451192449698      , -0.56698665329823184      ,   6.1436906494710515E-002
 -0.55970700308347232      , -0.56159171937918373      ,  -5.7860203865394491E-003
 -0.55678527147247014      , -0.55635054902165548      ,  -6.6026161440253139E-002
 -0.55965705075725758      , -0.55196980285759600      , -0.12000557659049557     
 -0.56694339005220129      , -0.54898280315761561      , -0.16844453580434451     
 -0.57667716942250280      , -0.54778643087851842      , -0.21204493240616626     
 -0.58721743881072042      , -0.54867180518917957      , -0.25147893945101157     
 -0.59802440590119277      , -0.55184942003972071      , -0.28738176978518815     
 -0.60992682555943367      , -0.55746948611134617      , -0.32034758760914694     
 -0.62415737594677212      , -0.56563819546380900      , -0.35092779030212551     
 -0.64122180723616329      , -0.57643054706452279      , -0.37963102752785310     
 -0.66087825107696507      , -0.58990027587016369      , -0.40692444907360542     
 -0.68264537957399940      , -0.60608733244994850      , -0.43323577496980942     
 -0.70608804197454245      , -0.62502327145361625      , -0.45895586375767139     
 -0.73087914224165407      , -0.64673482781757508      , -0.48444152011735980     
 -0.75671719246238045      , -0.67124588940194041      , -0.51001833407320762     
 -0.78337149868055445      , -0.69857801281065290      , -0.53598338297267722     
 -0.81090062917709882      , -0.72874957445346822      , -0.56260765637729260     
 -0.83971124764732918      , -0.76177360083665890      , -0.59013808461061679     
 -0.87040743068929982      , -0.79765428065106081      , -0.61879906548882424     
 -0.90362258920274197      , -0.83638212735544426      , -0.64879339212775489     
 -0.93984627228639694      , -0.87792773658273071      , -0.68030248910997815     
 -0.97932972362640458      , -0.92223407105529098      , -0.71348586628439714     
  -1.0221900340416838      , -0.96920721151846778      , -0.74847970091958682     
  -1.0684287445133129      ,  -1.0187055419305131      , -0.78539446213172392     
  -1.1176886482589190      ,  -1.0705273990196120      , -0.82431149933192061     
  -1.1691648900932297      ,  -1.1243973202013882      , -0.86527853247538133     
  -1.2218429787534411      ,  -1.1799511806106666      , -0.90830401053099619     
  -1.2748058978896843      ,  -1.2367207301277516      , -0.95335035097060483     
  -1.3274633767385680      ,  -1.2941183324021865      ,  -1.0003261428697443     
  -1.3795781563640881      ,  -1.3514230708375985      ,  -1.0490774950421622     
  -1.4309869839491240      ,  -1.4077698097463391      ,  -1.0993788430539364     
  -1.4812336936595196      ,  -1.4621432513207209      ,  -1.1509236968342043     
  -1.5294106331019326      ,  -1.5133794522476787      ,  -1.2033160107705185     
  -1.5742037250728187      ,  -1.5601775654106953      ,  -1.2560630796131806     
  -1.6139779699621479      ,  -1.6011246243680743      ,  -1.3085710842048905     
  -1.6468178295493974      ,  -1.6347358360637099      ,  -1.3601445955361895     
  -1.6705703333823221      ,  -1.6595119318158782      ,  -1.4099914444430315     
  -1.6830310636656918      ,  -1.6740135290221811      ,  -1.4572343171030444     
  -1.6823142528449191      ,  -1.6769501584963395      ,  -1.5009301808173732     
  -1.6672224547187762      ,  -1.6672787674971616      ,  -1.5400981306903612     
  -1.6374230413748894      ,  -1.6443034919369328      ,  -1.5737554593945751     
  -1.5933767206097469      ,  -1.6077659040101648      ,  -1.6009607280829263     
  -1.5361042418963755      ,  -1.5579135285661139      ,  -1.6208614663653091     
  -1.4669785863342406      ,  -1.4955348932514001      ,  -1.6327430334951276     
  -1.3876660702759016      ,  -1.4219521617279289      ,  -1.6360743587605571     
  -1.3001634180186470      ,  -1.3389674036710908      ,  -1.6305459717501778     
  -1.2068201199090796      ,  -1.2487650483012311      ,  -1.6160960912620492     
  -1.1102738083339732      ,  -1.1537797725597216      ,  -1.5929215969596866     
  -1.0132731794667602      ,  -1.0565444878607058      ,  -1.5614723340519292     
 -0.91842427849293573      , -0.95953593668434656      ,  -1.5224291288345679     
 -0.82794097742852146      , -0.86503506073693992      ,  -1.4766677720079291     
 -0.74347124399766684      , -0.77501596540308193      ,  -1.4252127180413876     
 -0.66604608547161670      , -0.69107193118611820      ,  -1.3691851115140485     
 -0.59616641319378272      , -0.61438085835291323      ,  -1.3097498964083438     
 -0.53397531096366491      , -0.54570708471447615      ,  -1.2480662595137457     
 -0.47942440787322893      , -0.48543260907053182      ,  -1.1852446890097597     
 -0.43237605356115483      , -0.43360875900124374      ,  -1.1223127313895014     
 -0.39263464488338634      , -0.39001913247825576      ,  -1.0601903307828902     
 -0.35992918935340795      , -0.35424575937535829      , -0.99967460534226515     
 -0.33388316052600381      , -0.32573229227028422      , -0.94143315192369736     
 -0.31399967839675358      , -0.30384011645547843      , -0.88600449845689855     
 -0.29967435826929828      , -0.28789518263124692      , -0.83380411625177198     
 -0.29023573435583522      , -0.27722489743748402      , -0.78513440532441636     
 -0.28500347365172912      , -0.27118548665555725      , -0.74019720831002611     
 -0.28335010067092103      , -0.26918090226847574      , -0.69910763092864081     
 -0.28475672966326315      , -0.27067465841662991      , -0.66190819981108051     
 -0.28885253513538911      , -0.27519604925744096      , -0.62858263694646577     
 -0.29542439980475033      , -0.28234211350831079      , -0.59906875283833150     
 -0.30438970524584757      , -0.29177653783712260      , -0.57327014725614533     
 -0.31573955123287500      , -0.30322648557970211      , -0.55106655451075470     
 -0.32946927876096371      , -0.31647813139018632      , -0.53232278152552437     
 -0.34551830894979996      , -0.33137149483996187      , -0.51689626622335638     
 -0.36373926400468104      , -0.34779500501769461      , -0.50464333648177084     
 -0.38390470205331162      , -0.36568009573819377      , -0.49542428169247349     
 -0.40574682944799212      , -0.38499602525408183      , -0.48910736481874190     
 -0.42901570122348370      , -0.40574503181382809      , -0.48557190700941305     
 -0.45353477345924714      , -0.42795787285999853      , -0.48471057270616202     
 -0.47923461039459181      , -0.45168974702394493      , -0.48643097339798735     
 -0.50615650362028375      , -0.47701656066061776      , -0.49065669468592232     
 -0.53442791165627734      , -0.50403147131716031      , -0.49732783551610799     
 -0.56421886774540064      , -0.53284161661660823      , -0.50640113126787600     
 -0.59569323613163794      , -0.56356491644376672      , -0.51784971444532857     
 -0.62897040449257258      , -0.59632681739133375      , -0.53166254835454352     
 -0.66410964961086472      , -0.63125682995497168      , -0.54784355050508726     
 -0.70112251983974905      , -0.66848469021474177      , -0.56641040358499717     
 -0.74000729465278925      , -0.70813595849571220      , -0.58739303269851206     
 -0.78078959212923649      , -0.75032684820996909      , -0.61083170811569854     
 -0.82355076442054975      , -0.79515806005460743      , -0.63677471314776146     
 -0.86843190501486667      , -0.84270738243510879      , -0.66527549721122536     
 -0.91561118047568901      , -0.89302081239096343      , -0.69638921528000819     
 -0.96526188848754702      , -0.94610195840523448      , -0.73016853783086644     
  -1.0175026403444694      ,  -1.0018995157737431      , -0.76665860183091661     
  -1.0723489754213873      ,  -1.0602926681694629      , -0.80589096597885568     
  -1.1296728202084503      ,  -1.1210743804092265      , -0.84787643615008990     
  -1.1891751340753034      ,  -1.1839327250420781      , -0.89259664507869874     
  -1.2503757785116811      ,  -1.2484306490633519      , -0.93999431056875693     
  -1.3126202453903131      ,  -1.3139849560736494      , -0.98996216730446873     
  -1.3750961163802962      ,  -1.3798457674096958      ,  -1.0423306780223585     
  -1.4368464450227558      ,  -1.4450783338110693      ,  -1.0968547897873986     
  -1.4967688261776941      ,  -1.5085497731547308      ,  -1.1532002176860552     
  -1.5535979095495727      ,  -1.5689240468697017      ,  -1.2109300134128256     
  -1.6058807211336699      ,  -1.6246691407812124      ,  -1.2694925020919510     
  -1.6519618534720260      ,  -1.6740808026929315      ,  -1.3282120238056812     
  -1.6899973565497948      ,  -1.7153270618634235      ,  -1.3862842519564700     
  -1.7180119340316520      ,  -1.7465168280709595      ,  -1.4427781088534570     
  -1.7340066099042049      ,  -1.7657938748848623      ,  -1.4966463657802502     
  -1.7361141396657676      ,  -1.7714543110066963      ,  -1.5467467920685003     
  -1.7227877704061154      ,  -1.7620813487078815      ,  -1.5918751048897211     
  -1.6929978511709178      ,  -1.7366862849086970      ,  -1.6308099101921392     
  -1.6464048834695904      ,  -1.6948400507549732      ,  -1.6623683407229719     
  -1.5834793582308615      ,  -1.6367767362150747      ,  -1.6854693344275800     
  -1.5055472906971021      ,  -1.5634504866980163      ,  -1.6991997322826975     
  -1.4147515326009734      ,  -1.4765310201841704      ,  -1.7028769857454698     
  -1.3139280800131170      ,  -1.3783307488594123      ,  -1.6961016460448777     
  -1.2064029169599146      ,  -1.2716669436537500      ,  -1.6787932562460715     
  -1.0957224952204259      ,  -1.1596733249467557      ,  -1.6512048610538417     
 -0.98534444596068227      ,  -1.0455842051320325      ,  -1.6139138845134358     
 -0.87833348953046364      , -0.93251858183882830      ,  -1.5677901395865363     
 -0.77712250674871064      , -0.82329035218042435      ,  -1.5139446234270537     
 -0.68339716163898434      , -0.72026464386512257      ,  -1.4536649478973556     
 -0.59813258157025795      , -0.62527101860698397      ,  -1.3883443792293637     
 -0.52175500290930221      , -0.53957446906770634      ,  -1.3194114175192606     
 -0.45434962247844729      , -0.46389691918436793      ,  -1.2482658107355322     
 -0.39582727085979680      , -0.39847670576091254      ,  -1.1762252245048130     
 -0.34600459537366390      , -0.34315158107041943      ,  -1.1044848893203174     
 -0.30460909655884716      , -0.29745160266351045      ,  -1.0340907775608119     
 -0.27125003216213706      , -0.26069089022894731      , -0.96592546022966486     
 -0.24539137599293501      , -0.23205059843253328      , -0.90070485909712150     
 -0.22634587667422360      , -0.21064875873199193      , -0.83898363355433903     
 -0.21329790696250353      , -0.19559537939723376      , -0.78116684156170324     
 -0.20535662081176170      , -0.18603315816078411      , -0.72752567936784129     
 -0.20163385261317932      , -0.18116536963129981      , -0.67821542530855661     
 -0.20133243951799634      , -0.18027307394903186      , -0.63329409850843954     
 -0.20382307544973974      , -0.18272393010137675      , -0.59274072934587274     
 -0.20868640954338230      , -0.18797475401396574      , -0.55647248585787767     
 -0.21570598590982448      , -0.19556967171577358      , -0.52436018980393284     
 -0.22481403633897312      , -0.20513537557731906      , -0.49624198298935779     
 -0.23600822069964142      , -0.21637465526718860      , -0.47193507244194055     
 -0.24926676669899236      , -0.22905907577723930      , -0.45124560031800964     
 -0.26448872862668404      , -0.24302142513539784      , -0.43397676066707219     
 -0.28147530963955514      , -0.25814835544495218      , -0.41993532984433485     
 -0.29995306470623301      , -0.27437348785925458      , -0.40893679872533489     
 -0.31962759646584704      , -0.29167113772052305      , -0.40080929976955437     
 -0.34024952891885346      , -0.31005073261561378      , -0.39539651574186374     
 -0.36167214130100267      , -0.32955193639568431      , -0.39255974355020584     
 -0.38388256772749108      , -0.35024045017466282      , -0.39217926911047751     
 -0.40699660715775171      , -0.37220443197803904      , -0.39415518944159794     
 -0.43121891992413558      , -0.39555145607950276      , -0.39840779768278439     
 -0.45678173084376883      , -0.42040591799337096      , -0.40487762625429907     
 -0.48388282546594452      , -0.44690677909479126      , -0.41352522341094500     
 -0.51264530239928863      , -0.47520553392195697      , -0.42433071913709575     
 -0.54311497942365761      , -0.50546427174952702      , -0.43729321766365337     
 -0.57529642899579947      , -0.53785369066681721      , -0.45243003565478301     
 -0.60921136298958711      , -0.57255090604011283      , -0.46977578700513067     
 -0.64495349657574563      , -0.60973687501055940      , -0.48938129681772835     
 -0.68271779098435992      , -0.64959323398722135      , -0.51131230806695893     
 -0.72279577516854443      , -0.69229831675282183      , -0.53564792425562802     
 -0.76554327881009321      , -0.73802208723464602      , -0.56247870966875946     
 -0.81133401275717631      , -0.78691968457225403      , -0.59190434535887448     
 -0.86051009613977458      , -0.83912324162272045      , -0.62403071376360286     
 -0.91333464797894093      , -0.89473160635231996      , -0.65896625826376010     
 -0.96994950467452612      , -0.95379757650101715      , -0.69681743709137578     
  -1.0303443010866553      ,  -1.0163122633497086      , -0.73768306581018306     
  -1.0943453625134221      ,  -1.0821862475180342      , -0.78164732251353786     
  -1.1616276597447761      ,  -1.1512273020640964      , -0.82877118020333218     
  -1.2317412321519905      ,  -1.2231146665016239      , -0.87908203927150175     
  -1.3041331694456721      ,  -1.2973701971690170      , -0.93256137033902720     
  -1.3781458438747625      ,  -1.3733272361202213      , -0.98913025796572596     
  -1.4529827151823629      ,  -1.4500987710790152      ,  -1.0486328760822481     
  -1.5276476323120021      ,  -1.5265474263521797      ,  -1.1108181454454200     
  -1.6008734677756880      ,  -1.6012610163540415      ,  -1.1753201399794371     
  -1.6710584141296851      ,  -1.6725387318242921      ,  -1.2416382341557344     
  -1.7362273983534426      ,  -1.7383943355206446      ,  -1.3091185144058646     
  -1.7940358293477823      ,  -1.7965837066088675      ,  -1.3769385845074287     
  -1.8418312975949562      ,  -1.8446642303873391      ,  -1.4440985090625240     
  -1.8767810257792277      ,  -1.8800923057294496      ,  -1.5094211411549825     
  -1.8960591847725035      ,  -1.9003620552261886      ,  -1.5715652975031595     
  -1.8970759380041124      ,  -1.9031827982302114      ,  -1.6290549666315841     
  -1.8777257707250166      ,  -1.8866851170226828      ,  -1.6803267568421569     
  -1.8366347176617304      ,  -1.8496363551116888      ,  -1.7237959816215145     
  -1.7733868867351734      ,  -1.7916380410675179      ,  -1.7579391792960299     
  -1.6887053562424690      ,  -1.7132726957006661      ,  -1.7813877595971110     
  -1.5845544963029299      ,  -1.6161684807156373      ,  -1.7930244250309093     
  -1.4641277869943812      ,  -1.5029588695350191      ,  -1.7920717886868647     
  -1.3316912429637686      ,  -1.3771305048812259      ,  -1.7781619623086107     
  -1.1922673114713487      ,  -1.2427725453127778      ,  -1.7513773102249932     
  -1.0511700729600228      ,  -1.1042599496768615      ,  -1.7122560386931081     
 -0.91344249997337301      , -0.96591582889212391      ,  -1.6617612036872165     
 -0.78329285918594505      , -0.83170052098099057      ,  -1.6012170039848961     
 -0.66366734341285571      , -0.70496700230654741      ,  -1.5322206851177955     
 -0.55610844405393989      , -0.58830656487150945      ,  -1.4565410779602899     
 -0.46097853238114783      , -0.48349030064061937      ,  -1.3760153333794944     
 -0.37795042527362571      , -0.39149578312941646      ,  -1.2924539848468182     
 -0.30650374846316941      , -0.31259772590773183      ,  -1.2075617072594529     
 -0.24619050227845468      , -0.24649732083023929      ,  -1.1228778477963137     
 -0.19663069405321748      , -0.19246644036208602      ,  -1.0397377047734631     
 -0.15737316079613706      , -0.14948788969210711      , -0.95925310181428824     
 -0.12776898125467809      , -0.11637925082458615      , -0.88230924416551371     
 -0.10691223972065905      ,  -9.1893903499562668E-002 , -0.80957411805612767     
  -9.3642109779161792E-002 ,  -7.4797586472046762E-002 , -0.74151662997261869     
  -8.6600645696944298E-002 ,  -6.3922072050415557E-002 , -0.67843005825751912     
  -8.4344322257016352E-002 ,  -5.8199293618304448E-002 , -0.62045799615403852     
  -8.5496873209516655E-002 ,  -5.6679925827361408E-002 , -0.56762064194083117     
  -8.8917249337067614E-002 ,  -5.8540348368154201E-002 , -0.51983993214592517     
  -9.3835876061952789E-002 ,  -6.3081452805168317E-002 , -0.47696256091195804     
  -9.9904429989701532E-002 ,  -6.9722116155089525E-002 , -0.43878036149152644     
 -0.10713397297874767      ,  -7.7989515728857151E-002 , -0.40504784664213661     
 -0.11574209027709070      ,  -8.7507878633341765E-002 , -0.37549692761449566     
 -0.12596114354124849      ,  -9.7986779594274140E-002 , -0.34984897538591037     
 -0.13787331081255955      , -0.10920972673848564      , -0.32782447175601614     
 -0.15132685968599668      , -0.12102349597512529      , -0.30915053859972014     
 -0.16594877751245327      , -0.13332847406205278      , -0.29356664452594172     
 -0.18123166189826118      , -0.14607013108359065      , -0.28082877981958682     
 -0.19666169070699221      , -0.15923164952925400      , -0.27071237047079422     
 -0.21185381143941798      , -0.17282767687931797      , -0.26301417569665608     
 -0.22665613208931243      , -0.18689913183338283      , -0.25755338429269542     
 -0.24118903061411745      , -0.20150897378470639      , -0.25417209580375427     
 -0.25580351755982722      , -0.21673883553326737      , -0.25273534436015060     
 -0.27097046218180804      , -0.23268641671678922      , -0.25313079693558804     
 -0.28713578716831484      , -0.24946353727361886      , -0.25526823416466127     
 -0.30459031995392982      , -0.26719475444867991      , -0.25907890083227025     
 -0.32340408860248337      , -0.28601645195124986      , -0.26451479464037853     
 -0.34345501460090327      , -0.30607631475629160      , -0.27154794566341145     
 -0.36453948533333780      , -0.32753310681370912      , -0.28016972472774587     
 -0.38651212132922841      , -0.35055667081892139      , -0.29039020643681313     
 -0.40939403012228914      , -0.37532806847835753      , -0.30223760130804356     
 -0.43341400841570976      , -0.40203977563750370      , -0.31575776104721937     
 -0.45898429510578415      , -0.43089583842782897      , -0.33101375087482215     
 -0.48664032880536168      , -0.46211188333042980      , -0.34808547250654798     
 -0.51697690503861138      , -0.49591485471487706      , -0.36706931029059908     
 -0.55059162435988696      , -0.53254232681396518      , -0.38807776046718501     
 -0.58802598545717677      , -0.57224120193494643      , -0.41123898881699250     
 -0.62969924999414073      , -0.61526556162170254      , -0.43669624430404413     
 -0.67585318755899504      , -0.66187338119341854      , -0.46460703482419996     
 -0.72653913180767904      , -0.71232174967747208      , -0.49514194493394065     
 -0.78166556961372990      , -0.76686015654029704      , -0.52848294357277537     
 -0.84109255082097889      , -0.82572131529877424      , -0.56482099157809673     
 -0.90473111200041356      , -0.88910889631946843      , -0.60435271386681955     
 -0.97260136841386613      , -0.95718144561732144      , -0.64727584989268017     
  -1.0448260975559718      ,  -1.0300316888973573      , -0.69378314002236041     
  -1.1215712895380556      ,  -1.1076603862467747      , -0.74405424852281254     
  -1.2029631585658964      ,  -1.1899439527310121      , -0.79824527282869806     
  -1.2889976477394041      ,  -1.2765952520927344      , -0.85647535524582685     
  -1.3794330271753388      ,  -1.3671173852263221      , -0.91880991527361622     
  -1.4736560195440156      ,  -1.4607510350535038      , -0.98524008462433921     
  -1.5705474726204687      ,  -1.5564171138177354      ,  -1.0556580887928402     
  -1.6684092432851763      ,  -1.6526582029154728      ,  -1.1298286242713289     
  -1.7650016052589867      ,  -1.7475846497656911      ,  -1.2073567810173433     
  -1.8576749586455368      ,  -1.8388341462472721      ,  -1.2876538045436170     
  -1.9435132891909417      ,  -1.9235568958115867      ,  -1.3699030094540989     
  -2.0194002301304868      ,  -1.9984414754470683      ,  -1.4530294256971485     
  -2.0819813609660200      ,  -2.0597981597360326      ,  -1.5356781714554506     
  -2.1275832901567981      ,  -2.1037152903137084      ,  -1.6162078635177315     
  -2.1522062247147273      ,  -2.1262985059202357      ,  -1.6927062008074754     
  -2.1517073578817172      ,  -2.1239908924464261      ,  -1.7630346532475247     
  -2.1222412179128316      ,  -2.0939542405694795      ,  -1.8249073791125396     
  -2.0609299765921993      ,  -2.0344698460352229      ,  -1.8760056647451384     
  -1.9666196322490106      ,  -1.9452969176045305      ,  -1.9141233645507050     
  -1.8404871106300495      ,  -1.8279153874829066      ,  -1.9373317682185185     
  -1.6862738497613476      ,  -1.6855855241203963      ,  -1.9441455890870691     
  -1.5100610450629333      ,  -1.5231832073349167      ,  -1.9336674312105187     
  -1.3196737324213625      ,  -1.3468136481388202      ,  -1.9056880830014979     
  -1.1238609785529452      ,  -1.1632561703974931      ,  -1.8607252165892612     
 -0.93135677817798923      , -0.97933229922058140      ,  -1.7999928104286804     
 -0.74989763186771830      , -0.80130503042066714      ,  -1.7253055011865772     
 -0.58525549297506962      , -0.63440384938197447      ,  -1.6389329214769353     
 -0.44043008013666796      , -0.48253394132337513      ,  -1.5434260887480573     
 -0.31549556072145046      , -0.34818283590830196      ,  -1.4414396800717835     
 -0.20859765912904071      , -0.23249812814134732      ,  -1.3355709038006018     
 -0.11765440085076687      , -0.13548555971593074      ,  -1.2282293332833776     
  -4.1538249753710330E-002 ,  -5.6269906219155272E-002 ,  -1.1215446562215881     
   1.9948673816118916E-002 ,   6.6318975710786821E-003 ,  -1.0173126590833490     
   6.6865991409884695E-002 ,   5.5061524558877140E-002 , -0.91697499538263172     
   9.9790349087288524E-002 ,   9.1014157251776917E-002 , -0.82162566727776609     
  0.11997244132222576      ,  0.11648438835860699      , -0.73203639435533829     
  0.12926814255533914      ,  0.13336077817771405      , -0.64869359043157415     
  0.13002189216464016      ,  0.14336166147433382      , -0.57184093095123456     
  0.12484564618275770      ,  0.14800295290998974      , -0.50152299788620158     
  0.11634559546027522      ,  0.14858893126008563      , -0.43762692591034791     
  0.10683562551578360      ,  0.14621829166196354      , -0.37992018122204974     
   9.7990926436676007E-002 ,  0.14179943589764171      , -0.32808352909402183     
   9.0578691021356447E-002 ,  0.13607060347492927      , -0.28173890008174274     
   8.4480291678747099E-002 ,  0.12962183015824019      , -0.24047229154001515     
   7.8993076230939208E-002 ,  0.12291679566143585      , -0.20385209363802392     
   7.3274612826409777E-002 ,  0.11631340530896644      , -0.17144335712803233     
   6.6800605535280930E-002 ,  0.11008249150981247      , -0.14281856471464840     
   5.9632991602780842E-002 ,  0.10442437711713656      , -0.11756546009112379     
   5.2364467910374093E-002 ,   9.9483265975480822E-002 ,  -9.5292450698742537E-002
   4.5875074976227462E-002 ,   9.5359557810579046E-002 ,  -7.5632046969053610E-002
   4.1092190229479533E-002 ,   9.2120256097234787E-002 ,  -5.8242741815565935E-002
   3.8775837538860311E-002 ,   8.9807670522331809E-002 ,  -4.2809675278040152E-002
   3.9316134116550258E-002 ,   8.8446624947945987E-002 ,  -2.9044373790967137E-002
   4.2601331343931279E-002 ,   8.8050377067792895E-002 ,  -1.6683803224649796E-002
   4.8027241950883828E-002 ,   8.8625443418063860E-002 ,  -5.4889303017962065E-003
   5.4682549980113931E-002 ,   9.0175506903978228E-002 ,   4.7570517042281801E-003
   6.1663085331499411E-002 ,   9.2704565893845861E-002 ,   1.4250710197358178E-002
   6.8394610796823699E-002 ,   9.6219465629758111E-002 ,   2.3170478593267770E-002
   7.4832452820127626E-002 ,  0.10073193503900983      ,   3.1678808289697137E-002
   8.1439813321081966E-002 ,  0.10626023546901686      ,   3.9924315065625528E-002
   8.8954225310472756E-002 ,  0.11283051264599034      ,   4.8043883403733036E-002
   9.8092396407480659E-002 ,  0.12047792935848968      ,   5.6164704860415256E-002
  0.10935281773433927      ,  0.12924764397219127      ,   6.4406236612651963E-002
  0.12294855061443109      ,  0.13919568879702723      ,   7.2882074089193616E-002
  0.13882325852199487      ,  0.15038979239713457      ,   8.1701737491125151E-002
  0.15671128696213393      ,  0.16291018095003260      ,   9.0972376317400280E-002
  0.17619930360458072      ,  0.17685038546522014      ,  0.10080039897459114     
  0.19677654579237083      ,  0.19231807375030874      ,  0.11129303635303416     
  0.21792940343491846      ,  0.20943591808758993      ,  0.12255984902471209     
  0.23930724947829596      ,  0.22834250119983526      ,  0.13471418753482758     
  0.26087914691597608      ,  0.24919325368583059      ,  0.14787461413054032     
  0.28298110731188192      ,  0.27216140501006614      ,  0.16216629213985403     
  0.30624606681651262      ,  0.29743891648856235      ,  0.17772234594660688     
  0.33149011431335595      ,  0.32523734746483168      ,  0.19468518987864572     
  0.35960861295238555      ,  0.35578858369275485      ,  0.21320781800241143     
  0.39146409017879968      ,  0.38934532818804513      ,  0.23345503833546014     
  0.42773836028775308      ,  0.42618121744158366      ,  0.25560462372991749     
  0.46878752748101316      ,  0.46659037743175252      ,  0.27984833683908750     
  0.51457596938354377      ,  0.51088617139247883      ,  0.30639276713294245     
  0.56473377037951900      ,  0.55939881143258230      ,  0.33545989260639347     
  0.61874073537601637      ,  0.61247140525082377      ,  0.36728724609690205     
  0.67619319549417944      ,  0.67045388387585647      ,  0.40212752422049775     
  0.73704459562731528      ,  0.73369410400377422      ,  0.44024742390437027     
  0.80169333582285529      ,  0.80252523878664739      ,  0.48192542541007199     
  0.87088954862736201      ,  0.87724836805713469      ,  0.52744816004763362     
  0.94557625659427802      ,  0.95810896533412482      ,  0.57710490493869326     
   1.0267868919746759      ,   1.0452657805728223      ,  0.63117963775002872     
   1.1155432486974626      ,   1.1387504820354777      ,  0.68993996663175328     
   1.2125797324836873      ,   1.2384164273482181      ,  0.75362213632406572     
   1.3178730173819651      ,   1.3438752066554114      ,  0.82241122208398265     
   1.4302272773499871      ,   1.4544203201472676      ,  0.89641559472431365     
   1.5472460762852156      ,   1.5689387609178072      ,  0.97563482829485038     
   1.6658042333705434      ,   1.6858136658766292      ,   1.0599205065801458     
   1.7827658854117625      ,   1.8028248692118054      ,   1.1489299706560232     
   1.8954856750894189      ,   1.9170593339240956      ,   1.2420740599845279     
   2.0017738855259823      ,   2.0248499264203508      ,   1.3384614507544750     
   2.0993750590627225      ,   2.1217681005363196      ,   1.4368443490931841     
   2.1852931598190271      ,   2.2027020523138305      ,   1.5355729780716709     
   2.2552931177155999      ,   2.2620538223631388      ,   1.6325691829374855     
   2.3037414431279863      ,   2.2940825631095625      ,   1.7253318865775926     
   2.3238828182190199      ,   2.2934025096515773      ,   1.8109879719485740     
   2.3086687882175569      ,   2.2556108582566328      ,   1.8864000927656583     
   2.2521268624228772      ,   2.1779756365249536      ,   1.9483366994347122     
   2.1509512272758751      ,   2.0600674067786091      ,   1.9936988387326597     
   2.0057273576207835      ,   1.9041894755754216      ,   2.0197843039439829     
   1.8212262528940035      ,   1.7154692943814802      ,   2.0245557812127513     
   1.6056572773734674      ,   1.5015302430138926      ,   2.0068705581414674     
   1.3693955951386629      ,   1.2717598040209583      ,   1.9666297015238157     
   1.1238277638947507      ,   1.0362971825751546      ,   1.9048163682796677     
  0.88046562570044529      ,  0.80493991239132967      ,   1.8234138682300103     
  0.65014187483125041      ,  0.58618396610125834      ,   1.7252181534258575     
  0.44199968830774861      ,  0.38656124625243360      ,   1.6135790714816123     
  0.26175085154851874      ,  0.21034630813473335      ,   1.4921143988777912     
  0.10986891211647709      ,   5.9608695163686748E-002 ,   1.3644388805009304     
  -1.7702344108461776E-002 ,  -6.5479933137011226E-002 ,   1.2339398472094227     
 -0.12585479313999967      , -0.16620055027530495      ,   1.1036162944159156     
 -0.21699044860381927      , -0.24481000764352695      ,  0.97598429919751772     
 -0.29074714900247700      , -0.30410886996064257      ,  0.85304136147876719     
 -0.34613521815774567      , -0.34709476490187574      ,  0.73627664433751827     
 -0.38341485047342494      , -0.37671289195006802      ,  0.62671257737338548     
 -0.40422527300251548      , -0.39569614814294074      ,  0.52496455981118595     
 -0.41122461385982617      , -0.40647782964416257      ,  0.43130818574931273     
 -0.40806761029258937      , -0.41115746707718875      ,  0.34574645755035577     
 -0.39895416560003405      , -0.41150210621487715      ,  0.26807221390270930     
 -0.38795253465469931      , -0.40896890310199524      ,  0.19792318892810590     
 -0.37865539822806893      , -0.40473875859198022      ,  0.13482868670199558     
 -0.37360460775021137      , -0.39975409662649936      ,   7.8247876867343358E-002
 -0.37357034331553896      , -0.39475651542952789      ,   2.7600314319150377E-002
 -0.37765834787843500      , -0.39032191242298492      ,  -1.7710416716385423E-002
 -0.38413078600355560      , -0.38689192741735651      ,  -5.8278932325788971E-002
 -0.39121788117641310      , -0.38480132170628584      ,  -9.4685166360762144E-002
 -0.39788629310698381      , -0.38430135678688487      , -0.12748546907213734     
 -0.40428070379468373      , -0.38557946906189577      , -0.15720688788408219     
 -0.41128850180250792      , -0.38877563790933228      , -0.18434394603443194     
 -0.41977958388107889      , -0.39399586905819672      , -0.20935734501658584     
 -0.43038862748706841      , -0.40132319833040991      , -0.23267411661505247     
 -0.44360942496369565      , -0.41082658358391927      , -0.25468883757681537     
 -0.45973937790202551      , -0.42256800707019559      , -0.27576559431625691     
 -0.47872701729945683      , -0.43660806267782115      , -0.29624044721241904     
 -0.50006837335692844      , -0.45301025559336150      , -0.31642419513785502     
 -0.52294854888017717      , -0.47184419680003337      , -0.33660528206910106     
 -0.54664367286593718      , -0.49318783156868379      , -0.35705272011539529     
 -0.57088108332106502      , -0.51712879917563415      , -0.37801892807114496     
 -0.59596451842020493      , -0.54376497977004823      , -0.39974240249018106     
 -0.62266419347023416      , -0.57320424278403181      , -0.42245014997122587     
 -0.65189784676215123      , -0.60556336871600913      , -0.44635981535506558     
 -0.68442044396741653      , -0.64096607180850518      , -0.47168144125200534     
 -0.72077652899822575      , -0.67954000459510544      , -0.49861879002709569     
 -0.76137780588339465      , -0.72141257642418488      , -0.52737015029433365     
 -0.80643598244975834      , -0.76670536747726248      , -0.55812853633776005     
 -0.85584999287029329      , -0.81552686917319506      , -0.59108117101442681     
 -0.90919409372842475      , -0.86796323453109814      , -0.62640812116689004     
 -0.96580722066811520      , -0.92406668383501045      , -0.66427993038313904     
  -1.0250328285103145      , -0.98384119101453216      , -0.70485406880495360     
  -1.0865233113440937      ,  -1.0472250883707017      , -0.74826999640014280     
  -1.1503432118583159      ,  -1.1140702913966432      , -0.79464261903395428     
  -1.2168003964233352      ,  -1.1841179882630797      , -0.84405391227026083     
  -1.2861892816083265      ,  -1.2569708943107780      , -0.89654250528706636     
  -1.3586084215274714      ,  -1.3320625811600497      , -0.95209106900782137     
  -1.4338707800789565      ,  -1.4086249955284553      ,  -1.0106114543405447     
  -1.5113925111750279      ,  -1.4856561204709910      ,  -1.0719276969676881     
  -1.5899559878254601      ,  -1.5618908147046162      ,  -1.1357572641826892     
  -1.6674718796702361      ,  -1.6357791596741007      ,  -1.2016912837629112     
  -1.7410354337327463      ,  -1.7054780339848252      ,  -1.2691749722667758     
  -1.8073581803173235      ,  -1.7688628873783263      ,  -1.3374900584707226     
  -1.8633345354546418      ,  -1.8235674200729917      ,  -1.4057416326856329     
  -1.9063967565003492      ,  -1.8670585584756816      ,  -1.4728524544807782     
  -1.9344833327260762      ,  -1.8967521385750084      ,  -1.5375681751794532     
  -1.9457515935646381      ,  -1.9101705150628026      ,  -1.5984769812271005     
  -1.9383346688764136      ,  -1.9051366868038477      ,  -1.6540466183546458     
  -1.9103487966266202      ,  -1.8799909029060546      ,  -1.7026804229180070     
  -1.8601912573879751      ,  -1.8338064567641899      ,  -1.7427917898376235     
  -1.7870373653732787      ,  -1.7665738233804884      ,  -1.7728935811366489     
  -1.6913560814501223      ,  -1.6793193399910480      ,  -1.7916957382361516     
  -1.5752631780823214      ,  -1.5741287994909499      ,  -1.7982014834472844     
  -1.4425916150651068      ,  -1.4540585711738296      ,  -1.7917907942460058     
  -1.2986212710382898      ,  -1.3229355864692047      ,  -1.7722800115972297     
  -1.1494882573839438      ,  -1.1850684983651558      ,  -1.7399488134297523     
  -1.0013949431250238      ,  -1.0449098261764556      ,  -1.6955300711564372     
 -0.85980413164484981      , -0.90671780055009554      ,  -1.6401634518064443     
 -0.72879580837259417      , -0.77426443399857336      ,  -1.5753188259838156     
 -0.61073210444734072      , -0.65062418559314306      ,  -1.5026994293425207     
 -0.50634489106383618      , -0.53805960856055846      ,  -1.4241365517228026     
 -0.41524484810498463      , -0.43800192017994610      ,  -1.3414871510683963     
 -0.33662132655533722      , -0.35111004356225739      ,  -1.2565436330226010     
 -0.26976380455666060      , -0.27738372851379317      ,  -1.1709618668190174     
 -0.21419125039119671      , -0.21630490680726164      ,  -1.0862101432000582     
 -0.16948748965130700      , -0.16698485479310698      ,  -1.0035388660824414     
 -0.13509358143352915      , -0.12830075441590932      , -0.92396866930221366     
 -0.11019968476146930      ,  -9.9011800828282467E-002 , -0.84829344980179178     
  -9.3720119799611590E-002 ,  -7.7850703932708876E-002 , -0.77709439787087953     
  -8.4314396781055845E-002 ,  -6.3590613793592488E-002 , -0.71076127246323817     
  -8.0463755903853906E-002 ,  -5.5090083998159803E-002 , -0.64951768650273467     
  -8.0613004048038034E-002 ,  -5.1319928652182122E-002 , -0.59344783846858606     
  -8.3361141424528357E-002 ,  -5.1376111790610725E-002 , -0.54252281249798806     
  -8.7657101839415719E-002 ,  -5.4482506497482014E-002 , -0.49662518528688282     
  -9.2928222974292152E-002 ,  -5.9986771525834218E-002 , -0.45557118450738321     
  -9.9080019408442327E-002 ,  -6.7351918144290771E-002 , -0.41913003141958882     
 -0.10636406897938362      ,  -7.6145498697450006E-002 , -0.38704037906701927     
 -0.11516220086086038      ,  -8.6027798752510112E-002 , -0.35902394463510756     
 -0.12575875995862223      ,  -9.6739974650656230E-002 , -0.33479655016284376     
 -0.13817937737594868      , -0.10809274326090544      , -0.31407684844854894     
 -0.15214536528804509      , -0.11995598579839001      , -0.29659303637498741     
 -0.16713599457205444      , -0.13224945471734162      , -0.28208785835243927     
 -0.18251923234682890      , -0.14493465480064185      , -0.27032218738771446     
 -0.19771483650791546      , -0.15800789211005009      , -0.26107744707156139     
 -0.21235195459628461      , -0.17149443591142843      , -0.25415710912940392     
 -0.22637385760802917      , -0.18544371031143450      , -0.24938747116086327     
 -0.24005069228984716      , -0.19992541770844602      , -0.24661788975310234     
 -0.25389237437595324      , -0.21502649063002746      , -0.24572061646105828     
 -0.26848929532538351      , -0.23084876878264615      , -0.24659035883437774     
 -0.28433163238818593      , -0.24750730180244249      , -0.24914366600070298     
 -0.30166802120756397      , -0.26512918355277493      , -0.25331821830752771     
 -0.32046139383205402      , -0.28385282959556735      , -0.25907208303752821     
 -0.34046623734718656      , -0.30382761469181757      , -0.26638298299531660     
 -0.36139112319306776      , -0.32521379106320952      , -0.27524761149537930     
 -0.38306821185464918      , -0.34818260996592526      , -0.28568101558953890     
 -0.40555929996172091      , -0.37291656820932029      , -0.29771605884614949     
 -0.42917116014958923      , -0.39960969688581727      , -0.31140296518496530     
 -0.45440017495372725      , -0.42846780097640164      , -0.32680893569513642     
 -0.48185328805725119      , -0.45970854475326928      , -0.34401782048743806     
 -0.51218047698925662      , -0.49356125796539929      , -0.36312981686817919     
 -0.54601668712816942      , -0.53026631045188799      , -0.38426115281641809     
 -0.58391188022765905      , -0.57007386672513005      , -0.40754370016543978     
 -0.62624946777795953      , -0.61324178576453203      , -0.43312444421807728     
 -0.67318792194287691      , -0.66003237338925247      , -0.46116471487057925     
 -0.72466817276727724      , -0.71070762410160104      , -0.49183905773979042     
 -0.78049916835369682      , -0.76552250598750449      , -0.52533359135827784     
 -0.84048887188550447      , -0.82471574748206744      , -0.56184365743896569     
 -0.90455944755740991      , -0.88849748268377926      , -0.60157052509409392     
 -0.97279351066969300      , -0.95703301110356997      , -0.64471685702333670     
  -1.0453992609690348      ,  -1.0304218440011301      , -0.69148058764199649     
  -1.1226264179179135      ,  -1.1086711689674305      , -0.74204680358594444     
  -1.2046735136587343      ,  -1.1916629079707703      , -0.79657716295425818     
  -1.2915932795522553      ,  -1.2791137317463777      , -0.85519635278332806     
  -1.3831697559067162      ,  -1.3705278083744008      , -0.91797508300500474     
  -1.4787571192217794      ,  -1.4651428133852800      , -0.98490917658624821     
  -1.5771301555397377      ,  -1.5618709377351614      ,  -1.0558944769156287     
  -1.6764346198618718      ,  -1.6592384213378226      ,  -1.1306976022292721     
  -1.7742855056798159      ,  -1.7553295920387670      ,  -1.2089230872994532     
  -1.8679613250624740      ,  -1.8477444638281029      ,  -1.2899782167765024     
  -1.9545697797973842      ,  -1.9335823784575716      ,  -1.3730379039287575     
  -2.0310808228090891      ,  -2.0094673378281551      ,  -1.4570132840711101     
  -2.0942219128879156      ,  -2.0716324741702135      ,  -1.5405291632885045     
  -2.1403337234460582      ,  -2.1160799622598705      ,  -1.6219168435451898     
  -2.1653323312763519      ,  -2.1388267571723301      ,  -1.6992297223010837     
  -2.1649054184114269      ,  -2.1362343452227091      ,  -1.7702888766971601     
  -2.1350031875261406      ,  -2.1054020599515408      ,  -1.8327639813947796     
  -2.0725801013014591      ,  -2.0445807668991480      ,  -1.8842909353405151     
  -1.9764171327160054      ,  -1.9535423966589387      ,  -1.9226215166584080     
  -1.8477610834053029      ,  -1.8338290488603362      ,  -1.9457930344686416     
  -1.6905408380577500      ,  -1.6888114028237018      ,  -1.9522989358118306     
  -1.5110864982048031      ,  -1.5235141097589926      ,  -1.9412368422279591     
  -1.3174709715324096      ,  -1.3442120210571691      ,  -1.9124105565793181     
  -1.1186495844575892      ,  -1.1578532144471796      ,  -1.8663681352799042     
 -0.92350826272993658      , -0.97140576902449882      ,  -1.8043683566136113     
 -0.73988479147227804      , -0.79124071353522030      ,  -1.7282803210774276     
 -0.57359846727247554      , -0.62264865754680543      ,  -1.6404321365977033     
 -0.42761704844681775      , -0.46954913069346166      ,  -1.5434317569348321     
 -0.30189449987086436      , -0.33440429339267902      ,  -1.4399846537350298     
 -0.19442819928319713      , -0.21830781663064763      ,  -1.3327295467317848     
 -0.10305110034904724      , -0.12119519779513725      ,  -1.2241066936955947     
  -2.6646560648088707E-002 ,  -4.2115597683410992E-002 ,  -1.1162655197519116     
   3.4924342524850049E-002 ,   2.0486709436646308E-002 ,  -1.0110115465697123     
   8.1684132844627291E-002 ,   6.8517777469615099E-002 , -0.90978775496973741     
  0.11422144037359705      ,  0.10402626193743578      , -0.81368293448099915     
  0.13383395282448698      ,  0.12904874663052246      , -0.72345890814728753     
  0.14244595839968743      ,  0.14550507020936551      , -0.63958917068628618     
  0.14248285667503863      ,  0.15513562773870865      , -0.56230283043951657     
  0.13663409009766414      ,  0.15947093878374241      , -0.49162931722975295     
  0.12756985028066498      ,  0.15982416769303215      , -0.42744079806285401     
  0.11765143814448784      ,  0.15729872395344635      , -0.36949047281843572     
  0.10857443534360367      ,  0.15280484568268940      , -0.31744585488358845     
  0.10109188016766088      ,  0.14708076104513482      , -0.27091679461893292     
   9.5046978434582208E-002 ,  0.14071543813105639      , -0.22947842460269577     
   8.9694121877544386E-002 ,  0.13417102251796589      , -0.19268945063371956     
   8.4161378401414244E-002 ,  0.12780384748378712      , -0.16010633292912446     
   7.7924057385728551E-002 ,  0.12188343978152048      , -0.13129393972555115     
   7.1072851556019057E-002 ,  0.11660929459036382      , -0.10583324203678925     
   6.4237679990122240E-002 ,  0.11212541045637760      ,  -8.3326575815892520E-002
   5.8324168541323620E-002 ,  0.10853270131855734      ,  -6.3400941043187109E-002
   5.4268961434228991E-002 ,  0.10589946947631626      ,  -4.5709745725188280E-002
   5.2827185267444288E-002 ,  0.10427015253733518      ,  -2.9933342086985087E-002
   5.4371723039312682E-002 ,  0.10367256371322282      ,  -1.5778645510833335E-002
   5.8763773809644135E-002 ,  0.10412383785823971      ,  -2.9780755577153233E-003
   6.5367443241923937E-002 ,  0.10563528140448651      ,   8.7119867305855848E-003
   7.3245217773794835E-002 ,  0.10821630655474181      ,   1.9513070123515407E-002
   8.1484368116245876E-002 ,  0.11187761099747581      ,   2.9626691293402192E-002
   8.9526074215091470E-002 ,  0.11663374533339807      ,   3.9236545986113792E-002
   9.7360685973848199E-002 ,  0.12250519210664432      ,   4.8510742915426050E-002
  0.10549152929983609      ,  0.12952006322130361      ,   5.7604029240280456E-002
  0.11468533943863142      ,  0.13771550677706540      ,   6.6659972083182917E-002
  0.12567240524197007      ,  0.14713890001021801      ,   7.5813073027227965E-002
  0.13895798184753363      ,  0.15784889200725963      ,   8.5190802334656729E-002
  0.15476495112630373      ,  0.16991634801598865      ,   9.4915547152699190E-002
  0.17305110531598619      ,  0.18342523629126711      ,  0.10510647354626416     
  0.19356435894015522      ,  0.19847348819084690      ,  0.11588130609579436     
  0.21589882982144890      ,  0.21517385232113451      ,  0.12735803123493067     
  0.23954495304247730      ,  0.23365475348327366      ,  0.13965653162546596     
  0.26399422995444827      ,  0.25406115644904970      ,  0.15290015875808619     
  0.28891855118170945      ,  0.27655542254615456      ,  0.16721724963564050     
  0.31432931924431562      ,  0.30131813284431563      ,  0.18274259076972924     
  0.34061285586222406      ,  0.32854883440907107      ,  0.19961882863850883     
  0.36844684639050868      ,  0.35846664439448767      ,  0.21799781994534886     
  0.39868532962004483      ,  0.39131061915952309      ,  0.23804190709181647     
  0.43226525571352692      ,  0.42733976025768178      ,  0.25992509369566286     
  0.47010058961444728      ,  0.46683248383084736      ,  0.28383408103491098     
  0.51292168574333374      ,  0.51008532201043177      ,  0.30996910807541045     
  0.56110201825272588      ,  0.55741055142552731      ,  0.33854451411498021     
  0.61456898758045053      ,  0.60913235169282998      ,  0.36978891269851522     
  0.67286515117017587      ,  0.66558098285394907      ,  0.40394482676344723     
  0.73536706288757747      ,  0.72708433304494668      ,  0.44126758626840140     
  0.80159441898242467      ,  0.79395602623684047      ,  0.48202322918040019     
  0.87146614059400718      ,  0.86647909879151963      ,  0.52648507335109662     
  0.94536418979394565      ,  0.94488406424180749      ,  0.57492854014299799     
   1.0239980443512064      ,   1.0293200115880103      ,  0.62762371220481183     
   1.1082157020317538      ,   1.1198172657769607      ,  0.68482500244872102     
   1.1988845893948381      ,   1.2162401498838087      ,  0.74675720953346603     
   1.2967543688973295      ,   1.3182286351005581      ,  0.81359715612049432     
   1.4021097325853380      ,   1.4251283035935616      ,  0.88545008151459337     
   1.5142342542490752      ,   1.5359092905780751      ,  0.96232003866968674     
   1.6310144728945013      ,   1.6490769691601981      ,   1.0440737963954980     
   1.7490448469032565      ,   1.7625803520093120      ,   1.1303982621456463     
   1.8642641789614416      ,   1.8737286770511576      ,   1.2207523257973252     
   1.9727349819387787      ,   1.9791323337539792      ,   1.3143153831750887     
   2.0710541258105168      ,   2.0746905761774594      ,   1.4099366878493840     
   2.1561644440760075      ,   2.1556539445227054      ,   1.5060920462594489     
   2.2247596060138362      ,   2.2167915023342668      ,   1.6008569537318578     
   2.2727061693241306      ,   2.2526884218042524      ,   1.6919075042317528     
   2.2948420781045846      ,   2.2581843870692953      ,   1.7765613825387028     
   2.2853216516399235      ,   2.2289354566246842      ,   1.8518697931255470     
   2.2385298060839598      ,   2.1620431645734275      ,   1.9147661847452768     
   2.1504297227316358      ,   2.0566529170936714      ,   1.9622686169821451     
   2.0199647103413909      ,   1.9143940614837531      ,   1.9917204286638490     
   1.8499494698474948      ,   1.7395340488428781      ,   2.0010411052933321     
   1.6470269585229063      ,   1.5387608201874197      ,   1.9889499507456627     
   1.4207727810379318      ,   1.3205875736851553      ,   1.9551235362441517     
   1.1824393345029640      ,   1.0944698721640391      ,   1.9002562817400708     
  0.94372531502900858      ,  0.86980197130440695      ,   1.8260108125278076     
  0.71568151294169136      ,  0.65498696600371087      ,   1.7348662255019947     
  0.50767996551818173      ,  0.45674402410833626      ,   1.6298915649064565     
  0.32598704892819208      ,  0.27974115223213653      ,   1.5144830970439576     
  0.17208548847320745      ,  0.12655500924438956      ,   1.3921050714225933     
   4.2795042534011452E-002 ,  -2.1093609545281568E-003 ,   1.2660659784698975     
  -6.6676900634411784E-002 , -0.10703999294361360      ,   1.1393497488246689     
 -0.15928137544950022      , -0.19008160102014149      ,   1.0145082306768012     
 -0.23521559365534753      , -0.25371953242299472      ,  0.89361081724419855     
 -0.29359353598397581      , -0.30073129688479561      ,  0.77824067797363217     
 -0.33441538927980397      , -0.33392454246025399      ,  0.66952453904332021     
 -0.35899768244523345      , -0.35596005720225277      ,  0.56818335328088643     
 -0.36961504620967822      , -0.36924698732802863      ,  0.47459326396003948     
 -0.36946682315865886      , -0.37589322082260024      ,  0.38884895656509771     
 -0.36243229594769255      , -0.37769423707262845      ,  0.31082411065795684     
 -0.35246135459251793      , -0.37614639022080093      ,  0.24022584882287670     
 -0.34317377570853297      , -0.37247398388673925      ,  0.17664171537082027     
 -0.33735451550982892      , -0.36766269850571237      ,  0.11957883348917736     
 -0.33621044432716746      , -0.36249455027626887      ,   6.8495581330194732E-002
 -0.33923642823366285      , -0.35758150586839088      ,   2.2826506073900316E-002
 -0.34488019659894470      , -0.35339622047587044      ,  -1.7998639778078043E-002
 -0.35134632414093958      , -0.35029923678836039      ,  -5.4540824849171811E-002
 -0.35735569778425813      , -0.34856251030891594      ,  -8.7341759806201569E-002
 -0.36270698807670326      , -0.34838942264384626      , -0.11691723052267909     
 -0.36809862645539848      , -0.34993159229674742      , -0.14375306250130479     
 -0.37444632817968371      , -0.35330285041969134      , -0.16830313786135651     
 -0.38253397758240804      , -0.35859075534454887      , -0.19098898192971681     
 -0.39302438897556791      , -0.36586599856871060      , -0.21220052210168877     
 -0.40638664404585390      , -0.37519002047089617      , -0.23229769598738090     
 -0.42272022357973793      , -0.38662111437854607      , -0.25161264904947012     
 -0.44162289107168812      , -0.40021925684407017      , -0.27045231471455861     
 -0.46227518480068885      , -0.41604986199587363      , -0.28910121329269922     
 -0.48380936572859101      , -0.43418661921318441      , -0.30782434099060302     
 -0.50572118628247875      , -0.45471353602796433      , -0.32687004780146445     
 -0.52808802372369112      , -0.47772627159494169      , -0.34647282392138790     
 -0.55154683496584422      , -0.50333280959024207      , -0.36685592925790400     
 -0.57702689147717157      , -0.53165348217388397      , -0.38823381009042951     
 -0.60539741524827662      , -0.56282031778690689      , -0.41081425140154459     
 -0.63731799087964203      , -0.59697564414214421      , -0.43480021307211597     
 -0.67328666191763753      , -0.63426983296738892      , -0.46039129315319621     
 -0.71362422667889325      , -0.67485802422642949      , -0.48778475182937375     
 -0.75838284512772014      , -0.71889561443919947      , -0.51717601545449898     
 -0.80730925327204051      , -0.76653223684161209      , -0.54875856116675947     
 -0.85987895222869382      , -0.81790390218311593      , -0.58272305918769784     
 -0.91546512827858506      , -0.87312291159351063      , -0.61925562236534037     
 -0.97364282479454856      , -0.93226510369459192      , -0.65853498173058778     
  -1.0344006809694783      , -0.99535396770232754      , -0.70072837453749337     
  -1.0980914431965079      ,  -1.0623411591474730      , -0.74598590049483626     
  -1.1652149363073114      ,  -1.1330830190770358      , -0.79443307761640658     
  -1.2362096444768069      ,  -1.2073128544503686      , -0.84616131890993951     
  -1.3113391205609839      ,  -1.2846090303135032      , -0.90121606603373261     
  -1.3906013300117714      ,  -1.3643594057596606      , -0.95958237131782331     
  -1.4735109404549480      ,  -1.4457233725700702      ,  -1.0211678349887090     
  -1.5587709968911350      ,  -1.5275937779192856      ,  -1.0857830039380234     
  -1.6441180980157291      ,  -1.6085623533591964      ,  -1.1531196477268890     
  -1.7265720429672533      ,  -1.6868938939161400      ,  -1.2227277695525685     
  -1.8029929831191216      ,  -1.7605161903145281      ,  -1.2939927958138346     
  -1.8705926710874359      ,  -1.8270343129837907      ,  -1.3661151039794051     
  -1.9270809722440787      ,  -1.8837787772127064      ,  -1.4380948387112886     
  -1.9704192096485613      ,  -1.9278966816365157      ,  -1.5087257139824952     
  -1.9984348852069314      ,  -1.9564922881605553      ,  -1.5766020145148025     
  -2.0085836089937104      ,  -1.9668179842404507      ,  -1.6401430354681412     
  -1.9980137561119979      ,  -1.9565078935156675      ,  -1.6976384459203631     
  -1.9639525752784825      ,  -1.9238352622592316      ,  -1.7473162883833551     
  -1.9043169593279408      ,  -1.8679631247608479      ,  -1.7874324592804500     
  -1.8183840029110641      ,  -1.7891488963989355      ,  -1.8163767754887499     
  -1.7073302894521361      ,  -1.6888613174542515      ,  -1.8327867172578691     
  -1.5744532376460327      ,  -1.5697756537403367      ,  -1.8356565804305158     
  -1.4249662250224215      ,  -1.4356308657342878      ,  -1.8244281277482193     
  -1.2654102428796297      ,  -1.2909575812169940      ,  -1.7990497282333926     
  -1.1028409441471534      ,  -1.1407118013422741      ,  -1.7599946421626305     
 -0.94397327798571340      , -0.98986866166433762      ,  -1.7082349636031091     
 -0.79441606822897604      , -0.84303727905915227      ,  -1.6451744759519611     
 -0.65807858338939684      , -0.70414998917810345      ,  -1.5725497021054149     
