  0.64891280269129170      ,   2.1229450724483714      ,   1.4655193661558268     
   1.1502301839835378      ,   2.1929852415350255      ,   1.5610585270229873     
   1.3171061763006509      ,   2.2400776937172493      ,   1.6539053462152871     
   1.4200472992761228      ,   2.2589017442634218      ,   1.7415228812149708     
   1.4503140065221354      ,   2.2447042742917840      ,   1.8210630112943438     
   1.4471161569929729      ,   2.1939089102960634      ,   1.8894909061409448     
   1.4321542010855011      ,   2.1047402225179983      ,   1.9437656688917380     
   1.4207912019246365      ,   1.9777454803439807      ,   1.9810672081207392     
   1.4149974576926865      ,   1.8160821072783706      ,   1.9990464820024860     
   1.4120347028206361      ,   1.6254624622894605      ,   1.9960649989817625     
   1.4070154023238115      ,   1.4137129629515430      ,   1.9713841858516696     
   1.3959728980188777      ,   1.1899972664110152      ,   1.9252693066812612     
   1.3763701831510813      ,  0.96384218103004549      ,   1.8589865037522069     
   1.3468798490076039      ,  0.74415591195967179      ,   1.7746919444430655     
   1.3069287679035611      ,  0.53842131673974125      ,   1.6752329415465239     
   1.2565833256582850      ,  0.35218728446955988      ,   1.5638959838847664     
   1.1967383321860210      ,  0.18889565376218667      ,   1.4441420266186100     
   1.1294307343377379      ,   5.0001978019320249E-002 ,   1.3193650556489360     
   1.0579158292558337      ,  -6.4700883798565631E-002 ,   1.1926989228874905     
  0.98599703756700841      , -0.15666063759309845      ,   1.0668841267543117     
  0.91621520261159295      , -0.22813426990100699      ,  0.94419438639734021     
  0.84751200748970834      , -0.28180797976757588      ,  0.82641469034470127     
  0.77452921400961461      , -0.32049834109380249      ,  0.71485843581946695     
  0.69000713531389235      , -0.34694074961631782      ,  0.61041059040920653     
  0.58863877905837891      , -0.36365620077566646      ,  0.51358530372947420     
  0.46987553899391610      , -0.37288048745330526      ,  0.42458891988492709     
  0.33859529379567566      , -0.37653861886822665      ,  0.34338204425120999     
  0.20327565985382132      , -0.37624917459232166      ,  0.26973670639260389     
   7.2798514419638208E-002 , -0.37334652660465156      ,  0.20328652779630416     
  -4.5404728052021073E-002 , -0.36891220776140959      ,  0.14356912745924336     
 -0.14514307693018763      , -0.36380958762195265      ,   9.0060855130340983E-002
 -0.22127454097659807      , -0.35871823902491112      ,   4.2204439621893741E-002
 -0.27068338156242594      , -0.35416596004674755      ,  -5.6961569239652996E-004
 -0.29338816276203317      , -0.35055746826940914      ,  -3.8826978221081797E-002
 -0.29236010331017864      , -0.34819944144875398      ,  -7.3117879548269940E-002
 -0.27171155708336503      , -0.34732196114584557      , -0.10396913675487859     
 -0.23537152016502824      , -0.34809661831423416      , -0.13187907821838246     
 -0.18853479522225589      , -0.35065163044657438      , -0.15731475324318300     
 -0.13972669724002168      , -0.35508434474769440      , -0.18071090378070817     
 -0.10017170439772938      , -0.36147149037983400      , -0.20247026648446861     
  -8.0625649761078791E-002 , -0.36987751301508459      , -0.22296485238673353     
  -8.7915272162873412E-002 , -0.38036128702789984      , -0.24253791924495635     
 -0.12312679791363167      , -0.39298146021187508      , -0.26150640862046931     
 -0.18181891913166459      , -0.40780064560972051      , -0.28016366693359418     
 -0.25558719428515064      , -0.42488863596647064      , -0.29878230811027573     
 -0.33427239339370773      , -0.44432477860534586      , -0.31761710598075332     
 -0.40793618716439511      , -0.46619961183729980      , -0.33690782818834025     
 -0.46831552871122067      , -0.49061582772856122      , -0.35688194075595159     
 -0.51031666679134602      , -0.51768858938690709      , -0.37775712423213165     
 -0.53321699088578978      , -0.54754519301577265      , -0.39974354894277481     
 -0.54037804603222794      , -0.58032402491292434      , -0.42304585861538374     
 -0.53739161823706694      , -0.61617272046811900      , -0.44786480869756806     
 -0.53005856720286260      , -0.65524538527947807      , -0.47439849813077212     
 -0.52349446115084430      , -0.69769868729453444      , -0.50284312115890861     
 -0.52227408572491962      , -0.74368657348523226      , -0.53339314892254241     
 -0.53058851855872358      , -0.79335330605295495      , -0.56624082914757556     
 -0.55173856467905102      , -0.84682445416439756      , -0.60157486641105617     
 -0.58711080087552026      , -0.90419542278911047      , -0.63957811587315860     
 -0.63529279481186496      , -0.96551705894731876      , -0.68042409129601356     
 -0.69206497013199053      ,  -1.0307778612015503      , -0.72427205599499500     
 -0.75162279324189774      ,  -1.0998823509037625      , -0.77126043706710912     
 -0.80860448416654185      ,  -1.1726252724491224      , -0.82149828508863920     
 -0.85986009850815748      ,  -1.2486615134322572      , -0.87505450283288311     
 -0.90504251757123189      ,  -1.3274720230237296      , -0.93194460068929952     
 -0.94590329608304990      ,  -1.4083266142620134      , -0.99211482113025040     
 -0.98488638633207559      ,  -1.4902454189606513      ,  -1.0554236320282695     
  -1.0238055460578248      ,  -1.5719619618454443      ,  -1.1216208443547895     
  -1.0631625584752440      ,  -1.6518923291820697      ,  -1.1903249890188543     
  -1.1022530334951433      ,  -1.7281166388091584      ,  -1.2610001085055818     
  -1.1398175089116633      ,  -1.7983807511966154      ,  -1.3329337815139992     
  -1.1747768459536385      ,  -1.8601274883067285      ,  -1.4052189689836077     
  -1.2066370851961332      ,  -1.9105669316404634      ,  -1.4767430611370855     
  -1.2354376461565710      ,  -1.9467938643396794      ,  -1.5461881616983577     
  -1.2614280794627448      ,  -1.9659562972366709      ,  -1.6120469374818855     
  -1.2847532923218536      ,  -1.9654717519920386      ,  -1.6726580056065574     
  -1.3053072382042650      ,  -1.9432777608327523      ,  -1.7262635486630262     
  -1.3227518593054792      ,  -1.8980912374186156      ,  -1.7710894706649931     
  -1.3366131829246659      ,  -1.8296406962393050      ,  -1.8054450031124267     
  -1.3463722209994493      ,  -1.7388294866500131      ,  -1.8278346624583925     
  -1.3515178213109320      ,  -1.6277909378168240      ,  -1.8370716452890137     
  -1.3515701372562610      ,  -1.4998095542228083      ,  -1.8323791687938058     
  -1.3460956797213537      ,  -1.3591048903602743      ,  -1.8134659116009328     
  -1.3347287030081010      ,  -1.2105014823689850      ,  -1.7805641330966038     
  -1.3172066417945625      ,  -1.0590317642324893      ,  -1.7344240464755345     
  -1.2934252934148944      , -0.90953204853726333      ,  -1.6762645840380972     
  -1.2635171466642001      , -0.76629045839720311      ,  -1.6076872838821734     
  -1.2279456521494416      , -0.63279111119684861      ,  -1.5305650890616394     
  -1.1875846127256131      , -0.51157614327258938      ,  -1.4469203331926654     
  -1.1437192812594574      , -0.40422348056081997      ,  -1.3588058440310067     
  -1.0978840726686461      , -0.31141976406450217      ,  -1.2682004526181798     
  -1.0514801904374356      , -0.23309778801163680      ,  -1.1769262441082506     
  -1.0052358074292389      , -0.16860623877588951      ,  -1.0865906987991416     
 -0.95875835310585800      , -0.11688420726929609      , -0.99855328422125944     
 -0.91051659852810773      ,  -7.6620826960369842E-002 , -0.91391352682143312     
 -0.85838294874241605      ,  -4.6388750188870759E-002 , -0.83351620498294843     
 -0.80047325705753347      ,  -2.4747247274474339E-002 , -0.75796889974055193     
 -0.73583550540106091      ,  -1.0315729998428632E-002 , -0.68766743138630215     
 -0.66470202873597606      ,  -1.8214478280048640E-003 , -0.62282540323619306     
 -0.58831255523058124      ,   1.8736213420180853E-003 , -0.56350492439458066     
 -0.50854595126498536      ,   1.7615356216361129E-003 , -0.50964642339749555     
 -0.42766592384741059      ,  -1.3118115952818158E-003 , -0.46109619835676158     
 -0.34831312864982295      ,  -6.6396574477651698E-003 , -0.41763093670120399     
 -0.27359816462343850      ,  -1.3643028666461270E-002 , -0.37897887546563841     
 -0.20704300723982277      ,  -2.1857230537399887E-002 , -0.34483757807297111     
 -0.15224680199932164      ,  -3.0917647516997382E-002 , -0.31488850072089442     
 -0.11235149077822996      ,  -4.0545828998756465E-002 , -0.28880863680281205     
  -8.9488911471175700E-002 ,  -5.0536458215814865E-002 , -0.26627958437632082     
  -8.4351778777709718E-002 ,  -6.0745535952676205E-002 , -0.24699439830948178     
  -9.5931382681486807E-002 ,  -7.1079928829461902E-002 , -0.23066257968419340     
 -0.12141838705466496      ,  -8.1488312368645233E-002 , -0.21701353068754367     
 -0.15628271409870323      ,  -9.1953464011745173E-002 , -0.20579877078846398     
 -0.19462054888646352      , -0.10248581711414667      , -0.19679317430099824     
 -0.22991647666885762      , -0.11311816375377477      , -0.18979545356896593     
 -0.25622325204047863      , -0.12390138486828309      , -0.18462807785078555     
 -0.26941503893067942      , -0.13490108585741281      , -0.18113678659492613     
 -0.26797965792012757      , -0.14619502096295234      , -0.17918982768631697     
 -0.25303026247804411      , -0.15787119815256992      , -0.17867702656820605     
 -0.22765486555327666      , -0.17002656630521587      , -0.17950877083502106     
 -0.19604864964240643      , -0.18276619714175962      , -0.18161497674609636     
 -0.16287767008527015      , -0.19620288481528092      , -0.18494408884528565     
 -0.13297357892401898      , -0.21045709584136973      , -0.18946215116338330     
 -0.11108180426871327      , -0.22565721072115474      , -0.19515197798646983     
 -0.10138235816827514      , -0.24194000588268194      , -0.20201244354666020     
 -0.10679479905276169      , -0.25945133017162558      , -0.21005790288735099     
 -0.12830290056288010      , -0.27834693379168085      , -0.21931775023200070     
 -0.16455024958096881      , -0.29879340902458551      , -0.22983611610438576     
 -0.21187185313855200      , -0.32096920087564484      , -0.24167169986552495     
 -0.26482852375187027      , -0.34506564151254326      , -0.25489772989084503     
 -0.31719660079708256      , -0.37128795436713680      , -0.26960203892761031     
 -0.36323729630589485      , -0.39985616123761175      , -0.28588723682235340     
 -0.39893719490388396      , -0.43100580761439661      , -0.30387095630563832     
 -0.42281446158648589      , -0.46498839643186035      , -0.32368613929883611     
 -0.43597338679554820      , -0.50207138687697239      , -0.34548132058916198     
 -0.44143789666591055      , -0.54253757078717313      , -0.36942085189663620     
 -0.44318930048156724      , -0.58668358224765382      , -0.39568499136519159     
 -0.44542226736333101      , -0.63481722373640304      , -0.42446976021377292     
 -0.45219120050918105      , -0.68725320205339335      , -0.45598643837758396     
 -0.46718796010773395      , -0.74430675725310036      , -0.49046053302116105     
 -0.49331649863321242      , -0.80628453708180048      , -0.52813000635325302     
 -0.53200928528698566      , -0.87347191981658512      , -0.56924249093951840     
 -0.58256707283400599      , -0.94611582648685610      , -0.61405115097201413     
 -0.64198696350760553      ,  -1.0244019038421510      , -0.66280876718600912     
 -0.70564473849744191      ,  -1.1084248294944457      , -0.71575953398672687     
 -0.76875017805011125      ,  -1.1981504370039850      , -0.77312796625371349     
 -0.82792748454347009      ,  -1.2933684551491871      , -0.83510423251032928     
 -0.88209282880758255      ,  -1.3936350120537007      , -0.90182518174023896     
 -0.93222564349413251      ,  -1.4982048238685792      , -0.97335034643113805     
 -0.98028900289695009      ,  -1.6059543643073384      ,  -1.0496323335922244     
  -1.0279540611283990      ,  -1.7152995155211928      ,  -1.1304813258783022     
  -1.0757638305133150      ,  -1.8241144286973070      ,  -1.2155239907546520     
  -1.1230539407564328      ,  -1.9296626473165661      ,  -1.3041580287422825     
  -1.1685249797008224      ,  -2.0285567510694142      ,  -1.3955049591156097     
  -1.2110217666778724      ,  -2.1167681279727408      ,  -1.4883655626288721     
  -1.2500143707196250      ,  -2.1897124730225968      ,  -1.5811845732323351     
  -1.2855634078697415      ,  -2.2424368401855683      ,  -1.6720334281675850     
  -1.3179461261389922      ,  -2.2699274515027903      ,  -1.7586215675428791     
  -1.3472770666437373      ,  -2.2675410704442771      ,  -1.8383470568267553     
  -1.3733296235329506      ,  -2.2315354793862863      ,  -1.9083951718011813     
  -1.3955613708021786      ,  -2.1596393728573404      ,  -1.9658881976733313     
  -1.4132376350273532      ,  -2.0515673608482117      ,  -2.0080809159886481     
  -1.4255554692080090      ,  -1.9093654042820782      ,  -2.0325851947350984     
  -1.4317261606217830      ,  -1.7374802521795818      ,  -2.0375963442642169     
  -1.4310146088632441      ,  -1.5424908645419049      ,  -2.0220870557072868     
  -1.4227464730464605      ,  -1.3325138890316865      ,  -1.9859351503616736     
  -1.4062990726653974      ,  -1.1163770895205816      ,  -1.9299604824015189     
  -1.3811021753264718      , -0.90271463970216792      ,  -1.8558625427495614     
  -1.3466871753403171      , -0.69915333805288005      ,  -1.7660691607004873     
  -1.3028296551171663      , -0.51172455627362157      ,  -1.6635226118661581     
  -1.2498168499699649      , -0.34456902251457822      ,  -1.5514380456062040     
  -1.1888124318077826      , -0.19992742058226354      ,  -1.4330689555593126     
  -1.1221630194061631      ,  -7.8353635495356427E-002 ,  -1.3115070018535810     
  -1.0533109166012207      ,   2.0938678205007655E-002 ,  -1.1895322925370455     
 -0.98585971858888355      ,   9.9683331970804839E-002 ,  -1.0695188846258392     
 -0.92163707357016145      ,  0.16018938887226788      , -0.95339135265482711     
 -0.85875241370695143      ,  0.20502955102225520      , -0.84262287340932207     
 -0.79167381484939048      ,  0.23680505324691808      , -0.73826321303702513     
 -0.71389916481315174      ,  0.25798571518553559      , -0.64098540203572851     
 -0.62122790698153407      ,  0.27081406721431378      , -0.55114169936627055     
 -0.51369637063710483      ,  0.27725876812910116      , -0.46882179683512121     
 -0.39562400151129279      ,  0.27900274777112255      , -0.39390850780487019     
 -0.27384286968983612      ,  0.27745373025931797      , -0.32612810965688144     
 -0.15527728040529989      ,  0.27376767687771925      , -0.26509396378805872     
  -4.5785271136565844E-002 ,  0.26887844999022875      , -0.21034304104239709     
   4.9441301145277117E-002 ,  0.26352928555378896      , -0.16136561312245876     
  0.12549762438567222      ,  0.25830338361003830      , -0.11762872548202521     
  0.17842039804037960      ,  0.25365213339961845      ,  -7.8594230329419618E-002
  0.20629762146893038      ,  0.24992028571985089      ,  -4.3732198406493103E-002
  0.20980271860485850      ,  0.24736787928073103      ,  -1.2530495478973122E-002
  0.19171279120759938      ,  0.24618901419420672      ,   1.5498761649762946E-002
  0.15614838777453283      ,  0.24652771658972086      ,   4.0815242249198726E-002
  0.10888264114467153      ,  0.24849120507191619      ,   6.3848395057936713E-002
   5.8274078403522701E-002 ,  0.25216088680275600      ,   8.4996947291091016E-002
   1.4828254104923992E-002 ,  0.25760140041147883      ,  0.10462953672164868     
  -1.1152215449536833E-002 ,  0.26486799812752337      ,  0.12308617297080882     
  -1.2434105911307586E-002 ,  0.27401252828755540      ,  0.14068028317307485     
   1.3386034705086128E-002 ,  0.28508824596383264      ,  0.15770114704959190     
   6.3745665865494100E-002 ,  0.29815364605313538      ,  0.17441656789863064     
  0.13218946705472451      ,  0.31327548066923111      ,  0.19107565995241765     
  0.21003092949468571      ,  0.33053109129916319      ,  0.20791165978693618     
  0.28781442234937904      ,  0.35001015569947541      ,  0.22514469075587282     
  0.35636412892262881      ,  0.37181591944846470      ,  0.24298442539145085     
  0.40820185691409422      ,  0.39606595177792658      ,  0.26163260189036275     
  0.43941239164144602      ,  0.42289243397840254      ,  0.28128535757025835     
  0.45063300896031749      ,  0.45244195537173576      ,  0.30213534479742682     
  0.44620396108175314      ,  0.48487475552864823      ,  0.32437359347328226     
  0.43213002163877923      ,  0.52036331095555033      ,  0.34819107871969512     
  0.41442348988444677      ,  0.55909011875466963      ,  0.37377994279216353     
  0.39873955038951109      ,  0.60124447776365575      ,  0.40133430624077332     
  0.39070530149531874      ,  0.64701800872700355      ,  0.43105058462564538     
  0.39579859868383288      ,  0.69659858914627970      ,  0.46312720335904639     
  0.41836258382144198      ,  0.75016230682968776      ,  0.49776357426593426     
  0.46014142488945442      ,  0.80786296208517894      ,  0.53515816326300703     
  0.51908624185532914      ,  0.86981857845954313      ,  0.57550543970562862     
  0.58926672888640619      ,  0.93609432723212493      ,  0.61899145589766924     
  0.66243130527467164      ,   1.0066812497723858      ,  0.66578776291098896     
  0.73082163211239304      ,   1.0814702020791576      ,  0.71604333133576936     
  0.78982089480761941      ,   1.1602205871984252      ,  0.76987412117325282     
  0.83902996036205835      ,   1.2425237379106899      ,  0.82734994640491488     
  0.88141776788240167      ,   1.3277613327337383      ,  0.88847832494687062     
  0.92125442540838365      ,   1.4150600519922343      ,  0.95318511823163443     
  0.96197770429483809      ,   1.5032448850857092      ,   1.0212919774044968     
   1.0049341604529967      ,   1.5907951368249806      ,   1.0924909602993793     
   1.0493306930809632      ,   1.6758092336481305      ,   1.1663171991790231     
   1.0931331599124530      ,   1.7559867539213359      ,   1.2421212063624751     
   1.1343004752793271      ,   1.8286383484215454      ,   1.3190432973004009     
   1.1716683776272370      ,   1.8907357477549998      ,   1.3959936298273332     
   1.2050882583165801      ,   1.9390139414672936      ,   1.4716423658616045     
   1.2349790001778047      ,   1.9701347168167749      ,   1.5444252179966029     
   1.2617665348151408      ,   1.9809139931688384      ,   1.6125698074137198     
   1.2855559077681646      ,   1.9686042965658759      ,   1.6741474332865141     
   1.3060926182500474      ,   1.9312090665239734      ,   1.7271526879999526     
   1.3228911836220121      ,   1.8677898948641325      ,   1.7696097139064220     
   1.3353828779697021      ,   1.7787157727778797      ,   1.7996990584772179     
   1.3430029187188768      ,   1.6658004180897077      ,   1.8158938485468463     
   1.3452181963014143      ,   1.5322841264031259      ,   1.8170896522382194     
   1.3415331157045765      ,   1.3826410816817760      ,   1.8027103842661085     
   1.3315038097034613      ,   1.2222271300857113      ,   1.7727740487535097     
   1.3147729790242517      ,   1.0568173954948450      ,   1.7279072363722550     
   1.2911297754350528      ,  0.89210699497372936      ,   1.6693051785598141     
   1.2605980425619476      ,  0.73325371885859658      ,   1.5986429288824242     
   1.2235483229456987      ,  0.58452759738698601      ,   1.5179506812892458     
   1.1808041853985156      ,  0.44910440619877645      ,   1.4294706036630744     
   1.1336726084621520      ,  0.32900804302432490      ,   1.3355131575457599     
   1.0837918940016000      ,  0.22517975761350253      ,   1.2383281301111788     
   1.0327064879179939      ,  0.13763619500143201      ,   1.1400007631493552     
  0.98120985355163171      ,   6.5674125912785541E-002 ,   1.0423779110055031     
  0.92874643815723401      ,   8.0849226673441309E-003 ,  0.94702432864755492     
  0.87332984210037312      ,  -3.6647959318350160E-002 ,  0.85520570116662220     
  0.81220236440452798      ,  -7.0183985503209742E-002 ,  0.76789306686827385     
  0.74292698435918059      ,  -9.4198889559875751E-002 ,  0.68578266487044659     
  0.66433291022564989      , -0.11029539148430681      ,  0.60932557376670549     
  0.57693667757861067      , -0.11994634888404937      ,  0.53876239312829344     
  0.48280155271980346      , -0.12446374781749646      ,  0.47415931772987213     
  0.38506651780108170      , -0.12498684092459350      ,  0.41544303521539272     
  0.28750159392029823      , -0.12248351306069007      ,  0.36243281295299978     
  0.19429865498364304      , -0.11776008759970902      ,  0.31486887817539688     
  0.10998303335465626      , -0.11147595722127562      ,  0.27243673610220331     
   3.9156021324162647E-002 , -0.10416046098667439      ,  0.23478743889501760     
  -1.4072409915047593E-002 ,  -9.6230268745729916E-002 ,  0.20155404923322520     
  -4.6791671373078492E-002 ,  -8.8006169680094323E-002 ,  0.17236467135236386     
  -5.7846548702644794E-002 ,  -7.9728619465646910E-002 ,  0.14685248014890553     
  -4.8083065435018904E-002 ,  -7.1571715908854167E-002 ,  0.12466318963701144     
  -2.0334734011192956E-002 ,  -6.3655481380319207E-002 ,  0.10546038361411331     
   2.0614560582407015E-002 ,  -5.6056462123818873E-002 ,   8.8929096525659293E-002
   6.8013137871693663E-002 ,  -4.8816733180471229E-002 ,   7.4777989758615271E-002
  0.11355417272607352      ,  -4.1951440676735785E-002 ,   6.2740423449201291E-002
  0.14872647686599491      ,  -3.5455032936478358E-002 ,   5.2574679744355923E-002
  0.16677984076108066      ,  -2.9306336777311121E-002 ,   4.4063552248866676E-002
  0.16431993679521348      ,  -2.3472631137315080E-002 ,   3.7013479116549064E-002
  0.14178350372271462      ,  -1.7912860613176592E-002 ,   3.1253364298961861E-002
  0.10277886389406796      ,  -1.2580119031930273E-002 ,   2.6633202873642056E-002
   5.2837934333637482E-002 ,  -7.4235194168164684E-003 ,   2.3022601941961349E-002
  -1.6477293738897552E-003 ,  -2.3895526643297050E-003 ,   2.0309267999732566E-002
  -5.3895307460985920E-002 ,   2.5769764294678002E-003 ,   1.8397514567913990E-002
  -9.7034181806821385E-002 ,   7.5323600723385788E-003 ,   1.7206829832404586E-002
 -0.12488283081735642      ,   1.2533681512562971E-002 ,   1.6670532691262046E-002
 -0.13313056601737672      ,   1.7638739228033853E-002 ,   1.6734536573687991E-002
 -0.12028868518852241      ,   2.2906157954650883E-002 ,   1.7356233333978746E-002
  -8.7945771117786273E-002 ,   2.8395651775810059E-002 ,   1.8503504123173291E-002
  -4.0363121894350408E-002 ,   3.4168411947193139E-002 ,   2.0153860122593532E-002
   1.6235744084175486E-002 ,   4.0287598573695890E-002 ,   2.2293713141477826E-002
   7.4401148236868192E-002 ,   4.6818920772964574E-002 ,   2.4917774122068557E-002
  0.12630423822350298      ,   5.3831294641373525E-002 ,   2.8028576376258642E-002
  0.16491265481357364      ,   6.1397572269541886E-002 ,   3.1636119741692989E-002
  0.18532552973791025      ,   6.9595338313741359E-002 ,   3.5757631659391192E-002
  0.18570107310220968      ,   7.8507773281989768E-002 ,   4.0417441327286856E-002
  0.16734603518633259      ,   8.8224584786854909E-002 ,   4.5646963479192816E-002
  0.13404677310731142      ,   9.8843009576148722E-002 ,   5.1484788894276025E-002
   9.1174651442018653E-002 ,  0.11046889017470396      ,   5.7976879384914290E-002
   4.5115812166288370E-002 ,  0.12321783041693192      ,   6.5176865672310277E-002
   2.9734656041576889E-003 ,  0.13721643393795990      ,   7.3146447170941875E-002
  -2.8020830108464092E-002 ,  0.15260362868110805      ,   8.1955893190802181E-002
  -4.1632342682473907E-002 ,  0.16953207845828508      ,   9.1684645344361937E-002
  -3.3885397444313119E-002 ,  0.18816967925929715      ,  0.10242202090719046     
  -3.9050506326086150E-003 ,  0.20870113291326453      ,  0.11426801639108988     
   4.5902389574631733E-002 ,  0.23132958326445305      ,  0.12733420946757795     
  0.11025878832920354      ,  0.25627828942655712      ,  0.14174475538966241     
  0.18181102615771524      ,  0.28379229583655963      ,  0.15763747088302618     
  0.25217886249746563      ,  0.31414003829503662      ,  0.17516499368889293     
  0.31334038128400615      ,  0.34761479704822135      ,  0.19449599897351566     
  0.35934545884711899      ,  0.38453586975492132      ,  0.21581644392278115     
  0.38777387800736163      ,  0.42524928569696840      ,  0.23933079802753432     
  0.40009973252153846      ,  0.47012781380497676      ,  0.26526319755009375     
  0.40071807011589655      ,  0.51956992601299135      ,  0.29385843679191381     
  0.39531517172496822      ,  0.57399725820589576      ,  0.32538267396696935     
  0.38969479665999679      ,  0.63384995688781476      ,  0.36012368314484444     
  0.38954421259629152      ,  0.69957910375106158      ,  0.39839042277848546     
  0.40050621843544271      ,  0.77163516659707754      ,  0.44051161226904401     
  0.42766920553536447      ,  0.85045113084173762      ,  0.48683290717601213     
  0.47424844146648332      ,  0.93641862573563228      ,  0.53771213779833738     
  0.53995613571049816      ,   1.0298549921469877      ,  0.59351192318830193     
  0.62006243655065829      ,   1.1309588877514196      ,  0.65458879492291688     
  0.70626468860239300      ,   1.2397517747754763      ,  0.72127777049431474     
  0.78960496864499785      ,   1.3560026313389530      ,  0.79387112490455902     
  0.86397957376990664      ,   1.4791337050455708      ,  0.87258995955215146     
  0.92804716622801053      ,   1.6081064368808913      ,  0.95754712642466444     
  0.98454865058109131      ,   1.7412893019177593      ,   1.0487002384026967     
   1.0378165425669346      ,   1.8763138155898438      ,   1.1457940364240928     
   1.0910906427519924      ,   2.0099318942507094      ,   1.2482924930836636     
   1.1450401643698591      ,   2.1378973961878445      ,   1.3553029398616954     
   1.1980519009319197      ,   2.2549064777318151      ,   1.4654974099608737     
   1.2477844179827298      ,   2.3546433513064033      ,   1.5770403371301229     
   1.2927280511040402      ,   2.4299858367995242      ,   1.6875364451886767     
   1.3326843281261957      ,   2.4734218891438644      ,   1.7940172231606923     
   1.3681496666671602      ,   2.4777056673536721      ,   1.8929871604190438     
   1.3994403917223142      ,   2.4367331707699966      ,   1.9805495722426576     
   1.4262552815359200      ,   2.3465443731214122      ,   2.0526239233744605     
   1.4477505335684344      ,   2.2062768910334571      ,   2.1052507294668348     
   1.4628379982385633      ,   2.0188375363135775      ,   2.1349578202379615     
   1.4704378639717324      ,   1.7910618331619277      ,   2.1391383069182974     
   1.4695860680152704      ,   1.5332228917328097      ,   2.1163745456471621     
   1.4594182788159813      ,   1.2579174386146803      ,   2.0666422782241312     
   1.4390924557236680      ,  0.97854134297999718      ,   1.9913488137310020     
   1.4077181801130902      ,  0.70769136313762082      ,   1.8931943560315410     
   1.3643689382118835      ,  0.45583824664640421      ,   1.7758848688803412     
   1.3082699406183613      ,  0.23050927023430751      ,   1.6437546594339536     
   1.2392535728049363      ,   3.6050505143438528E-002 ,   1.5013681551015559     
   1.1584885243930503      , -0.12611607209068093      ,   1.3531623917873992     
   1.0692470179883837      , -0.25691646736808738      ,   1.2031709132144586     
  0.97704974711659720      , -0.35892099368569275      ,   1.0548452921163320     
  0.88790532666257449      , -0.43566570606659138      ,  0.91096991287466522     
  0.80369543559153145      , -0.49109073009665027      ,  0.77365276665340721     
  0.71798536834596882      , -0.52913030916021508      ,  0.64436993400604248     
  0.61863819084734795      , -0.55344944453988010      ,  0.52404215255857545     
  0.49588288884008497      , -0.56730092427670731      ,  0.41312580382037600     
  0.34864645630691909      , -0.57347008422848955      ,  0.31170564749703555     
  0.18612855153931102      , -0.57427697668179878      ,  0.21958131569322537     
   2.3690267730000110E-002 , -0.57161183544461391      ,  0.13634331255018414     
 -0.12428196536105197      , -0.56698665329823184      ,   6.1436906494710515E-002
 -0.24778454449742912      , -0.56159171937918373      ,  -5.7860203865394491E-003
 -0.34056766581217524      , -0.55635054902165548      ,  -6.6026161440253139E-002
 -0.40021038844740131      , -0.55196980285759600      , -0.12000557659049557     
 -0.42949453185342279      , -0.54898280315761561      , -0.16844453580434451     
 -0.43611681898855598      , -0.54778643087851842      , -0.21204493240616626     
 -0.42818657326579362      , -0.54867180518917957      , -0.25147893945101157     
 -0.40906548586867958      , -0.55184942003972071      , -0.28738176978518815     
 -0.37956615927383253      , -0.55746948611134617      , -0.32034758760914694     
 -0.34426569988050210      , -0.56563819546380900      , -0.35092779030212551     
 -0.31314383545421320      , -0.57643054706452279      , -0.37963102752785310     
 -0.29822558723754139      , -0.58990027587016369      , -0.40692444907360542     
 -0.30844510955605825      , -0.60608733244994850      , -0.43323577496980942     
 -0.34575505914644999      , -0.62502327145361625      , -0.45895586375767139     
 -0.40468318434712247      , -0.64673482781757508      , -0.48444152011735980     
 -0.47489450178596859      , -0.67124588940194041      , -0.51001833407320762     
 -0.54502558281697944      , -0.69857801281065290      , -0.53598338297267722     
 -0.60615543457663423      , -0.72874957445346822      , -0.56260765637729260     
 -0.65368054883619797      , -0.76177360083665890      , -0.59013808461061679     
 -0.68745256875830496      , -0.79765428065106081      , -0.61879906548882424     
 -0.71066478926051913      , -0.83638212735544426      , -0.64879339212775489     
 -0.72797339115924353      , -0.87792773658273071      , -0.68030248910997815     
 -0.74368525695813414      , -0.92223407105529098      , -0.71348586628439714     
 -0.76087941970494477      , -0.96920721151846778      , -0.74847970091958682     
 -0.78145850700986785      ,  -1.0187055419305131      , -0.78539446213172392     
 -0.80643850577362242      ,  -1.0705273990196120      , -0.82431149933192061     
 -0.83602160882576093      ,  -1.1243973202013882      , -0.86527853247538133     
 -0.86954006578431842      ,  -1.1799511806106666      , -0.90830401053099619     
 -0.90556293958985024      ,  -1.2367207301277516      , -0.95335035097060483     
 -0.94229709388402894      ,  -1.2941183324021865      ,  -1.0003261428697443     
 -0.97813688814117594      ,  -1.3514230708375985      ,  -1.0490774950421622     
  -1.0120786811600531      ,  -1.4077698097463391      ,  -1.0993788430539364     
  -1.0438119178096283      ,  -1.4621432513207209      ,  -1.1509236968342043     
  -1.0735094141184323      ,  -1.5133794522476787      ,  -1.2033160107705185     
  -1.1014900100034588      ,  -1.5601775654106953      ,  -1.2560630796131806     
  -1.1279436121035917      ,  -1.6011246243680743      ,  -1.3085710842048905     
  -1.1528240300332298      ,  -1.6347358360637099      ,  -1.3601445955361895     
  -1.1759011368198249      ,  -1.6595119318158782      ,  -1.4099914444430315     
  -1.1968862771632971      ,  -1.6740135290221811      ,  -1.4572343171030444     
  -1.2155354672984366      ,  -1.6769501584963395      ,  -1.5009301808173732     
  -1.2316811061348860      ,  -1.6672787674971616      ,  -1.5400981306903612     
  -1.2452016966841757      ,  -1.6443034919369328      ,  -1.5737554593945751     
  -1.2559711385300394      ,  -1.6077659040101648      ,  -1.6009607280829263     
  -1.2638249287229975      ,  -1.5579135285661139      ,  -1.6208614663653091     
  -1.2685573178892264      ,  -1.4955348932514001      ,  -1.6327430334951276     
  -1.2699430264679514      ,  -1.4219521617279289      ,  -1.6360743587605571     
  -1.2677697197153279      ,  -1.3389674036710908      ,  -1.6305459717501778     
  -1.2618706479160555      ,  -1.2487650483012311      ,  -1.6160960912620492     
  -1.2521532997046385      ,  -1.1537797725597216      ,  -1.5929215969596866     
  -1.2386240079120838      ,  -1.0565444878607058      ,  -1.5614723340519292     
  -1.2214084904516322      , -0.95953593668434656      ,  -1.5224291288345679     
  -1.2007652663213202      , -0.86503506073693992      ,  -1.4766677720079291     
  -1.1770847586171471      , -0.77501596540308193      ,  -1.4252127180413876     
  -1.1508641983093431      , -0.69107193118611820      ,  -1.3691851115140485     
  -1.1226502513275514      , -0.61438085835291323      ,  -1.3097498964083438     
  -1.0929503916029297      , -0.54570708471447615      ,  -1.2480662595137457     
  -1.0621302640485299      , -0.48543260907053182      ,  -1.1852446890097597     
  -1.0303311634870103      , -0.43360875900124374      ,  -1.1223127313895014     
 -0.99744668742254594      , -0.39001913247825576      ,  -1.0601903307828902     
 -0.96317999237296426      , -0.35424575937535829      , -0.99967460534226515     
 -0.92716707433303358      , -0.32573229227028422      , -0.94143315192369736     
 -0.88911883814951542      , -0.30384011645547843      , -0.88600449845689855     
 -0.84892846886187212      , -0.28789518263124692      , -0.83380411625177198     
 -0.80671502781208471      , -0.27722489743748402      , -0.78513440532441636     
 -0.76281229008659546      , -0.27118548665555725      , -0.74019720831002611     
 -0.71773915539133015      , -0.26918090226847574      , -0.69910763092864081     
 -0.67218777141887176      , -0.27067465841662991      , -0.66190819981108051     
 -0.62703905164618179      , -0.27519604925744096      , -0.62858263694646577     
 -0.58338244871566303      , -0.28234211350831079      , -0.59906875283833150     
 -0.54250194396619489      , -0.29177653783712260      , -0.57327014725614533     
 -0.50580234917700650      , -0.30322648557970211      , -0.55106655451075470     
 -0.47467763677421654      , -0.31647813139018632      , -0.53232278152552437     
 -0.45034633471971897      , -0.33137149483996187      , -0.51689626622335638     
 -0.43368632410623248      , -0.34779500501769461      , -0.50464333648177084     
 -0.42509556668042187      , -0.36568009573819377      , -0.49542428169247349     
 -0.42439795505584732      , -0.38499602525408183      , -0.48910736481874190     
 -0.43081290125374810      , -0.40574503181382809      , -0.48557190700941305     
 -0.44301033837172932      , -0.42795787285999853      , -0.48471057270616202     
 -0.45926752305152657      , -0.45168974702394493      , -0.48643097339798735     
 -0.47772107499500716      , -0.47701656066061776      , -0.49065669468592232     
 -0.49667142547269882      , -0.50403147131716031      , -0.49732783551610799     
 -0.51486595962500892      , -0.53284161661660823      , -0.50640113126787600     
 -0.53168301468292445      , -0.56356491644376672      , -0.51784971444532857     
 -0.54716935711771453      , -0.59632681739133375      , -0.53166254835454352     
 -0.56193489973927657      , -0.63125682995497168      , -0.54784355050508726     
 -0.57695277917512688      , -0.66848469021474177      , -0.56641040358499717     
 -0.59332873523530660      , -0.70813595849571220      , -0.58739303269851206     
 -0.61208975200088267      , -0.75032684820996909      , -0.61083170811569854     
 -0.63401606215659145      , -0.79515806005460743      , -0.63677471314776146     
 -0.65952411950616063      , -0.84270738243510879      , -0.66527549721122536     
 -0.68860837818238529      , -0.89302081239096343      , -0.69638921528000819     
 -0.72085604437559070      , -0.94610195840523448      , -0.73016853783086644     
 -0.75554407145097857      ,  -1.0018995157737431      , -0.76665860183091661     
 -0.79180401813677947      ,  -1.0602926681694629      , -0.80589096597885568     
 -0.82880884308446867      ,  -1.1210743804092265      , -0.84787643615008990     
 -0.86591884540927477      ,  -1.1839327250420781      , -0.89259664507869874     
 -0.90273787034068187      ,  -1.2484306490633519      , -0.93999431056875693     
 -0.93907085091995568      ,  -1.3139849560736494      , -0.98996216730446873     
 -0.97481723304847168      ,  -1.3798457674096958      ,  -1.0423306780223585     
  -1.0098582501435838      ,  -1.4450783338110693      ,  -1.0968547897873986     
  -1.0439894129140488      ,  -1.5085497731547308      ,  -1.1532002176860552     
  -1.0769196729802453      ,  -1.5689240468697017      ,  -1.2109300134128256     
  -1.1083228376679992      ,  -1.6246691407812124      ,  -1.2694925020919510     
  -1.1379036090124868      ,  -1.6740808026929315      ,  -1.3282120238056812     
  -1.1654406566473214      ,  -1.7153270618634235      ,  -1.3862842519564700     
  -1.1907889123976514      ,  -1.7465168280709595      ,  -1.4427781088534570     
  -1.2138479676626701      ,  -1.7657938748848623      ,  -1.4966463657802502     
  -1.2345180147965120      ,  -1.7714543110066963      ,  -1.5467467920685003     
  -1.2526640553851205      ,  -1.7620813487078815      ,  -1.5918751048897211     
  -1.2680986273709161      ,  -1.7366862849086970      ,  -1.6308099101921392     
  -1.2805823591150181      ,  -1.6948400507549732      ,  -1.6623683407229719     
  -1.2898361885918621      ,  -1.6367767362150747      ,  -1.6854693344275800     
  -1.2955593671288999      ,  -1.5634504866980163      ,  -1.6991997322826975     
  -1.2974502401631673      ,  -1.4765310201841704      ,  -1.7028769857454698     
  -1.2952292749634127      ,  -1.3783307488594123      ,  -1.6961016460448777     
  -1.2886649265668249      ,  -1.2716669436537500      ,  -1.6787932562460715     
  -1.2776031326625268      ,  -1.1596733249467557      ,  -1.6512048610538417     
  -1.2620007792644736      ,  -1.0455842051320325      ,  -1.6139138845134358     
  -1.2419617433422010      , -0.93251858183882830      ,  -1.5677901395865363     
  -1.2177700293654348      , -0.82329035218042435      ,  -1.5139446234270537     
  -1.1899078407950550      , -0.72026464386512257      ,  -1.4536649478973556     
  -1.1590393043683704      , -0.62527101860698397      ,  -1.3883443792293637     
  -1.1259386249525074      , -0.53957446906770634      ,  -1.3194114175192606     
  -1.0913528728983557      , -0.46389691918436793      ,  -1.2482658107355322     
  -1.0558197032586012      , -0.39847670576091254      ,  -1.1762252245048130     
  -1.0195012223411384      , -0.34315158107041943      ,  -1.1044848893203174     
 -0.98211889323281121      , -0.29745160266351045      ,  -1.0340907775608119     
 -0.94304697168818918      , -0.26069089022894731      , -0.96592546022966486     
 -0.90154308555991303      , -0.23205059843253328      , -0.90070485909712150     
 -0.85701688196200732      , -0.21064875873199193      , -0.83898363355433903     
 -0.80922245656864578      , -0.19559537939723376      , -0.78116684156170324     
 -0.75831622884299954      , -0.18603315816078411      , -0.72752567936784129     
 -0.70480539307650902      , -0.18116536963129981      , -0.67821542530855661     
 -0.64946916355761974      , -0.18027307394903186      , -0.63329409850843954     
 -0.59333034449907529      , -0.18272393010137675      , -0.59274072934587274     
 -0.53769153768858757      , -0.18797475401396574      , -0.55647248585787767     
 -0.48417828832264992      , -0.19556967171577358      , -0.52436018980393284     
 -0.43470900334048090      , -0.20513537557731906      , -0.49624198298935779     
 -0.39135057459948552      , -0.21637465526718860      , -0.47193507244194055     
 -0.35608027115094054      , -0.22905907577723930      , -0.45124560031800964     
 -0.33051229102384422      , -0.24302142513539784      , -0.43397676066707219     
 -0.31564547109337437      , -0.25814835544495218      , -0.41993532984433485     
 -0.31166563062834490      , -0.27437348785925458      , -0.40893679872533489     
 -0.31782268404544017      , -0.29167113772052305      , -0.40080929976955437     
 -0.33241226037303279      , -0.31005073261561378      , -0.39539651574186374     
 -0.35290672896219910      , -0.32955193639568431      , -0.39255974355020584     
 -0.37626986309150356      , -0.35024045017466282      , -0.39217926911047751     
 -0.39943641602291879      , -0.37220443197803904      , -0.39415518944159794     
 -0.41985835403699900      , -0.39555145607950276      , -0.39840779768278439     
 -0.43596015010647926      , -0.42040591799337096      , -0.40487762625429907     
 -0.44735752971921677      , -0.44690677909479126      , -0.41352522341094500     
 -0.45478645644963156      , -0.47520553392195697      , -0.42433071913709575     
 -0.45980901406857710      , -0.50546427174952702      , -0.43729321766365337     
 -0.46443383895360968      , -0.53785369066681721      , -0.45243003565478301     
 -0.47077170013202785      , -0.57255090604011283      , -0.46977578700513067     
 -0.48076856537299739      , -0.60973687501055940      , -0.48938129681772835     
 -0.49598886698556011      , -0.64959323398722135      , -0.51131230806695893     
 -0.51741356564870455      , -0.69229831675282183      , -0.53564792425562802     
 -0.54526555710945301      , -0.73802208723464602      , -0.56247870966875946     
 -0.57893075143491046      , -0.78691968457225403      , -0.59190434535887448     
 -0.61705693885396118      , -0.83912324162272045      , -0.62403071376360286     
 -0.65786112795208473      , -0.89473160635231996      , -0.65896625826376010     
 -0.69957762035226023      , -0.95379757650101715      , -0.69681743709137578     
 -0.74089188390728045      ,  -1.0163122633497086      , -0.73768306581018306     
 -0.78119267624988453      ,  -1.0821862475180342      , -0.78164732251353786     
 -0.82055323880503905      ,  -1.1512273020640964      , -0.82877118020333218     
 -0.85947478781303732      ,  -1.2231146665016239      , -0.87908203927150175     
 -0.89852093096637975      ,  -1.2973701971690170      , -0.93256137033902720     
 -0.93799716761800345      ,  -1.3733272361202213      , -0.98913025796572596     
 -0.97778872853998444      ,  -1.4500987710790152      ,  -1.0486328760822481     
  -1.0173931349626204      ,  -1.5265474263521797      ,  -1.1108181454454200     
  -1.0561027550346684      ,  -1.6012610163540415      ,  -1.1753201399794371     
  -1.0932349617801402      ,  -1.6725387318242921      ,  -1.2416382341557344     
  -1.1282997586908923      ,  -1.7383943355206446      ,  -1.3091185144058646     
  -1.1610443439999421      ,  -1.7965837066088675      ,  -1.3769385845074287     
  -1.1913887142282125      ,  -1.8446642303873391      ,  -1.4440985090625240     
  -1.2193153877489369      ,  -1.8800923057294496      ,  -1.5094211411549825     
  -1.2447760280521469      ,  -1.9003620552261886      ,  -1.5715652975031595     
  -1.2676443532889279      ,  -1.9031827982302114      ,  -1.6290549666315841     
  -1.2877097242712974      ,  -1.8866851170226828      ,  -1.6803267568421569     
  -1.3046899886246377      ,  -1.8496363551116888      ,  -1.7237959816215145     
  -1.3182467588787727      ,  -1.7916380410675179      ,  -1.7579391792960299     
  -1.3279990221165965      ,  -1.7132726957006661      ,  -1.7813877595971110     
  -1.3335390525043569      ,  -1.6161684807156373      ,  -1.7930244250309093     
  -1.3344544290395248      ,  -1.5029588695350191      ,  -1.7920717886868647     
  -1.3303563372574256      ,  -1.3771305048812259      ,  -1.7781619623086107     
  -1.3209129350529616      ,  -1.2427725453127778      ,  -1.7513773102249932     
  -1.3058886524776265      ,  -1.1042599496768615      ,  -1.7122560386931081     
  -1.2851930135320366      , -0.96591582889212391      ,  -1.6617612036872165     
  -1.2589416955546364      , -0.83170052098099057      ,  -1.6012170039848961     
  -1.2275244947837280      , -0.70496700230654741      ,  -1.5322206851177955     
  -1.1916582184582862      , -0.58830656487150945      ,  -1.4565410779602899     
  -1.1523810326111870      , -0.48349030064061937      ,  -1.3760153333794944     
  -1.1109318595383555      , -0.39149578312941646      ,  -1.2924539848468182     
  -1.0684783083771583      , -0.31259772590773183      ,  -1.2075617072594529     
  -1.0257323489941348      , -0.24649732083023929      ,  -1.1228778477963137     
 -0.98260979985758234      , -0.19246644036208602      ,  -1.0397377047734631     
 -0.93815579265319538      , -0.14948788969210711      , -0.95925310181428824     
 -0.89085587871920247      , -0.11637925082458615      , -0.88230924416551371     
 -0.83920963481367317      ,  -9.1893903499562668E-002 , -0.80957411805612767     
 -0.78227481321346870      ,  -7.4797586472046762E-002 , -0.74151662997261869     
 -0.71994176462184056      ,  -6.3922072050415557E-002 , -0.67843005825751912     
 -0.65288998415909860      ,  -5.8199293618304448E-002 , -0.62045799615403852     
 -0.58236352819406334      ,  -5.6679925827361408E-002 , -0.56762064194083117     
 -0.50998156953792295      ,  -5.8540348368154201E-002 , -0.51983993214592517     
 -0.43771590754720596      ,  -6.3081452805168317E-002 , -0.47696256091195804     
 -0.36797586316071096      ,  -6.9722116155089525E-002 , -0.43878036149152644     
 -0.30362037598667480      ,  -7.7989515728857151E-002 , -0.40504784664213661     
 -0.24776657174326033      ,  -8.7507878633341765E-002 , -0.37549692761449566     
 -0.20340532022005764      ,  -9.7986779594274140E-002 , -0.34984897538591037     
 -0.17293891066414624      , -0.10920972673848564      , -0.32782447175601614     
 -0.15776372994796778      , -0.12102349597512529      , -0.30915053859972014     
 -0.15796038607025475      , -0.13332847406205278      , -0.29356664452594172     
 -0.17210650041772946      , -0.14607013108359065      , -0.28082877981958682     
 -0.19723818600219664      , -0.15923164952925400      , -0.27071237047079422     
 -0.22902624755949930      , -0.17282767687931797      , -0.26301417569665608     
 -0.26225577095335839      , -0.18689913183338283      , -0.25755338429269542     
 -0.29164348947806684      , -0.20150897378470639      , -0.25417209580375427     
 -0.31285003362462205      , -0.21673883553326737      , -0.25273534436015060     
 -0.32334671439686069      , -0.23268641671678922      , -0.25313079693558804     
 -0.32278943717103742      , -0.24946353727361886      , -0.25526823416466127     
 -0.31279268498641960      , -0.26719475444867991      , -0.25907890083227025     
 -0.29630551019257123      , -0.28601645195124986      , -0.26451479464037853     
 -0.27694699067754036      , -0.30607631475629160      , -0.27154794566341145     
 -0.25855545771563981      , -0.32753310681370912      , -0.28016972472774587     
 -0.24493335839381453      , -0.35055667081892139      , -0.29039020643681313     
 -0.23958539161393197      , -0.37532806847835753      , -0.30223760130804356     
 -0.24530357595977453      , -0.40203977563750370      , -0.31575776104721937     
 -0.26363709598932866      , -0.43089583842782897      , -0.33101375087482215     
 -0.29442314071303644      , -0.46211188333042980      , -0.34808547250654798     
 -0.33559383949544452      , -0.49591485471487706      , -0.36706931029059908     
 -0.38343061873725981      , -0.53254232681396518      , -0.38807776046718501     
 -0.43330959583736661      , -0.57224120193494643      , -0.41123898881699250     
 -0.48078395583305084      , -0.61526556162170254      , -0.43669624430404413     
 -0.52266937343842690      , -0.66187338119341854      , -0.46460703482419996     
 -0.55774838915518510      , -0.71232174967747208      , -0.49514194493394065     
 -0.58684424216538678      , -0.76686015654029704      , -0.52848294357277537     
 -0.61229248918340051      , -0.82572131529877424      , -0.56482099157809673     
 -0.63710579588737126      , -0.88910889631946843      , -0.60435271386681955     
 -0.66419570411112216      , -0.95718144561732144      , -0.64727584989268017     
 -0.69584202224974245      ,  -1.0300316888973573      , -0.69378314002236041     
 -0.73337131095023234      ,  -1.1076603862467747      , -0.74405424852281254     
 -0.77695154337025263      ,  -1.1899439527310121      , -0.79824527282869806     
 -0.82554050755688269      ,  -1.2765952520927344      , -0.85647535524582685     
 -0.87713198479186738      ,  -1.3671173852263221      , -0.91880991527361622     
 -0.92934350380974695      ,  -1.4607510350535038      , -0.98524008462433921     
 -0.98013628674639641      ,  -1.5564171138177354      ,  -1.0556580887928402     
  -1.0283107174919428      ,  -1.6526582029154728      ,  -1.1298286242713289     
  -1.0735528323010737      ,  -1.7475846497656911      ,  -1.2073567810173433     
  -1.1160986429616406      ,  -1.8388341462472721      ,  -1.2876538045436170     
  -1.1562828902224604      ,  -1.9235568958115867      ,  -1.3699030094540989     
  -1.1942322063079103      ,  -1.9984414754470683      ,  -1.4530294256971485     
  -1.2298084258735771      ,  -2.0597981597360326      ,  -1.5356781714554506     
  -1.2627319254638187      ,  -2.1037152903137084      ,  -1.6162078635177315     
  -1.2927268085621189      ,  -2.1262985059202357      ,  -1.6927062008074754     
  -1.3195689169931382      ,  -2.1239908924464261      ,  -1.7630346532475247     
  -1.3430288187991575      ,  -2.0939542405694795      ,  -1.8249073791125396     
  -1.3627841145451181      ,  -2.0344698460352229      ,  -1.8760056647451384     
  -1.3783752106141782      ,  -1.9452969176045305      ,  -1.9141233645507050     
  -1.3892252577025612      ,  -1.8279153874829066      ,  -1.9373317682185185     
  -1.3946982268614716      ,  -1.6855855241203963      ,  -1.9441455890870691     
  -1.3941587673889104      ,  -1.5231832073349167      ,  -1.9336674312105187     
  -1.3870140932178125      ,  -1.3468136481388202      ,  -1.9056880830014979     
  -1.3727404780549683      ,  -1.1632561703974931      ,  -1.8607252165892612     
  -1.3509131503137757      , -0.97933229922058140      ,  -1.7999928104286804     
  -1.3212663261217579      , -0.80130503042066714      ,  -1.7253055011865772     
  -1.2838084922563118      , -0.63440384938197447      ,  -1.6389329214769353     
  -1.2389999639963936      , -0.48253394132337513      ,  -1.5434260887480573     
  -1.1879537240689984      , -0.34818283590830196      ,  -1.4414396800717835     
  -1.1325428743324275      , -0.23249812814134732      ,  -1.3355709038006018     
  -1.0752161452136255      , -0.13548555971593074      ,  -1.2282293332833776     
  -1.0183234886001213      ,  -5.6269906219155272E-002 ,  -1.1215446562215881     
 -0.96299231712213895      ,   6.6318975710786821E-003 ,  -1.0173126590833490     
 -0.90812837066541885      ,   5.5061524558877140E-002 , -0.91697499538263172     
 -0.85045372924079310      ,   9.1014157251776917E-002 , -0.82162566727776609     
 -0.78586275312756249      ,  0.11648438835860699      , -0.73203639435533829     
 -0.71125360207346544      ,  0.13336077817771405      , -0.64869359043157415     
 -0.62577765405022867      ,  0.14336166147433382      , -0.57184093095123456     
 -0.53106871650344634      ,  0.14800295290998974      , -0.50152299788620158     
 -0.43055814573449236      ,  0.14858893126008563      , -0.43762692591034791     
 -0.32841634570353673      ,  0.14621829166196354      , -0.37992018122204974     
 -0.22887593419493579      ,  0.14179943589764171      , -0.32808352909402183     
 -0.13621992137733080      ,  0.13607060347492927      , -0.28173890008174274     
  -5.4971674868324515E-002 ,  0.12962183015824019      , -0.24047229154001515     
   1.0325437905136521E-002 ,  0.12291679566143585      , -0.20385209363802392     
   5.5840968939249898E-002 ,  0.11631340530896644      , -0.17144335712803233     
   7.9300679300720489E-002 ,  0.11008249150981247      , -0.14281856471464840     
   8.0517024148260369E-002 ,  0.10442437711713656      , -0.11756546009112379     
   6.1478039657665844E-002 ,   9.9483265975480822E-002 ,  -9.5292450698742537E-002
   2.6204188072954847E-002 ,   9.5359557810579046E-002 ,  -7.5632046969053610E-002
  -1.9279299310398575E-002 ,   9.2120256097234787E-002 ,  -5.8242741815565935E-002
  -6.7015713114630046E-002 ,   8.9807670522331809E-002 ,  -4.2809675278040152E-002
 -0.10795110248474342      ,   8.8446624947945987E-002 ,  -2.9044373790967137E-002
 -0.13374560821378120      ,   8.8050377067792895E-002 ,  -1.6683803224649796E-002
 -0.13878263293378218      ,   8.8625443418063860E-002 ,  -5.4889303017962065E-003
 -0.12134545291280205      ,   9.0175506903978228E-002 ,   4.7570517042281801E-003
  -8.3554808263523739E-002 ,   9.2704565893845861E-002 ,   1.4250710197358178E-002
  -3.0364941818894452E-002 ,   9.6219465629758111E-002 ,   2.3170478593267770E-002
   3.1701403770851157E-002 ,  0.10073193503900983      ,   3.1678808289697137E-002
   9.5392672423909891E-002 ,  0.10626023546901686      ,   3.9924315065625528E-002
  0.15316134362496958      ,  0.11283051264599034      ,   4.8043883403733036E-002
  0.19790360044367322      ,  0.12047792935848968      ,   5.6164704860415256E-002
  0.22427572528987844      ,  0.12924764397219127      ,   6.4406236612651963E-002
  0.22992971611548843      ,  0.13919568879702723      ,   7.2882074089193616E-002
  0.21588445286574451      ,  0.15038979239713457      ,   8.1701737491125151E-002
  0.18592045092644854      ,  0.16291018095003260      ,   9.0972376317400280E-002
  0.14556774154658564      ,  0.17685038546522014      ,  0.10080039897459114     
  0.10137500739971890      ,  0.19231807375030874      ,  0.11129303635303416     
   6.0548494431650848E-002 ,  0.20943591808758993      ,  0.12255984902471209     
   3.0436332285089913E-002 ,  0.22834250119983526      ,  0.13471418753482758     
   1.7522597633073213E-002 ,  0.24919325368583059      ,  0.14787461413054032     
   2.6202941747148996E-002 ,  0.27216140501006614      ,  0.16216629213985403     
   5.7833115002675822E-002 ,  0.29743891648856235      ,  0.17772234594660688     
  0.11032088304270951      ,  0.32523734746483168      ,  0.19468518987864572     
  0.17832045942066113      ,  0.35578858369275485      ,  0.21320781800241143     
  0.25400824430518704      ,  0.38934532818804513      ,  0.23345503833546014     
  0.32837352884442150      ,  0.42618121744158366      ,  0.25560462372991749     
  0.39298719945362887      ,  0.46659037743175252      ,  0.27984833683908750     
  0.44203126255998004      ,  0.51088617139247883      ,  0.30639276713294245     
  0.47381796865203929      ,  0.55939881143258230      ,  0.33545989260639347     
  0.49088491506922216      ,  0.61247140525082377      ,  0.36728724609690205     
  0.49855865547447759      ,  0.67045388387585647      ,  0.40212752422049775     
  0.50294442967775155      ,  0.73369410400377422      ,  0.44024742390437027     
  0.50962837072839418      ,  0.80252523878664739      ,  0.48192542541007199     
  0.52349075819111690      ,  0.87724836805713469      ,  0.52744816004763362     
  0.54880686554508684      ,  0.95810896533412482      ,  0.57710490493869326     
  0.58870686981031006      ,   1.0452657805728223      ,  0.63117963775002872     
  0.64394739522854172      ,   1.1387504820354777      ,  0.68993996663175328     
  0.71182692690353344      ,   1.2384164273482181      ,  0.75362213632406572     
  0.78640547738442124      ,   1.3438752066554114      ,  0.82241122208398265     
  0.86053280620403416      ,   1.4544203201472676      ,  0.89641559472431365     
  0.92869866896208231      ,   1.5689387609178072      ,  0.97563482829485038     
  0.98884963622133770      ,   1.6858136658766292      ,   1.0599205065801458     
   1.0421638386171477      ,   1.8028248692118054      ,   1.1489299706560232     
   1.0913225601380618      ,   1.9170593339240956      ,   1.2420740599845279     
   1.1385676730355778      ,   2.0248499264203508      ,   1.3384614507544750     
   1.1846012963462400      ,   2.1217681005363196      ,   1.4368443490931841     
   1.2286842277898853      ,   2.2027020523138305      ,   1.5355729780716709     
   1.2695396223035043      ,   2.2620538223631388      ,   1.6325691829374855     
   1.3062478468834766      ,   2.2940825631095625      ,   1.7253318865775926     
   1.3385234067622913      ,   2.2934025096515773      ,   1.8109879719485740     
   1.3663986376323525      ,   2.2556108582566328      ,   1.8864000927656583     
   1.3897728701088865      ,   2.1779756365249536      ,   1.9483366994347122     
   1.4081956653519627      ,   2.0600674067786091      ,   1.9936988387326597     
   1.4209209435661552      ,   1.9041894755754216      ,   2.0197843039439829     
   1.4270733798662611      ,   1.7154692943814802      ,   2.0245557812127513     
   1.4257827006886299      ,   1.5015302430138926      ,   2.0068705581414674     
   1.4162385820762857      ,   1.2717598040209583      ,   1.9666297015238157     
   1.3976914752178704      ,   1.0362971825751546      ,   1.9048163682796677     
   1.3694535931155352      ,  0.80493991239132967      ,   1.8234138682300103     
   1.3309619102399928      ,  0.58618396610125834      ,   1.7252181534258575     
   1.2819633817358129      ,  0.38656124625243360      ,   1.6135790714816123     
   1.2228553995040956      ,  0.21034630813473335      ,   1.4921143988777912     
   1.1551245966628219      ,   5.9608695163686748E-002 ,   1.3644388805009304     
   1.0816498330571793      ,  -6.5479933137011226E-002 ,   1.2339398472094227     
   1.0064010932054317      , -0.16620055027530495      ,   1.1036162944159156     
  0.93294998161300979      , -0.24481000764352695      ,  0.97598429919751772     
  0.86184123239794219      , -0.30410886996064257      ,  0.85304136147876719     
  0.78873974236554745      , -0.34709476490187574      ,  0.73627664433751827     
  0.70590988955659073      , -0.37671289195006802      ,  0.62671257737338548     
  0.60639899545376963      , -0.39569614814294074      ,  0.52496455981118595     
  0.48782633273219683      , -0.40647782964416257      ,  0.43130818574931273     
  0.35398601481738839      , -0.41115746707718875      ,  0.34574645755035577     
  0.21358365855296432      , -0.41150210621487715      ,  0.26807221390270930     
   7.6648951159934628E-002 , -0.40896890310199524      ,  0.19792318892810590     
  -4.8334831165303918E-002 , -0.40473875859198022      ,  0.13482868670199558     
 -0.15463978880102705      , -0.39975409662649936      ,   7.8247876867343358E-002
 -0.23682398680587019      , -0.39475651542952789      ,   2.7600314319150377E-002
 -0.29153362946028583      , -0.39032191242298492      ,  -1.7710416716385423E-002
 -0.31876443919773562      , -0.38689192741735651      ,  -5.8278932325788971E-002
 -0.32184506609482366      , -0.38480132170628584      ,  -9.4685166360762144E-002
 -0.30535530454186022      , -0.38430135678688487      , -0.12748546907213734     
 -0.27308562249715185      , -0.38557946906189577      , -0.15720688788408219     
 -0.22933216293476627      , -0.38877563790933228      , -0.18434394603443194     
 -0.18171275710200721      , -0.39399586905819672      , -0.20935734501658584     
 -0.14124215712346005      , -0.40132319833040991      , -0.23267411661505247     
 -0.11928567367076723      , -0.41082658358391927      , -0.25468883757681537     
 -0.12370541756980374      , -0.42256800707019559      , -0.27576559431625691     
 -0.15649243665500073      , -0.43660806267782115      , -0.29624044721241904     
 -0.21366718048906755      , -0.45301025559336150      , -0.31642419513785502     
 -0.28680729348575440      , -0.47184419680003337      , -0.33660528206910106     
 -0.36543503430286151      , -0.49318783156868379      , -0.35705272011539529     
 -0.43936644258175683      , -0.51712879917563415      , -0.37801892807114496     
 -0.50041194936538802      , -0.54376497977004823      , -0.39974240249018106     
 -0.54377693056382670      , -0.57320424278403181      , -0.42245014997122587     
 -0.56904475605269689      , -0.60556336871600913      , -0.44635981535506558     
 -0.57975187738961731      , -0.64096607180850518      , -0.47168144125200534     
 -0.58148696034977176      , -0.67954000459510544      , -0.49861879002709569     
 -0.57987819268016472      , -0.72141257642418488      , -0.52737015029433365     
 -0.57970777008690966      , -0.76670536747726248      , -0.55812853633776005     
 -0.58502796111545463      , -0.81552686917319506      , -0.59108117101442681     
 -0.59929648354322795      , -0.86796323453109814      , -0.62640812116689004     
 -0.62492640448355208      , -0.92406668383501045      , -0.66427993038313904     
 -0.66244359788213247      , -0.98384119101453216      , -0.70485406880495360     
 -0.70991060767831005      ,  -1.0472250883707017      , -0.74826999640014280     
 -0.76324719752462977      ,  -1.1140702913966432      , -0.79464261903395428     
 -0.81755998584899447      ,  -1.1841179882630797      , -0.84405391227026083     
 -0.86886668059355832      ,  -1.2569708943107780      , -0.89654250528706636     
 -0.91527044915562716      ,  -1.3320625811600497      , -0.95209106900782137     
 -0.95703458926634066      ,  -1.4086249955284553      ,  -1.0106114543405447     
 -0.99572758342618284      ,  -1.4856561204709910      ,  -1.0719276969676881     
  -1.0330512922748198      ,  -1.5618908147046162      ,  -1.1357572641826892     
  -1.0699586717734131      ,  -1.6357791596741007      ,  -1.2016912837629112     
  -1.1063825381689620      ,  -1.7054780339848252      ,  -1.2691749722667758     
  -1.1415393880447586      ,  -1.7688628873783263      ,  -1.3374900584707226     
  -1.1745005515533411      ,  -1.8235674200729917      ,  -1.4057416326856329     
  -1.2046521165636142      ,  -1.8670585584756816      ,  -1.4728524544807782     
  -1.2318217353339858      ,  -1.8967521385750084      ,  -1.5375681751794532     
  -1.2561110135204889      ,  -1.9101705150628026      ,  -1.5984769812271005     
  -1.2776338704785413      ,  -1.9051366868038477      ,  -1.6540466183546458     
  -1.2963383229911838      ,  -1.8799909029060546      ,  -1.7026804229180070     
  -1.3119675785374256      ,  -1.8338064567641899      ,  -1.7427917898376235     
  -1.3241173110963464      ,  -1.7665738233804884      ,  -1.7728935811366489     
  -1.3323186481137128      ,  -1.6793193399910480      ,  -1.7916957382361516     
  -1.3361019194115431      ,  -1.5741287994909499      ,  -1.7982014834472844     
  -1.3350332044307496      ,  -1.4540585711738296      ,  -1.7917907942460058     
  -1.3287365892453473      ,  -1.3229355864692047      ,  -1.7722800115972297     
  -1.3169175362828225      ,  -1.1850684983651558      ,  -1.7399488134297523     
  -1.2993976700430079      ,  -1.0449098261764556      ,  -1.6955300711564372     
  -1.2761660301339806      , -0.90671780055009554      ,  -1.6401634518064443     
  -1.2474455949588825      , -0.77426443399857336      ,  -1.5753188259838156     
  -1.2137620436811700      , -0.65062418559314306      ,  -1.5026994293425207     
  -1.1759823379713066      , -0.53805960856055846      ,  -1.4241365517228026     
  -1.1352700727832685      , -0.43800192017994610      ,  -1.3414871510683963     
  -1.0929012809067877      , -0.35111004356225739      ,  -1.2565436330226010     
  -1.0499263365199061      , -0.27738372851379317      ,  -1.1709618668190174     
  -1.0067656165022116      , -0.21630490680726164      ,  -1.0862101432000582     
 -0.96294354229797974      , -0.16698485479310698      ,  -1.0035388660824414     
 -0.91717391629167322      , -0.12830075441590932      , -0.92396866930221366     
 -0.86782446647393130      ,  -9.9011800828282467E-002 , -0.84829344980179178     
 -0.81353594865335888      ,  -7.7850703932708876E-002 , -0.77709439787087953     
 -0.75368731448387116      ,  -6.3590613793592488E-002 , -0.71076127246323817     
 -0.68853372038704996      ,  -5.5090083998159803E-002 , -0.64951768650273467     
 -0.61905577471630513      ,  -5.1319928652182122E-002 , -0.59344783846858606     
 -0.54671405605034973      ,  -5.1376111790610725E-002 , -0.54252281249798806     
 -0.47331755625612587      ,  -5.4482506497482014E-002 , -0.49662518528688282     
 -0.40106336775024987      ,  -5.9986771525834218E-002 , -0.45557118450738321     
 -0.33261420492965565      ,  -6.7351918144290771E-002 , -0.41913003141958882     
 -0.27102955690022734      ,  -7.6145498697450006E-002 , -0.38704037906701927     
 -0.21947505458918370      ,  -8.6027798752510112E-002 , -0.35902394463510756     
 -0.18077776662716946      ,  -9.6739974650656230E-002 , -0.33479655016284376     
 -0.15696218974136908      , -0.10809274326090544      , -0.31407684844854894     
 -0.14887051299289025      , -0.11995598579839001      , -0.29659303637498741     
 -0.15590327165097720      , -0.13224945471734162      , -0.28208785835243927     
 -0.17589277807047660      , -0.14493465480064185      , -0.27032218738771446     
 -0.20515111757866353      , -0.15800789211005009      , -0.26107744707156139     
 -0.23877449099734954      , -0.17149443591142843      , -0.25415710912940392     
 -0.27128729340123647      , -0.18544371031143450      , -0.24938747116086327     
 -0.29759866812655555      , -0.19992541770844602      , -0.24661788975310234     
 -0.31402399604462095      , -0.21502649063002746      , -0.24572061646105828     
 -0.31898098696249177      , -0.23084876878264615      , -0.24659035883437774     
 -0.31308790303894796      , -0.24750730180244249      , -0.24914366600070298     
 -0.29870458119078847      , -0.26512918355277493      , -0.25331821830752771     
 -0.27922838509448017      , -0.28385282959556735      , -0.25907208303752821     
 -0.25849994536661841      , -0.30382761469181757      , -0.26638298299531660     
 -0.24045953180239296      , -0.32521379106320952      , -0.27524761149537930     
 -0.22891684398437293      , -0.34818260996592526      , -0.28568101558953890     
 -0.22721956869927246      , -0.37291656820932029      , -0.29771605884614949     
 -0.23775448845105904      , -0.39960969688581727      , -0.31140296518496530     
 -0.26140039644501656      , -0.42846780097640164      , -0.32680893569513642     
 -0.29714303627954614      , -0.45970854475326928      , -0.34401782048743806     
 -0.34205828836050983      , -0.49356125796539929      , -0.36312981686817919     
 -0.39178992764052717      , -0.53026631045188799      , -0.38426115281641809     
 -0.44148637635685606      , -0.57007386672513005      , -0.40754370016543978     
 -0.48695759356062557      , -0.61324178576453203      , -0.43312444421807728     
 -0.52567415199480227      , -0.66003237338925247      , -0.46116471487057925     
 -0.55724948033339494      , -0.71070762410160104      , -0.49183905773979042     
 -0.58324962842964378      , -0.76552250598750449      , -0.52533359135827784     
 -0.60648150132515555      , -0.82471574748206744      , -0.56184365743896569     
 -0.63012767084250931      , -0.88849748268377926      , -0.60157052509409392     
 -0.65705678096578213      , -0.95703301110356997      , -0.64471685702333670     
 -0.68939318560999852      ,  -1.0304218440011301      , -0.69148058764199649     
 -0.72823479263708146      ,  -1.1086711689674305      , -0.74204680358594444     
 -0.77344774359515822      ,  -1.1916629079707703      , -0.79657716295425818     
 -0.82364451604437694      ,  -1.2791137317463777      , -0.85519635278332806     
 -0.87652011666744412      ,  -1.3705278083744008      , -0.91797508300500474     
 -0.92954465634791439      ,  -1.4651428133852800      , -0.98490917658624821     
 -0.98072403027718091      ,  -1.5618709377351614      ,  -1.0558944769156287     
  -1.0290389739579751      ,  -1.6592384213378226      ,  -1.1306976022292721     
  -1.0743794821846790      ,  -1.7553295920387670      ,  -1.2089230872994532     
  -1.1171130578724584      ,  -1.8477444638281029      ,  -1.2899782167765024     
  -1.1575993252109655      ,  -1.9335823784575716      ,  -1.3730379039287575     
  -1.1959117383119842      ,  -2.0094673378281551      ,  -1.4570132840711101     
  -1.2318395536217752      ,  -2.0716324741702135      ,  -1.5405291632885045     
  -1.2650588566193526      ,  -2.1160799622598705      ,  -1.6219168435451898     
  -1.2952903135755600      ,  -2.1388267571723301      ,  -1.6992297223010837     
  -1.3223293709808559      ,  -2.1362343452227091      ,  -1.7702888766971601     
  -1.3459640481344228      ,  -2.1054020599515408      ,  -1.8327639813947796     
  -1.3658738081845891      ,  -2.0445807668991480      ,  -1.8842909353405151     
  -1.3815868314031534      ,  -1.9535423966589387      ,  -1.9226215166584080     
  -1.3925083983359665      ,  -1.8338290488603362      ,  -1.9457930344686416     
  -1.3979860135594089      ,  -1.6888114028237018      ,  -1.9522989358118306     
  -1.3973717396244589      ,  -1.5235141097589926      ,  -1.9412368422279591     
  -1.3900629555375950      ,  -1.3442120210571691      ,  -1.9124105565793181     
  -1.3755262938082420      ,  -1.1578532144471796      ,  -1.8663681352799042     
  -1.3533253989017253      , -0.97140576902449882      ,  -1.8043683566136113     
  -1.3231807671955589      , -0.79124071353522030      ,  -1.7282803210774276     
  -1.2850883130821051      , -0.62264865754680543      ,  -1.6404321365977033     
  -1.2395049527606730      , -0.46954913069346166      ,  -1.5434317569348321     
  -1.1875617235052613      , -0.33440429339267902      ,  -1.4399846537350298     
  -1.1311829086598622      , -0.21830781663064763      ,  -1.3327295467317848     
  -1.0729010674055908      , -0.12119519779513725      ,  -1.2241066936955947     
  -1.0151538403548872      ,  -4.2115597683410992E-002 ,  -1.1162655197519116     
 -0.95909862531380996      ,   2.0486709436646308E-002 ,  -1.0110115465697123     
 -0.90355676323699108      ,   6.8517777469615099E-002 , -0.90978775496973741     
 -0.84506778895088730      ,  0.10402626193743578      , -0.81368293448099915     
 -0.77934253586474445      ,  0.12904874663052246      , -0.72345890814728753     
 -0.70319541596617630      ,  0.14550507020936551      , -0.63958917068628618     
 -0.61583881413014074      ,  0.15513562773870865      , -0.56230283043951657     
 -0.51909647191945885      ,  0.15947093878374241      , -0.49162931722975295     
 -0.41664995213533501      ,  0.15982416769303215      , -0.42744079806285401     
 -0.31289474925717653      ,  0.15729872395344635      , -0.36949047281843572     
 -0.21222290794880885      ,  0.15280484568268940      , -0.31744585488358845     
 -0.11902753711896884      ,  0.14708076104513482      , -0.27091679461893292     
  -3.7909711990917146E-002 ,  0.14071543813105639      , -0.22947842460269577     
   2.6567404099362826E-002 ,  0.13417102251796589      , -0.19268945063371956     
   7.0653418542911781E-002 ,  0.12780384748378712      , -0.16010633292912446     
   9.2263144770330874E-002 ,  0.12188343978152048      , -0.13129393972555115     
   9.1467059945737478E-002 ,  0.11660929459036382      , -0.10583324203678925     
   7.0511818232417520E-002 ,  0.11212541045637760      ,  -8.3326575815892520E-002
   3.3644805046810895E-002 ,  0.10853270131855734      ,  -6.3400941043187109E-002
  -1.2874636109299540E-002 ,  0.10589946947631626      ,  -4.5709745725188280E-002
  -6.0833781202163595E-002 ,  0.10427015253733518      ,  -2.9933342086985087E-002
 -0.10099063699796469      ,  0.10367256371322282      ,  -1.5778645510833335E-002
 -0.12500091862961452      ,  0.10412383785823971      ,  -2.9780755577153233E-003
 -0.12745311269947168      ,  0.10563528140448651      ,   8.7119867305855848E-003
 -0.10697108146526051      ,  0.10821630655474181      ,   1.9513070123515407E-002
  -6.6050582941593147E-002 ,  0.11187761099747581      ,   2.9626691293402192E-002
  -9.9843153074291834E-003 ,  0.11663374533339807      ,   3.9236545986113792E-002
   5.4419220084744334E-002 ,  0.12250519210664432      ,   4.8510742915426050E-002
  0.11965442293584154      ,  0.12952006322130361      ,   5.7604029240280456E-002
  0.17798237902499076      ,  0.13771550677706540      ,   6.6659972083182917E-002
  0.22229203275140325      ,  0.14713890001021801      ,   7.5813073027227965E-002
  0.24751989075336539      ,  0.15784889200725963      ,   8.5190802334656729E-002
  0.25184252198362772      ,  0.16991634801598865      ,   9.4915547152699190E-002
  0.23686235509772130      ,  0.18342523629126711      ,  0.10510647354626416     
  0.20679768555624486      ,  0.19847348819084690      ,  0.11588130609579436     
  0.16738445259072179      ,  0.21517385232113451      ,  0.12735803123493067     
  0.12520723065723530      ,  0.23365475348327366      ,  0.13965653162546596     
   8.7431951149394227E-002 ,  0.25406115644904970      ,  0.15290015875808619     
   6.1317900772840765E-002 ,  0.27655542254615456      ,  0.16721724963564050     
   5.3195161496143145E-002 ,  0.30131813284431563      ,  0.18274259076972924     
   6.7221192026185927E-002 ,  0.32854883440907107      ,  0.19961882863850883     
  0.10439867927415579      ,  0.35846664439448767      ,  0.21799781994534886     
  0.16212430041423453      ,  0.39131061915952309      ,  0.23804190709181647     
  0.23439716215375597      ,  0.42733976025768178      ,  0.25992509369566286     
  0.31275678209787916      ,  0.46683248383084736      ,  0.28383408103491098     
  0.38788594694602430      ,  0.51008532201043177      ,  0.30996910807541045     
  0.45169732988323402      ,  0.55741055142552731      ,  0.33854451411498021     
  0.49944482480217067      ,  0.60913235169282998      ,  0.36978891269851522     
  0.53093318512185073      ,  0.66558098285394907      ,  0.40394482676344723     
  0.55004522048717097      ,  0.72708433304494668      ,  0.44126758626840140     
  0.56283498860689063      ,  0.79395602623684047      ,  0.48202322918040019     
  0.57542413322371067      ,  0.86647909879151963      ,  0.52648507335109662     
  0.59290119902464500      ,  0.94488406424180749      ,  0.57492854014299799     
  0.61924503361306682      ,   1.0293200115880103      ,  0.62762371220481183     
  0.65728573952759539      ,   1.1198172657769607      ,  0.68482500244872102     
  0.70804324078804859      ,   1.2162401498838087      ,  0.74675720953346603     
  0.76983120726967902      ,   1.3182286351005581      ,  0.81359715612049432     
  0.83816725733210784      ,   1.4251283035935616      ,  0.88545008151459337     
  0.90717405310750576      ,   1.5359092905780751      ,  0.96232003866968674     
  0.97188844708156741      ,   1.6490769691601981      ,   1.0440737963954980     
   1.0299579638483687      ,   1.7625803520093120      ,   1.1303982621456463     
   1.0817208530874931      ,   1.8737286770511576      ,   1.2207523257973252     
   1.1289673196022165      ,   1.9791323337539792      ,   1.3143153831750887     
   1.1734116134226895      ,   2.0746905761774594      ,   1.4099366878493840     
   1.2157591559476257      ,   2.1556539445227054      ,   1.5060920462594489     
   1.2556721252994716      ,   2.2167915023342668      ,   1.6008569537318578     
   1.2923415200881041      ,   2.2526884218042524      ,   1.6919075042317528     
   1.3250782102677603      ,   2.2581843870692953      ,   1.7765613825387028     
   1.3535070554273501      ,   2.2289354566246842      ,   1.8518697931255470     
   1.3773873262622769      ,   2.1620431645734275      ,   1.9147661847452768     
   1.3963576167036780      ,   2.0566529170936714      ,   1.9622686169821451     
   1.4098317073592463      ,   1.9143940614837531      ,   1.9917204286638490     
   1.4170556079884182      ,   1.7395340488428781      ,   2.0010411052933321     
   1.4172189695208131      ,   1.5387608201874197      ,   1.9889499507456627     
   1.4095346205016099      ,   1.3205875736851553      ,   1.9551235362441517     
   1.3932695520789558      ,   1.0944698721640391      ,   1.9002562817400708     
   1.3677612181310961      ,  0.86980197130440695      ,   1.8260108125278076     
   1.3324741910231761      ,  0.65498696600371087      ,   1.7348662255019947     
   1.2871540314340610      ,  0.45674402410833626      ,   1.6298915649064565     
   1.2321126897174863      ,  0.27974115223213653      ,   1.5144830970439576     
   1.1686066480567490      ,  0.12655500924438956      ,   1.3921050714225933     
   1.0991230900575775      ,  -2.1093609545281568E-003 ,   1.2660659784698975     
   1.0271944548094358      , -0.10703999294361360      ,   1.1393497488246689     
  0.95625171849992219      , -0.19008160102014149      ,   1.0145082306768012     
  0.88744131329426312      , -0.25371953242299472      ,  0.89361081724419855     
  0.81773238351055400      , -0.30073129688479561      ,  0.77824067797363217     
  0.74055298042574502      , -0.33392454246025399      ,  0.66952453904332021     
  0.64910662680013675      , -0.35596005720225277      ,  0.56818335328088643     
  0.53994533559797364      , -0.36924698732802863      ,  0.47459326396003948     
  0.41490789260619410      , -0.37589322082260024      ,  0.38884895656509771     
  0.28072731170331738      , -0.37769423707262845      ,  0.31082411065795684     
  0.14637710179253685      , -0.37614639022080093      ,  0.24022584882287670     
   2.0182842279202490E-002 , -0.37247398388673925      ,  0.17664171537082027     
  -9.1007075281376651E-002 , -0.36766269850571237      ,  0.11957883348917736     
 -0.18135606730232684      , -0.36249455027626887      ,   6.8495581330194732E-002
 -0.24639263137118206      , -0.35758150586839088      ,   2.2826506073900316E-002
 -0.28424906537816291      , -0.35339622047587044      ,  -1.7998639778078043E-002
 -0.29635676661737093      , -0.35029923678836039      ,  -5.4540824849171811E-002
 -0.28647755072657927      , -0.34856251030891594      ,  -8.7341759806201569E-002
 -0.25867967299887940      , -0.34838942264384626      , -0.11691723052267909     
 -0.21711388824928154      , -0.34993159229674742      , -0.14375306250130479     
 -0.16823474447393044      , -0.35330285041969134      , -0.16830313786135651     
 -0.12196800214791670      , -0.35859075534454887      , -0.19098898192971681     
  -8.9799569621114086E-002 , -0.36586599856871060      , -0.21220052210168877     
  -8.1181510087105377E-002 , -0.37519002047089617      , -0.23229769598738090     
 -0.10060236706264736      , -0.38662111437854607      , -0.25161264904947012     
 -0.14667652526929323      , -0.40021925684407017      , -0.27045231471455861     
 -0.21301999437452665      , -0.41604986199587363      , -0.28910121329269922     
 -0.29018579618406964      , -0.43418661921318441      , -0.30782434099060302     
 -0.36788984591771717      , -0.45471353602796433      , -0.32687004780146445     
 -0.43673630417136905      , -0.47772627159494169      , -0.34647282392138790     
 -0.48963587576790363      , -0.50333280959024207      , -0.36685592925790400     
 -0.52329946842785124      , -0.53165348217388397      , -0.38823381009042951     
 -0.53891591283453910      , -0.56282031778690689      , -0.41081425140154459     
 -0.54108810086456993      , -0.59697564414214421      , -0.43480021307211597     
 -0.53569561489309903      , -0.63426983296738892      , -0.46039129315319621     
 -0.52826814203419103      , -0.67485802422642949      , -0.48778475182937375     
 -0.52363389600105603      , -0.71889561443919947      , -0.51717601545449898     
 -0.52620096665244320      , -0.76653223684161209      , -0.54875856116675947     
 -0.53986194601085413      , -0.81790390218311593      , -0.58272305918769784     
 -0.56720839247408361      , -0.87312291159351063      , -0.61925562236534037     
 -0.60847601414687058      , -0.93226510369459192      , -0.65853498173058778     
 -0.66096525543808371      , -0.99535396770232754      , -0.70072837453749337     
 -0.71956687660585883      ,  -1.0623411591474730      , -0.74598590049483626     
 -0.77843357059575258      ,  -1.1330830190770358      , -0.79443307761640658     
 -0.83303036580160250      ,  -1.2073128544503686      , -0.84616131890993951     
 -0.88145396683190180      ,  -1.2846090303135032      , -0.90121606603373261     
 -0.92441701796423992      ,  -1.3643594057596606      , -0.95958237131782331     
 -0.96414350652072689      ,  -1.4457233725700702      ,  -1.0211678349887090     
  -1.0029163778619998      ,  -1.5275937779192856      ,  -1.0857830039380234     
  -1.0419970333432027      ,  -1.6085623533591964      ,  -1.1531196477268890     
  -1.0813002366970854      ,  -1.6868938939161400      ,  -1.2227277695525685     
  -1.1197867016101621      ,  -1.7605161903145281      ,  -1.2939927958138346     
  -1.1562077308934144      ,  -1.8270343129837907      ,  -1.3661151039794051     
  -1.1897280573376539      ,  -1.8837787772127064      ,  -1.4380948387112886     
  -1.2201208811289113      ,  -1.9278966816365157      ,  -1.5087257139824952     
  -1.2475620551696265      ,  -1.9564922881605553      ,  -1.5766020145148025     
  -1.2722822452633797      ,  -1.9668179842404507      ,  -1.6401430354681412     
  -1.2943194978589301      ,  -1.9565078935156675      ,  -1.6976384459203631     
  -1.3134546228441142      ,  -1.9238352622592316      ,  -1.7473162883833551     
  -1.3292763511629011      ,  -1.8679631247608479      ,  -1.7874324592804500     
  -1.3412822489161873      ,  -1.7891488963989355      ,  -1.8163767754887499     
  -1.3489534877574128      ,  -1.6888613174542515      ,  -1.8327867172578691     
  -1.3517922352726133      ,  -1.5697756537403367      ,  -1.8356565804305158     
  -1.3493391137095654      ,  -1.4356308657342878      ,  -1.8244281277482193     
  -1.3411899241374150      ,  -1.2909575812169940      ,  -1.7990497282333926     
  -1.3270227048483663      ,  -1.1407118013422741      ,  -1.7599946421626305     
  -1.3066415077353346      , -0.98986866166433762      ,  -1.7082349636031091     
  -1.2800419948154076      , -0.84303727905915227      ,  -1.6451744759519611     
  -1.2474986686052507      , -0.70414998917810345      ,  -1.5725497021054149     
