  0.50064330894722786      ,   2.1229450724483714      ,   1.4655193661558268     
   1.4696960998357409      ,   2.1929852415350255      ,   1.5610585270229873     
   2.0187249538560041      ,   2.2400776937172493      ,   1.6539053462152871     
   2.4352719818111703      ,   2.2589017442634218      ,   1.7415228812149708     
   2.5955386474562876      ,   2.2447042742917840      ,   1.8210630112943438     
   2.3266220233737340      ,   2.1939089102960634      ,   1.8894909061409448     
   1.9146900138329677      ,   2.1047402225179983      ,   1.9437656688917380     
   1.7125371088360342      ,   1.9777454803439807      ,   1.9810672081207392     
   1.5341495898452895      ,   1.8160821072783706      ,   1.9990464820024860     
   1.5401359130776480      ,   1.6254624622894605      ,   1.9960649989817625     
   1.4230169083832811      ,   1.4137129629515430      ,   1.9713841858516696     
   1.3431119041951258      ,   1.1899972664110152      ,   1.9252693066812612     
   1.0971386552277342      ,  0.96384218103004549      ,   1.8589865037522069     
  0.79481181342065887      ,  0.74415591195967179      ,   1.7746919444430655     
  0.50081058149692392      ,  0.53842131673974125      ,   1.6752329415465239     
  0.32517154618868899      ,  0.35218728446955988      ,   1.5638959838847664     
  0.12950578172558444      ,  0.18889565376218667      ,   1.4441420266186100     
   6.6314443866707443E-002 ,   5.0001978019320249E-002 ,   1.3193650556489360     
   3.0545310020406863E-002 ,  -6.4700883798565631E-002 ,   1.1926989228874905     
  -3.5425812913482471E-003 , -0.15666063759309845      ,   1.0668841267543117     
  -4.0553569262377270E-002 , -0.22813426990100699      ,  0.94419438639734021     
 -0.11476119518622491      , -0.28180797976757588      ,  0.82641469034470127     
 -0.21245275343999170      , -0.32049834109380249      ,  0.71485843581946695     
 -0.28671773789963551      , -0.34694074961631782      ,  0.61041059040920653     
 -0.30900752481349764      , -0.36365620077566646      ,  0.51358530372947420     
 -0.33449000057217360      , -0.37288048745330526      ,  0.42458891988492709     
 -0.33617539828467929      , -0.37653861886822665      ,  0.34338204425120999     
 -0.33527789787500495      , -0.37624917459232166      ,  0.26973670639260389     
 -0.32313964556245289      , -0.37334652660465156      ,  0.20328652779630416     
 -0.33410682712762552      , -0.36891220776140959      ,  0.14356912745924336     
 -0.31825557602369448      , -0.36380958762195265      ,   9.0060855130340983E-002
 -0.33236486049153285      , -0.35871823902491112      ,   4.2204439621893741E-002
 -0.33602965575045662      , -0.35416596004674755      ,  -5.6961569239652996E-004
 -0.35117336694900009      , -0.35055746826940914      ,  -3.8826978221081797E-002
 -0.35143418600744941      , -0.34819944144875398      ,  -7.3117879548269940E-002
 -0.36847959231605798      , -0.34732196114584557      , -0.10396913675487859     
 -0.36381120746172341      , -0.34809661831423416      , -0.13187907821838246     
 -0.36806322571830802      , -0.35065163044657438      , -0.15731475324318300     
 -0.36972977392234369      , -0.35508434474769440      , -0.18071090378070817     
 -0.38063122864873999      , -0.36147149037983400      , -0.20247026648446861     
 -0.39254510804098924      , -0.36987751301508459      , -0.22296485238673353     
 -0.41078787587549076      , -0.38036128702789984      , -0.24253791924495635     
 -0.43172658172220352      , -0.39298146021187508      , -0.26150640862046931     
 -0.44570433926446990      , -0.40780064560972051      , -0.28016366693359418     
 -0.47082208162632933      , -0.42488863596647064      , -0.29878230811027573     
 -0.48818512778422118      , -0.44432477860534586      , -0.31761710598075332     
 -0.51672550778114323      , -0.46619961183729980      , -0.33690782818834025     
 -0.54194339503469202      , -0.49061582772856122      , -0.35688194075595159     
 -0.58486282617074414      , -0.51768858938690709      , -0.37775712423213165     
 -0.61574129109319342      , -0.54754519301577265      , -0.39974354894277481     
 -0.66277919407835328      , -0.58032402491292434      , -0.42304585861538374     
 -0.69668756599901627      , -0.61617272046811900      , -0.44786480869756806     
 -0.74121839019294466      , -0.65524538527947807      , -0.47439849813077212     
 -0.77694470796047299      , -0.69769868729453444      , -0.50284312115890861     
 -0.82838248504146406      , -0.74368657348523226      , -0.53339314892254241     
 -0.87704732160987164      , -0.79335330605295495      , -0.56624082914757556     
 -0.93791949034945377      , -0.84682445416439756      , -0.60157486641105617     
  -1.0018088863681607      , -0.90419542278911047      , -0.63957811587315860     
  -1.0705288235562733      , -0.96551705894731876      , -0.68042409129601356     
  -1.1421695699988113      ,  -1.0307778612015503      , -0.72427205599499500     
  -1.2148559071960228      ,  -1.0998823509037625      , -0.77126043706710912     
  -1.2927659484021297      ,  -1.1726252724491224      , -0.82149828508863920     
  -1.3668424494929412      ,  -1.2486615134322572      , -0.87505450283288311     
  -1.4496415096679582      ,  -1.3274720230237296      , -0.93194460068929952     
  -1.5253797751172198      ,  -1.4083266142620134      , -0.99211482113025040     
  -1.6088094340152064      ,  -1.4902454189606513      ,  -1.0554236320282695     
  -1.6834290466392103      ,  -1.5719619618454443      ,  -1.1216208443547895     
  -1.7636528603905586      ,  -1.6518923291820697      ,  -1.1903249890188543     
  -1.8325158666118098      ,  -1.7281166388091584      ,  -1.2610001085055818     
  -1.9032925035196913      ,  -1.7983807511966154      ,  -1.3329337815139992     
  -1.9599521831014310      ,  -1.8601274883067285      ,  -1.4052189689836077     
  -2.0108218223681948      ,  -1.9105669316404634      ,  -1.4767430611370855     
  -2.0437075263621822      ,  -1.9467938643396794      ,  -1.5461881616983577     
  -2.0634172951473464      ,  -1.9659562972366709      ,  -1.6120469374818855     
  -2.0605901645823415      ,  -1.9654717519920386      ,  -1.6726580056065574     
  -2.0378492927989447      ,  -1.9432777608327523      ,  -1.7262635486630262     
  -1.9897363753028943      ,  -1.8980912374186156      ,  -1.7710894706649931     
  -1.9166376218085763      ,  -1.8296406962393050      ,  -1.8054450031124267     
  -1.8172613943077316      ,  -1.7388294866500131      ,  -1.8278346624583925     
  -1.6927417757308474      ,  -1.6277909378168240      ,  -1.8370716452890137     
  -1.5463286954587172      ,  -1.4998095542228083      ,  -1.8323791687938058     
  -1.3818728056333407      ,  -1.3591048903602743      ,  -1.8134659116009328     
  -1.2079426556625859      ,  -1.2105014823689850      ,  -1.7805641330966038     
  -1.0307548638460005      ,  -1.0590317642324893      ,  -1.7344240464755345     
 -0.86159846780018912      , -0.90953204853726333      ,  -1.6762645840380972     
 -0.70595336229019667      , -0.76629045839720311      ,  -1.6076872838821734     
 -0.57181920150732446      , -0.63279111119684861      ,  -1.5305650890616394     
 -0.45875612034047136      , -0.51157614327258938      ,  -1.4469203331926654     
 -0.36774255768816511      , -0.40422348056081997      ,  -1.3588058440310067     
 -0.29321445657953094      , -0.31141976406450217      ,  -1.2682004526181798     
 -0.23284329135969348      , -0.23309778801163680      ,  -1.1769262441082506     
 -0.18192648314862489      , -0.16860623877588951      ,  -1.0865906987991416     
 -0.13939687644189727      , -0.11688420726929609      , -0.99855328422125944     
 -0.10344853398337345      ,  -7.6620826960369842E-002 , -0.91391352682143312     
  -7.4706391931488397E-002 ,  -4.6388750188870759E-002 , -0.83351620498294843     
  -5.2960313522929806E-002 ,  -2.4747247274474339E-002 , -0.75796889974055193     
  -3.8768550854519399E-002 ,  -1.0315729998428632E-002 , -0.68766743138630215     
  -3.1720795979183730E-002 ,  -1.8214478280048640E-003 , -0.62282540323619306     
  -3.0977151170864799E-002 ,   1.8736213420180853E-003 , -0.56350492439458066     
  -3.5197056345769237E-002 ,   1.7615356216361129E-003 , -0.50964642339749555     
  -4.2588053493348398E-002 ,  -1.3118115952818158E-003 , -0.46109619835676158     
  -5.2140489446156076E-002 ,  -6.6396574477651698E-003 , -0.41763093670120399     
  -6.2718670002285301E-002 ,  -1.3643028666461270E-002 , -0.37897887546563841     
  -7.4670922324493932E-002 ,  -2.1857230537399887E-002 , -0.34483757807297111     
  -8.7567917630240744E-002 ,  -3.0917647516997382E-002 , -0.31488850072089442     
 -0.10192016798719425      ,  -4.0545828998756465E-002 , -0.28880863680281205     
 -0.11660265247350890      ,  -5.0536458215814865E-002 , -0.26627958437632082     
 -0.13140503432991815      ,  -6.0745535952676205E-002 , -0.24699439830948178     
 -0.14475992963088749      ,  -7.1079928829461902E-002 , -0.23066257968419340     
 -0.15676604440695663      ,  -8.1488312368645233E-002 , -0.21701353068754367     
 -0.16682921639627885      ,  -9.1953464011745173E-002 , -0.20579877078846398     
 -0.17595932764417832      , -0.10248581711414667      , -0.19679317430099824     
 -0.18434179037532114      , -0.11311816375377477      , -0.18979545356896593     
 -0.19295136744950883      , -0.12390138486828309      , -0.18462807785078555     
 -0.20172609757050131      , -0.13490108585741281      , -0.18113678659492613     
 -0.21087080418289222      , -0.14619502096295234      , -0.17918982768631697     
 -0.22004707865277551      , -0.15787119815256992      , -0.17867702656820605     
 -0.22917570931622652      , -0.17002656630521587      , -0.17950877083502106     
 -0.23836044332454503      , -0.18276619714175962      , -0.18161497674609636     
 -0.24781073733563724      , -0.19620288481528092      , -0.18494408884528565     
 -0.25825152580568339      , -0.21045709584136973      , -0.18946215116338330     
 -0.26994413319412480      , -0.22565721072115474      , -0.19515197798646983     
 -0.28376476128414041      , -0.24194000588268194      , -0.20201244354666020     
 -0.29968132211428078      , -0.25945133017162558      , -0.21005790288735099     
 -0.31844155159358106      , -0.27834693379168085      , -0.21931775023200070     
 -0.33973924204007899      , -0.29879340902458551      , -0.22983611610438576     
 -0.36416822646092306      , -0.32096920087564484      , -0.24167169986552495     
 -0.39122639650469493      , -0.34506564151254326      , -0.25489772989084503     
 -0.42131564190966264      , -0.37128795436713680      , -0.26960203892761031     
 -0.45389981573606369      , -0.39985616123761175      , -0.28588723682235340     
 -0.48932713580313897      , -0.43100580761439661      , -0.30387095630563832     
 -0.52735550462101921      , -0.46498839643186035      , -0.32368613929883611     
 -0.56850351106915753      , -0.50207138687697239      , -0.34548132058916198     
 -0.61297856711357712      , -0.54253757078717313      , -0.36942085189663620     
 -0.66134386962077918      , -0.58668358224765382      , -0.39568499136519159     
 -0.71400901880557910      , -0.63481722373640304      , -0.42446976021377292     
 -0.77123440367400276      , -0.68725320205339335      , -0.45598643837758396     
 -0.83332900384194997      , -0.74430675725310036      , -0.49046053302116105     
 -0.90011438823454015      , -0.80628453708180048      , -0.52813000635325302     
 -0.97176608608874671      , -0.87347191981658512      , -0.56924249093951840     
  -1.0477908464783021      , -0.94611582648685610      , -0.61405115097201413     
  -1.1283252666490864      ,  -1.0244019038421510      , -0.66280876718600912     
  -1.2127433082786503      ,  -1.1084248294944457      , -0.71575953398672687     
  -1.3011749122702143      ,  -1.1981504370039850      , -0.77312796625371349     
  -1.3929317282958418      ,  -1.2933684551491871      , -0.83510423251032928     
  -1.4879766483442196      ,  -1.3936350120537007      , -0.90182518174023896     
  -1.5853650804619537      ,  -1.4982048238685792      , -0.97335034643113805     
  -1.6844721548212678      ,  -1.6059543643073384      ,  -1.0496323335922244     
  -1.7837085421028021      ,  -1.7152995155211928      ,  -1.1304813258783022     
  -1.8814557210934004      ,  -1.8241144286973070      ,  -1.2155239907546520     
  -1.9752703716857321      ,  -1.9296626473165661      ,  -1.3041580287422825     
  -2.0625029847506982      ,  -2.0285567510694142      ,  -1.3955049591156097     
  -2.1399518666800770      ,  -2.1167681279727408      ,  -1.4883655626288721     
  -2.2040994986805340      ,  -2.1897124730225968      ,  -1.5811845732323351     
  -2.2510699057358217      ,  -2.2424368401855683      ,  -1.6720334281675850     
  -2.2765894660652943      ,  -2.2699274515027903      ,  -1.7586215675428791     
  -2.2762816613143713      ,  -2.2675410704442771      ,  -1.8383470568267553     
  -2.2457227860371822      ,  -2.2315354793862863      ,  -1.9083951718011813     
  -2.1812263961678289      ,  -2.1596393728573404      ,  -1.9658881976733313     
  -2.0802362515226527      ,  -2.0515673608482117      ,  -2.0080809159886481     
  -1.9423799214158548      ,  -1.9093654042820782      ,  -2.0325851947350984     
  -1.7697535507297750      ,  -1.7374802521795818      ,  -2.0375963442642169     
  -1.5675060339182243      ,  -1.5424908645419049      ,  -2.0220870557072868     
  -1.3435966201990976      ,  -1.3325138890316865      ,  -1.9859351503616736     
  -1.1088587659168767      ,  -1.1163770895205816      ,  -1.9299604824015189     
 -0.87609667589697937      , -0.90271463970216792      ,  -1.8558625427495614     
 -0.65863629905686871      , -0.69915333805288005      ,  -1.7660691607004873     
 -0.46751307751780419      , -0.51172455627362157      ,  -1.6635226118661581     
 -0.30878484063824585      , -0.34456902251457822      ,  -1.5514380456062040     
 -0.18202453320997358      , -0.19992742058226354      ,  -1.4330689555593126     
  -8.1630722500417696E-002 ,  -7.8353635495356427E-002 ,  -1.3115070018535810     
  -1.6443360276936075E-004 ,   2.0938678205007655E-002 ,  -1.1895322925370455     
   6.8346874233782468E-002 ,   9.9683331970804839E-002 ,  -1.0695188846258392     
  0.12691410339063600      ,  0.16018938887226788      , -0.95339135265482711     
  0.17605333171562221      ,  0.20502955102225520      , -0.84262287340932207     
  0.21492186454691953      ,  0.23680505324691808      , -0.73826321303702513     
  0.24243740984037671      ,  0.25798571518553559      , -0.64098540203572851     
  0.25818588697374789      ,  0.27081406721431378      , -0.55114169936627055     
  0.26308629049437005      ,  0.27725876812910116      , -0.46882179683512121     
  0.25927449330541302      ,  0.27900274777112255      , -0.39390850780487019     
  0.24975409427587555      ,  0.27745373025931797      , -0.32612810965688144     
  0.23779228609795047      ,  0.27376767687771925      , -0.26509396378805872     
  0.22614186571855907      ,  0.26887844999022875      , -0.21034304104239709     
  0.21613560865672676      ,  0.26352928555378896      , -0.16136561312245876     
  0.20760159779547033      ,  0.25830338361003830      , -0.11762872548202521     
  0.19942923400835602      ,  0.25365213339961845      ,  -7.8594230329419618E-002
  0.19060673556706123      ,  0.24992028571985089      ,  -4.3732198406493103E-002
  0.18103921825829455      ,  0.24736787928073103      ,  -1.2530495478973122E-002
  0.17188029175458697      ,  0.24618901419420672      ,   1.5498761649762946E-002
  0.16493689587060448      ,  0.24652771658972086      ,   4.0815242249198726E-002
  0.16175224212262559      ,  0.24849120507191619      ,   6.3848395057936713E-002
  0.16293246725527893      ,  0.25216088680275600      ,   8.4996947291091016E-002
  0.16811100139098697      ,  0.25760140041147883      ,  0.10462953672164868     
  0.17636915822348170      ,  0.26486799812752337      ,  0.12308617297080882     
  0.18686430856470315      ,  0.27401252828755540      ,  0.14068028317307485     
  0.19929874844430229      ,  0.28508824596383264      ,  0.15770114704959190     
  0.21398856677620481      ,  0.29815364605313538      ,  0.17441656789863064     
  0.23161106347183066      ,  0.31327548066923111      ,  0.19107565995241765     
  0.25272427989708179      ,  0.33053109129916319      ,  0.20791165978693618     
  0.27745669635641873      ,  0.35001015569947541      ,  0.22514469075587282     
  0.30544048775167554      ,  0.37181591944846470      ,  0.24298442539145085     
  0.33609746182043815      ,  0.39606595177792658      ,  0.26163260189036275     
  0.36894351845368628      ,  0.42289243397840254      ,  0.28128535757025835     
  0.40389615521994360      ,  0.45244195537173576      ,  0.30213534479742682     
  0.44126580746830968      ,  0.48487475552864823      ,  0.32437359347328226     
  0.48160377388224074      ,  0.52036331095555033      ,  0.34819107871969512     
  0.52543371200754130      ,  0.55909011875466963      ,  0.37377994279216353     
  0.57315173917610007      ,  0.60124447776365575      ,  0.40133430624077332     
  0.62497825247403183      ,  0.64701800872700355      ,  0.43105058462564538     
  0.68103889177845600      ,  0.69659858914627970      ,  0.46312720335904639     
  0.74143182980814604      ,  0.75016230682968776      ,  0.49776357426593426     
  0.80623766619344195      ,  0.80786296208517894      ,  0.53515816326300703     
  0.87544875123307653      ,  0.86981857845954313      ,  0.57550543970562862     
  0.94889960486220237      ,  0.93609432723212493      ,  0.61899145589766924     
   1.0262816774476264      ,   1.0066812497723858      ,  0.66578776291098896     
   1.1071824601125217      ,   1.0814702020791576      ,  0.71604333133576936     
   1.1911837038875495      ,   1.1602205871984252      ,  0.76987412117325282     
   1.2778631148461843      ,   1.2425237379106899      ,  0.82734994640491488     
   1.3667690102302166      ,   1.3277613327337383      ,  0.88847832494687062     
   1.4572682312376846      ,   1.4150600519922343      ,  0.95318511823163443     
   1.5484513284248695      ,   1.5032448850857092      ,   1.0212919774044968     
   1.6390282847991116      ,   1.5907951368249806      ,   1.0924909602993793     
   1.7273549617252246      ,   1.6758092336481305      ,   1.1663171991790231     
   1.8114487882688306      ,   1.7559867539213359      ,   1.2421212063624751     
   1.8890618381279907      ,   1.8286383484215454      ,   1.3190432973004009     
   1.9576969151629355      ,   1.8907357477549998      ,   1.3959936298273332     
   2.0146304285349794      ,   1.9390139414672936      ,   1.4716423658616045     
   2.0569027608328314      ,   1.9701347168167749      ,   1.5444252179966029     
   2.0813677131799495      ,   1.9809139931688384      ,   1.6125698074137198     
   2.0848024365961897      ,   1.9686042965658759      ,   1.6741474332865141     
   2.0641119322106607      ,   1.9312090665239734      ,   1.7271526879999526     
   2.0166283281464787      ,   1.8677898948641325      ,   1.7696097139064220     
   1.9404919396491107      ,   1.7787157727778797      ,   1.7996990584772179     
   1.8350818439626984      ,   1.6658004180897077      ,   1.8158938485468463     
   1.7014269547268541      ,   1.5322841264031259      ,   1.8170896522382194     
   1.5425594143230548      ,   1.3826410816817760      ,   1.8027103842661085     
   1.3637454685580426      ,   1.2222271300857113      ,   1.7727740487535097     
   1.1725390596429572      ,   1.0568173954948450      ,   1.7279072363722550     
  0.97844722182581123      ,  0.89210699497372936      ,   1.6693051785598141     
  0.79195287569922646      ,  0.73325371885859658      ,   1.5986429288824242     
  0.62276837019829989      ,  0.58452759738698601      ,   1.5179506812892458     
  0.47774357056622280      ,  0.44910440619877645      ,   1.4294706036630744     
  0.35934613811687482      ,  0.32900804302432490      ,   1.3355131575457599     
  0.26564695767207730      ,  0.22517975761350253      ,   1.2383281301111788     
  0.19187077630557653      ,  0.13763619500143201      ,   1.1400007631493552     
  0.13258272135999041      ,   6.5674125912785541E-002 ,   1.0423779110055031     
   8.3345027793834403E-002 ,   8.0849226673441309E-003 ,  0.94702432864755492     
   4.1365813357437664E-002 ,  -3.6647959318350160E-002 ,  0.85520570116662220     
   5.4196697546665604E-003 ,  -7.0183985503209742E-002 ,  0.76789306686827385     
  -2.4547405067093301E-002 ,  -9.4198889559875751E-002 ,  0.68578266487044659     
  -4.8011352179869918E-002 , -0.11029539148430681      ,  0.60932557376670549     
  -6.4546312384240315E-002 , -0.11994634888404937      ,  0.53876239312829344     
  -7.4319584141168002E-002 , -0.12446374781749646      ,  0.47415931772987213     
  -7.8288551434618103E-002 , -0.12498684092459350      ,  0.41544303521539272     
  -7.8083165105016630E-002 , -0.12248351306069007      ,  0.36243281295299978     
  -7.5534860002422891E-002 , -0.11776008759970902      ,  0.31486887817539688     
  -7.2021550684818553E-002 , -0.11147595722127562      ,  0.27243673610220331     
  -6.8067157650258989E-002 , -0.10416046098667439      ,  0.23478743889501760     
  -6.3445326619745418E-002 ,  -9.6230268745729916E-002 ,  0.20155404923322520     
  -5.7682588221827640E-002 ,  -8.8006169680094323E-002 ,  0.17236467135236386     
  -5.0654531218176257E-002 ,  -7.9728619465646910E-002 ,  0.14685248014890553     
  -4.2930656566103079E-002 ,  -7.1571715908854167E-002 ,  0.12466318963701144     
  -3.5615866237081552E-002 ,  -6.3655481380319207E-002 ,  0.10546038361411331     
  -2.9798955564992340E-002 ,  -5.6056462123818873E-002 ,   8.8929096525659293E-002
  -2.6002390632867096E-002 ,  -4.8816733180471229E-002 ,   7.4777989758615271E-002
  -2.3974203742451190E-002 ,  -4.1951440676735785E-002 ,   6.2740423449201291E-002
  -2.2884515373214794E-002 ,  -3.5455032936478358E-002 ,   5.2574679744355923E-002
  -2.1773883062057083E-002 ,  -2.9306336777311121E-002 ,   4.4063552248866676E-002
  -1.9991368809982452E-002 ,  -2.3472631137315080E-002 ,   3.7013479116549064E-002
  -1.7415390855908652E-002 ,  -1.7912860613176592E-002 ,   3.1253364298961861E-002
  -1.4397798612431904E-002 ,  -1.2580119031930273E-002 ,   2.6633202873642056E-002
  -1.1503173384234476E-002 ,  -7.4235194168164684E-003 ,   2.3022601941961349E-002
  -9.1971362522463192E-003 ,  -2.3895526643297050E-003 ,   2.0309267999732566E-002
  -7.6349284029800426E-003 ,   2.5769764294678002E-003 ,   1.8397514567913990E-002
  -6.6243066932820506E-003 ,   7.5323600723385788E-003 ,   1.7206829832404586E-002
  -5.7343703624030042E-003 ,   1.2533681512562971E-002 ,   1.6670532691262046E-002
  -4.4681755882649849E-003 ,   1.7638739228033853E-002 ,   1.6734536573687991E-002
  -2.3909145903137268E-003 ,   2.2906157954650883E-002 ,   1.7356233333978746E-002
   8.2904125580727790E-004 ,   2.8395651775810059E-002 ,   1.8503504123173291E-002
   5.4274365268687057E-003 ,   3.4168411947193139E-002 ,   2.0153860122593532E-002
   1.1532722001304821E-002 ,   4.0287598573695890E-002 ,   2.2293713141477826E-002
   1.9133175800994093E-002 ,   4.6818920772964574E-002 ,   2.4917774122068557E-002
   2.8046948308238090E-002 ,   5.3831294641373525E-002 ,   2.8028576376258642E-002
   3.7936982565182596E-002 ,   6.1397572269541886E-002 ,   3.1636119741692989E-002
   4.8398370455919597E-002 ,   6.9595338313741359E-002 ,   3.5757631659391192E-002
   5.9103661060823522E-002 ,   7.8507773281989768E-002 ,   4.0417441327286856E-002
   6.9936454406675605E-002 ,   8.8224584786854909E-002 ,   4.5646963479192816E-002
   8.1051008465076985E-002 ,   9.8843009576148722E-002 ,   5.1484788894276025E-002
   9.2837846937953300E-002 ,  0.11046889017470396      ,   5.7976879384914290E-002
  0.10581522132709174      ,  0.12321783041693192      ,   6.5176865672310277E-002
  0.12049526230028867      ,  0.13721643393795990      ,   7.3146447170941875E-002
  0.13727514418164766      ,  0.15260362868110805      ,   8.1955893190802181E-002
  0.15638655967011711      ,  0.16953207845828508      ,   9.1684645344361937E-002
  0.17789714760726877      ,  0.18816967925929715      ,  0.10242202090719046     
  0.20174650984004275      ,  0.20870113291326453      ,  0.11426801639108988     
  0.22779567506154716      ,  0.23132958326445305      ,  0.12733420946757795     
  0.25589291157145466      ,  0.25627828942655712      ,  0.14174475538966241     
  0.28595065984828655      ,  0.28379229583655963      ,  0.15763747088302618     
  0.31802726124568786      ,  0.31414003829503662      ,  0.17516499368889293     
  0.35239073272069205      ,  0.34761479704822135      ,  0.19449599897351566     
  0.38954333249458245      ,  0.38453586975492132      ,  0.21581644392278115     
  0.43017858065625969      ,  0.42524928569696840      ,  0.23933079802753432     
  0.47507429103467974      ,  0.47012781380497676      ,  0.26526319755009375     
  0.52495371800808455      ,  0.51956992601299135      ,  0.29385843679191381     
  0.58036395744492619      ,  0.57399725820589576      ,  0.32538267396696935     
  0.64161069754914879      ,  0.63384995688781476      ,  0.36012368314484444     
  0.70877013684115731      ,  0.69957910375106158      ,  0.39839042277848546     
  0.78176830577531786      ,  0.77163516659707754      ,  0.44051161226904401     
  0.86048753869681982      ,  0.85045113084173762      ,  0.48683290717601213     
  0.94485857773493753      ,  0.93641862573563228      ,  0.53771213779833738     
   1.0349043797526951      ,   1.0298549921469877      ,  0.59351192318830193     
   1.1307213286002200      ,   1.1309588877514196      ,  0.65458879492291688     
   1.2323909477328701      ,   1.2397517747754763      ,  0.72127777049431474     
   1.3398389805117168      ,   1.3560026313389530      ,  0.79387112490455902     
   1.4526660507227631      ,   1.4791337050455708      ,  0.87258995955215146     
   1.5699903482497166      ,   1.6081064368808913      ,  0.95754712642466444     
   1.6903358355751730      ,   1.7412893019177593      ,   1.0487002384026967     
   1.8115949957037127      ,   1.8763138155898438      ,   1.1457940364240928     
   1.9310632946434476      ,   2.0099318942507094      ,   1.2482924930836636     
   2.0455154183902544      ,   2.1378973961878445      ,   1.3553029398616954     
   2.1512699682111887      ,   2.2549064777318151      ,   1.4654974099608737     
   2.2442018706447309      ,   2.3546433513064033      ,   1.5770403371301229     
   2.3196966075136931      ,   2.4299858367995242      ,   1.6875364451886767     
   2.3725946379451965      ,   2.4734218891438644      ,   1.7940172231606923     
   2.3972234941050847      ,   2.4777056673536721      ,   1.8929871604190438     
   2.3876387452555772      ,   2.4367331707699966      ,   1.9805495722426576     
   2.3381781561223938      ,   2.3465443731214122      ,   2.0526239233744605     
   2.2443563779540825      ,   2.2062768910334571      ,   2.1052507294668348     
   2.1039647254754783      ,   2.0188375363135775      ,   2.1349578202379615     
   1.9180233438100354      ,   1.7910618331619277      ,   2.1391383069182974     
   1.6912110589527742      ,   1.5332228917328097      ,   2.1163745456471621     
   1.4318108873411730      ,   1.2579174386146803      ,   2.0666422782241312     
   1.1516242825761225      ,  0.97854134297999718      ,   1.9913488137310020     
  0.86585493524104651      ,  0.70769136313762082      ,   1.8931943560315410     
  0.59203032139916056      ,  0.45583824664640421      ,   1.7758848688803412     
  0.34710373452435295      ,  0.23050927023430751      ,   1.6437546594339536     
  0.14302571473378697      ,   3.6050505143438528E-002 ,   1.5013681551015559     
  -1.7363987987334510E-002 , -0.12611607209068093      ,   1.3531623917873992     
 -0.14075246061938779      , -0.25691646736808738      ,   1.2031709132144586     
 -0.23869956236197343      , -0.35892099368569275      ,   1.0548452921163320     
 -0.32135925971198193      , -0.43566570606659138      ,  0.91096991287466522     
 -0.39381548974265473      , -0.49109073009665027      ,  0.77365276665340721     
 -0.45642753653349383      , -0.52913030916021508      ,  0.64436993400604248     
 -0.50732903612923064      , -0.55344944453988010      ,  0.52404215255857545     
 -0.54438377828728934      , -0.56730092427670731      ,  0.41312580382037600     
 -0.56672353999945102      , -0.57347008422848955      ,  0.31170564749703555     
 -0.57607675312916395      , -0.57427697668179878      ,  0.21958131569322537     
 -0.57640948956233162      , -0.57161183544461391      ,  0.13634331255018414     
 -0.57244269092931410      , -0.56698665329823184      ,   6.1436906494710515E-002
 -0.56877413592377979      , -0.56159171937918373      ,  -5.7860203865394491E-003
 -0.56899082556157099      , -0.55635054902165548      ,  -6.6026161440253139E-002
 -0.57429632334415071      , -0.55196980285759600      , -0.12000557659049557     
 -0.58320757456809613      , -0.54898280315761561      , -0.16844453580434451     
 -0.59283460503308083      , -0.54778643087851842      , -0.21204493240616626     
 -0.60054889575475534      , -0.54867180518917957      , -0.25147893945101157     
 -0.60539078012018499      , -0.55184942003972071      , -0.28738176978518815     
 -0.60875883355783167      , -0.55746948611134617      , -0.32034758760914694     
 -0.61358752463364785      , -0.56563819546380900      , -0.35092779030212551     
 -0.62250726519306854      , -0.57643054706452279      , -0.37963102752785310     
 -0.63658428185888560      , -0.58990027587016369      , -0.40692444907360542     
 -0.65523158592075370      , -0.60608733244994850      , -0.43323577496980942     
 -0.67693024183872108      , -0.62502327145361625      , -0.45895586375767139     
 -0.70033836879159228      , -0.64673482781757508      , -0.48444152011735980     
 -0.72508513123617935      , -0.67124588940194041      , -0.51001833407320762     
 -0.75181994738382762      , -0.69857801281065290      , -0.53598338297267722     
 -0.78168522415363340      , -0.72874957445346822      , -0.56260765637729260     
 -0.81555060898847387      , -0.76177360083665890      , -0.59013808461061679     
 -0.85347965128471459      , -0.79765428065106081      , -0.61879906548882424     
 -0.89481449723458617      , -0.83638212735544426      , -0.64879339212775489     
 -0.93867590072660889      , -0.87792773658273071      , -0.68030248910997815     
 -0.98446844918235943      , -0.92223407105529098      , -0.71348586628439714     
  -1.0322009244839678      , -0.96920721151846778      , -0.74847970091958682     
  -1.0824360087479468      ,  -1.0187055419305131      , -0.78539446213172392     
  -1.1357863240001191      ,  -1.0705273990196120      , -0.82431149933192061     
  -1.1923779675830755      ,  -1.1243973202013882      , -0.86527853247538133     
  -1.2516777867492321      ,  -1.1799511806106666      , -0.90830401053099619     
  -1.3126087830787234      ,  -1.2367207301277516      , -0.95335035097060483     
  -1.3738339280253971      ,  -1.2941183324021865      ,  -1.0003261428697443     
  -1.4340990406151626      ,  -1.3514230708375985      ,  -1.0490774950421622     
  -1.4923787737621319      ,  -1.4077698097463391      ,  -1.0993788430539364     
  -1.5477572956512198      ,  -1.4621432513207209      ,  -1.1509236968342043     
  -1.5992453058854743      ,  -1.5133794522476787      ,  -1.2033160107705185     
  -1.6456683228298028      ,  -1.5601775654106953      ,  -1.2560630796131806     
  -1.6856570826398876      ,  -1.6011246243680743      ,  -1.3085710842048905     
  -1.7177276102040444      ,  -1.6347358360637099      ,  -1.3601445955361895     
  -1.7403888627230744      ,  -1.6595119318158782      ,  -1.4099914444430315     
  -1.7522113292315364      ,  -1.6740135290221811      ,  -1.4572343171030444     
  -1.7518630271427309      ,  -1.6769501584963395      ,  -1.5009301808173732     
  -1.7381425468047829      ,  -1.6672787674971616      ,  -1.5400981306903612     
  -1.7100559701549809      ,  -1.6443034919369328      ,  -1.5737554593945751     
  -1.6669639977924384      ,  -1.6077659040101648      ,  -1.6009607280829263     
  -1.6087595246539110      ,  -1.5579135285661139      ,  -1.6208614663653091     
  -1.5360265976222338      ,  -1.4955348932514001      ,  -1.6327430334951276     
  -1.4501613975141481      ,  -1.4219521617279289      ,  -1.6360743587605571     
  -1.3534115800545239      ,  -1.3389674036710908      ,  -1.6305459717501778     
  -1.2488003819299989      ,  -1.2487650483012311      ,  -1.6160960912620492     
  -1.1399432494404276      ,  -1.1537797725597216      ,  -1.5929215969596866     
  -1.0307538587771605      ,  -1.0565444878607058      ,  -1.5614723340519292     
 -0.92504017465621913      , -0.95953593668434656      ,  -1.5224291288345679     
 -0.82605773060361898      , -0.86503506073693992      ,  -1.4766677720079291     
 -0.73613618736861974      , -0.77501596540308193      ,  -1.4252127180413876     
 -0.65648192764637958      , -0.69107193118611820      ,  -1.3691851115140485     
 -0.58721852037908218      , -0.61438085835291323      ,  -1.3097498964083438     
 -0.52764620245575022      , -0.54570708471447615      ,  -1.2480662595137457     
 -0.47661800838413559      , -0.48543260907053182      ,  -1.1852446890097597     
 -0.43291027040046176      , -0.43360875900124374      ,  -1.1223127313895014     
 -0.39550219198820957      , -0.39001913247825576      ,  -1.0601903307828902     
 -0.36371836737382474      , -0.35424575937535829      , -0.99967460534226515     
 -0.33722955855972697      , -0.32573229227028422      , -0.94143315192369736     
 -0.31594346043166338      , -0.30384011645547843      , -0.88600449845689855     
 -0.29984161608656162      , -0.28789518263124692      , -0.83380411625177198     
 -0.28882821315783824      , -0.27722489743748402      , -0.78513440532441636     
 -0.28264486835473296      , -0.27118548665555725      , -0.74019720831002611     
 -0.28087147212592345      , -0.26918090226847574      , -0.69910763092864081     
 -0.28299592366873727      , -0.27067465841662991      , -0.66190819981108051     
 -0.28850751620872706      , -0.27519604925744096      , -0.62858263694646577     
 -0.29696187312277772      , -0.28234211350831079      , -0.59906875283833150     
 -0.30798877816372283      , -0.29177653783712260      , -0.57327014725614533     
 -0.32125352260214690      , -0.30322648557970211      , -0.55106655451075470     
 -0.33640948847980801      , -0.31647813139018632      , -0.53232278152552437     
 -0.35308145905320992      , -0.33137149483996187      , -0.51689626622335638     
 -0.37089910853785540      , -0.34779500501769461      , -0.50464333648177084     
 -0.38956597669905824      , -0.36568009573819377      , -0.49542428169247349     
 -0.40892551097437657      , -0.38499602525408183      , -0.48910736481874190     
 -0.42898899614239761      , -0.40574503181382809      , -0.48557190700941305     
 -0.44991298139933950      , -0.42795787285999853      , -0.48471057270616202     
 -0.47193796415224198      , -0.45168974702394493      , -0.48643097339798735     
 -0.49531697360352656      , -0.47701656066061776      , -0.49065669468592232     
 -0.52026298495092882      , -0.50403147131716031      , -0.49732783551610799     
 -0.54693091658828019      , -0.53284161661660823      , -0.50640113126787600     
 -0.57543286278746897      , -0.56356491644376672      , -0.51784971444532857     
 -0.60587280092720697      , -0.59632681739133375      , -0.53166254835454352     
 -0.63838144242895045      , -0.63125682995497168      , -0.54784355050508726     
 -0.67313596819197952      , -0.66848469021474177      , -0.56641040358499717     
 -0.71035894223120644      , -0.70813595849571220      , -0.58739303269851206     
 -0.75029901991206793      , -0.75032684820996909      , -0.61083170811569854     
 -0.79320026733623983      , -0.79515806005460743      , -0.63677471314776146     
 -0.83926720285230738      , -0.84270738243510879      , -0.66527549721122536     
 -0.88863031812597038      , -0.89302081239096343      , -0.69638921528000819     
 -0.94131521173490662      , -0.94610195840523448      , -0.73016853783086644     
 -0.99721915801260974      ,  -1.0018995157737431      , -0.76665860183091661     
  -1.0560983674169493      ,  -1.0602926681694629      , -0.80589096597885568     
  -1.1175674552451493      ,  -1.1210743804092265      , -0.84787643615008990     
  -1.1811093974007905      ,  -1.1839327250420781      , -0.89259664507869874     
  -1.2460905664072883      ,  -1.2484306490633519      , -0.93999431056875693     
  -1.3117727031478432      ,  -1.3139849560736494      , -0.98996216730446873     
  -1.3773151805619013      ,  -1.3798457674096958      ,  -1.0423306780223585     
  -1.4417650420815888      ,  -1.4450783338110693      ,  -1.0968547897873986     
  -1.5040379618937074      ,  -1.5085497731547308      ,  -1.1532002176860552     
  -1.5628980038674196      ,  -1.5689240468697017      ,  -1.2109300134128256     
  -1.6169459508115913      ,  -1.6246691407812124      ,  -1.2694925020919510     
  -1.6646237632995695      ,  -1.6740808026929315      ,  -1.3282120238056812     
  -1.7042390253198854      ,  -1.7153270618634235      ,  -1.3862842519564700     
  -1.7340100388358450      ,  -1.7465168280709595      ,  -1.4427781088534570     
  -1.7521310661981899      ,  -1.7657938748848623      ,  -1.4966463657802502     
  -1.7568583707805956      ,  -1.7714543110066963      ,  -1.5467467920685003     
  -1.7466193150098082      ,  -1.7620813487078815      ,  -1.5918751048897211     
  -1.7201463289869416      ,  -1.7366862849086970      ,  -1.6308099101921392     
  -1.6766334429644425      ,  -1.6948400507549732      ,  -1.6623683407229719     
  -1.6159054681858458      ,  -1.6367767362150747      ,  -1.6854693344275800     
  -1.5385803700461613      ,  -1.5634504866980163      ,  -1.6991997322826975     
  -1.4461969074855034      ,  -1.4765310201841704      ,  -1.7028769857454698     
  -1.3412731450393207      ,  -1.3783307488594123      ,  -1.6961016460448777     
  -1.2272570930315216      ,  -1.2716669436537500      ,  -1.6787932562460715     
  -1.1083314419694945      ,  -1.1596733249467557      ,  -1.6512048610538417     
 -0.98905101026182862      ,  -1.0455842051320325      ,  -1.6139138845134358     
 -0.87383628693213000      , -0.93251858183882830      ,  -1.5677901395865363     
 -0.76641553053350897      , -0.82329035218042435      ,  -1.5139446234270537     
 -0.66936680077422395      , -0.72026464386512257      ,  -1.4536649478973556     
 -0.58391053712031138      , -0.62527101860698397      ,  -1.3883443792293637     
 -0.51002037692207125      , -0.53957446906770634      ,  -1.3194114175192606     
 -0.44679240499155970      , -0.46389691918436793      ,  -1.2482658107355322     
 -0.39291902894024089      , -0.39847670576091254      ,  -1.1762252245048130     
 -0.34710696970973393      , -0.34315158107041943      ,  -1.1044848893203174     
 -0.30834341520079434      , -0.29745160266351045      ,  -1.0340907775608119     
 -0.27599016942755006      , -0.26069089022894731      , -0.96592546022966486     
 -0.24973263984475513      , -0.23205059843253328      , -0.90070485909712150     
 -0.22943334754202879      , -0.21064875873199193      , -0.83898363355433903     
 -0.21495365065301097      , -0.19559537939723376      , -0.78116684156170324     
 -0.20600954430796173      , -0.18603315816078411      , -0.72752567936784129     
 -0.20211052961662704      , -0.18116536963129981      , -0.67821542530855661     
 -0.20259752811194742      , -0.18027307394903186      , -0.63329409850843954     
 -0.20675451741697515      , -0.18272393010137675      , -0.59274072934587274     
 -0.21393392752970777      , -0.18797475401396574      , -0.55647248585787767     
 -0.22363088373085463      , -0.19556967171577358      , -0.52436018980393284     
 -0.23547444990491781      , -0.20513537557731906      , -0.49624198298935779     
 -0.24915456143885545      , -0.21637465526718860      , -0.47193507244194055     
 -0.26433968192551516      , -0.22905907577723930      , -0.45124560031800964     
 -0.28064245965368512      , -0.24302142513539784      , -0.43397676066707219     
 -0.29765816929448297      , -0.25814835544495218      , -0.41993532984433485     
 -0.31505375047411277      , -0.27437348785925458      , -0.40893679872533489     
 -0.33265501601018055      , -0.29167113772052305      , -0.40080929976955437     
 -0.35048426886338452      , -0.31005073261561378      , -0.39539651574186374     
 -0.36873175494306704      , -0.32955193639568431      , -0.39255974355020584     
 -0.38767934207259913      , -0.35024045017466282      , -0.39217926911047751     
 -0.40761482414102024      , -0.37220443197803904      , -0.39415518944159794     
 -0.42877378090485430      , -0.39555145607950276      , -0.39840779768278439     
 -0.45132788574662813      , -0.42040591799337096      , -0.40487762625429907     
 -0.47541502511714717      , -0.44690677909479126      , -0.41352522341094500     
 -0.50118889380747522      , -0.47520553392195697      , -0.42433071913709575     
 -0.52886104587739169      , -0.50546427174952702      , -0.43729321766365337     
 -0.55871693383326515      , -0.53785369066681721      , -0.45243003565478301     
 -0.59110266091496633      , -0.57255090604011283      , -0.46977578700513067     
 -0.62639203198279314      , -0.60973687501055940      , -0.48938129681772835     
 -0.66494790149275607      , -0.64959323398722135      , -0.51131230806695893     
 -0.70708787660183492      , -0.69229831675282183      , -0.53564792425562802     
 -0.75305761164795193      , -0.73802208723464602      , -0.56247870966875946     
 -0.80301105436480003      , -0.78691968457225403      , -0.59190434535887448     
 -0.85699726482760208      , -0.83912324162272045      , -0.62403071376360286     
 -0.91495517589628161      , -0.89473160635231996      , -0.65896625826376010     
 -0.97671790334024844      , -0.95379757650101715      , -0.69681743709137578     
  -1.0420255690848053      ,  -1.0163122633497086      , -0.73768306581018306     
  -1.1105409982100236      ,  -1.0821862475180342      , -0.78164732251353786     
  -1.1818591958764504      ,  -1.1512273020640964      , -0.82877118020333218     
  -1.2555021294682929      ,  -1.2231146665016239      , -0.87908203927150175     
  -1.3308954127455062      ,  -1.2973701971690170      , -0.93256137033902720     
  -1.4073307423445434      ,  -1.3733272361202213      , -0.98913025796572596     
  -1.4839238096237770      ,  -1.4500987710790152      ,  -1.0486328760822481     
  -1.5595789491444434      ,  -1.5265474263521797      ,  -1.1108181454454200     
  -1.6329684378381459      ,  -1.6012610163540415      ,  -1.1753201399794371     
  -1.7025284299701797      ,  -1.6725387318242921      ,  -1.2416382341557344     
  -1.7664685184210314      ,  -1.7383943355206446      ,  -1.3091185144058646     
  -1.8227905277725052      ,  -1.7965837066088675      ,  -1.3769385845074287     
  -1.8693149682922272      ,  -1.8446642303873391      ,  -1.4440985090625240     
  -1.9037193785069730      ,  -1.8800923057294496      ,  -1.5094211411549825     
  -1.9235991933937500      ,  -1.9003620552261886      ,  -1.5715652975031595     
  -1.9265659743607040      ,  -1.9031827982302114      ,  -1.6290549666315841     
  -1.9103971269929607      ,  -1.8866851170226828      ,  -1.6803267568421569     
  -1.8732438949103856      ,  -1.8496363551116888      ,  -1.7237959816215145     
  -1.8138904747850892      ,  -1.7916380410675179      ,  -1.7579391792960299     
  -1.7320394653537361      ,  -1.7132726957006661      ,  -1.7813877595971110     
  -1.6285837280228350      ,  -1.6161684807156373      ,  -1.7930244250309093     
  -1.5058177221976290      ,  -1.5029588695350191      ,  -1.7920717886868647     
  -1.3675392670706994      ,  -1.3771305048812259      ,  -1.7781619623086107     
  -1.2189823838553053      ,  -1.2427725453127778      ,  -1.7513773102249932     
  -1.0665016291129761      ,  -1.1042599496768615      ,  -1.7122560386931081     
 -0.91693575869360222      , -0.96591582889212391      ,  -1.6617612036872165     
 -0.77667250370300445      , -0.83170052098099057      ,  -1.6012170039848961     
 -0.65061808661881426      , -0.70496700230654741      ,  -1.5322206851177955     
 -0.54143471707812696      , -0.58830656487150945      ,  -1.4565410779602899     
 -0.44938566121986195      , -0.48349030064061937      ,  -1.3760153333794944     
 -0.37286329620467801      , -0.39149578312941646      ,  -1.2924539848468182     
 -0.30932922258605217      , -0.31259772590773183      ,  -1.2075617072594529     
 -0.25623352577211428      , -0.24649732083023929      ,  -1.1228778477963137     
 -0.21160540223452398      , -0.19246644036208602      ,  -1.0397377047734631     
 -0.17425891142472563      , -0.14948788969210711      , -0.95925310181428824     
 -0.14371071799315946      , -0.11637925082458615      , -0.88230924416551371     
 -0.11991781226272924      ,  -9.1893903499562668E-002 , -0.80957411805612767     
 -0.10293241855717282      ,  -7.4797586472046762E-002 , -0.74151662997261869     
  -9.2587979781225183E-002 ,  -6.3922072050415557E-002 , -0.67843005825751912     
  -8.8316648308742612E-002 ,  -5.8199293618304448E-002 , -0.62045799615403852     
  -8.9151126227123956E-002 ,  -5.6679925827361408E-002 , -0.56762064194083117     
  -9.3910416145256997E-002 ,  -5.8540348368154201E-002 , -0.51983993214592517     
 -0.10149080990565487      ,  -6.3081452805168317E-002 , -0.47696256091195804     
 -0.11110879305007179      ,  -6.9722116155089525E-002 , -0.43878036149152644     
 -0.12236156224902142      ,  -7.7989515728857151E-002 , -0.40504784664213661     
 -0.13508606587774871      ,  -8.7507878633341765E-002 , -0.37549692761449566     
 -0.14911530552975383      ,  -9.7986779594274140E-002 , -0.34984897538591037     
 -0.16408404980084135      , -0.10920972673848564      , -0.32782447175601614     
 -0.17940516655019143      , -0.12102349597512529      , -0.30915053859972014     
 -0.19442867809189460      , -0.13332847406205278      , -0.29356664452594172     
 -0.20867608266535215      , -0.14607013108359065      , -0.28082877981958682     
 -0.22200576260037119      , -0.15923164952925400      , -0.27071237047079422     
 -0.23462590508308875      , -0.17282767687931797      , -0.26301417569665608     
 -0.24696586085937211      , -0.18689913183338283      , -0.25755338429269542     
 -0.25948556110835352      , -0.20150897378470639      , -0.25417209580375427     
 -0.27251944471208644      , -0.21673883553326737      , -0.25273534436015060     
 -0.28621932112903758      , -0.23268641671678922      , -0.25313079693558804     
 -0.30060493902581353      , -0.24946353727361886      , -0.25526823416466127     
 -0.31568015978501723      , -0.26719475444867991      , -0.25907890083227025     
 -0.33154810287782738      , -0.28601645195124986      , -0.26451479464037853     
 -0.34847051372233567      , -0.30607631475629160      , -0.27154794566341145     
 -0.36685401875521645      , -0.32753310681370912      , -0.28016972472774587     
 -0.38718450282281358      , -0.35055667081892139      , -0.29039020643681313     
 -0.40995041571336521      , -0.37532806847835753      , -0.30223760130804356     
 -0.43558817805763395      , -0.40203977563750370      , -0.31575776104721937     
 -0.46445728781156836      , -0.43089583842782897      , -0.33101375087482215     
 -0.49683299515466178      , -0.46211188333042980      , -0.34808547250654798     
 -0.53290422445605190      , -0.49591485471487706      , -0.36706931029059908     
 -0.57277478664360926      , -0.53254232681396518      , -0.38807776046718501     
 -0.61647440297054590      , -0.57224120193494643      , -0.41123898881699250     
 -0.66398738499379428      , -0.61526556162170254      , -0.43669624430404413     
 -0.71529803507064482      , -0.66187338119341854      , -0.46460703482419996     
 -0.77043758095616421      , -0.71232174967747208      , -0.49514194493394065     
 -0.82951038967207869      , -0.76686015654029704      , -0.52848294357277537     
 -0.89268352956044250      , -0.82572131529877424      , -0.56482099157809673     
 -0.96013872779371723      , -0.88910889631946843      , -0.60435271386681955     
  -1.0320012517093282      , -0.95718144561732144      , -0.64727584989268017     
  -1.1082687058061040      ,  -1.0300316888973573      , -0.69378314002236041     
  -1.1887597564337908      ,  -1.1076603862467747      , -0.74405424852281254     
  -1.2730910790727370      ,  -1.1899439527310121      , -0.79824527282869806     
  -1.3606782369896269      ,  -1.2765952520927344      , -0.85647535524582685     
  -1.4507489545183401      ,  -1.3671173852263221      , -0.91880991527361622     
  -1.5423560550195232      ,  -1.4607510350535038      , -0.98524008462433921     
  -1.6343790120133728      ,  -1.5564171138177354      ,  -1.0556580887928402     
  -1.7255059089805849      ,  -1.6526582029154728      ,  -1.1298286242713289     
  -1.8141927523866579      ,  -1.7475846497656911      ,  -1.2073567810173433     
  -1.8986046829892529      ,  -1.8388341462472721      ,  -1.2876538045436170     
  -1.9765519971765759      ,  -1.9235568958115867      ,  -1.3699030094540989     
  -2.0454408209733344      ,  -1.9984414754470683      ,  -1.4530294256971485     
  -2.1022604682894515      ,  -2.0597981597360326      ,  -1.5356781714554506     
  -2.1436255199169483      ,  -2.1037152903137084      ,  -1.6162078635177315     
  -2.1658846745243596      ,  -2.1262985059202357      ,  -1.6927062008074754     
  -2.1653065738007369      ,  -2.1239908924464261      ,  -1.7630346532475247     
  -2.1383555382431951      ,  -2.0939542405694795      ,  -1.8249073791125396     
  -2.0820687070630863      ,  -2.0344698460352229      ,  -1.8760056647451384     
  -1.9945259003938571      ,  -1.9452969176045305      ,  -1.9141233645507050     
  -1.8753596786980207      ,  -1.8279153874829066      ,  -1.9373317682185185     
  -1.7262118504032784      ,  -1.6855855241203963      ,  -1.9441455890870691     
  -1.5510502334738190      ,  -1.5231832073349167      ,  -1.9336674312105187     
  -1.3563067360834589      ,  -1.3468136481388202      ,  -1.9056880830014979     
  -1.1507758049063275      ,  -1.1632561703974931      ,  -1.8607252165892612     
 -0.94506283800491153      , -0.97933229922058140      ,  -1.7999928104286804     
 -0.75029449002838122      , -0.80130503042066714      ,  -1.7253055011865772     
 -0.57608826773261990      , -0.63440384938197447      ,  -1.6389329214769353     
 -0.42838316874920768      , -0.48253394132337513      ,  -1.5434260887480573     
 -0.30821261358316882      , -0.34818283590830196      ,  -1.4414396800717835     
 -0.21227941787091148      , -0.23249812814134732      ,  -1.3355709038006018     
 -0.13510729797215132      , -0.13548555971593074      ,  -1.2282293332833776     
  -7.1481397357909163E-002 ,  -5.6269906219155272E-002 ,  -1.1215446562215881     
  -1.7919937084709341E-002 ,   6.6318975710786821E-003 ,  -1.0173126590833490     
   2.7128098234530603E-002 ,   5.5061524558877140E-002 , -0.91697499538263172     
   6.3814239975297130E-002 ,   9.1014157251776917E-002 , -0.82162566727776609     
   9.1598976075057861E-002 ,  0.11648438835860699      , -0.73203639435533829     
  0.10998836700899273      ,  0.13336077817771405      , -0.64869359043157415     
  0.11914301168466881      ,  0.14336166147433382      , -0.57184093095123456     
  0.12013140467779387      ,  0.14800295290998974      , -0.50152299788620158     
  0.11484983405282967      ,  0.14858893126008563      , -0.43762692591034791     
  0.10568863163073085      ,  0.14621829166196354      , -0.37992018122204974     
   9.4917451309171438E-002 ,  0.14179943589764171      , -0.32808352909402183     
   8.4009582255881010E-002 ,  0.13607060347492927      , -0.28173890008174274     
   7.3355965905903472E-002 ,  0.12962183015824019      , -0.24047229154001515     
   6.2548892226939240E-002 ,  0.12291679566143585      , -0.20385209363802392     
   5.1029099102829871E-002 ,  0.11631340530896644      , -0.17144335712803233     
   3.8747489016166869E-002 ,  0.11008249150981247      , -0.14281856471464840     
   2.6470109651788289E-002 ,  0.10442437711713656      , -0.11756546009112379     
   1.5515097447472016E-002 ,   9.9483265975480822E-002 ,  -9.5292450698742537E-002
   7.1207780292784403E-003 ,   9.5359557810579046E-002 ,  -7.5632046969053610E-002
   1.9023093889671220E-003 ,   9.2120256097234787E-002 ,  -5.8242741815565935E-002
  -3.0505184047164603E-004 ,   8.9807670522331809E-002 ,  -4.2809675278040152E-002
  -2.0871364784948252E-004 ,   8.8446624947945987E-002 ,  -2.9044373790967137E-002
   1.3918982461488157E-003 ,   8.8050377067792895E-002 ,  -1.6683803224649796E-002
   4.0101818332320596E-003 ,   8.8625443418063860E-002 ,  -5.4889303017962065E-003
   7.6389950636235604E-003 ,   9.0175506903978228E-002 ,   4.7570517042281801E-003
   1.2638455212901661E-002 ,   9.2704565893845861E-002 ,   1.4250710197358178E-002
   1.9439425390638858E-002 ,   9.6219465629758111E-002 ,   2.3170478593267770E-002
   2.8245602059922062E-002 ,  0.10073193503900983      ,   3.1678808289697137E-002
   3.8901422652687631E-002 ,  0.10626023546901686      ,   3.9924315065625528E-002
   5.0968898682437327E-002 ,  0.11283051264599034      ,   4.8043883403733036E-002
   6.3938376222347992E-002 ,  0.12047792935848968      ,   5.6164704860415256E-002
   7.7445201337323674E-002 ,  0.12924764397219127      ,   6.4406236612651963E-002
   9.1373751154281660E-002 ,  0.13919568879702723      ,   7.2882074089193616E-002
  0.10581819929942989      ,  0.15038979239713457      ,   8.1701737491125151E-002
  0.12098091423324678      ,  0.16291018095003260      ,   9.0972376317400280E-002
  0.13709894924704527      ,  0.17685038546522014      ,  0.10080039897459114     
  0.15442326706876297      ,  0.19231807375030874      ,  0.11129303635303416     
  0.17323685103001360      ,  0.20943591808758993      ,  0.12255984902471209     
  0.19387439055293873      ,  0.22834250119983526      ,  0.13471418753482758     
  0.21669599390532593      ,  0.24919325368583059      ,  0.14787461413054032     
  0.24201416012865495      ,  0.27216140501006614      ,  0.16216629213985403     
  0.27002774228343873      ,  0.29743891648856235      ,  0.17772234594660688     
  0.30081129137779344      ,  0.32523734746483168      ,  0.19468518987864572     
  0.33436888936061415      ,  0.35578858369275485      ,  0.21320781800241143     
  0.37072752727138847      ,  0.38934532818804513      ,  0.23345503833546014     
  0.41002464958314205      ,  0.42618121744158366      ,  0.25560462372991749     
  0.45254675676117878      ,  0.46659037743175252      ,  0.27984833683908750     
  0.49870779776656371      ,  0.51088617139247883      ,  0.30639276713294245     
  0.54899004594138201      ,  0.55939881143258230      ,  0.33545989260639347     
  0.60388238809411976      ,  0.61247140525082377      ,  0.36728724609690205     
  0.66383515714762698      ,  0.67045388387585647      ,  0.40212752422049775     
  0.72922748066123111      ,  0.73369410400377422      ,  0.44024742390437027     
  0.80033784044618239      ,  0.80252523878664739      ,  0.48192542541007199     
  0.87731484141174854      ,  0.87724836805713469      ,  0.52744816004763362     
  0.96014840970968851      ,  0.95810896533412482      ,  0.57710490493869326     
   1.0486517715851920      ,   1.0452657805728223      ,  0.63117963775002872     
   1.1424706078829794      ,   1.1387504820354777      ,  0.68993996663175328     
   1.2411157201273555      ,   1.2384164273482181      ,  0.75362213632406572     
   1.3439895834214057      ,   1.3438752066554114      ,  0.82241122208398265     
   1.4503742323595084      ,   1.4544203201472676      ,  0.89641559472431365     
   1.5593635070184786      ,   1.5689387609178072      ,  0.97563482829485038     
   1.6697459220352340      ,   1.6858136658766292      ,   1.0599205065801458     
   1.7798739517770921      ,   1.8028248692118054      ,   1.1489299706560232     
   1.8875680332588238      ,   1.9170593339240956      ,   1.2420740599845279     
   1.9900844712775814      ,   2.0248499264203508      ,   1.3384614507544750     
   2.0841430340829232      ,   2.1217681005363196      ,   1.4368443490931841     
   2.1659870147581994      ,   2.2027020523138305      ,   1.5355729780716709     
   2.2314461879204144      ,   2.2620538223631388      ,   1.6325691829374855     
   2.2759968980170520      ,   2.2940825631095625      ,   1.7253318865775926     
   2.2948542947733168      ,   2.2934025096515773      ,   1.8109879719485740     
   2.2831698618026772      ,   2.2556108582566328      ,   1.8864000927656583     
   2.2364181727281025      ,   2.1779756365249536      ,   1.9483366994347122     
   2.1510154653973239      ,   2.0600674067786091      ,   1.9936988387326597     
   2.0251064628323983      ,   1.9041894755754216      ,   2.0197843039439829     
   1.8593252238795053      ,   1.7154692943814802      ,   2.0245557812127513     
   1.6573111811745240      ,   1.5015302430138926      ,   2.0068705581414674     
   1.4259456492998144      ,   1.2717598040209583      ,   1.9666297015238157     
   1.1754472287465967      ,   1.0362971825751546      ,   1.9048163682796677     
  0.91920405938499861      ,  0.80493991239132967      ,   1.8234138682300103     
  0.67269459924776076      ,  0.58618396610125834      ,   1.7252181534258575     
  0.45090150623805869      ,  0.38656124625243360      ,   1.6135790714816123     
  0.26455643561772835      ,  0.21034630813473335      ,   1.4921143988777912     
  0.11687657822126077      ,   5.9608695163686748E-002 ,   1.3644388805009304     
   3.2039997511996432E-003 ,  -6.5479933137011226E-002 ,   1.2339398472094227     
  -8.5631599505181219E-002 , -0.16620055027530495      ,   1.1036162944159156     
 -0.15851533811757396      , -0.24481000764352695      ,  0.97598429919751772     
 -0.22091713787848993      , -0.30410886996064257      ,  0.85304136147876719     
 -0.27462591629055294      , -0.34709476490187574      ,  0.73627664433751827     
 -0.31917182647077791      , -0.37671289195006802      ,  0.62671257737338548     
 -0.35321962333287937      , -0.39569614814294074      ,  0.52496455981118595     
 -0.37579722367628843      , -0.40647782964416257      ,  0.43130818574931273     
 -0.38740834961556214      , -0.41115746707718875      ,  0.34574645755035577     
 -0.39020194829844679      , -0.41150210621487715      ,  0.26807221390270930     
 -0.38735341532512674      , -0.40896890310199524      ,  0.19792318892810590     
 -0.38248513462281275      , -0.40473875859198022      ,  0.13482868670199558     
 -0.37885199558086119      , -0.39975409662649936      ,   7.8247876867343358E-002
 -0.37816197103747989      , -0.39475651542952789      ,   2.7600314319150377E-002
 -0.38006786721318364      , -0.39032191242298492      ,  -1.7710416716385423E-002
 -0.38283536517519046      , -0.38689192741735651      ,  -5.8278932325788971E-002
 -0.38457988738344767      , -0.38480132170628584      ,  -9.4685166360762144E-002
 -0.38449407809612507      , -0.38430135678688487      , -0.12748546907213734     
 -0.38353879294484589      , -0.38557946906189577      , -0.15720688788408219     
 -0.38398525762793556      , -0.38877563790933228      , -0.18434394603443194     
 -0.38806980712197525      , -0.39399586905819672      , -0.20935734501658584     
 -0.39686658222722510      , -0.40132319833040991      , -0.23267411661505247     
 -0.41002121138187719      , -0.41082658358391927      , -0.25468883757681537     
 -0.42624347464396228      , -0.42256800707019559      , -0.27576559431625691     
 -0.44420471039880655      , -0.43660806267782115      , -0.29624044721241904     
 -0.46329107257526497      , -0.45301025559336150      , -0.31642419513785502     
 -0.48381588651235086      , -0.47184419680003337      , -0.33660528206910106     
 -0.50671649009856623      , -0.49318783156868379      , -0.35705272011539529     
 -0.53297000337867606      , -0.51712879917563415      , -0.37801892807114496     
 -0.56307950686344865      , -0.54376497977004823      , -0.39974240249018106     
 -0.59694856651974892      , -0.57320424278403181      , -0.42245014997122587     
 -0.63412233062787038      , -0.60556336871600913      , -0.44635981535506558     
 -0.67416647015370601      , -0.64096607180850518      , -0.47168144125200534     
 -0.71699205782459063      , -0.67954000459510544      , -0.49861879002709569     
 -0.76293560732988897      , -0.72141257642418488      , -0.52737015029433365     
 -0.81250871006139525      , -0.76670536747726248      , -0.55812853633776005     
 -0.86605915672311862      , -0.81552686917319506      , -0.59108117101442681     
 -0.92362215663976066      , -0.86796323453109814      , -0.62640812116689004     
 -0.98495967507426740      , -0.92406668383501045      , -0.66427993038313904     
  -1.0497090889198528      , -0.98384119101453216      , -0.70485406880495360     
  -1.1175601645802014      ,  -1.0472250883707017      , -0.74826999640014280     
  -1.1883017173940933      ,  -1.1140702913966432      , -0.79464261903395428     
  -1.2616932373806324      ,  -1.1841179882630797      , -0.84405391227026083     
  -1.3373057814964318      ,  -1.2569708943107780      , -0.89654250528706636     
  -1.4144444470199358      ,  -1.3320625811600497      , -0.95209106900782137     
  -1.4921638941720914      ,  -1.4086249955284553      ,  -1.0106114543405447     
  -1.5693421092511366      ,  -1.4856561204709910      ,  -1.0719276969676881     
  -1.6447486907623767      ,  -1.5618908147046162      ,  -1.1357572641826892     
  -1.7170436607411681      ,  -1.6357791596741007      ,  -1.2016912837629112     
  -1.7847096262076387      ,  -1.7054780339848252      ,  -1.2691749722667758     
  -1.8459674692005956      ,  -1.7688628873783263      ,  -1.3374900584707226     
  -1.8987361162888801      ,  -1.8235674200729917      ,  -1.4057416326856329     
  -1.9406703651756141      ,  -1.8670585584756816      ,  -1.4728524544807782     
  -1.9692557649411728      ,  -1.8967521385750084      ,  -1.5375681751794532     
  -1.9819283438597348      ,  -1.9101705150628026      ,  -1.5984769812271005     
  -1.9762173016147255      ,  -1.9051366868038477      ,  -1.6540466183546458     
  -1.9499130633359123      ,  -1.8799909029060546      ,  -1.7026804229180070     
  -1.9012728451256182      ,  -1.8338064567641899      ,  -1.7427917898376235     
  -1.8292891502228010      ,  -1.7665738233804884      ,  -1.7728935811366489     
  -1.7340056140184494      ,  -1.6793193399910480      ,  -1.7916957382361516     
  -1.6168188779166117      ,  -1.5741287994909499      ,  -1.7982014834472844     
  -1.4807022143335149      ,  -1.4540585711738296      ,  -1.7917907942460058     
  -1.3302899206669956      ,  -1.3229355864692047      ,  -1.7722800115972297     
  -1.1717384452902275      ,  -1.1850684983651558      ,  -1.7399488134297523     
  -1.0122625595439458      ,  -1.0449098261764556      ,  -1.6955300711564372     
 -0.85928149016041622      , -0.90671780055009554      ,  -1.6401634518064443     
 -0.71925989105021593      , -0.77426443399857336      ,  -1.5753188259838156     
 -0.59656638240244220      , -0.65062418559314306      ,  -1.5026994293425207     
 -0.49282273706488977      , -0.53805960856055846      ,  -1.4241365517228026     
 -0.40707296496031642      , -0.43800192017994610      ,  -1.3414871510683963     
 -0.33668598935570371      , -0.35111004356225739      ,  -1.2565436330226010     
 -0.27852475627760021      , -0.27738372851379317      ,  -1.1709618668190174     
 -0.22987340521605695      , -0.21630490680726164      ,  -1.0862101432000582     
 -0.18889169189070060      , -0.16698485479310698      ,  -1.0035388660824414     
 -0.15466246926509325      , -0.12830075441590932      , -0.92396866930221366     
 -0.12698366339486114      ,  -9.9011800828282467E-002 , -0.84829344980179178     
 -0.10601085431517517      ,  -7.7850703932708876E-002 , -0.77709439787087953     
  -9.1857408106238644E-002 ,  -6.3590613793592488E-002 , -0.71076127246323817     
  -8.4280223642169194E-002 ,  -5.5090083998159803E-002 , -0.64951768650273467     
  -8.2543795002774756E-002 ,  -5.1319928652182122E-002 , -0.59344783846858606     
  -8.5503345204192657E-002 ,  -5.1376111790610725E-002 , -0.54252281249798806     
  -9.1884852594589297E-002 ,  -5.4482506497482014E-002 , -0.49662518528688282     
 -0.10063024338633647      ,  -5.9986771525834218E-002 , -0.45557118450738321     
 -0.11111142602889323      ,  -6.7351918144290771E-002 , -0.41913003141958882     
 -0.12309672100613972      ,  -7.6145498697450006E-002 , -0.38704037906701927     
 -0.13651131511232711      ,  -8.6027798752510112E-002 , -0.35902394463510756     
 -0.15114760035052624      ,  -9.6739974650656230E-002 , -0.33479655016284376     
 -0.16650619071606745      , -0.10809274326090544      , -0.31407684844854894     
 -0.18186939836199068      , -0.11995598579839001      , -0.29659303637498741     
 -0.19655481262386787      , -0.13224945471734162      , -0.28208785835243927     
 -0.21018058410808332      , -0.14493465480064185      , -0.27032218738771446     
 -0.22278750119255153      , -0.15800789211005009      , -0.26107744707156139     
 -0.23476904391249764      , -0.17149443591142843      , -0.25415710912940392     
 -0.24666846313034471      , -0.18544371031143450      , -0.24938747116086327     
 -0.25895682724465158      , -0.19992541770844602      , -0.24661788975310234     
 -0.27189539997625212      , -0.21502649063002746      , -0.24572061646105828     
 -0.28552967645683991      , -0.23084876878264615      , -0.24659035883437774     
 -0.29979571211175809      , -0.24750730180244249      , -0.24914366600070298     
 -0.31467075005061673      , -0.26512918355277493      , -0.25331821830752771     
 -0.33028974709168579      , -0.28385282959556735      , -0.25907208303752821     
 -0.34697994498212442      , -0.30382761469181757      , -0.26638298299531660     
 -0.36521416779005150      , -0.32521379106320952      , -0.27524761149537930     
 -0.38552222439113154      , -0.34818260996592526      , -0.28568101558953890     
 -0.40840944133168011      , -0.37291656820932029      , -0.29771605884614949     
 -0.43430944361655877      , -0.39960969688581727      , -0.31140296518496530     
 -0.46356598317323544      , -0.42846780097640164      , -0.32680893569513642     
 -0.49642598105336300      , -0.45970854475326928      , -0.34401782048743806     
 -0.53303525064105650      , -0.49356125796539929      , -0.36312981686817919     
 -0.57344159278423668      , -0.53026631045188799      , -0.38426115281641809     
 -0.61761622176447728      , -0.57007386672513005      , -0.40754370016543978     
 -0.66550030919521985      , -0.61324178576453203      , -0.43312444421807728     
 -0.71706746717753411      , -0.66003237338925247      , -0.46116471487057925     
 -0.77237701886602439      , -0.71070762410160104      , -0.49183905773979042     
 -0.83159165763548826      , -0.76552250598750449      , -0.52533359135827784     
 -0.89494713088096600      , -0.82471574748206744      , -0.56184365743896569     
 -0.96268162370198551      , -0.88849748268377926      , -0.60157052509409392     
  -1.0349486565592143      , -0.95703301110356997      , -0.64471685702333670     
  -1.1117419246386893      ,  -1.0304218440011301      , -0.69148058764199649     
  -1.1928511915389213      ,  -1.1086711689674305      , -0.74204680358594444     
  -1.2778523173155474      ,  -1.1916629079707703      , -0.79657716295425818     
  -1.3661214070130430      ,  -1.2791137317463777      , -0.85519635278332806     
  -1.4568583203895571      ,  -1.3705278083744008      , -0.91797508300500474     
  -1.5491054687555377      ,  -1.4651428133852800      , -0.98490917658624821     
  -1.6417498150756886      ,  -1.5618709377351614      ,  -1.0558944769156287     
  -1.7334991073460277      ,  -1.6592384213378226      ,  -1.1306976022292721     
  -1.8228301500678146      ,  -1.7553295920387670      ,  -1.2089230872994532     
  -1.9079163632343472      ,  -1.8477444638281029      ,  -1.2899782167765024     
  -1.9865521437554707      ,  -1.9335823784575716      ,  -1.3730379039287575     
  -2.0560988677997649      ,  -2.0094673378281551      ,  -1.4570132840711101     
  -2.1134766965455349      ,  -2.0716324741702135      ,  -1.5405291632885045     
  -2.1552176145114057      ,  -2.1160799622598705      ,  -1.6219168435451898     
  -2.1775862975412044      ,  -2.1388267571723301      ,  -1.6992297223010837     
  -2.1767744198748584      ,  -2.1362343452227091      ,  -1.7702888766971601     
  -2.1491806238790199      ,  -2.1054020599515408      ,  -1.8327639813947796     
  -2.0917913204387104      ,  -2.0445807668991480      ,  -1.8842909353405151     
  -2.0026582541124198      ,  -1.9535423966589387      ,  -1.9226215166584080     
  -1.8814207592448178      ,  -1.8338290488603362      ,  -1.9457930344686416     
  -1.7297737844373180      ,  -1.6888114028237018      ,  -1.9522989358118306     
  -1.5517902847273373      ,  -1.5235141097589926      ,  -1.9412368422279591     
  -1.3540598346845705      ,  -1.3442120210571691      ,  -1.9124105565793181     
  -1.1455840941912623      ,  -1.1578532144471796      ,  -1.8663681352799042     
 -0.93720924412766704      , -0.97140576902449882      ,  -1.8043683566136113     
 -0.74029177239174848      , -0.79124071353522030      ,  -1.7282803210774276     
 -0.56459652782374403      , -0.62264865754680543      ,  -1.6404321365977033     
 -0.41606009907125763      , -0.46954913069346166      ,  -1.5434317569348321     
 -0.29555128624820309      , -0.33440429339267902      ,  -1.4399846537350298     
 -0.19951938689718104      , -0.21830781663064763      ,  -1.3327295467317848     
 -0.12226748831534751      , -0.12119519779513725      ,  -1.2241066936955947     
  -5.8479965236915010E-002 ,  -4.2115597683410992E-002 ,  -1.1162655197519116     
  -4.6984558666479104E-003 ,   2.0486709436646308E-002 ,  -1.0110115465697123     
   4.0537279547998142E-002 ,   6.8517777469615099E-002 , -0.90978775496973741     
   7.7281937058215483E-002 ,  0.10402626193743578      , -0.81368293448099915     
  0.10493157077161500      ,  0.12904874663052246      , -0.72345890814728753     
  0.12298429249317078      ,  0.14550507020936551      , -0.63958917068628618     
  0.13165317134073945      ,  0.15513562773870865      , -0.56230283043951657     
  0.13209685642183824      ,  0.15947093878374241      , -0.49162931722975295     
  0.12631148618514654      ,  0.15982416769303215      , -0.42744079806285401     
  0.11677480745021929      ,  0.15729872395344635      , -0.36949047281843572     
  0.10580585734254616      ,  0.15280484568268940      , -0.31744585488358845     
   9.4871452841760212E-002 ,  0.14708076104513482      , -0.27091679461893292     
   8.4310957966010569E-002 ,  0.14071543813105639      , -0.22947842460269577     
   7.3652564329993925E-002 ,  0.13417102251796589      , -0.19268945063371956     
   6.2293977405772999E-002 ,  0.12780384748378712      , -0.16010633292912446     
   5.0185487140269311E-002 ,  0.12188343978152048      , -0.13129393972555115     
   3.8132267307552960E-002 ,  0.11660929459036382      , -0.10583324203678925     
   2.7502724627527612E-002 ,  0.11212541045637760      ,  -8.3326575815892520E-002
   1.9564336412350655E-002 ,  0.10853270131855734      ,  -6.3400941043187109E-002
   1.4928609727513233E-002 ,  0.10589946947631626      ,  -4.5709745725188280E-002
   1.3404524707569030E-002 ,  0.10427015253733518      ,  -2.9933342086985087E-002
   1.4256491646432272E-002 ,  0.10367256371322282      ,  -1.5778645510833335E-002
   1.6674381395371213E-002 ,  0.10412383785823971      ,  -2.9780755577153233E-003
   2.0185788458757035E-002 ,  0.10563528140448651      ,   8.7119867305855848E-003
   2.4815733330369724E-002 ,  0.10821630655474181      ,   1.9513070123515407E-002
   3.0958623539721911E-002 ,  0.11187761099747581      ,   2.9626691293402192E-002
   3.9065514645945307E-002 ,  0.11663374533339807      ,   3.9236545986113792E-002
   4.9339415492866023E-002 ,  0.12250519210664432      ,   4.8510742915426050E-002
   6.1610114800774038E-002 ,  0.12952006322130361      ,   5.7604029240280456E-002
   7.5425905996678380E-002 ,  0.13771550677706540      ,   6.6659972083182917E-002
   9.0278368663856634E-002 ,  0.14713890001021801      ,   7.5813073027227965E-002
  0.10582561124243581      ,  0.15784889200725963      ,   8.5190802334656729E-002
  0.12199202668769898      ,  0.16991634801598865      ,   9.4915547152699190E-002
  0.13891710340937213      ,  0.18342523629126711      ,  0.10510647354626416     
  0.15684318022090074      ,  0.19847348819084690      ,  0.11588130609579436     
  0.17603733902564717      ,  0.21517385232113451      ,  0.12735803123493067     
  0.19677084446950249      ,  0.23365475348327366      ,  0.13965653162546596     
  0.21934082268360808      ,  0.25406115644904970      ,  0.15290015875808619     
  0.24409428096917618      ,  0.27655542254615456      ,  0.16721724963564050     
  0.27140337422349187      ,  0.30131813284431563      ,  0.18274259076972924     
  0.30159169513162287      ,  0.32854883440907107      ,  0.19961882863850883     
  0.33486852969789010      ,  0.35846664439448767      ,  0.21799781994534886     
  0.37132031524505021      ,  0.39131061915952309      ,  0.23804190709181647     
  0.41096699010629045      ,  0.42733976025768178      ,  0.25992509369566286     
  0.45385637038397653      ,  0.46683248383084736      ,  0.28383408103491098     
  0.50014927124289343      ,  0.51008532201043177      ,  0.30996910807541045     
  0.55015145615373418      ,  0.55741055142552731      ,  0.33854451411498021     
  0.60428271408548273      ,  0.60913235169282998      ,  0.36978891269851522     
  0.66300835175906492      ,  0.66558098285394907      ,  0.40394482676344723     
  0.72677009197738052      ,  0.72708433304494668      ,  0.44126758626840140     
  0.79593588083782785      ,  0.79395602623684047      ,  0.48202322918040019     
  0.87076384133078177      ,  0.86647909879151963      ,  0.52648507335109662     
  0.95137070125430256      ,  0.94488406424180749      ,  0.57492854014299799     
   1.0377015975277679      ,   1.0293200115880103      ,  0.62762371220481183     
   1.1295008508227531      ,   1.1198172657769607      ,  0.68482500244872102     
   1.2262936206315340      ,   1.2162401498838087      ,  0.74675720953346603     
   1.3273936841192788      ,   1.3182286351005581      ,  0.81359715612049432     
   1.4319308559120814      ,   1.4251283035935616      ,  0.88545008151459337     
   1.5388666194738638      ,   1.5359092905780751      ,  0.96232003866968674     
   1.6469678199461468      ,   1.6490769691601981      ,   1.0440737963954980     
   1.7547279663534092      ,   1.7625803520093120      ,   1.1303982621456463     
   1.8602507180074477      ,   1.8737286770511576      ,   1.2207523257973252     
   1.9611370250917681      ,   1.9791323337539792      ,   1.3143153831750887     
   2.0544223412126597      ,   2.0746905761774594      ,   1.4099366878493840     
   2.1365848382734476      ,   2.1556539445227054      ,   1.5060920462594489     
   2.2036139410371525      ,   2.2167915023342668      ,   1.6008569537318578     
   2.2511168531968129      ,   2.2526884218042524      ,   1.6919075042317528     
   2.2744556685207740      ,   2.2581843870692953      ,   1.7765613825387028     
   2.2689449081441992      ,   2.2289354566246842      ,   1.8518697931255470     
   2.2301740164141526      ,   2.1620431645734275      ,   1.9147661847452768     
   2.1545160190409258      ,   2.0566529170936714      ,   1.9622686169821451     
   2.0398125861229235      ,   1.9143940614837531      ,   1.9917204286638490     
   1.8861032202509587      ,   1.7395340488428781      ,   2.0010411052933321     
   1.6961983939950025      ,   1.5387608201874197      ,   1.9889499507456627     
   1.4760058502974769      ,   1.3205875736851553      ,   1.9551235362441517     
   1.2346905406442366      ,   1.0944698721640391      ,   1.9002562817400708     
  0.98461125019063733      ,  0.86980197130440695      ,   1.8260108125278076     
  0.74051253206119205      ,  0.65498696600371087      ,   1.7348662255019947     
  0.51733870623645917      ,  0.45674402410833626      ,   1.6298915649064565     
  0.32676638651605910      ,  0.27974115223213653      ,   1.5144830970439576     
  0.17379118271967733      ,  0.12655500924438956      ,   1.3921050714225933     
   5.5614477344121095E-002 ,  -2.1093609545281568E-003 ,   1.2660659784698975     
  -3.5894853875739631E-002 , -0.10703999294361360      ,   1.1393497488246689     
 -0.10971726379697713      , -0.19008160102014149      ,   1.0145082306768012     
 -0.17216056584544304      , -0.25371953242299472      ,  0.89361081724419855     
 -0.22594163640142567      , -0.30073129688479561      ,  0.77824067797363217     
 -0.27122743855257747      , -0.33392454246025399      ,  0.66952453904332021     
 -0.30696682025002492      , -0.35596005720225277      ,  0.56818335328088643     
 -0.33204266240200414      , -0.36924698732802863      ,  0.47459326396003948     
 -0.34641578603008405      , -0.37589322082260024      ,  0.38884895656509771     
 -0.35159655611520946      , -0.37769423707262845      ,  0.31082411065795684     
 -0.35025990169474452      , -0.37614639022080093      ,  0.24022584882287670     
 -0.34572909014222269      , -0.37247398388673925      ,  0.17664171537082027     
 -0.34129776074439638      , -0.36766269850571237      ,  0.11957883348917736     
 -0.33911163705482367      , -0.36249455027626887      ,   6.8495581330194732E-002
 -0.33941771573937540      , -0.35758150586839088      ,   2.2826506073900316E-002
 -0.34091067418131893      , -0.35339622047587044      ,  -1.7998639778078043E-002
 -0.34180845609644517      , -0.35029923678836039      ,  -5.4540824849171811E-002
 -0.34105745352787636      , -0.34856251030891594      ,  -8.7341759806201569E-002
 -0.33917617522215560      , -0.34838942264384626      , -0.11691723052267909     
 -0.33811441790348296      , -0.34993159229674742      , -0.14375306250130479     
 -0.34011658967537517      , -0.35330285041969134      , -0.16830313786135651     
 -0.34651989876889966      , -0.35859075534454887      , -0.19098898192971681     
 -0.35728228338070273      , -0.36586599856871060      , -0.21220052210168877     
 -0.37129318900172475      , -0.37519002047089617      , -0.23229769598738090     
 -0.38717626439002234      , -0.38662111437854607      , -0.25161264904947012     
 -0.40409475568033726      , -0.40021925684407017      , -0.27045231471455861     
 -0.42210723783101683      , -0.41604986199587363      , -0.28910121329269922     
 -0.44200061016040909      , -0.43418661921318441      , -0.30782434099060302     
 -0.46478171436629423      , -0.45471353602796433      , -0.32687004780146445     
 -0.49113234320714400      , -0.47772627159494169      , -0.34647282392138790     
 -0.52116227230544254      , -0.50333280959024207      , -0.36685592925790400     
 -0.55453916229639733      , -0.53165348217388397      , -0.38823381009042951     
 -0.59081957407430374      , -0.56282031778690689      , -0.41081425140154459     
 -0.62979045195421834      , -0.59697564414214421      , -0.43480021307211597     
 -0.67163434381460707      , -0.63426983296738892      , -0.46039129315319621     
 -0.71678765228587615      , -0.67485802422642949      , -0.48778475182937375     
 -0.76564090243892280      , -0.71889561443919947      , -0.51717601545449898     
 -0.81836346069284038      , -0.76653223684161209      , -0.54875856116675947     
 -0.87490868976736869      , -0.81790390218311593      , -0.58272305918769784     
 -0.93512588553814435      , -0.87312291159351063      , -0.61925562236534037     
 -0.99891261811476806      , -0.93226510369459192      , -0.65853498173058778     
  -1.0662742421982556      , -0.99535396770232754      , -0.70072837453749337     
  -1.1372131784922137      ,  -1.0623411591474730      , -0.74598590049483626     
  -1.2115596174635606      ,  -1.1330830190770358      , -0.79443307761640658     
  -1.2888748073562559      ,  -1.2073128544503686      , -0.84616131890993951     
  -1.3684562499947293      ,  -1.2846090303135032      , -0.90121606603373261     
  -1.4494149888721635      ,  -1.3643594057596606      , -0.95958237131782331     
  -1.5307644386257686      ,  -1.4457233725700702      ,  -1.0211678349887090     
  -1.6114474242404548      ,  -1.5275937779192856      ,  -1.0857830039380234     
  -1.6902793998941799      ,  -1.6085623533591964      ,  -1.1531196477268890     
  -1.7658478786144671      ,  -1.6868938939161400      ,  -1.2227277695525685     
  -1.8364290065634188      ,  -1.7605161903145281      ,  -1.2939927958138346     
  -1.8999677079557298      ,  -1.8270343129837907      ,  -1.3661151039794051     
  -1.9541153408706728      ,  -1.8837787772127064      ,  -1.4380948387112886     
  -1.9962921484242568      ,  -1.9278966816365157      ,  -1.5087257139824952     
  -2.0237640326806510      ,  -1.9564922881605553      ,  -1.5766020145148025     
  -2.0337365254055566      ,  -1.9668179842404507      ,  -1.6401430354681412     
  -2.0234800255380758      ,  -1.9565078935156675      ,  -1.6976384459203631     
  -1.9905289042266030      ,  -1.9238352622592316      ,  -1.7473162883833551     
  -1.9329774259220520      ,  -1.8679631247608479      ,  -1.7874324592804500     
  -1.8498430721567154      ,  -1.7891488963989355      ,  -1.8163767754887499     
  -1.7414397735045524      ,  -1.6888613174542515      ,  -1.8327867172578691     
  -1.6096982752778268      ,  -1.5697756537403367      ,  -1.8356565804305158     
  -1.4583714820530169      ,  -1.4356308657342878      ,  -1.8244281277482193     
  -1.2930690398615834      ,  -1.2909575812169940      ,  -1.7990497282333926     
  -1.1210380169620149      ,  -1.1407118013422741      ,  -1.7599946421626305     
 -0.95055375670324449      , -0.98986866166433762      ,  -1.7082349636031091     
 -0.78982936772092704      , -0.84303727905915227      ,  -1.6451744759519611     
 -0.64559260166397447      , -0.70414998917810345      ,  -1.5725497021054149     
