  0.73215639994240900      ,   2.1229450724483714      ,   1.4655193661558268     
   1.9447957376463660      ,   2.1929852415350255      ,   1.5610585270229873     
   2.2766771220179534      ,   2.2400776937172493      ,   1.6539053462152871     
   2.1334945476002942      ,   2.2589017442634218      ,   1.7415228812149708     
   1.8231010855032215      ,   2.2447042742917840      ,   1.8210630112943438     
   1.5746773945821393      ,   2.1939089102960634      ,   1.8894909061409448     
   1.5288845480916968      ,   2.1047402225179983      ,   1.9437656688917380     
   1.6261301413260414      ,   1.9777454803439807      ,   1.9810672081207392     
   1.5418575217613466      ,   1.8160821072783706      ,   1.9990464820024860     
   1.4317252737653252      ,   1.6254624622894605      ,   1.9960649989817625     
   1.1497757655548899      ,   1.4137129629515430      ,   1.9713841858516696     
   1.0154275531131316      ,   1.1899972664110152      ,   1.9252693066812612     
  0.83701439937839051      ,  0.96384218103004549      ,   1.8589865037522069     
  0.65712601284214212      ,  0.74415591195967179      ,   1.7746919444430655     
  0.53032452275310993      ,  0.53842131673974125      ,   1.6752329415465239     
  0.46122940365498444      ,  0.35218728446955988      ,   1.5638959838847664     
  0.27044799515287166      ,  0.18889565376218667      ,   1.4441420266186100     
  0.18004971203207343      ,   5.0001978019320249E-002 ,   1.3193650556489360     
   8.5273755350352975E-002 ,  -6.4700883798565631E-002 ,   1.1926989228874905     
  -1.0411901807425794E-002 , -0.15666063759309845      ,   1.0668841267543117     
  -7.2628419226127755E-002 , -0.22813426990100699      ,  0.94419438639734021     
 -0.12736637135592424      , -0.28180797976757588      ,  0.82641469034470127     
 -0.19529937781771900      , -0.32049834109380249      ,  0.71485843581946695     
 -0.24342595617856577      , -0.34694074961631782      ,  0.61041059040920653     
 -0.27321796000203313      , -0.36365620077566646      ,  0.51358530372947420     
 -0.31002658070537226      , -0.37288048745330526      ,  0.42458891988492709     
 -0.33452165428589653      , -0.37653861886822665      ,  0.34338204425120999     
 -0.35079644701037760      , -0.37624917459232166      ,  0.26973670639260389     
 -0.35935389829195041      , -0.37334652660465156      ,  0.20328652779630416     
 -0.38058904305538271      , -0.36891220776140959      ,  0.14356912745924336     
 -0.37750791982922466      , -0.36380958762195265      ,   9.0060855130340983E-002
 -0.39554905531899887      , -0.35871823902491112      ,   4.2204439621893741E-002
 -0.40321496612282881      , -0.35416596004674755      ,  -5.6961569239652996E-004
 -0.40848793475361056      , -0.35055746826940914      ,  -3.8826978221081797E-002
 -0.40599236854506809      , -0.34819944144875398      ,  -7.3117879548269940E-002
 -0.42852516759279524      , -0.34732196114584557      , -0.10396913675487859     
 -0.43711160091508861      , -0.34809661831423416      , -0.13187907821838246     
 -0.46211409907061657      , -0.35065163044657438      , -0.15731475324318300     
 -0.47963715581122618      , -0.35508434474769440      , -0.18071090378070817     
 -0.49741122776408742      , -0.36147149037983400      , -0.20247026648446861     
 -0.50170996699903714      , -0.36987751301508459      , -0.22296485238673353     
 -0.50991917424372313      , -0.38036128702789984      , -0.24253791924495635     
 -0.51790208708780960      , -0.39298146021187508      , -0.26150640862046931     
 -0.52674041671999061      , -0.40780064560972051      , -0.28016366693359418     
 -0.54703128935956391      , -0.42488863596647064      , -0.29878230811027573     
 -0.56423675684980512      , -0.44432477860534586      , -0.31761710598075332     
 -0.58521691111068641      , -0.46619961183729980      , -0.33690782818834025     
 -0.60192091047185969      , -0.49061582772856122      , -0.35688194075595159     
 -0.63097969015790178      , -0.51768858938690709      , -0.37775712423213165     
 -0.65041185002368762      , -0.54754519301577265      , -0.39974354894277481     
 -0.68600667735118737      , -0.58032402491292434      , -0.42304585861538374     
 -0.71005593825653879      , -0.61617272046811900      , -0.44786480869756806     
 -0.74532559630738304      , -0.65524538527947807      , -0.47439849813077212     
 -0.76943012625212615      , -0.69769868729453444      , -0.50284312115890861     
 -0.80915074399188480      , -0.74368657348523226      , -0.53339314892254241     
 -0.84310087049079052      , -0.79335330605295495      , -0.56624082914757556     
 -0.89313996327899248      , -0.84682445416439756      , -0.60157486641105617     
 -0.94395147269753998      , -0.90419542278911047      , -0.63957811587315860     
  -1.0048675704688790      , -0.96551705894731876      , -0.68042409129601356     
  -1.0672308078752173      ,  -1.0307778612015503      , -0.72427205599499500     
  -1.1375182126819530      ,  -1.0998823509037625      , -0.77126043706710912     
  -1.2124414536003285      ,  -1.1726252724491224      , -0.82149828508863920     
  -1.2889362894756298      ,  -1.2486615134322572      , -0.87505450283288311     
  -1.3732081363769932      ,  -1.3274720230237296      , -0.93194460068929952     
  -1.4532992222343406      ,  -1.4083266142620134      , -0.99211482113025040     
  -1.5408454486873633      ,  -1.4902454189606513      ,  -1.0554236320282695     
  -1.6212300040513612      ,  -1.5719619618454443      ,  -1.1216208443547895     
  -1.7101011063598295      ,  -1.6518923291820697      ,  -1.1903249890188543     
  -1.7900970016661497      ,  -1.7281166388091584      ,  -1.2610001085055818     
  -1.8764228062762627      ,  -1.7983807511966154      ,  -1.3329337815139992     
  -1.9498822523494073      ,  -1.8601274883067285      ,  -1.4052189689836077     
  -2.0202648598070105      ,  -1.9105669316404634      ,  -1.4767430611370855     
  -2.0701882836499954      ,  -1.9467938643396794      ,  -1.5461881616983577     
  -2.1056542535145546      ,  -1.9659562972366709      ,  -1.6120469374818855     
  -2.1131943409605789      ,  -1.9654717519920386      ,  -1.6726580056065574     
  -2.0976212257525408      ,  -1.9432777608327523      ,  -1.7262635486630262     
  -2.0512922506507896      ,  -1.8980912374186156      ,  -1.7710894706649931     
  -1.9778912112929965      ,  -1.8296406962393050      ,  -1.8054450031124267     
  -1.8755312314920027      ,  -1.7388294866500131      ,  -1.8278346624583925     
  -1.7481612501583834      ,  -1.6277909378168240      ,  -1.8370716452890137     
  -1.5987605955820186      ,  -1.4998095542228083      ,  -1.8323791687938058     
  -1.4331512685807550      ,  -1.3591048903602743      ,  -1.8134659116009328     
  -1.2587399097433185      ,  -1.2105014823689850      ,  -1.7805641330966038     
  -1.0820145795174470      ,  -1.0590317642324893      ,  -1.7344240464755345     
 -0.91179720995646696      , -0.90953204853726333      ,  -1.6762645840380972     
 -0.75226017912453813      , -0.76629045839720311      ,  -1.6076872838821734     
 -0.60970872145760180      , -0.63279111119684861      ,  -1.5305650890616394     
 -0.48335090132019887      , -0.51157614327258938      ,  -1.4469203331926654     
 -0.37544077313945656      , -0.40422348056081997      ,  -1.3588058440310067     
 -0.28213136787528836      , -0.31141976406450217      ,  -1.2682004526181798     
 -0.20468125422013322      , -0.23309778801163680      ,  -1.1769262441082506     
 -0.14047715157087812      , -0.16860623877588951      ,  -1.0865906987991416     
  -9.0877057975259967E-002 , -0.11688420726929609      , -0.99855328422125944     
  -5.3513257069445125E-002 ,  -7.6620826960369842E-002 , -0.91391352682143312     
  -2.8410016719493128E-002 ,  -4.6388750188870759E-002 , -0.83351620498294843     
  -1.2625151964048016E-002 ,  -2.4747247274474339E-002 , -0.75796889974055193     
  -5.3454192330487718E-003 ,  -1.0315729998428632E-002 , -0.68766743138630215     
  -3.8122703323259857E-003 ,  -1.8214478280048640E-003 , -0.62282540323619306     
  -7.0312967750698549E-003 ,   1.8736213420180853E-003 , -0.56350492439458066     
  -1.2770253446081445E-002 ,   1.7615356216361129E-003 , -0.50964642339749555     
  -2.0235223524554036E-002 ,  -1.3118115952818158E-003 , -0.46109619835676158     
  -2.8139787503604602E-002 ,  -6.6396574477651698E-003 , -0.41763093670120399     
  -3.6436325408422350E-002 ,  -1.3643028666461270E-002 , -0.37897887546563841     
  -4.5165211395598870E-002 ,  -2.1857230537399887E-002 , -0.34483757807297111     
  -5.4877994529540855E-002 ,  -3.0917647516997382E-002 , -0.31488850072089442     
  -6.6062250897733613E-002 ,  -4.0545828998756465E-002 , -0.28880863680281205     
  -7.8632509712451754E-002 ,  -5.0536458215814865E-002 , -0.26627958437632082     
  -9.2470734239141511E-002 ,  -6.0745535952676205E-002 , -0.24699439830948178     
 -0.10642477245358081      ,  -7.1079928829461902E-002 , -0.23066257968419340     
 -0.12014314434088132      ,  -8.1488312368645233E-002 , -0.21701353068754367     
 -0.13242065562986488      ,  -9.1953464011745173E-002 , -0.20579877078846398     
 -0.14356672774585991      , -0.10248581711414667      , -0.19679317430099824     
 -0.15315752657082030      , -0.11311816375377477      , -0.18979545356896593     
 -0.16241013082177475      , -0.12390138486828309      , -0.18462807785078555     
 -0.17150068720968578      , -0.13490108585741281      , -0.18113678659492613     
 -0.18173984296571050      , -0.14619502096295234      , -0.17918982768631697     
 -0.19298174646446434      , -0.15787119815256992      , -0.17867702656820605     
 -0.20568681055983432      , -0.17002656630521587      , -0.17950877083502106     
 -0.21895675720663121      , -0.18276619714175962      , -0.18161497674609636     
 -0.23252450467832289      , -0.19620288481528092      , -0.18494408884528565     
 -0.24559207916913689      , -0.21045709584136973      , -0.18946215116338330     
 -0.25817038654050090      , -0.22565721072115474      , -0.19515197798646983     
 -0.27047102473655860      , -0.24194000588268194      , -0.20201244354666020     
 -0.28305485113848866      , -0.25945133017162558      , -0.21005790288735099     
 -0.29685241774448223      , -0.27834693379168085      , -0.21931775023200070     
 -0.31237118824900378      , -0.29879340902458551      , -0.22983611610438576     
 -0.33066353489251032      , -0.32096920087564484      , -0.24167169986552495     
 -0.35184284540437527      , -0.34506564151254326      , -0.25489772989084503     
 -0.37678598928835322      , -0.37128795436713680      , -0.26960203892761031     
 -0.40497181877450528      , -0.39985616123761175      , -0.28588723682235340     
 -0.43677512273231411      , -0.43100580761439661      , -0.30387095630563832     
 -0.47114148100950248      , -0.46498839643186035      , -0.32368613929883611     
 -0.50836331065661400      , -0.50207138687697239      , -0.34548132058916198     
 -0.54772614317573709      , -0.54253757078717313      , -0.36942085189663620     
 -0.59013179604520738      , -0.58668358224765382      , -0.39568499136519159     
 -0.63567246831667601      , -0.63481722373640304      , -0.42446976021377292     
 -0.68561965864457619      , -0.68725320205339335      , -0.45598643837758396     
 -0.74039261667506040      , -0.74430675725310036      , -0.49046053302116105     
 -0.80106548830764046      , -0.80628453708180048      , -0.52813000635325302     
 -0.86816775246579136      , -0.87347191981658512      , -0.56924249093951840     
 -0.94233335428266618      , -0.94611582648685610      , -0.61405115097201413     
  -1.0237017565198283      ,  -1.0244019038421510      , -0.66280876718600912     
  -1.1116448002418131      ,  -1.1084248294944457      , -0.71575953398672687     
  -1.2053004453838785      ,  -1.1981504370039850      , -0.77312796625371349     
  -1.3030515141306471      ,  -1.2933684551491871      , -0.83510423251032928     
  -1.4041792691395696      ,  -1.3936350120537007      , -0.90182518174023896     
  -1.5076056943681539      ,  -1.4982048238685792      , -0.97335034643113805     
  -1.6135175659530074      ,  -1.6059543643073384      ,  -1.0496323335922244     
  -1.7210884160212589      ,  -1.7152995155211928      ,  -1.1304813258783022     
  -1.8300182611981179      ,  -1.8241144286973070      ,  -1.2155239907546520     
  -1.9382091964509585      ,  -1.9296626473165661      ,  -1.3041580287422825     
  -2.0432971354153557      ,  -2.0285567510694142      ,  -1.3955049591156097     
  -2.1406472271613719      ,  -2.1167681279727408      ,  -1.4883655626288721     
  -2.2248225914309958      ,  -2.1897124730225968      ,  -1.5811845732323351     
  -2.2887717564467227      ,  -2.2424368401855683      ,  -1.6720334281675850     
  -2.3257102912581731      ,  -2.2699274515027903      ,  -1.7586215675428791     
  -2.3292868015560804      ,  -2.2675410704442771      ,  -1.8383470568267553     
  -2.2949214346366307      ,  -2.2315354793862863      ,  -1.9083951718011813     
  -2.2199377563692955      ,  -2.1596393728573404      ,  -1.9658881976733313     
  -2.1042007280357327      ,  -2.0515673608482117      ,  -2.0080809159886481     
  -1.9502750631510402      ,  -1.9093654042820782      ,  -2.0325851947350984     
  -1.7635396875295060      ,  -1.7374802521795818      ,  -2.0375963442642169     
  -1.5519695935389755      ,  -1.5424908645419049      ,  -2.0220870557072868     
  -1.3254308674705235      ,  -1.3325138890316865      ,  -1.9859351503616736     
  -1.0947808772962155      ,  -1.1163770895205816      ,  -1.9299604824015189     
 -0.87039961269640242      , -0.90271463970216792      ,  -1.8558625427495614     
 -0.66113245672473941      , -0.69915333805288005      ,  -1.7660691607004873     
 -0.47322295156208494      , -0.51172455627362157      ,  -1.6635226118661581     
 -0.30962930700790503      , -0.34456902251457822      ,  -1.5514380456062040     
 -0.16945634445347307      , -0.19992742058226354      ,  -1.4330689555593126     
  -4.9770998318955498E-002 ,  -7.8353635495356427E-002 ,  -1.3115070018535810     
   5.1739711467809445E-002 ,   2.0938678205007655E-002 ,  -1.1895322925370455     
  0.13518375394312820      ,   9.9683331970804839E-002 ,  -1.0695188846258392     
  0.19960345582287775      ,  0.16018938887226788      , -0.95339135265482711     
  0.24488744353989472      ,  0.20502955102225520      , -0.84262287340932207     
  0.27282485149614638      ,  0.23680505324691808      , -0.73826321303702513     
  0.28646687717835512      ,  0.25798571518553559      , -0.64098540203572851     
  0.28925933591089770      ,  0.27081406721431378      , -0.55114169936627055     
  0.28446590044480452      ,  0.27725876812910116      , -0.46882179683512121     
  0.27488404756630702      ,  0.27900274777112255      , -0.39390850780487019     
  0.26287034935804049      ,  0.27745373025931797      , -0.32612810965688144     
  0.25055152913903511      ,  0.27376767687771925      , -0.26509396378805872     
  0.23957966628434244      ,  0.26887844999022875      , -0.21034304104239709     
  0.23060910579415086      ,  0.26352928555378896      , -0.16136561312245876     
  0.22325107461242283      ,  0.25830338361003830      , -0.11762872548202521     
  0.21654202011975732      ,  0.25365213339961845      ,  -7.8594230329419618E-002
  0.20971146681012429      ,  0.24992028571985089      ,  -4.3732198406493103E-002
  0.20289166769385281      ,  0.24736787928073103      ,  -1.2530495478973122E-002
  0.19729976708114119      ,  0.24618901419420672      ,   1.5498761649762946E-002
  0.19447058151466143      ,  0.24652771658972086      ,   4.0815242249198726E-002
  0.19544237589548877      ,  0.24849120507191619      ,   6.3848395057936713E-002
  0.20043380692194701      ,  0.25216088680275600      ,   8.4996947291091016E-002
  0.20903811316129287      ,  0.25760140041147883      ,  0.10462953672164868     
  0.22043642244931860      ,  0.26486799812752337      ,  0.12308617297080882     
  0.23369041709447655      ,  0.27401252828755540      ,  0.14068028317307485     
  0.24795513837957758      ,  0.28508824596383264      ,  0.15770114704959190     
  0.26281833895565038      ,  0.29815364605313538      ,  0.17441656789863064     
  0.27851797130523198      ,  0.31327548066923111      ,  0.19107565995241765     
  0.29587395086233104      ,  0.33053109129916319      ,  0.20791165978693618     
  0.31590881487212935      ,  0.35001015569947541      ,  0.22514469075587282     
  0.33948683788325401      ,  0.37181591944846470      ,  0.24298442539145085     
  0.36712340070308119      ,  0.39606595177792658      ,  0.26163260189036275     
  0.39895311303465564      ,  0.42289243397840254      ,  0.28128535757025835     
  0.43483044942524307      ,  0.45244195537173576      ,  0.30213534479742682     
  0.47434939859005315      ,  0.48487475552864823      ,  0.32437359347328226     
  0.51687446792816027      ,  0.52036331095555033      ,  0.34819107871969512     
  0.56164966051309451      ,  0.55909011875466963      ,  0.37377994279216353     
  0.60814824747185303      ,  0.60124447776365575      ,  0.40133430624077332     
  0.65632399668805053      ,  0.64701800872700355      ,  0.43105058462564538     
  0.70673570690904675      ,  0.69659858914627970      ,  0.46312720335904639     
  0.76025987927320837      ,  0.75016230682968776      ,  0.49776357426593426     
  0.81770406544450802      ,  0.80786296208517894      ,  0.53515816326300703     
  0.87955608344693870      ,  0.86981857845954313      ,  0.57550543970562862     
  0.94619766077851675      ,  0.93609432723212493      ,  0.61899145589766924     
   1.0180805135269830      ,   1.0066812497723858      ,  0.66578776291098896     
   1.0955506156930495      ,   1.0814702020791576      ,  0.71604333133576936     
   1.1782802073338767      ,   1.1602205871984252      ,  0.76987412117325282     
   1.2649226194997210      ,   1.2425237379106899      ,  0.82734994640491488     
   1.3533986765602213      ,   1.3277613327337383      ,  0.88847832494687062     
   1.4417080924726877      ,   1.4150600519922343      ,  0.95318511823163443     
   1.5286257233261884      ,   1.5032448850857092      ,   1.0212919774044968     
   1.6137238490824677      ,   1.5907951368249806      ,   1.0924909602993793     
   1.6967668385154981      ,   1.6758092336481305      ,   1.1663171991790231     
   1.7769006920584596      ,   1.7559867539213359      ,   1.2421212063624751     
   1.8522583957604419      ,   1.8286383484215454      ,   1.3190432973004009     
   1.9199704877421016      ,   1.8907357477549998      ,   1.3959936298273332     
   1.9763408431934975      ,   1.9390139414672936      ,   1.4716423658616045     
   2.0169339788791047      ,   1.9701347168167749      ,   1.5444252179966029     
   2.0369242532214300      ,   1.9809139931688384      ,   1.6125698074137198     
   2.0318282648411317      ,   1.9686042965658759      ,   1.6741474332865141     
   1.9984882829589521      ,   1.9312090665239734      ,   1.7271526879999526     
   1.9357666120561920      ,   1.8677898948641325      ,   1.7696097139064220     
   1.8446984868182263      ,   1.7787157727778797      ,   1.7996990584772179     
   1.7281141195031657      ,   1.6658004180897077      ,   1.8158938485468463     
   1.5901175374716416      ,   1.5322841264031259      ,   1.8170896522382194     
   1.4357057840388803      ,   1.3826410816817760      ,   1.8027103842661085     
   1.2705871450891466      ,   1.2222271300857113      ,   1.7727740487535097     
   1.1009648577753643      ,   1.0568173954948450      ,   1.7279072363722550     
  0.93309371065525537      ,  0.89210699497372936      ,   1.6693051785598141     
  0.77262209831601836      ,  0.73325371885859658      ,   1.5986429288824242     
  0.62391160745168528      ,  0.58452759738698601      ,   1.5179506812892458     
  0.48957671056249458      ,  0.44910440619877645      ,   1.4294706036630744     
  0.37049976879106350      ,  0.32900804302432490      ,   1.3355131575457599     
  0.26643848308278872      ,  0.22517975761350253      ,   1.2383281301111788     
  0.17686073649788581      ,  0.13763619500143201      ,   1.1400007631493552     
  0.10142214900965110      ,   6.5674125912785541E-002 ,   1.0423779110055031     
   3.9840219304401923E-002 ,   8.0849226673441309E-003 ,  0.94702432864755492     
  -8.4957002769313270E-003 ,  -3.6647959318350160E-002 ,  0.85520570116662220     
  -4.4734925639436623E-002 ,  -7.0183985503209742E-002 ,  0.76789306686827385     
  -7.0460237907536763E-002 ,  -9.4198889559875751E-002 ,  0.68578266487044659     
  -8.7482597083956060E-002 , -0.11029539148430681      ,  0.60932557376670549     
  -9.7684572091715716E-002 , -0.11994634888404937      ,  0.53876239312829344     
 -0.10291566201435834      , -0.12446374781749646      ,  0.47415931772987213     
 -0.10488795324800135      , -0.12498684092459350      ,  0.41544303521539272     
 -0.10504831852925928      , -0.12248351306069007      ,  0.36243281295299978     
 -0.10440973886431199      , -0.11776008759970902      ,  0.31486887817539688     
 -0.10343550169119292      , -0.11147595722127562      ,  0.27243673610220331     
 -0.10208016296172996      , -0.10416046098667439      ,  0.23478743889501760     
 -0.10000521922615757      ,  -9.6230268745729916E-002 ,  0.20155404923322520     
  -9.6879491916136373E-002 ,  -8.8006169680094323E-002 ,  0.17236467135236386     
  -9.2637463636563055E-002 ,  -7.9728619465646910E-002 ,  0.14685248014890553     
  -8.7555510044336982E-002 ,  -7.1571715908854167E-002 ,  0.12466318963701144     
  -8.2124565707751812E-002 ,  -6.3655481380319207E-002 ,  0.10546038361411331     
  -7.6843914091695290E-002 ,  -5.6056462123818873E-002 ,   8.8929096525659293E-002
  -7.2061581337474617E-002 ,  -4.8816733180471229E-002 ,   7.4777989758615271E-002
  -6.7885861558653726E-002 ,  -4.1951440676735785E-002 ,   6.2740423449201291E-002
  -6.4158576636681300E-002 ,  -3.5455032936478358E-002 ,   5.2574679744355923E-002
  -6.0504763005323890E-002 ,  -2.9306336777311121E-002 ,   4.4063552248866676E-002
  -5.6459197974715880E-002 ,  -2.3472631137315080E-002 ,   3.7013479116549064E-002
  -5.1640993882533313E-002 ,  -1.7912860613176592E-002 ,   3.1253364298961861E-002
  -4.5899280962199356E-002 ,  -1.2580119031930273E-002 ,   2.6633202873642056E-002
  -3.9366629073332216E-002 ,  -7.4235194168164684E-003 ,   2.3022601941961349E-002
  -3.2396462986779999E-002 ,  -2.3895526643297050E-003 ,   2.0309267999732566E-002
  -2.5421865446230790E-002 ,   2.5769764294678002E-003 ,   1.8397514567913990E-002
  -1.8788726743080866E-002 ,   7.5323600723385788E-003 ,   1.7206829832404586E-002
  -1.2637364173587904E-002 ,   1.2533681512562971E-002 ,   1.6670532691262046E-002
  -6.8706011214785673E-003 ,   1.7638739228033853E-002 ,   1.6734536573687991E-002
  -1.2038377592479691E-003 ,   2.2906157954650883E-002 ,   1.7356233333978746E-002
   4.7477945860262489E-003 ,   2.8395651775810059E-002 ,   1.8503504123173291E-002
   1.1379395508208941E-002 ,   3.4168411947193139E-002 ,   2.0153860122593532E-002
   1.9027999423358539E-002 ,   4.0287598573695890E-002 ,   2.2293713141477826E-002
   2.7922068218549662E-002 ,   4.6818920772964574E-002 ,   2.4917774122068557E-002
   3.8136257081559648E-002 ,   5.3831294641373525E-002 ,   2.8028576376258642E-002
   4.9563684867295343E-002 ,   6.1397572269541886E-002 ,   3.1636119741692989E-002
   6.1933408236344731E-002 ,   6.9595338313741359E-002 ,   3.5757631659391192E-002
   7.4883495155056268E-002 ,   7.8507773281989768E-002 ,   4.0417441327286856E-002
   8.8065756622690394E-002 ,   8.8224584786854909E-002 ,   4.5646963479192816E-002
  0.10125759380484042      ,   9.8843009576148722E-002 ,   5.1484788894276025E-002
  0.11444327565176335      ,  0.11046889017470396      ,   5.7976879384914290E-002
  0.12783895565358869      ,  0.12321783041693192      ,   6.5176865672310277E-002
  0.14184750766573961      ,  0.13721643393795990      ,   7.3146447170941875E-002
  0.15697750522567200      ,  0.15260362868110805      ,   8.1955893190802181E-002
  0.17375783926198060      ,  0.16953207845828508      ,   9.1684645344361937E-002
  0.19266580128582400      ,  0.18816967925929715      ,  0.10242202090719046     
  0.21405158707590594      ,  0.20870113291326453      ,  0.11426801639108988     
  0.23807254262927263      ,  0.23132958326445305      ,  0.12733420946757795     
  0.26466885805273643      ,  0.25627828942655712      ,  0.14174475538966241     
  0.29361248897454612      ,  0.28379229583655963      ,  0.15763747088302618     
  0.32462317039866712      ,  0.31414003829503662      ,  0.17516499368889293     
  0.35752880963426875      ,  0.34761479704822135      ,  0.19449599897351566     
  0.39242078892525928      ,  0.38453586975492132      ,  0.21581644392278115     
  0.42973232927183908      ,  0.42524928569696840      ,  0.23933079802753432     
  0.47019424086179684      ,  0.47012781380497676      ,  0.26526319755009375     
  0.51470225711040463      ,  0.51956992601299135      ,  0.29385843679191381     
  0.56419180548515302      ,  0.57399725820589576      ,  0.32538267396696935     
  0.61955845830100165      ,  0.63384995688781476      ,  0.36012368314484444     
  0.68157898261317051      ,  0.69957910375106158      ,  0.39839042277848546     
  0.75077509867167824      ,  0.77163516659707754      ,  0.44051161226904401     
  0.82727018964171584      ,  0.85045113084173762      ,  0.48683290717601213     
  0.91074575352620790      ,  0.93641862573563228      ,  0.53771213779833738     
   1.0005828678320590      ,   1.0298549921469877      ,  0.59351192318830193     
   1.0961501197127441      ,   1.1309588877514196      ,  0.65458879492291688     
   1.1970912786116354      ,   1.2397517747754763      ,  0.72127777049431474     
   1.3034161602629240      ,   1.3560026313389530      ,  0.79387112490455902     
   1.4153232051530116      ,   1.4791337050455708      ,  0.87258995955215146     
   1.5328682108748697      ,   1.6081064368808913      ,  0.95754712642466444     
   1.6556587911574301      ,   1.7412893019177593      ,   1.0487002384026967     
   1.7825785884059104      ,   1.8763138155898438      ,   1.1457940364240928     
   1.9114009871396442      ,   2.0099318942507094      ,   1.2482924930836636     
   2.0383136423487707      ,   2.1378973961878445      ,   1.3553029398616954     
   2.1576797699071806      ,   2.2549064777318151      ,   1.4654974099608737     
   2.2623604145346881      ,   2.3546433513064033      ,   1.5770403371301229     
   2.3445178683442225      ,   2.4299858367995242      ,   1.6875364451886767     
   2.3964767083730258      ,   2.4734218891438644      ,   1.7940172231606923     
   2.4113169091898072      ,   2.4777056673536721      ,   1.8929871604190438     
   2.3832834541146677      ,   2.4367331707699966      ,   1.9805495722426576     
   2.3083375550365850      ,   2.3465443731214122      ,   2.0526239233744605     
   2.1850310734230196      ,   2.2062768910334571      ,   2.1052507294668348     
   2.0154599674218603      ,   2.0188375363135775      ,   2.1349578202379615     
   1.8057145697202825      ,   1.7910618331619277      ,   2.1391383069182974     
   1.5654115420516215      ,   1.5332228917328097      ,   2.1163745456471621     
   1.3064959109711580      ,   1.2579174386146803      ,   2.0666422782241312     
   1.0417024285572247      ,  0.97854134297999718      ,   1.9913488137310020     
  0.78290150994264895      ,  0.70769136313762082      ,   1.8931943560315410     
  0.53998077837812353      ,  0.45583824664640421      ,   1.7758848688803412     
  0.32059612434690654      ,  0.23050927023430751      ,   1.6437546594339536     
  0.12918815103061759      ,   3.6050505143438528E-002 ,   1.5013681551015559     
  -3.4728771833141908E-002 , -0.12611607209068093      ,   1.3531623917873992     
 -0.17522614285546190      , -0.25691646736808738      ,   1.2031709132144586     
 -0.29553295162488663      , -0.35892099368569275      ,   1.0548452921163320     
 -0.39545631350634469      , -0.43566570606659138      ,  0.91096991287466522     
 -0.47279088070667574      , -0.49109073009665027      ,  0.77365276665340721     
 -0.52674306258177539      , -0.52913030916021508      ,  0.64436993400604248     
 -0.55974165415097077      , -0.55344944453988010      ,  0.52404215255857545     
 -0.57626127924341020      , -0.56730092427670731      ,  0.41312580382037600     
 -0.58121754545465310      , -0.57347008422848955      ,  0.31170564749703555     
 -0.57927306043877380      , -0.57427697668179878      ,  0.21958131569322537     
 -0.57421139515377773      , -0.57161183544461391      ,  0.13634331255018414     
 -0.56881656931147551      , -0.56698665329823184      ,   6.1436906494710515E-002
 -0.56536593788458389      , -0.56159171937918373      ,  -5.7860203865394491E-003
 -0.56535728687190723      , -0.55635054902165548      ,  -6.6026161440253139E-002
 -0.56870571463875752      , -0.55196980285759600      , -0.12000557659049557     
 -0.57403795207925901      , -0.54898280315761561      , -0.16844453580434451     
 -0.57990078639019138      , -0.54778643087851842      , -0.21204493240616626     
 -0.58577851823143023      , -0.54867180518917957      , -0.25147893945101157     
 -0.59267901483078811      , -0.55184942003972071      , -0.28738176978518815     
 -0.60267306364855699      , -0.55746948611134617      , -0.32034758760914694     
 -0.61718954950592209      , -0.56563819546380900      , -0.35092779030212551     
 -0.63588971491012591      , -0.57643054706452279      , -0.37963102752785310     
 -0.65725357806134477      , -0.58990027587016369      , -0.40692444907360542     
 -0.67971957931494542      , -0.60608733244994850      , -0.43323577496980942     
 -0.70236462726672744      , -0.62502327145361625      , -0.45895586375767139     
 -0.72502619619630559      , -0.64673482781757508      , -0.48444152011735980     
 -0.74808527255414581      , -0.67124588940194041      , -0.51001833407320762     
 -0.77229349222098620      , -0.69857801281065290      , -0.53598338297267722     
 -0.79860416966451331      , -0.72874957445346822      , -0.56260765637729260     
 -0.82781888549895211      , -0.76177360083665890      , -0.59013808461061679     
 -0.86034914262761542      , -0.79765428065106081      , -0.61879906548882424     
 -0.89632556207821479      , -0.83638212735544426      , -0.64879339212775489     
 -0.93573423455067006      , -0.87792773658273071      , -0.68030248910997815     
 -0.97839088331349722      , -0.92223407105529098      , -0.71348586628439714     
  -1.0239159563383462      , -0.96920721151846778      , -0.74847970091958682     
  -1.0716770739507417      ,  -1.0187055419305131      , -0.78539446213172392     
  -1.1207959993155174      ,  -1.0705273990196120      , -0.82431149933192061     
  -1.1705076326002672      ,  -1.1243973202013882      , -0.86527853247538133     
  -1.2205672485381358      ,  -1.1799511806106666      , -0.90830401053099619     
  -1.2712165338174550      ,  -1.2367207301277516      , -0.95335035097060483     
  -1.3227795341082087      ,  -1.2941183324021865      ,  -1.0003261428697443     
  -1.3752182997404718      ,  -1.3514230708375985      ,  -1.0490774950421622     
  -1.4278892808577872      ,  -1.4077698097463391      ,  -1.0993788430539364     
  -1.4796321690181113      ,  -1.4621432513207209      ,  -1.1509236968342043     
  -1.5290207317531457      ,  -1.5133794522476787      ,  -1.2033160107705185     
  -1.5744367876220851      ,  -1.5601775654106953      ,  -1.2560630796131806     
  -1.6139714870417996      ,  -1.6011246243680743      ,  -1.3085710842048905     
  -1.6454626806545123      ,  -1.6347358360637099      ,  -1.3601445955361895     
  -1.6668014245912899      ,  -1.6595119318158782      ,  -1.4099914444430315     
  -1.6763410075278951      ,  -1.6740135290221811      ,  -1.4572343171030444     
  -1.6731225306909028      ,  -1.6769501584963395      ,  -1.5009301808173732     
  -1.6567777629796041      ,  -1.6672787674971616      ,  -1.5400981306903612     
  -1.6272720233765825      ,  -1.6443034919369328      ,  -1.5737554593945751     
  -1.5847349294059145      ,  -1.6077659040101648      ,  -1.6009607280829263     
  -1.5294866042214075      ,  -1.5579135285661139      ,  -1.6208614663653091     
  -1.4622291775128673      ,  -1.4955348932514001      ,  -1.6327430334951276     
  -1.3842618822016119      ,  -1.4219521617279289      ,  -1.6360743587605571     
  -1.2975531292968601      ,  -1.3389674036710908      ,  -1.6305459717501778     
  -1.2046244566760778      ,  -1.2487650483012311      ,  -1.6160960912620492     
  -1.1083066408639903      ,  -1.1537797725597216      ,  -1.5929215969596866     
  -1.0114384981289815      ,  -1.0565444878607058      ,  -1.5614723340519292     
 -0.91657765002805869      , -0.95953593668434656      ,  -1.5224291288345679     
 -0.82580019711561392      , -0.86503506073693992      ,  -1.4766677720079291     
 -0.74062904245575578      , -0.77501596540308193      ,  -1.4252127180413876     
 -0.66207899924004343      , -0.69107193118611820      ,  -1.3691851115140485     
 -0.59077496220434234      , -0.61438085835291323      ,  -1.3097498964083438     
 -0.52707805413500264      , -0.54570708471447615      ,  -1.2480662595137457     
 -0.47116664090929256      , -0.48543260907053182      ,  -1.1852446890097597     
 -0.42306401278723377      , -0.43360875900124374      ,  -1.1223127313895014     
 -0.38263363672592277      , -0.39001913247825576      ,  -1.0601903307828902     
 -0.34957038041209448      , -0.35424575937535829      , -0.99967460534226515     
 -0.32341320005609925      , -0.32573229227028422      , -0.94143315192369736     
 -0.30358318208959062      , -0.30384011645547843      , -0.88600449845689855     
 -0.28943198220933714      , -0.28789518263124692      , -0.83380411625177198     
 -0.28028865807090042      , -0.27722489743748402      , -0.78513440532441636     
 -0.27550351410156759      , -0.27118548665555725      , -0.74019720831002611     
 -0.27449073736749691      , -0.26918090226847574      , -0.69910763092864081     
 -0.27676678853041781      , -0.27067465841662991      , -0.66190819981108051     
 -0.28197158053827520      , -0.27519604925744096      , -0.62858263694646577     
 -0.28985886084553281      , -0.28234211350831079      , -0.59906875283833150     
 -0.30025678423440261      , -0.29177653783712260      , -0.57327014725614533     
 -0.31301568854188705      , -0.30322648557970211      , -0.55106655451075470     
 -0.32796427097450731      , -0.31647813139018632      , -0.53232278152552437     
 -0.34489213380183315      , -0.33137149483996187      , -0.51689626622335638     
 -0.36356528547497025      , -0.34779500501769461      , -0.50464333648177084     
 -0.38376439521190986      , -0.36568009573819377      , -0.49542428169247349     
 -0.40532639283015909      , -0.38499602525408183      , -0.48910736481874190     
 -0.42817281962348963      , -0.40574503181382809      , -0.48557190700941305     
 -0.45231559572722563      , -0.42795787285999853      , -0.48471057270616202     
 -0.47783972615585257      , -0.45168974702394493      , -0.48643097339798735     
 -0.50486930954492582      , -0.47701656066061776      , -0.49065669468592232     
 -0.53352609423922948      , -0.50403147131716031      , -0.49732783551610799     
 -0.56389279094841060      , -0.53284161661660823      , -0.50640113126787600     
 -0.59599596063929461      , -0.56356491644376672      , -0.51784971444532857     
 -0.62981835162818656      , -0.59632681739133375      , -0.53166254835454352     
 -0.66533714142557443      , -0.63125682995497168      , -0.54784355050508726     
 -0.70257120102848336      , -0.66848469021474177      , -0.56641040358499717     
 -0.74161469728641671      , -0.70813595849571220      , -0.58739303269851206     
 -0.78264058328275632      , -0.75032684820996909      , -0.61083170811569854     
 -0.82587268700923155      , -0.79515806005460743      , -0.63677471314776146     
 -0.87153894743131799      , -0.84270738243510879      , -0.66527549721122536     
 -0.91982210552536292      , -0.89302081239096343      , -0.69638921528000819     
 -0.97081950543706730      , -0.94610195840523448      , -0.73016853783086644     
  -1.0245161520831549      ,  -1.0018995157737431      , -0.76665860183091661     
  -1.0807712748531610      ,  -1.0602926681694629      , -0.80589096597885568     
  -1.1393184170680861      ,  -1.1210743804092265      , -0.84787643615008990     
  -1.1997770074210676      ,  -1.1839327250420781      , -0.89259664507869874     
  -1.2616667363125378      ,  -1.2484306490633519      , -0.93999431056875693     
  -1.3244109342171217      ,  -1.3139849560736494      , -0.98996216730446873     
  -1.3873178774652069      ,  -1.3798457674096958      ,  -1.0423306780223585     
  -1.4495395559896695      ,  -1.4450783338110693      ,  -1.0968547897873986     
  -1.5100199348708758      ,  -1.5085497731547308      ,  -1.1532002176860552     
  -1.5674515917861405      ,  -1.5689240468697017      ,  -1.2109300134128256     
  -1.6202581770096667      ,  -1.6246691407812124      ,  -1.2694925020919510     
  -1.6666143392186812      ,  -1.6740808026929315      ,  -1.3282120238056812     
  -1.7045091755542905      ,  -1.7153270618634235      ,  -1.3862842519564700     
  -1.7318534515658226      ,  -1.7465168280709595      ,  -1.4427781088534570     
  -1.7466236735922509      ,  -1.7657938748848623      ,  -1.4966463657802502     
  -1.7470286371893213      ,  -1.7714543110066963      ,  -1.5467467920685003     
  -1.7316799584878981      ,  -1.7620813487078815      ,  -1.5918751048897211     
  -1.6997487745136559      ,  -1.7366862849086970      ,  -1.6308099101921392     
  -1.6510939429944147      ,  -1.6948400507549732      ,  -1.6623683407229719     
  -1.5863483505627869      ,  -1.6367767362150747      ,  -1.6854693344275800     
  -1.5069485454496687      ,  -1.5634504866980163      ,  -1.6991997322826975     
  -1.4150917318644611      ,  -1.4765310201841704      ,  -1.7028769857454698     
  -1.3136080570750479      ,  -1.3783307488594123      ,  -1.6961016460448777     
  -1.2057486070315735      ,  -1.2716669436537500      ,  -1.6787932562460715     
  -1.0949101106036994      ,  -1.1596733249467557      ,  -1.6512048610538417     
 -0.98433913872614587      ,  -1.0455842051320325      ,  -1.6139138845134358     
 -0.87687134177689285      , -0.93251858183882830      ,  -1.5677901395865363     
 -0.77475844121835868      , -0.82329035218042435      ,  -1.5139446234270537     
 -0.67961665059652809      , -0.72026464386512257      ,  -1.4536649478973556     
 -0.59249548688309928      , -0.62527101860698397      ,  -1.3883443792293637     
 -0.51402174837426029      , -0.53957446906770634      ,  -1.3194114175192606     
 -0.44454387207277091      , -0.46389691918436793      ,  -1.2482658107355322     
 -0.38421498263517340      , -0.39847670576091254      ,  -1.1762252245048130     
 -0.33300430635931921      , -0.34315158107041943      ,  -1.1044848893203174     
 -0.29067496952053939      , -0.29745160266351045      ,  -1.0340907775608119     
 -0.25677535691207742      , -0.26069089022894731      , -0.96592546022966486     
 -0.23066499838571256      , -0.23205059843253328      , -0.90070485909712150     
 -0.21156663418600202      , -0.21064875873199193      , -0.83898363355433903     
 -0.19862656755820329      , -0.19559537939723376      , -0.78116684156170324     
 -0.19097284495405373      , -0.18603315816078411      , -0.72752567936784129     
 -0.18777071358801159      , -0.18116536963129981      , -0.67821542530855661     
 -0.18827682266055862      , -0.18027307394903186      , -0.63329409850843954     
 -0.19188603666473697      , -0.18272393010137675      , -0.59274072934587274     
 -0.19815549401067256      , -0.18797475401396574      , -0.55647248585787767     
 -0.20679129123714893      , -0.19556967171577358      , -0.52436018980393284     
 -0.21759737443878346      , -0.20513537557731906      , -0.49624198298935779     
 -0.23040564440904879      , -0.21637465526718860      , -0.47193507244194055     
 -0.24501815704849539      , -0.22905907577723930      , -0.45124560031800964     
 -0.26118744469920091      , -0.24302142513539784      , -0.43397676066707219     
 -0.27864081652570244      , -0.25814835544495218      , -0.41993532984433485     
 -0.29713233787569954      , -0.27437348785925458      , -0.40893679872533489     
 -0.31649620060836930      , -0.29167113772052305      , -0.40080929976955437     
 -0.33667971685489273      , -0.31005073261561378      , -0.39539651574186374     
 -0.35774548504283271      , -0.32955193639568431      , -0.39255974355020584     
 -0.37984301116457980      , -0.35024045017466282      , -0.39217926911047751     
 -0.40315815978676328      , -0.37220443197803904      , -0.39415518944159794     
 -0.42785542180959951      , -0.39555145607950276      , -0.39840779768278439     
 -0.45403286506848656      , -0.42040591799337096      , -0.40487762625429907     
 -0.48170892794823300      , -0.44690677909479126      , -0.41352522341094500     
 -0.51084994790576943      , -0.47520553392195697      , -0.42433071913709575     
 -0.54142939150847424      , -0.50546427174952702      , -0.43729321766365337     
 -0.57349336908975046      , -0.53785369066681721      , -0.45243003565478301     
 -0.60720300947894801      , -0.57255090604011283      , -0.46977578700513067     
 -0.64283627701353985      , -0.60973687501055940      , -0.48938129681772835     
 -0.68075231317328189      , -0.64959323398722135      , -0.51131230806695893     
 -0.72133681972629093      , -0.69229831675282183      , -0.53564792425562802     
 -0.76494854934617063      , -0.73802208723464602      , -0.56247870966875946     
 -0.81187757433814067      , -0.78691968457225403      , -0.59190434535887448     
 -0.86231683395415093      , -0.83912324162272045      , -0.62403071376360286     
 -0.91634719985628676      , -0.89473160635231996      , -0.65896625826376010     
 -0.97393940617476149      , -0.95379757650101715      , -0.69681743709137578     
  -1.0349743306793033      ,  -1.0163122633497086      , -0.73768306581018306     
  -1.0992732818745432      ,  -1.0821862475180342      , -0.78164732251353786     
  -1.1666195873710559      ,  -1.1512273020640964      , -0.82877118020333218     
  -1.2367521006173199      ,  -1.2231146665016239      , -0.87908203927150175     
  -1.3093229527183579      ,  -1.2973701971690170      , -0.93256137033902720     
  -1.3838280841725827      ,  -1.3733272361202213      , -0.98913025796572596     
  -1.4595283497414639      ,  -1.4500987710790152      ,  -1.0486328760822481     
  -1.5353772928858518      ,  -1.5265474263521797      ,  -1.1108181454454200     
  -1.6099659790604699      ,  -1.6012610163540415      ,  -1.1753201399794371     
  -1.6814941647504524      ,  -1.6725387318242921      ,  -1.2416382341557344     
  -1.7477795525401234      ,  -1.7383943355206446      ,  -1.3091185144058646     
  -1.8063140886594182      ,  -1.7965837066088675      ,  -1.3769385845074287     
  -1.8543650619133589      ,  -1.8446642303873391      ,  -1.4440985090625240     
  -1.8891084742127051      ,  -1.8800923057294496      ,  -1.5094211411549825     
  -1.9077840917088538      ,  -1.9003620552261886      ,  -1.5715652975031595     
  -1.9078743593457401      ,  -1.9031827982302114      ,  -1.6290549666315841     
  -1.8873185232769765      ,  -1.8866851170226828      ,  -1.6803267568421569     
  -1.8447650583990964      ,  -1.8496363551116888      ,  -1.7237959816215145     
  -1.7798392374656393      ,  -1.7916380410675179      ,  -1.7579391792960299     
  -1.6933719524428505      ,  -1.7132726957006661      ,  -1.7813877595971110     
  -1.5875194622512425      ,  -1.6161684807156373      ,  -1.7930244250309093     
  -1.4657134706517920      ,  -1.5029588695350191      ,  -1.7920717886868647     
  -1.3324146010838145      ,  -1.3771305048812259      ,  -1.7781619623086107     
  -1.1926885017810152      ,  -1.2427725453127778      ,  -1.7513773102249932     
  -1.0516716584120427      ,  -1.1042599496768615      ,  -1.7122560386931081     
 -0.91402987114608680      , -0.96591582889212391      ,  -1.6617612036872165     
 -0.78351835841373352      , -0.83170052098099057      ,  -1.6012170039848961     
 -0.66273328543232546      , -0.70496700230654741      ,  -1.5322206851177955     
 -0.55312084895033042      , -0.58830656487150945      ,  -1.4565410779602899     
 -0.45525113820350627      , -0.48349030064061937      ,  -1.3760153333794944     
 -0.36923246846511470      , -0.39149578312941646      ,  -1.2924539848468182     
 -0.29503752824435342      , -0.31259772590773183      ,  -1.2075617072594529     
 -0.23258379595933762      , -0.24649732083023929      ,  -1.1228778477963137     
 -0.18161397214984895      , -0.19246644036208602      ,  -1.0397377047734631     
 -0.14155641890045270      , -0.14948788969210711      , -0.95925310181428824     
 -0.11150001841235441      , -0.11637925082458615      , -0.88230924416551371     
  -9.0280793525333386E-002 ,  -9.1893903499562668E-002 , -0.80957411805612767     
  -7.6603081720983471E-002 ,  -7.4797586472046762E-002 , -0.74151662997261869     
  -6.9140198224545590E-002 ,  -6.3922072050415557E-002 , -0.67843005825751912     
  -6.6607716861190686E-002 ,  -5.8199293618304448E-002 , -0.62045799615403852     
  -6.7831609080894639E-002 ,  -5.6679925827361408E-002 , -0.56762064194083117     
  -7.1832320831934304E-002 ,  -5.8540348368154201E-002 , -0.51983993214592517     
  -7.7909553362180459E-002 ,  -6.3081452805168317E-002 , -0.47696256091195804     
  -8.5676302570321022E-002 ,  -6.9722116155089525E-002 , -0.43878036149152644     
  -9.5001084211329662E-002 ,  -7.7989515728857151E-002 , -0.40504784664213661     
 -0.10586645740494309      ,  -8.7507878633341765E-002 , -0.37549692761449566     
 -0.11820189560020990      ,  -9.7986779594274140E-002 , -0.34984897538591037     
 -0.13177257481332036      , -0.10920972673848564      , -0.32782447175601614     
 -0.14618001529609420      , -0.12102349597512529      , -0.30915053859972014     
 -0.16096247512329767      , -0.13332847406205278      , -0.29356664452594172     
 -0.17572993656051974      , -0.14607013108359065      , -0.28082877981958682     
 -0.19027067267593120      , -0.15923164952925400      , -0.27071237047079422     
 -0.20459875229003915      , -0.17282767687931797      , -0.26301417569665608     
 -0.21893739055314698      , -0.18689913183338283      , -0.25755338429269542     
 -0.23364537379737010      , -0.20150897378470639      , -0.25417209580375427     
 -0.24910252180858161      , -0.21673883553326737      , -0.25273534436015060     
 -0.26558443463441900      , -0.23268641671678922      , -0.25313079693558804     
 -0.28317231930703918      , -0.24946353727361886      , -0.25526823416466127     
 -0.30174192565817859      , -0.26719475444867991      , -0.25907890083227025     
 -0.32104605892624505      , -0.28601645195124986      , -0.26451479464037853     
 -0.34085967513106119      , -0.30607631475629160      , -0.27154794566341145     
 -0.36112225596732767      , -0.32753310681370912      , -0.28016972472774587     
 -0.38201335423660138      , -0.35055667081892139      , -0.29039020643681313     
 -0.40393588325191598      , -0.37532806847835753      , -0.30223760130804356     
 -0.42743201024302008      , -0.40203977563750370      , -0.31575776104721937     
 -0.45308343567562620      , -0.43089583842782897      , -0.33101375087482215     
 -0.48143552678950396      , -0.46211188333042980      , -0.34808547250654798     
 -0.51294976775244971      , -0.49591485471487706      , -0.36706931029059908     
 -0.54796799026269360      , -0.53254232681396518      , -0.38807776046718501     
 -0.58668470568611253      , -0.57224120193494643      , -0.41123898881699250     
 -0.62914831040643560      , -0.61526556162170254      , -0.43669624430404413     
 -0.67531254862191625      , -0.66187338119341854      , -0.46460703482419996     
 -0.72513180461237714      , -0.71232174967747208      , -0.49514194493394065     
 -0.77866171544673435      , -0.76686015654029704      , -0.52848294357277537     
 -0.83611549320946577      , -0.82572131529877424      , -0.56482099157809673     
 -0.89784744415356388      , -0.88910889631946843      , -0.60435271386681955     
 -0.96427709635212255      , -0.95718144561732144      , -0.64727584989268017     
  -1.0357961956974397      ,  -1.0300316888973573      , -0.69378314002236041     
  -1.1126887461701305      ,  -1.1076603862467747      , -0.74405424852281254     
  -1.1950558097735340      ,  -1.1899439527310121      , -0.79824527282869806     
  -1.2827203657981836      ,  -1.2765952520927344      , -0.85647535524582685     
  -1.3751195168463861      ,  -1.3671173852263221      , -0.91880991527361622     
  -1.4712378736737559      ,  -1.4607510350535038      , -0.98524008462433921     
  -1.5696358030227724      ,  -1.5564171138177354      ,  -1.0556580887928402     
  -1.6685622588381861      ,  -1.6526582029154728      ,  -1.1298286242713289     
  -1.7660673524001886      ,  -1.7475846497656911      ,  -1.2073567810173433     
  -1.8600160673256558      ,  -1.8388341462472721      ,  -1.2876538045436170     
  -1.9479689699778417      ,  -1.9235568958115867      ,  -1.3699030094540989     
  -2.0269868774823045      ,  -1.9984414754470683      ,  -1.4530294256971485     
  -2.0934681618251467      ,  -2.0597981597360326      ,  -1.5356781714554506     
  -2.1431224228992209      ,  -2.1037152903137084      ,  -1.6162078635177315     
  -2.1711547103110984      ,  -2.1262985059202357      ,  -1.6927062008074754     
  -2.1727018272771845      ,  -2.1239908924464261      ,  -1.7630346532475247     
  -2.1435078097930451      ,  -2.0939542405694795      ,  -1.8249073791125396     
  -2.0807340485949872      ,  -2.0344698460352229      ,  -1.8760056647451384     
  -1.9837026727281892      ,  -1.9452969176045305      ,  -1.9141233645507050     
  -1.8543370185836945      ,  -1.8279153874829066      ,  -1.9373317682185185     
  -1.6971453642823702      ,  -1.6855855241203963      ,  -1.9441455890870691     
  -1.5187697944147220      ,  -1.5231832073349167      ,  -1.9336674312105187     
  -1.3272561105518947      ,  -1.3468136481388202      ,  -1.9056880830014979     
  -1.1311870448808496      ,  -1.1632561703974931      ,  -1.8607252165892612     
 -0.93876945604456419      , -0.97933229922058140      ,  -1.7999928104286804     
 -0.75699656762891987      , -0.80130503042066714      ,  -1.7253055011865772     
 -0.59096150696620897      , -0.63440384938197447      ,  -1.6389329214769353     
 -0.44334344155592675      , -0.48253394132337513      ,  -1.5434260887480573     
 -0.31440817074708599      , -0.34818283590830196      ,  -1.4414396800717835     
 -0.20297250842246564      , -0.23249812814134732      ,  -1.3355709038006018     
 -0.10788168396441089      , -0.13548555971593074      ,  -1.2282293332833776     
  -2.8819622003816818E-002 ,  -5.6269906219155272E-002 ,  -1.1215446562215881     
   3.4062666336550480E-002 ,   6.6318975710786821E-003 ,  -1.0173126590833490     
   8.1071454288052014E-002 ,   5.5061524558877140E-002 , -0.91697499538263172     
  0.11348633551289629      ,   9.1014157251776917E-002 , -0.82162566727776609     
  0.13337283858190641      ,  0.11648438835860699      , -0.73203639435533829     
  0.14313200889142241      ,  0.13336077817771405      , -0.64869359043157415     
  0.14516669911753757      ,  0.14336166147433382      , -0.57184093095123456     
  0.14170255336678267      ,  0.14800295290998974      , -0.50152299788620158     
  0.13474922183196469      ,  0.14858893126008563      , -0.43762692591034791     
  0.12608628254587373      ,  0.14621829166196354      , -0.37992018122204974     
  0.11708536912448364      ,  0.14179943589764171      , -0.32808352909402183     
  0.10845716449689548      ,  0.13607060347492927      , -0.28173890008174274     
  0.10020740006360772      ,  0.12962183015824019      , -0.24047229154001515     
   9.1892932521916992E-002 ,  0.12291679566143585      , -0.20385209363802392     
   8.3071068163694528E-002 ,  0.11631340530896644      , -0.17144335712803233     
   7.3752289635308027E-002 ,  0.11008249150981247      , -0.14281856471464840     
   6.4564418488136377E-002 ,  0.10442437711713656      , -0.11756546009112379     
   5.6487938958846538E-002 ,   9.9483265975480822E-002 ,  -9.5292450698742537E-002
   5.0415706785899822E-002 ,   9.5359557810579046E-002 ,  -7.5632046969053610E-002
   4.6860348921139189E-002 ,   9.2120256097234787E-002 ,  -5.8242741815565935E-002
   4.5864540899056408E-002 ,   8.9807670522331809E-002 ,  -4.2809675278040152E-002
   4.7039758403564537E-002 ,   8.8446624947945987E-002 ,  -2.9044373790967137E-002
   4.9692599787186695E-002 ,   8.8050377067792895E-002 ,  -1.6683803224649796E-002
   5.3030215647722811E-002 ,   8.8625443418063860E-002 ,  -5.4889303017962065E-003
   5.6437125481872782E-002 ,   9.0175506903978228E-002 ,   4.7570517042281801E-003
   5.9734191327512655E-002 ,   9.2704565893845861E-002 ,   1.4250710197358178E-002
   6.3268456900344369E-002 ,   9.6219465629758111E-002 ,   2.3170478593267770E-002
   6.7771828428059497E-002 ,  0.10073193503900983      ,   3.1678808289697137E-002
   7.4069443270154620E-002 ,  0.10626023546901686      ,   3.9924315065625528E-002
   8.2781690251916715E-002 ,  0.11283051264599034      ,   4.8043883403733036E-002
   9.4144829334534011E-002 ,  0.12047792935848968      ,   5.6164704860415256E-002
  0.10800034026892910      ,  0.12924764397219127      ,   6.4406236612651963E-002
  0.12390334660817562      ,  0.13919568879702723      ,   7.2882074089193616E-002
  0.14126636395653014      ,  0.15038979239713457      ,   8.1701737491125151E-002
  0.15949542854946500      ,  0.16291018095003260      ,   9.0972376317400280E-002
  0.17810843517428293      ,  0.17685038546522014      ,  0.10080039897459114     
  0.19684766090264838      ,  0.19231807375030874      ,  0.11129303635303416     
  0.21578219050646044      ,  0.20943591808758993      ,  0.12255984902471209     
  0.23532779922490035      ,  0.22834250119983526      ,  0.13471418753482758     
  0.25613474964677047      ,  0.24919325368583059      ,  0.14787461413054032     
  0.27892586399466562      ,  0.27216140501006614      ,  0.16216629213985403     
  0.30439491827891246      ,  0.29743891648856235      ,  0.17772234594660688     
  0.33315200206469187      ,  0.32523734746483168      ,  0.19468518987864572     
  0.36563503567041616      ,  0.35578858369275485      ,  0.21320781800241143     
  0.40198916738778639      ,  0.38934532818804513      ,  0.23345503833546014     
  0.44200660635065486      ,  0.42618121744158366      ,  0.25560462372991749     
  0.48520544075869143      ,  0.46659037743175252      ,  0.27984833683908750     
  0.53104856164445080      ,  0.51088617139247883      ,  0.30639276713294245     
  0.57923220218657667      ,  0.55939881143258230      ,  0.33545989260639347     
  0.62991948501391970      ,  0.61247140525082377      ,  0.36728724609690205     
  0.68377633146181127      ,  0.67045388387585647      ,  0.40212752422049775     
  0.74177605520328949      ,  0.73369410400377422      ,  0.44024742390437027     
  0.80494824933766507      ,  0.80252523878664739      ,  0.48192542541007199     
  0.87428354190015489      ,  0.87724836805713469      ,  0.52744816004763362     
  0.95074530776984501      ,  0.95810896533412482      ,  0.57710490493869326     
   1.0351244768110606      ,   1.0452657805728223      ,  0.63117963775002872     
   1.1276396415126153      ,   1.1387504820354777      ,  0.68993996663175328     
   1.2275442783058972      ,   1.2384164273482181      ,  0.75362213632406572     
   1.3331235030708530      ,   1.3438752066554114      ,  0.82241122208398265     
   1.4422033954816393      ,   1.4544203201472676      ,  0.89641559472431365     
   1.5528737867307227      ,   1.5689387609178072      ,  0.97563482829485038     
   1.6639091378888045      ,   1.6858136658766292      ,   1.0599205065801458     
   1.7745718196689795      ,   1.8028248692118054      ,   1.1489299706560232     
   1.8839381426776725      ,   1.9170593339240956      ,   1.2420740599845279     
   1.9901976681028406      ,   2.0248499264203508      ,   1.3384614507544750     
   2.0902403134154337      ,   2.1217681005363196      ,   1.4368443490931841     
   2.1794761511822403      ,   2.2027020523138305      ,   1.5355729780716709     
   2.2517810808886840      ,   2.2620538223631388      ,   1.6325691829374855     
   2.2997616749572414      ,   2.2940825631095625      ,   1.7253318865775926     
   2.3156250055081018      ,   2.2934025096515773      ,   1.8109879719485740     
   2.2925841754738499      ,   2.2556108582566328      ,   1.8864000927656583     
   2.2263287033004722      ,   2.1779756365249536      ,   1.9483366994347122     
   2.1160260201405920      ,   2.0600674067786091      ,   1.9936988387326597     
   1.9645446823636834      ,   1.9041894755754216      ,   2.0197843039439829     
   1.7779332659921692      ,   1.7154692943814802      ,   2.0245557812127513     
   1.5645217906600060      ,   1.5015302430138926      ,   2.0068705581414674     
   1.3340680222838452      ,   1.2717598040209583      ,   1.9666297015238157     
   1.0970083579047265      ,   1.0362971825751546      ,   1.9048163682796677     
  0.86358552683604384      ,  0.80493991239132967      ,   1.8234138682300103     
  0.64293194025747513      ,  0.58618396610125834      ,   1.7252181534258575     
  0.44227600323917021      ,  0.38656124625243360      ,   1.6135790714816123     
  0.26583691109354946      ,  0.21034630813473335      ,   1.4921143988777912     
  0.11382923762601865      ,   5.9608695163686748E-002 ,   1.3644388805009304     
  -1.6448042368079681E-002 ,  -6.5479933137011226E-002 ,   1.2339398472094227     
 -0.12755838346828807      , -0.16620055027530495      ,   1.1036162944159156     
 -0.21992899921748155      , -0.24481000764352695      ,  0.97598429919751772     
 -0.29256766682728835      , -0.30410886996064257      ,  0.85304136147876719     
 -0.34524139691309358      , -0.34709476490187574      ,  0.73627664433751827     
 -0.37973691984107338      , -0.37671289195006802      ,  0.62671257737338548     
 -0.39930029781921339      , -0.39569614814294074      ,  0.52496455981118595     
 -0.40761946427821172      , -0.40647782964416257      ,  0.43130818574931273     
 -0.40831123286851956      , -0.41115746707718875      ,  0.34574645755035577     
 -0.40457681361070791      , -0.41150210621487715      ,  0.26807221390270930     
 -0.39908867362527523      , -0.40896890310199524      ,  0.19792318892810590     
 -0.39412805078926816      , -0.40473875859198022      ,  0.13482868670199558     
 -0.39132835534670268      , -0.39975409662649936      ,   7.8247876867343358E-002
 -0.39114197292476238      , -0.39475651542952789      ,   2.7600314319150377E-002
 -0.39289438253983144      , -0.39032191242298492      ,  -1.7710416716385423E-002
 -0.39546030346670480      , -0.38689192741735651      ,  -5.8278932325788971E-002
 -0.39803748586639703      , -0.38480132170628584      ,  -9.4685166360762144E-002
 -0.40077965756886713      , -0.38430135678688487      , -0.12748546907213734     
 -0.40482070431619105      , -0.38557946906189577      , -0.15720688788408219     
 -0.41142184837785356      , -0.38877563790933228      , -0.18434394603443194     
 -0.42111881553972158      , -0.39399586905819672      , -0.20935734501658584     
 -0.43368128800733918      , -0.40132319833040991      , -0.23267411661505247     
 -0.44851497401887086      , -0.41082658358391927      , -0.25468883757681537     
 -0.46497362018423777      , -0.42256800707019559      , -0.27576559431625691     
 -0.48250973413105586      , -0.43660806267782115      , -0.29624044721241904     
 -0.50075623932905766      , -0.45301025559336150      , -0.31642419513785502     
 -0.51966871251423175      , -0.47184419680003337      , -0.33660528206910106     
 -0.53964178628187520      , -0.49318783156868379      , -0.35705272011539529     
 -0.56139254126240157      , -0.51712879917563415      , -0.37801892807114496     
 -0.58569877059552711      , -0.54376497977004823      , -0.39974240249018106     
 -0.61321922759484659      , -0.57320424278403181      , -0.42245014997122587     
 -0.64440285922578577      , -0.60556336871600913      , -0.44635981535506558     
 -0.67944319044471013      , -0.64096607180850518      , -0.47168144125200534     
 -0.71830932997899011      , -0.67954000459510544      , -0.49861879002709569     
 -0.76076260948851315      , -0.72141257642418488      , -0.52737015029433365     
 -0.80633817918520012      , -0.76670536747726248      , -0.55812853633776005     
 -0.85449417616362844      , -0.81552686917319506      , -0.59108117101442681     
 -0.90491253169168873      , -0.86796323453109814      , -0.62640812116689004     
 -0.95769096929651587      , -0.92406668383501045      , -0.66427993038313904     
  -1.0133037099421323      , -0.98384119101453216      , -0.70485406880495360     
  -1.0723684761865355      ,  -1.0472250883707017      , -0.74826999640014280     
  -1.1353526839117638      ,  -1.1140702913966432      , -0.79464261903395428     
  -1.2024354815737348      ,  -1.1841179882630797      , -0.84405391227026083     
  -1.2735678878534915      ,  -1.2569708943107780      , -0.89654250528706636     
  -1.3484828464237857      ,  -1.3320625811600497      , -0.95209106900782137     
  -1.4264779774831544      ,  -1.4086249955284553      ,  -1.0106114543405447     
  -1.5061386038893321      ,  -1.4856561204709910      ,  -1.0719276969676881     
  -1.5853175756922449      ,  -1.5618908147046162      ,  -1.1357572641826892     
  -1.6614941574685127      ,  -1.6357791596741007      ,  -1.2016912837629112     
  -1.7322827012282576      ,  -1.7054780339848252      ,  -1.2691749722667758     
  -1.7956949045194377      ,  -1.7688628873783263      ,  -1.3374900584707226     
  -1.8499848815805435      ,  -1.8235674200729917      ,  -1.4057416326856329     
  -1.8932518581894959      ,  -1.8670585584756816      ,  -1.4728524544807782     
  -1.9231259173703878      ,  -1.8967521385750084      ,  -1.5375681751794532     
  -1.9367695014834954      ,  -1.9101705150628026      ,  -1.5984769812271005     
  -1.9311975543595596      ,  -1.9051366868038477      ,  -1.6540466183546458     
  -1.9037660455799503      ,  -1.8799909029060546      ,  -1.7026804229180070     
  -1.8527098434953211      ,  -1.8338064567641899      ,  -1.7427917898376235     
  -1.7776495711675184      ,  -1.7665738233804884      ,  -1.7728935811366489     
  -1.6799385995846281      ,  -1.6793193399910480      ,  -1.7916957382361516     
  -1.5627057653478080      ,  -1.5741287994909499      ,  -1.7982014834472844     
  -1.4305395632961253      ,  -1.4540585711738296      ,  -1.7917907942460058     
  -1.2888961541761796      ,  -1.3229355864692047      ,  -1.7722800115972297     
  -1.1434129254299639      ,  -1.1850684983651558      ,  -1.7399488134297523     
 -0.99930843580220308      ,  -1.0449098261764556      ,  -1.6955300711564372     
 -0.86095213939811999      , -0.90671780055009554      ,  -1.6401634518064443     
 -0.73159583459916666      , -0.77426443399857336      ,  -1.5753188259838156     
 -0.61327224018757276      , -0.65062418559314306      ,  -1.5026994293425207     
 -0.50692959825749095      , -0.53805960856055846      ,  -1.4241365517228026     
 -0.41280823349421886      , -0.43800192017994610      ,  -1.3414871510683963     
 -0.33087351756003597      , -0.35111004356225739      ,  -1.2565436330226010     
 -0.26104789099821668      , -0.27738372851379317      ,  -1.1709618668190174     
 -0.20316417729938754      , -0.21630490680726164      ,  -1.0862101432000582     
 -0.15679633717285066      , -0.16698485479310698      ,  -1.0035388660824414     
 -0.12116669152547772      , -0.12830075441590932      , -0.92396866930221366     
  -9.5188453794512129E-002 ,  -9.9011800828282467E-002 , -0.84829344980179178     
  -7.7579030696885570E-002 ,  -7.7850703932708876E-002 , -0.77709439787087953     
  -6.6973923732427429E-002 ,  -6.3590613793592488E-002 , -0.71076127246323817     
  -6.2014868577466499E-002 ,  -5.5090083998159803E-002 , -0.64951768650273467     
  -6.1418545136982791E-002 ,  -5.1319928652182122E-002 , -0.59344783846858606     
  -6.4052565193122663E-002 ,  -5.1376111790610725E-002 , -0.54252281249798806     
  -6.9030788972591697E-002 ,  -5.4482506497482014E-002 , -0.49662518528688282     
  -7.5789848521005981E-002 ,  -5.9986771525834218E-002 , -0.45557118450738321     
  -8.4086434238985736E-002 ,  -6.7351918144290771E-002 , -0.41913003141958882     
  -9.3891891665733140E-002 ,  -7.6145498697450006E-002 , -0.38704037906701927     
 -0.10521849310231909      ,  -8.6027798752510112E-002 , -0.35902394463510756     
 -0.11795465977552147      ,  -9.6739974650656230E-002 , -0.33479655016284376     
 -0.13179206616801598      , -0.10809274326090544      , -0.31407684844854894     
 -0.14627567265596900      , -0.11995598579839001      , -0.29659303637498741     
 -0.16093283745362161      , -0.13224945471734162      , -0.28208785835243927     
 -0.17540852106296403      , -0.14493465480064185      , -0.27032218738771446     
 -0.18955742999875330      , -0.15800789211005009      , -0.26107744707156139     
 -0.20347426014862330      , -0.17149443591142843      , -0.25415710912940392     
 -0.21745852790249340      , -0.18544371031143450      , -0.24938747116086327     
 -0.23191979698695050      , -0.19992541770844602      , -0.24661788975310234     
 -0.24724381193549022      , -0.21502649063002746      , -0.24572061646105828     
 -0.26366108411507244      , -0.23084876878264615      , -0.24659035883437774     
 -0.28117238533310368      , -0.24750730180244249      , -0.24914366600070298     
 -0.29957219318645145      , -0.26512918355277493      , -0.25331821830752771     
 -0.31856971977750353      , -0.28385282959556735      , -0.25907208303752821     
 -0.33795638400831340      , -0.30382761469181757      , -0.26638298299531660     
 -0.35774120195275178      , -0.32521379106320952      , -0.27524761149537930     
 -0.37819471121777076      , -0.34818260996592526      , -0.28568101558953890     
 -0.39979625000783159      , -0.37291656820932029      , -0.29771605884614949     
 -0.42312954694112137      , -0.39960969688581727      , -0.31140296518496530     
 -0.44878407778161589      , -0.42846780097640164      , -0.32680893569513642     
 -0.47729093505235276      , -0.45970854475326928      , -0.34401782048743806     
 -0.50908230943709698      , -0.49356125796539929      , -0.36312981686817919     
 -0.54445461922381777      , -0.53026631045188799      , -0.38426115281641809     
 -0.58354241684716135      , -0.57007386672513005      , -0.40754370016543978     
 -0.62633377169424143      , -0.61324178576453203      , -0.43312444421807728     
 -0.67274505358147263      , -0.66003237338925247      , -0.46116471487057925     
 -0.72273500367578336      , -0.71070762410160104      , -0.49183905773979042     
 -0.77640648767378917      , -0.76552250598750449      , -0.52533359135827784     
 -0.83404375569177058      , -0.82471574748206744      , -0.56184365743896569     
 -0.89606827216152074      , -0.88849748268377926      , -0.60157052509409392     
 -0.96294449749910938      , -0.95703301110356997      , -0.64471685702333670     
  -1.0350859187873618      ,  -1.0304218440011301      , -0.69148058764199649     
  -1.1127816062630698      ,  -1.1086711689674305      , -0.74204680358594444     
  -1.1961191618680711      ,  -1.1916629079707703      , -0.79657716295425818     
  -1.2848782761648330      ,  -1.2791137317463777      , -0.85519635278332806     
  -1.3784199450609724      ,  -1.3705278083744008      , -0.91797508300500474     
  -1.4756418345650879      ,  -1.4651428133852800      , -0.98490917658624821     
  -1.5750470769659608      ,  -1.5618709377351614      ,  -1.0558944769156287     
  -1.6748881957659560      ,  -1.6592384213378226      ,  -1.1306976022292721     
  -1.7732759010006434      ,  -1.7553295920387670      ,  -1.2089230872994532     
  -1.8681538755642699      ,  -1.8477444638281029      ,  -1.2899782167765024     
  -1.9571296365050759      ,  -1.9335823784575716      ,  -1.3730379039287575     
  -2.0372453500625083      ,  -2.0094673378281551      ,  -1.4570132840711101     
  -2.1048072230166044      ,  -2.0716324741702135      ,  -1.5405291632885045     
  -2.1553718653405634      ,  -2.1160799622598705      ,  -1.6219168435451898     
  -2.1839581058202033      ,  -2.1388267571723301      ,  -1.6992297223010837     
  -2.1855237829583301      ,  -2.1362343452227091      ,  -1.7702888766971601     
  -2.1556871987166835      ,  -2.1054020599515408      ,  -1.8327639813947796     
  -2.0915723424316113      ,  -2.0445807668991480      ,  -1.8842909353405151     
  -1.9925608136067592      ,  -1.9535423966589387      ,  -1.9226215166584080     
  -1.8607108301802440      ,  -1.8338290488603362      ,  -1.9457930344686416     
  -1.7007022403232703      ,  -1.6888114028237018      ,  -1.9522989358118306     
  -1.5193517297480716      ,  -1.5235141097589926      ,  -1.9412368422279591     
  -1.3248688320090993      ,  -1.3442120210571691      ,  -1.9124105565793181     
  -1.1259879216752593      ,  -1.1578532144471796      ,  -1.8663681352799042     
 -0.93105043417974132      , -0.97140576902449882      ,  -1.8043683566136113     
 -0.74715631990114639      , -0.79124071353522030      ,  -1.7282803210774276     
 -0.57946197123776688      , -0.62264865754680543      ,  -1.6404321365977033     
 -0.43063869089044188      , -0.46954913069346166      ,  -1.5434317569348321     
 -0.30086250236412182      , -0.33440429339267902      ,  -1.4399846537350298     
 -0.18883214998420553      , -0.21830781663064763      ,  -1.3327295467317848     
  -9.3329100922722272E-002 , -0.12119519779513725      ,  -1.2241066936955947     
  -1.4052830804794629E-002 ,  -4.2115597683410992E-002 ,  -1.1162655197519116     
   4.8800488526907104E-002 ,   2.0486709436646308E-002 ,  -1.0110115465697123     
   9.5528569970262184E-002 ,   6.8517777469615099E-002 , -0.90978775496973741     
  0.12745952506432257      ,  0.10402626193743578      , -0.81368293448099915     
  0.14673725967562062      ,  0.12904874663052246      , -0.72345890814728753     
  0.15584159744046761      ,  0.14550507020936551      , -0.63958917068628618     
  0.15724091895792705      ,  0.15513562773870865      , -0.56230283043951657     
  0.15320738273434412      ,  0.15947093878374241      , -0.49162931722975295     
  0.14578380467940172      ,  0.15982416769303215      , -0.42744079806285401     
  0.13677827879515272      ,  0.15729872395344635      , -0.36949047281843572     
  0.12757899514946408      ,  0.15280484568268940      , -0.31744585488358845     
  0.11888775428518522      ,  0.14708076104513482      , -0.27091679461893292     
  0.11067861054509279      ,  0.14071543813105639      , -0.22947842460269577     
  0.10247134050583795      ,  0.13417102251796589      , -0.19268945063371956     
   9.3802622733831775E-002 ,  0.12780384748378712      , -0.16010633292912446     
   8.4696530740288989E-002 ,  0.12188343978152048      , -0.13129393972555115     
   7.5823815906819941E-002 ,  0.11660929459036382      , -0.10583324203678925     
   6.8206435105021349E-002 ,  0.11212541045637760      ,  -8.3326575815892520E-002
   6.2750705312656849E-002 ,  0.10853270131855734      ,  -6.3400941043187109E-002
   5.9953287717537530E-002 ,  0.10589946947631626      ,  -4.5709745725188280E-002
   5.9824305817116924E-002 ,  0.10427015253733518      ,  -2.9933342086985087E-002
   6.1939775335974355E-002 ,  0.10367256371322282      ,  -1.5778645510833335E-002
   6.5578336304925058E-002 ,  0.10412383785823971      ,  -2.9780755577153233E-003
   6.9934241996349650E-002 ,  0.10563528140448651      ,   8.7119867305855848E-003
   7.4401196736828074E-002 ,  0.10821630655474181      ,   1.9513070123515407E-002
   7.8832606328117644E-002 ,  0.11187761099747581      ,   2.9626691293402192E-002
   8.3619657573735462E-002 ,  0.11663374533339807      ,   3.9236545986113792E-002
   8.9531157280088175E-002 ,  0.12250519210664432      ,   4.8510742915426050E-002
   9.7410166399710479E-002 ,  0.12952006322130361      ,   5.7604029240280456E-002
  0.10787767894708519      ,  0.13771550677706540      ,   6.6659972083182917E-002
  0.12116384237760397      ,  0.14713890001021801      ,   7.5813073027227965E-002
  0.13710778566144416      ,  0.15784889200725963      ,   8.5190802334656729E-002
  0.15526782322450833      ,  0.16991634801598865      ,   9.4915547152699190E-002
  0.17505964500496804      ,  0.18342523629126711      ,  0.10510647354626416     
  0.19589072019507767      ,  0.19847348819084690      ,  0.11588130609579436     
  0.21728622420273302      ,  0.21517385232113451      ,  0.12735803123493067     
  0.23901292840877664      ,  0.23365475348327366      ,  0.13965653162546596     
  0.26118551384099609      ,  0.25406115644904970      ,  0.15290015875808619     
  0.28427414502326070      ,  0.27655542254615456      ,  0.16721724963564050     
  0.30897120912291109      ,  0.30131813284431563      ,  0.18274259076972924     
  0.33602131218568521      ,  0.32854883440907107      ,  0.19961882863850883     
  0.36613427412463340      ,  0.35846664439448767      ,  0.21799781994534886     
  0.39995050151628508      ,  0.39131061915952309      ,  0.23804190709181647     
  0.43795291741134018      ,  0.42733976025768178      ,  0.25992509369566286     
  0.48032205884751356      ,  0.46683248383084736      ,  0.28383408103491098     
  0.52684717959780858      ,  0.51008532201043177      ,  0.30996910807541045     
  0.57700074041352467      ,  0.55741055142552731      ,  0.33854451411498021     
  0.63018821651635248      ,  0.60913235169282998      ,  0.36978891269851522     
  0.68608009992761643      ,  0.66558098285394907      ,  0.40394482676344723     
  0.74486171225582565      ,  0.72708433304494668      ,  0.44126758626840140     
  0.80723900387237091      ,  0.79395602623684047      ,  0.48202322918040019     
  0.87419140090712977      ,  0.86647909879151963      ,  0.52648507335109662     
  0.94669444356379684      ,  0.94488406424180749      ,  0.57492854014299799     
   1.0256371446247872      ,   1.0293200115880103      ,  0.62762371220481183     
   1.1118408412784535      ,   1.1198172657769607      ,  0.68482500244872102     
   1.2058674397320974      ,   1.2162401498838087      ,  0.74675720953346603     
   1.3075381961655714      ,   1.3182286351005581      ,  0.81359715612049432     
   1.4155084675038740      ,   1.4251283035935616      ,  0.88545008151459337     
   1.5273424819774275      ,   1.5359092905780751      ,  0.96232003866968674     
   1.6401601430780193      ,   1.6490769691601981      ,   1.0440737963954980     
   1.7514194917580694      ,   1.7625803520093120      ,   1.1303982621456463     
   1.8592422194864830      ,   1.8737286770511576      ,   1.2207523257973252     
   1.9620392635979811      ,   1.9791323337539792      ,   1.3143153831750887     
   2.0577222326546303      ,   2.0746905761774594      ,   1.4099366878493840     
   2.1430271488101655      ,   2.1556539445227054      ,   1.5060920462594489     
   2.2132553451078882      ,   2.2167915023342668      ,   1.6008569537318578     
   2.2623990262873996      ,   2.2526884218042524      ,   1.6919075042317528     
   2.2835966549581399      ,   2.2581843870692953      ,   1.7765613825387028     
   2.2700213030340639      ,   2.2289354566246842      ,   1.8518697931255470     
   2.2162215061748975      ,   2.1620431645734275      ,   1.9147661847452768     
   2.1195847033280399      ,   2.0566529170936714      ,   1.9622686169821451     
   1.9813332854137227      ,   1.9143940614837531      ,   1.9917204286638490     
   1.8065759056376878      ,   1.7395340488428781      ,   2.0010411052933321     
   1.6034270054415007      ,   1.5387608201874197      ,   1.9889499507456627     
   1.3817225964481592      ,   1.3205875736851553      ,   1.9551235362441517     
   1.1518596892018909      ,   1.0944698721640391      ,   1.9002562817400708     
  0.92385881185695740      ,  0.86980197130440695      ,   1.8260108125278076     
  0.70661152433372798      ,  0.65498696600371087      ,   1.7348662255019947     
  0.50727856270609439      ,  0.45674402410833626      ,   1.6298915649064565     
  0.33041894609628941      ,  0.27974115223213653      ,   1.5144830970439576     
  0.17701887325181576      ,  0.12655500924438956      ,   1.3921050714225933     
   4.5074202725934355E-002 ,  -2.1093609545281568E-003 ,   1.2660659784698975     
  -6.7862569129692324E-002 , -0.10703999294361360      ,   1.1393497488246689     
 -0.16255854889489585      , -0.19008160102014149      ,   1.0145082306768012     
 -0.23830314111183051      , -0.25371953242299472      ,  0.89361081724419855     
 -0.29472939389102776      , -0.30073129688479561      ,  0.77824067797363217     
 -0.33317840967667661      , -0.33392454246025399      ,  0.66952453904332021     
 -0.35646853196932404      , -0.35596005720225277      ,  0.56818335328088643     
 -0.36798624979078776      , -0.36924698732802863      ,  0.47459326396003948     
 -0.37114845635129939      , -0.37589322082260024      ,  0.38884895656509771     
 -0.36908982582087979      , -0.37769423707262845      ,  0.31082411065795684     
 -0.36450386591135703      , -0.37614639022080093      ,  0.24022584882287670     
 -0.35971757225052697      , -0.37247398388673925      ,  0.17664171537082027     
 -0.35650895668206073      , -0.36766269850571237      ,  0.11957883348917736     
 -0.35560736545831811      , -0.36249455027626887      ,   6.8495581330194732E-002
 -0.35660675567863859      , -0.35758150586839088      ,   2.2826506073900316E-002
 -0.35850447713184874      , -0.35339622047587044      ,  -1.7998639778078043E-002
 -0.36042228304786189      , -0.35029923678836039      ,  -5.4540824849171811E-002
 -0.36224697209978685      , -0.34856251030891594      ,  -8.7341759806201569E-002
 -0.36482912638665149      , -0.34838942264384626      , -0.11691723052267909     
 -0.36938265645069673      , -0.34993159229674742      , -0.14375306250130479     
 -0.37665136652501457      , -0.35330285041969134      , -0.16830313786135651     
 -0.38667957825434507      , -0.35859075534454887      , -0.19098898192971681     
 -0.39907803577393997      , -0.36586599856871060      , -0.21220052210168877     
 -0.41329234244398055      , -0.37519002047089617      , -0.23229769598738090     
 -0.42875064300894422      , -0.38662111437854607      , -0.25161264904947012     
 -0.44496297435880311      , -0.40021925684407017      , -0.27045231471455861     
 -0.46168494548994404      , -0.41604986199587363      , -0.28910121329269922     
 -0.47909935250347357      , -0.43418661921318441      , -0.30782434099060302     
 -0.49780117053487744      , -0.45471353602796433      , -0.32687004780146445     
 -0.51857620732946152      , -0.47772627159494169      , -0.34647282392138790     
 -0.54217643168973373      , -0.50333280959024207      , -0.36685592925790400     
 -0.56917122111115448      , -0.53165348217388397      , -0.38823381009042951     
 -0.59986249105028844      , -0.56282031778690689      , -0.41081425140154459     
 -0.63429761421079478      , -0.59697564414214421      , -0.43480021307211597     
 -0.67231513577361812      , -0.63426983296738892      , -0.46039129315319621     
 -0.71354553619779193      , -0.67485802422642949      , -0.48778475182937375     
 -0.75750350119578835      , -0.71889561443919947      , -0.51717601545449898     
 -0.80383189766512364      , -0.76653223684161209      , -0.54875856116675947     
 -0.85251998112749672      , -0.81790390218311593      , -0.58272305918769784     
 -0.90395508061354024      , -0.87312291159351063      , -0.61925562236534037     
 -0.95878823287531501      , -0.93226510369459192      , -0.65853498173058778     
  -1.0176782753315612      , -0.99535396770232754      , -0.70072837453749337     
  -1.0811024982109974      ,  -1.0623411591474730      , -0.74598590049483626     
  -1.1493570229257704      ,  -1.1330830190770358      , -0.79443307761640658     
  -1.2225887327621012      ,  -1.2073128544503686      , -0.84616131890993951     
  -1.3006355647724110      ,  -1.2846090303135032      , -0.90121606603373261     
  -1.3827203040113345      ,  -1.3643594057596606      , -0.95958237131782331     
  -1.4672834601971465      ,  -1.4457233725700702      ,  -1.0211678349887090     
  -1.5521860836946606      ,  -1.5275937779192856      ,  -1.0857830039380234     
  -1.6352044592417765      ,  -1.6085623533591964      ,  -1.1531196477268890     
  -1.7144446660425532      ,  -1.6868938939161400      ,  -1.2227277695525685     
  -1.7883623288597568      ,  -1.7605161903145281      ,  -1.2939927958138346     
  -1.8554007052864787      ,  -1.8270343129837907      ,  -1.3661151039794051     
  -1.9135312531853612      ,  -1.8837787772127064      ,  -1.4380948387112886     
  -1.9600077603372767      ,  -1.9278966816365157      ,  -1.5087257139824952     
  -1.9914430033568025      ,  -1.9564922881605553      ,  -1.5766020145148025     
  -2.0041101028483412      ,  -1.9668179842404507      ,  -1.6401430354681412     
  -1.9943857462761601      ,  -1.9565078935156675      ,  -1.6976384459203631     
  -1.9593370462857971      ,  -1.9238352622592316      ,  -1.7473162883833551     
  -1.8973842454039722      ,  -1.8679631247608479      ,  -1.7874324592804500     
  -1.8088345508799883      ,  -1.7891488963989355      ,  -1.8163767754887499     
  -1.6960664300280222      ,  -1.6888613174542515      ,  -1.8327867172578691     
  -1.5632823847170056      ,  -1.5697756537403367      ,  -1.8356565804305158     
  -1.4159462319945093      ,  -1.4356308657342878      ,  -1.8244281277482193     
  -1.2601270758200942      ,  -1.2909575812169940      ,  -1.7990497282333926     
  -1.1019072255462670      ,  -1.1407118013422741      ,  -1.7599946421626305     
 -0.94688029782072436      , -0.98986866166433762      ,  -1.7082349636031091     
 -0.79970831294347244      , -0.84303727905915227      ,  -1.6451744759519611     
 -0.66375337100575482      , -0.70414998917810345      ,  -1.5725497021054149     
