  0.68209958167743190      ,   2.1229450724483714      ,   1.4655193661558268     
   1.8562927595236554      ,   2.1929852415350255      ,   1.5610585270229873     
   2.2721294812677977      ,   2.2400776937172493      ,   1.6539053462152871     
   2.2599099088968417      ,   2.2589017442634218      ,   1.7415228812149708     
   2.0056513645742404      ,   2.2447042742917840      ,   1.8210630112943438     
   1.6897250500794017      ,   2.1939089102960634      ,   1.8894909061409448     
   1.5423366826605942      ,   2.1047402225179983      ,   1.9437656688917380     
   1.6081220257221829      ,   1.9777454803439807      ,   1.9810672081207392     
   1.5528161289162050      ,   1.8160821072783706      ,   1.9990464820024860     
   1.4923476755522043      ,   1.6254624622894605      ,   1.9960649989817625     
   1.2345987059881098      ,   1.4137129629515430      ,   1.9713841858516696     
   1.0714038953951202      ,   1.1899972664110152      ,   1.9252693066812612     
  0.84841057001221098      ,  0.96384218103004549      ,   1.8589865037522069     
  0.63216862488121084      ,  0.74415591195967179      ,   1.7746919444430655     
  0.49105866010113119      ,  0.53842131673974125      ,   1.6752329415465239     
  0.42689713143992331      ,  0.35218728446955988      ,   1.5638959838847664     
  0.25501727409348179      ,  0.18889565376218667      ,   1.4441420266186100     
  0.16839787249319843      ,   5.0001978019320249E-002 ,   1.3193650556489360     
   6.9738734291880225E-002 ,  -6.4700883798565631E-002 ,   1.1926989228874905     
  -3.3531731998350689E-002 , -0.15666063759309845      ,   1.0668841267543117     
  -9.1458844573004641E-002 , -0.22813426990100699      ,  0.94419438639734021     
 -0.14199140810916644      , -0.28180797976757588      ,  0.82641469034470127     
 -0.19506656747335149      , -0.32049834109380249      ,  0.71485843581946695     
 -0.22722135996027124      , -0.34694074961631782      ,  0.61041059040920653     
 -0.24786773799853051      , -0.36365620077566646      ,  0.51358530372947420     
 -0.28722958540338506      , -0.37288048745330526      ,  0.42458891988492709     
 -0.31246334113287072      , -0.37653861886822665      ,  0.34338204425120999     
 -0.32881493603173578      , -0.37624917459232166      ,  0.26973670639260389     
 -0.33253163145781572      , -0.37334652660465156      ,  0.20328652779630416     
 -0.34990201369409779      , -0.36891220776140959      ,  0.14356912745924336     
 -0.34350503662342580      , -0.36380958762195265      ,   9.0060855130340983E-002
 -0.36616839000648571      , -0.35871823902491112      ,   4.2204439621893741E-002
 -0.38072996521149266      , -0.35416596004674755      ,  -5.6961569239652996E-004
 -0.39179316270338926      , -0.35055746826940914      ,  -3.8826978221081797E-002
 -0.39063363275615248      , -0.34819944144875398      ,  -7.3117879548269940E-002
 -0.40926070816293048      , -0.34732196114584557      , -0.10396913675487859     
 -0.41195291179225718      , -0.34809661831423416      , -0.13187907821838246     
 -0.43424761445250470      , -0.35065163044657438      , -0.15731475324318300     
 -0.45606447322850402      , -0.35508434474769440      , -0.18071090378070817     
 -0.48094991259568859      , -0.36147149037983400      , -0.20247026648446861     
 -0.49477674125977000      , -0.36987751301508459      , -0.22296485238673353     
 -0.50731615740810931      , -0.38036128702789984      , -0.24253791924495635     
 -0.51691388790009030      , -0.39298146021187508      , -0.26150640862046931     
 -0.52296203983952683      , -0.40780064560972051      , -0.28016366693359418     
 -0.54244023130552710      , -0.42488863596647064      , -0.29878230811027573     
 -0.55905868728707409      , -0.44432477860534586      , -0.31761710598075332     
 -0.58160639449050233      , -0.46619961183729980      , -0.33690782818834025     
 -0.59766993974160609      , -0.49061582772856122      , -0.35688194075595159     
 -0.62453571301671418      , -0.51768858938690709      , -0.37775712423213165     
 -0.64042398930021782      , -0.54754519301577265      , -0.39974354894277481     
 -0.67621377733689847      , -0.58032402491292434      , -0.42304585861538374     
 -0.70452657050610978      , -0.61617272046811900      , -0.44786480869756806     
 -0.74688037121872131      , -0.65524538527947807      , -0.47439849813077212     
 -0.77954668589326959      , -0.69769868729453444      , -0.50284312115890861     
 -0.82396426046779270      , -0.74368657348523226      , -0.53339314892254241     
 -0.85995794060789310      , -0.79335330605295495      , -0.56624082914757556     
 -0.90805939410921976      , -0.84682445416439756      , -0.60157486641105617     
 -0.95866884909746630      , -0.90419542278911047      , -0.63957811587315860     
  -1.0186967873259445      , -0.96551705894731876      , -0.68042409129601356     
  -1.0827157138792469      ,  -1.0307778612015503      , -0.72427205599499500     
  -1.1527216998515770      ,  -1.0998823509037625      , -0.77126043706710912     
  -1.2283094727285511      ,  -1.1726252724491224      , -0.82149828508863920     
  -1.3043586503612885      ,  -1.2486615134322572      , -0.87505450283288311     
  -1.3912322827984067      ,  -1.3274720230237296      , -0.93194460068929952     
  -1.4749881806931495      ,  -1.4083266142620134      , -0.99211482113025040     
  -1.5674449550941141      ,  -1.4902454189606513      ,  -1.0554236320282695     
  -1.6511374090971591      ,  -1.5719619618454443      ,  -1.1216208443547895     
  -1.7397093504277847      ,  -1.6518923291820697      ,  -1.1903249890188543     
  -1.8158913013567115      ,  -1.7281166388091584      ,  -1.2610001085055818     
  -1.8950556160355227      ,  -1.7983807511966154      ,  -1.3329337815139992     
  -1.9607653373732024      ,  -1.8601274883067285      ,  -1.4052189689836077     
  -2.0234412756831843      ,  -1.9105669316404634      ,  -1.4767430611370855     
  -2.0680142305955536      ,  -1.9467938643396794      ,  -1.5461881616983577     
  -2.0991708680753502      ,  -1.9659562972366709      ,  -1.6120469374818855     
  -2.1042580819356735      ,  -1.9654717519920386      ,  -1.6726580056065574     
  -2.0860351971785893      ,  -1.9432777608327523      ,  -1.7262635486630262     
  -2.0373575251279679      ,  -1.8980912374186156      ,  -1.7710894706649931     
  -1.9605962895392273      ,  -1.8296406962393050      ,  -1.8054450031124267     
  -1.8549179386431345      ,  -1.7388294866500131      ,  -1.8278346624583925     
  -1.7240085321224499      ,  -1.6277909378168240      ,  -1.8370716452890137     
  -1.5719658635834588      ,  -1.4998095542228083      ,  -1.8323791687938058     
  -1.4044911380109388      ,  -1.3591048903602743      ,  -1.8134659116009328     
  -1.2297238173662088      ,  -1.2105014823689850      ,  -1.7805641330966038     
  -1.0538652209266437      ,  -1.0590317642324893      ,  -1.7344240464755345     
 -0.88612980376952699      , -0.90953204853726333      ,  -1.6762645840380972     
 -0.73042505004370728      , -0.76629045839720311      ,  -1.6076872838821734     
 -0.59285852500073855      , -0.63279111119684861      ,  -1.5305650890616394     
 -0.47226088044974240      , -0.51157614327258938      ,  -1.4469203331926654     
 -0.37018592514882376      , -0.40422348056081997      ,  -1.3588058440310067     
 -0.28250096388098983      , -0.31141976406450217      ,  -1.2682004526181798     
 -0.20969050141253553      , -0.23309778801163680      ,  -1.1769262441082506     
 -0.14914746965110992      , -0.16860623877588951      ,  -1.0865906987991416     
 -0.10185774167564576      , -0.11688420726929609      , -0.99855328422125944     
  -6.6055864905540995E-002 ,  -7.6620826960369842E-002 , -0.91391352682143312     
  -4.1915673790463480E-002 ,  -4.6388750188870759E-002 , -0.83351620498294843     
  -2.7242940473852229E-002 ,  -2.4747247274474339E-002 , -0.75796889974055193     
  -2.1111758683131872E-002 ,  -1.0315729998428632E-002 , -0.68766743138630215     
  -2.0981704068251388E-002 ,  -1.8214478280048640E-003 , -0.62282540323619306     
  -2.5228683335845978E-002 ,   1.8736213420180853E-003 , -0.56350492439458066     
  -3.1543395942581008E-002 ,   1.7615356216361129E-003 , -0.50964642339749555     
  -3.8603294012652299E-002 ,  -1.3118115952818158E-003 , -0.46109619835676158     
  -4.5396664442487404E-002 ,  -6.6396574477651698E-003 , -0.41763093670120399     
  -5.1769375652787095E-002 ,  -1.3643028666461270E-002 , -0.37897887546563841     
  -5.8307808590683699E-002 ,  -2.1857230537399887E-002 , -0.34483757807297111     
  -6.5604186657480495E-002 ,  -3.0917647516997382E-002 , -0.31488850072089442     
  -7.4675620513954821E-002 ,  -4.0545828998756465E-002 , -0.28880863680281205     
  -8.5512512200490498E-002 ,  -5.0536458215814865E-002 , -0.26627958437632082     
  -9.8389188125523108E-002 ,  -6.0745535952676205E-002 , -0.24699439830948178     
 -0.11210294934412675      ,  -7.1079928829461902E-002 , -0.23066257968419340     
 -0.12626090354062580      ,  -8.1488312368645233E-002 , -0.21701353068754367     
 -0.13927587047610743      ,  -9.1953464011745173E-002 , -0.20579877078846398     
 -0.15101387215231013      , -0.10248581711414667      , -0.19679317430099824     
 -0.16066619020804865      , -0.11311816375377477      , -0.18979545356896593     
 -0.16913636325972448      , -0.12390138486828309      , -0.18462807785078555     
 -0.17670646367705328      , -0.13490108585741281      , -0.18113678659492613     
 -0.18482587387493862      , -0.14619502096295234      , -0.17918982768631697     
 -0.19396833065070182      , -0.15787119815256992      , -0.17867702656820605     
 -0.20492625252583116      , -0.17002656630521587      , -0.17950877083502106     
 -0.21738829235805335      , -0.18276619714175962      , -0.18161497674609636     
 -0.23101415843788289      , -0.19620288481528092      , -0.18494408884528565     
 -0.24506813245432521      , -0.21045709584136973      , -0.18946215116338330     
 -0.25898330223272653      , -0.22565721072115474      , -0.19515197798646983     
 -0.27272485985340994      , -0.24194000588268194      , -0.20201244354666020     
 -0.28628532796378126      , -0.25945133017162558      , -0.21005790288735099     
 -0.30052702915398966      , -0.27834693379168085      , -0.21931775023200070     
 -0.31577108393196152      , -0.29879340902458551      , -0.22983611610438576     
 -0.33326295418647600      , -0.32096920087564484      , -0.24167169986552495     
 -0.35328331857767464      , -0.34506564151254326      , -0.25489772989084503     
 -0.37709790526515558      , -0.37128795436713680      , -0.26960203892761031     
 -0.40465599869116164      , -0.39985616123761175      , -0.28588723682235340     
 -0.43668764897688422      , -0.43100580761439661      , -0.30387095630563832     
 -0.47245688750569170      , -0.46498839643186035      , -0.32368613929883611     
 -0.51204879375210199      , -0.50207138687697239      , -0.34548132058916198     
 -0.55454896456022373      , -0.54253757078717313      , -0.36942085189663620     
 -0.60012881059981449      , -0.58668358224765382      , -0.39568499136519159     
 -0.64857215918895761      , -0.63481722373640304      , -0.42446976021377292     
 -0.70056997043080727      , -0.68725320205339335      , -0.45598643837758396     
 -0.75661523321556823      , -0.74430675725310036      , -0.49046053302116105     
 -0.81750585806586029      , -0.80628453708180048      , -0.52813000635325302     
 -0.88404245874556797      , -0.87347191981658512      , -0.56924249093951840     
 -0.95686827810358466      , -0.94611582648685610      , -0.61405115097201413     
  -1.0367986499712325      ,  -1.0244019038421510      , -0.66280876718600912     
  -1.1237243371203227      ,  -1.1084248294944457      , -0.71575953398672687     
  -1.2174591019054553      ,  -1.1981504370039850      , -0.77312796625371349     
  -1.3163635223848560      ,  -1.2933684551491871      , -0.83510423251032928     
  -1.4191782545325837      ,  -1.3936350120537007      , -0.90182518174023896     
  -1.5238103047024869      ,  -1.4982048238685792      , -0.97335034643113805     
  -1.6294214977381078      ,  -1.6059543643073384      ,  -1.0496323335922244     
  -1.7346996710685332      ,  -1.7152995155211928      ,  -1.1304813258783022     
  -1.8392345054534063      ,  -1.8241144286973070      ,  -1.2155239907546520     
  -1.9414749098775357      ,  -1.9296626473165661      ,  -1.3041580287422825     
  -2.0396546599221801      ,  -2.0285567510694142      ,  -1.3955049591156097     
  -2.1302239056274499      ,  -2.1167681279727408      ,  -1.4883655626288721     
  -2.2086128288633970      ,  -2.1897124730225968      ,  -1.5811845732323351     
  -2.2686127323007943      ,  -2.2424368401855683      ,  -1.6720334281675850     
  -2.3034733430930374      ,  -2.2699274515027903      ,  -1.7586215675428791     
  -2.3065092490889660      ,  -2.2675410704442771      ,  -1.8383470568267553     
  -2.2723807994635532      ,  -2.2315354793862863      ,  -1.9083951718011813     
  -2.1979747231293949      ,  -2.1596393728573404      ,  -1.9658881976733313     
  -2.0830012575858761      ,  -2.0515673608482117      ,  -2.0080809159886481     
  -1.9302785968178999      ,  -1.9093654042820782      ,  -2.0325851947350984     
  -1.7453578837998138      ,  -1.7374802521795818      ,  -2.0375963442642169     
  -1.5361640071682543      ,  -1.5424908645419049      ,  -2.0220870557072868     
  -1.3121578179257563      ,  -1.3325138890316865      ,  -1.9859351503616736     
  -1.0837802072050722      ,  -1.1163770895205816      ,  -1.9299604824015189     
 -0.86130083751476205      , -0.90271463970216792      ,  -1.8558625427495614     
 -0.65391057632535787      , -0.69915333805288005      ,  -1.7660691607004873     
 -0.46835059862715467      , -0.51172455627362157      ,  -1.6635226118661581     
 -0.30780857857826099      , -0.34456902251457822      ,  -1.5514380456062040     
 -0.17125300276465300      , -0.19992742058226354      ,  -1.4330689555593126     
  -5.5211758840898344E-002 ,  -7.8353635495356427E-002 ,  -1.3115070018535810     
   4.3404569798840331E-002 ,   2.0938678205007655E-002 ,  -1.1895322925370455     
  0.12546443867031606      ,   9.9683331970804839E-002 ,  -1.0695188846258392     
  0.19025153334667100      ,  0.16018938887226788      , -0.95339135265482711     
  0.23720606129719327      ,  0.20502955102225520      , -0.84262287340932207     
  0.26706367999530833      ,  0.23680505324691808      , -0.73826321303702513     
  0.28179176970400716      ,  0.25798571518553559      , -0.64098540203572851     
  0.28422463668527587      ,  0.27081406721431378      , -0.55114169936627055     
  0.27775118989858261      ,  0.27725876812910116      , -0.46882179683512121     
  0.26581620739096512      ,  0.27900274777112255      , -0.39390850780487019     
  0.25161185100649924      ,  0.27745373025931797      , -0.32612810965688144     
  0.23787154024417240      ,  0.27376767687771925      , -0.26509396378805872     
  0.22652112430585475      ,  0.26887844999022875      , -0.21034304104239709     
  0.21822819644326558      ,  0.26352928555378896      , -0.16136561312245876     
  0.21253029184387612      ,  0.25830338361003830      , -0.11762872548202521     
  0.20826232449273357      ,  0.25365213339961845      ,  -7.8594230329419618E-002
  0.20427047026513021      ,  0.24992028571985089      ,  -4.3732198406493103E-002
  0.20006652995591190      ,  0.24736787928073103      ,  -1.2530495478973122E-002
  0.19619400723947733      ,  0.24618901419420672      ,   1.5498761649762946E-002
  0.19379304704263520      ,  0.24652771658972086      ,   4.0815242249198726E-002
  0.19406582376563797      ,  0.24849120507191619      ,   6.3848395057936713E-002
  0.19790347750623472      ,  0.25216088680275600      ,   8.4996947291091016E-002
  0.20578275120756528      ,  0.25760140041147883      ,  0.10462953672164868     
  0.21763543638579619      ,  0.26486799812752337      ,  0.12308617297080882     
  0.23286919331782230      ,  0.27401252828755540      ,  0.14068028317307485     
  0.25047996512656390      ,  0.28508824596383264      ,  0.15770114704959190     
  0.26939036520670456      ,  0.29815364605313538      ,  0.17441656789863064     
  0.28888151109447047      ,  0.31327548066923111      ,  0.19107565995241765     
  0.30887611616447591      ,  0.33053109129916319      ,  0.20791165978693618     
  0.32994816977067237      ,  0.35001015569947541      ,  0.22514469075587282     
  0.35300965822078340      ,  0.37181591944846470      ,  0.24298442539145085     
  0.37895721756075640      ,  0.39606595177792658      ,  0.26163260189036275     
  0.40841531246526341      ,  0.42289243397840254      ,  0.28128535757025835     
  0.44179840922093327      ,  0.45244195537173576      ,  0.30213534479742682     
  0.47929890608026238      ,  0.48487475552864823      ,  0.32437359347328226     
  0.52086197124661904      ,  0.52036331095555033      ,  0.34819107871969512     
  0.56607156431388816      ,  0.55909011875466963      ,  0.37377994279216353     
  0.61426217316427367      ,  0.60124447776365575      ,  0.40133430624077332     
  0.66467955707006876      ,  0.64701800872700355      ,  0.43105058462564538     
  0.71686642303264037      ,  0.69659858914627970      ,  0.46312720335904639     
  0.77089530291784436      ,  0.75016230682968776      ,  0.49776357426593426     
  0.82736071269129885      ,  0.80786296208517894      ,  0.53515816326300703     
  0.88704392008046207      ,  0.86981857845954313      ,  0.57550543970562862     
  0.95067759239456184      ,  0.93609432723212493      ,  0.61899145589766924     
   1.0189319235314924      ,   1.0066812497723858      ,  0.66578776291098896     
   1.0925027853758293      ,   1.0814702020791576      ,  0.71604333133576936     
   1.1719522412117709      ,   1.1602205871984252      ,  0.76987412117325282     
   1.2571941883941116      ,   1.2425237379106899      ,  0.82734994640491488     
   1.3470462521884392      ,   1.3277613327337383      ,  0.88847832494687062     
   1.4392505418097843      ,   1.4150600519922343      ,  0.95318511823163443     
   1.5311437817442242      ,   1.5032448850857092      ,   1.0212919774044968     
   1.6204393520036258      ,   1.5907951368249806      ,   1.0924909602993793     
   1.7056867999256304      ,   1.6758092336481305      ,   1.1663171991790231     
   1.7860109987937218      ,   1.7559867539213359      ,   1.2421212063624751     
   1.8604843846072043      ,   1.8286383484215454      ,   1.3190432973004009     
   1.9274612485939597      ,   1.8907357477549998      ,   1.3959936298273332     
   1.9843060800371997      ,   1.9390139414672936      ,   1.4716423658616045     
   2.0273830957274019      ,   1.9701347168167749      ,   1.5444252179966029     
   2.0522983945913302      ,   1.9809139931688384      ,   1.6125698074137198     
   2.0543286036679436      ,   1.9686042965658759      ,   1.6741474332865141     
   2.0291895820705301      ,   1.9312090665239734      ,   1.7271526879999526     
   1.9739798345252488      ,   1.8677898948641325      ,   1.7696097139064220     
   1.8879916124177683      ,   1.7787157727778797      ,   1.7996990584772179     
   1.7730174498075368      ,   1.6658004180897077      ,   1.8158938485468463     
   1.6330897779647640      ,   1.5322841264031259      ,   1.8170896522382194     
   1.4738692247632497      ,   1.3826410816817760      ,   1.8027103842661085     
   1.3020164442792670      ,   1.2222271300857113      ,   1.7727740487535097     
   1.1247061131397753      ,   1.0568173954948450      ,   1.7279072363722550     
  0.94916326792737049      ,  0.89210699497372936      ,   1.6693051785598141     
  0.78204264926530165      ,  0.73325371885859658      ,   1.5986429288824242     
  0.62859989550059792      ,  0.58452759738698601      ,   1.5179506812892458     
  0.49193175857087179      ,  0.44910440619877645      ,   1.4294706036630744     
  0.37275984236812709      ,  0.32900804302432490      ,   1.3355131575457599     
  0.27009285965685770      ,  0.22517975761350253      ,   1.2383281301111788     
  0.18239797194615953      ,  0.13763619500143201      ,   1.1400007631493552     
  0.10850258120364513      ,   6.5674125912785541E-002 ,   1.0423779110055031     
   4.7746695165342502E-002 ,   8.0849226673441309E-003 ,  0.94702432864755492     
  -3.6722199003958594E-004 ,  -3.6647959318350160E-002 ,  0.85520570116662220     
  -3.6535448193019016E-002 ,  -7.0183985503209742E-002 ,  0.76789306686827385     
  -6.1805059085497591E-002 ,  -9.4198889559875751E-002 ,  0.68578266487044659     
  -7.7637830810736774E-002 , -0.11029539148430681      ,  0.60932557376670549     
  -8.5930213592023866E-002 , -0.11994634888404937      ,  0.53876239312829344     
  -8.8912420716133922E-002 , -0.12446374781749646      ,  0.47415931772987213     
  -8.8898824085314770E-002 , -0.12498684092459350      ,  0.41544303521539272     
  -8.7934093415618378E-002 , -0.12248351306069007      ,  0.36243281295299978     
  -8.7413652842879136E-002 , -0.11776008759970902      ,  0.31486887817539688     
  -8.7857861232186779E-002 , -0.11147595722127562      ,  0.27243673610220331     
  -8.8974991166489881E-002 , -0.10416046098667439      ,  0.23478743889501760     
  -8.9956446795121631E-002 ,  -9.6230268745729916E-002 ,  0.20155404923322520     
  -8.9871147831382114E-002 ,  -8.8006169680094323E-002 ,  0.17236467135236386     
  -8.8042385190994943E-002 ,  -7.9728619465646910E-002 ,  0.14685248014890553     
  -8.4280261191001626E-002 ,  -7.1571715908854167E-002 ,  0.12466318963701144     
  -7.8894863044864191E-002 ,  -6.3655481380319207E-002 ,  0.10546038361411331     
  -7.2564440825151219E-002 ,  -5.6056462123818873E-002 ,   8.8929096525659293E-002
  -6.6141077590878006E-002 ,  -4.8816733180471229E-002 ,   7.4777989758615271E-002
  -6.0412506248198786E-002 ,  -4.1951440676735785E-002 ,   6.2740423449201291E-002
  -5.5849452769434073E-002 ,  -3.5455032936478358E-002 ,   5.2574679744355923E-002
  -5.2444671398950087E-002 ,  -2.9306336777311121E-002 ,   4.4063552248866676E-002
  -4.9722401544180055E-002 ,  -2.3472631137315080E-002 ,   3.7013479116549064E-002
  -4.6927074929674732E-002 ,  -1.7912860613176592E-002 ,   3.1253364298961861E-002
  -4.3305519568142943E-002 ,  -1.2580119031930273E-002 ,   2.6633202873642056E-002
  -3.8372897669904010E-002 ,  -7.4235194168164684E-003 ,   2.3022601941961349E-002
  -3.2067752367160411E-002 ,  -2.3895526643297050E-003 ,   2.0309267999732566E-002
  -2.4740708606375082E-002 ,   2.5769764294678002E-003 ,   1.8397514567913990E-002
  -1.6981522322372773E-002 ,   7.5323600723385788E-003 ,   1.7206829832404586E-002
  -9.3830234209160163E-003 ,   1.2533681512562971E-002 ,   1.6670532691262046E-002
  -2.3591238513988090E-003 ,   1.7638739228033853E-002 ,   1.6734536573687991E-002
   3.9363537980346541E-003 ,   2.2906157954650883E-002 ,   1.7356233333978746E-002
   9.6012708959630350E-003 ,   2.8395651775810059E-002 ,   1.8503504123173291E-002
   1.4924273071142540E-002 ,   3.4168411947193139E-002 ,   2.0153860122593532E-002
   2.0316484671504532E-002 ,   4.0287598573695890E-002 ,   2.2293713141477826E-002
   2.6264681188249768E-002 ,   4.6818920772964574E-002 ,   2.4917774122068557E-002
   3.3268474238372488E-002 ,   5.3831294641373525E-002 ,   2.8028576376258642E-002
   4.1732661209600293E-002 ,   6.1397572269541886E-002 ,   3.1636119741692989E-002
   5.1840883692430999E-002 ,   6.9595338313741359E-002 ,   3.5757631659391192E-002
   6.3490409745038667E-002 ,   7.8507773281989768E-002 ,   4.0417441327286856E-002
   7.6328413555983618E-002 ,   8.8224584786854909E-002 ,   4.5646963479192816E-002
   8.9876639656820634E-002 ,   9.8843009576148722E-002 ,   5.1484788894276025E-002
  0.10368544862312830      ,  0.11046889017470396      ,   5.7976879384914290E-002
  0.11747399959330496      ,  0.12321783041693192      ,   6.5176865672310277E-002
  0.13121892432416687      ,  0.13721643393795990      ,   7.3146447170941875E-002
  0.14517039304461268      ,  0.15260362868110805      ,   8.1955893190802181E-002
  0.15980191383966050      ,  0.16953207845828508      ,   9.1684645344361937E-002
  0.17573906970634895      ,  0.18816967925929715      ,  0.10242202090719046     
  0.19369438766704833      ,  0.20870113291326453      ,  0.11426801639108988     
  0.21438505389848395      ,  0.23132958326445305      ,  0.12733420946757795     
  0.23840877926798854      ,  0.25627828942655712      ,  0.14174475538966241     
  0.26610571335648969      ,  0.28379229583655963      ,  0.15763747088302618     
  0.29748372156921354      ,  0.31414003829503662      ,  0.17516499368889293     
  0.33225487146443483      ,  0.34761479704822135      ,  0.19449599897351566     
  0.36998737558901784      ,  0.38453586975492132      ,  0.21581644392278115     
  0.41033084995909325      ,  0.42524928569696840      ,  0.23933079802753432     
  0.45324508087956328      ,  0.47012781380497676      ,  0.26526319755009375     
  0.49911518421321310      ,  0.51956992601299135      ,  0.29385843679191381     
  0.54869268624148460      ,  0.57399725820589576      ,  0.32538267396696935     
  0.60293240689952210      ,  0.63384995688781476      ,  0.36012368314484444     
  0.66287681377004981      ,  0.69957910375106158      ,  0.39839042277848546     
  0.72961231165997265      ,  0.77163516659707754      ,  0.44051161226904401     
  0.80417514589207839      ,  0.85045113084173762      ,  0.48683290717601213     
  0.88730575347882357      ,  0.93641862573563228      ,  0.53771213779833738     
  0.97913282610910590      ,   1.0298549921469877      ,  0.59351192318830193     
   1.0789914150616855      ,   1.1309588877514196      ,  0.65458879492291688     
   1.1855494541970202      ,   1.2397517747754763      ,  0.72127777049431474     
   1.2972368428811525      ,   1.3560026313389530      ,  0.79387112490455902     
   1.4127405806287372      ,   1.4791337050455708      ,  0.87258995955215146     
   1.5312441214492605      ,   1.6081064368808913      ,  0.95754712642466444     
   1.6522505537931436      ,   1.7412893019177593      ,   1.0487002384026967     
   1.7751307671874650      ,   1.8763138155898438      ,   1.1457940364240928     
   1.8986477473273700      ,   2.0099318942507094      ,   1.2482924930836636     
   2.0205267761375820      ,   2.1378973961878445      ,   1.3553029398616954     
   2.1369706271024498      ,   2.2549064777318151      ,   1.4654974099608737     
   2.2422235234205434      ,   2.3546433513064033      ,   1.5770403371301229     
   2.3285770412876565      ,   2.4299858367995242      ,   1.6875364451886767     
   2.3871220966603421      ,   2.4734218891438644      ,   1.7940172231606923     
   2.4090835708041003      ,   2.4777056673536721      ,   1.8929871604190438     
   2.3872576650210897      ,   2.4367331707699966      ,   1.9805495722426576     
   2.3171635779299944      ,   2.3465443731214122      ,   2.0526239233744605     
   2.1977806516649334      ,   2.2062768910334571      ,   2.1052507294668348     
   2.0318304197639856      ,   2.0188375363135775      ,   2.1349578202379615     
   1.8255289383014237      ,   1.7910618331619277      ,   2.1391383069182974     
   1.5878555204869500      ,   1.5332228917328097      ,   2.1163745456471621     
   1.3296575876497634      ,   1.2579174386146803      ,   2.0666422782241312     
   1.0628192651450619      ,  0.97854134297999718      ,   1.9913488137310020     
  0.79933356301971281      ,  0.70769136313762082      ,   1.8931943560315410     
  0.55034982753006989      ,  0.45583824664640421      ,   1.7758848688803412     
  0.32532805978074497      ,  0.23050927023430751      ,   1.6437546594339536     
  0.13025479154659936      ,   3.6050505143438528E-002 ,   1.5013681551015559     
  -3.4714421451796096E-002 , -0.12611607209068093      ,   1.3531623917873992     
 -0.17439719843494095      , -0.25691646736808738      ,   1.2031709132144586     
 -0.29390081436793425      , -0.35892099368569275      ,   1.0548452921163320     
 -0.39486233074598587      , -0.43566570606659138      ,  0.91096991287466522     
 -0.47567605866550899      , -0.49109073009665027      ,  0.77365276665340721     
 -0.53459724026496613      , -0.52913030916021508      ,  0.64436993400604248     
 -0.57217874502071242      , -0.55344944453988010      ,  0.52404215255857545     
 -0.59108753232328881      , -0.56730092427670731      ,  0.41312580382037600     
 -0.59531385929679603      , -0.57347008422848955      ,  0.31170564749703555     
 -0.58984227478457363      , -0.57427697668179878      ,  0.21958131569322537     
 -0.57970597862563600      , -0.57161183544461391      ,  0.13634331255018414     
 -0.56912721926753795      , -0.56698665329823184      ,   6.1436906494710515E-002
 -0.56151348043795490      , -0.56159171937918373      ,  -5.7860203865394491E-003
 -0.55908750253113570      , -0.55635054902165548      ,  -6.6026161440253139E-002
 -0.56212172995071397      , -0.55196980285759600      , -0.12000557659049557     
 -0.56922104856524502      , -0.54898280315761561      , -0.16844453580434451     
 -0.57844380312590593      , -0.54778643087851842      , -0.21204493240616626     
 -0.58824752185548967      , -0.54867180518917957      , -0.25147893945101157     
 -0.59829382005193998      , -0.55184942003972071      , -0.28738176978518815     
 -0.60963970510825849      , -0.55746948611134617      , -0.32034758760914694     
 -0.62364579309606061      , -0.56563819546380900      , -0.35092779030212551     
 -0.64080303050026433      , -0.57643054706452279      , -0.37963102752785310     
 -0.66074868490840599      , -0.58990027587016369      , -0.40692444907360542     
 -0.68282809595405625      , -0.60608733244994850      , -0.43323577496980942     
 -0.70644051235812122      , -0.62502327145361625      , -0.45895586375767139     
 -0.73114758544723912      , -0.64673482781757508      , -0.48444152011735980     
 -0.75662711576926944      , -0.67124588940194041      , -0.51001833407320762     
 -0.78274385742288366      , -0.69857801281065290      , -0.53598338297267722     
 -0.80973885057668238      , -0.72874957445346822      , -0.56260765637729260     
 -0.83819983461970060      , -0.76177360083665890      , -0.59013808461061679     
 -0.86882539428929983      , -0.79765428065106081      , -0.61879906548882424     
 -0.90223493888171991      , -0.83638212735544426      , -0.64879339212775489     
 -0.93884056020264572      , -0.87792773658273071      , -0.68030248910997815     
 -0.97881364437790985      , -0.92223407105529098      , -0.71348586628439714     
  -1.0222043152603681      , -0.96920721151846778      , -0.74847970091958682     
  -1.0689190158754347      ,  -1.0187055419305131      , -0.78539446213172392     
  -1.1184563493059512      ,  -1.0705273990196120      , -0.82431149933192061     
  -1.1698756686849665      ,  -1.1243973202013882      , -0.86527853247538133     
  -1.2221281558673343      ,  -1.1799511806106666      , -0.90830401053099619     
  -1.2744126087453302      ,  -1.2367207301277516      , -0.95335035097060483     
  -1.3263608083783580      ,  -1.2941183324021865      ,  -1.0003261428697443     
  -1.3779478919310535      ,  -1.3514230708375985      ,  -1.0490774950421622     
  -1.4291094752054490      ,  -1.4077698097463391      ,  -1.0993788430539364     
  -1.4793572960623211      ,  -1.4621432513207209      ,  -1.1509236968342043     
  -1.5276830902888379      ,  -1.5133794522476787      ,  -1.2033160107705185     
  -1.5726735422599474      ,  -1.5601775654106953      ,  -1.2560630796131806     
  -1.6126155312810888      ,  -1.6011246243680743      ,  -1.3085710842048905     
  -1.6455206459078260      ,  -1.6347358360637099      ,  -1.3601445955361895     
  -1.6691718229451016      ,  -1.6595119318158782      ,  -1.4099914444430315     
  -1.6813515817852531      ,  -1.6740135290221811      ,  -1.4572343171030444     
  -1.6802472392744736      ,  -1.6769501584963395      ,  -1.5009301808173732     
  -1.6648007708599459      ,  -1.6672787674971616      ,  -1.5400981306903612     
  -1.6348165398330259      ,  -1.6443034919369328      ,  -1.5737554593945751     
  -1.5908196874665665      ,  -1.6077659040101648      ,  -1.6009607280829263     
  -1.5337987016092676      ,  -1.5579135285661139      ,  -1.6208614663653091     
  -1.4650303638690123      ,  -1.4955348932514001      ,  -1.6327430334951276     
  -1.3860790432008139      ,  -1.4219521617279289      ,  -1.6360743587605571     
  -1.2988774509092171      ,  -1.3389674036710908      ,  -1.6305459717501778     
  -1.2057596086065070      ,  -1.2487650483012311      ,  -1.6160960912620492     
  -1.1093794313958647      ,  -1.1537797725597216      ,  -1.5929215969596866     
  -1.0125076550442260      ,  -1.0565444878607058      ,  -1.5614723340519292     
 -0.91775855984609900      , -0.95953593668434656      ,  -1.5224291288345679     
 -0.82733433496742159      , -0.86503506073693992      ,  -1.4766677720079291     
 -0.74285948247239553      , -0.77501596540308193      ,  -1.4252127180413876     
 -0.66534766684933655      , -0.69107193118611820      ,  -1.3691851115140485     
 -0.59530478055024072      , -0.61438085835291323      ,  -1.3097498964083438     
 -0.53290450958401359      , -0.54570708471447615      ,  -1.2480662595137457     
 -0.47814387096323374      , -0.48543260907053182      ,  -1.1852446890097597     
 -0.43092857332863105      , -0.43360875900124374      ,  -1.1223127313895014     
 -0.39109077696493927      , -0.39001913247825576      ,  -1.0601903307828902     
 -0.35836670735783538      , -0.35424575937535829      , -0.99967460534226515     
 -0.33237020080670465      , -0.32573229227028422      , -0.94143315192369736     
 -0.31258652375726459      , -0.30384011645547843      , -0.88600449845689855     
 -0.29839380167314761      , -0.28789518263124692      , -0.83380411625177198     
 -0.28910802524885598      , -0.27722489743748402      , -0.78513440532441636     
 -0.28404121804596183      , -0.27118548665555725      , -0.74019720831002611     
 -0.28256136535140769      , -0.26918090226847574      , -0.69910763092864081     
 -0.28414742286996264      , -0.27067465841662991      , -0.66190819981108051     
 -0.28842902861918246      , -0.27519604925744096      , -0.62858263694646577     
 -0.29519532806249293      , -0.28234211350831079      , -0.59906875283833150     
 -0.30436463290834193      , -0.29177653783712260      , -0.57327014725614533     
 -0.31592307314111578      , -0.30322648557970211      , -0.55106655451075470     
 -0.32985176632551266      , -0.31647813139018632      , -0.53232278152552437     
 -0.34606747536692495      , -0.33137149483996187      , -0.51689626622335638     
 -0.36439779065468547      , -0.34779500501769461      , -0.50464333648177084     
 -0.38459733339219115      , -0.36568009573819377      , -0.49542428169247349     
 -0.40639619214002182      , -0.38499602525408183      , -0.48910736481874190     
 -0.42956172308728058      , -0.40574503181382809      , -0.48557190700941305     
 -0.45395057628734081      , -0.42795787285999853      , -0.48471057270616202     
 -0.47953339331697359      , -0.45168974702394493      , -0.48643097339798735     
 -0.50638758438167042      , -0.47701656066061776      , -0.49065669468592232     
 -0.53466349229884336      , -0.50403147131716031      , -0.49732783551610799     
 -0.56453515318546954      , -0.53284161661660823      , -0.50640113126787600     
 -0.59615068881174493      , -0.56356491644376672      , -0.51784971444532857     
 -0.62959856698399885      , -0.59632681739133375      , -0.53166254835454352     
 -0.66490160821802813      , -0.63125682995497168      , -0.54784355050508726     
 -0.70204155421192627      , -0.66848469021474177      , -0.56641040358499717     
 -0.74100374527605095      , -0.70813595849571220      , -0.58739303269851206     
 -0.78182161678394202      , -0.75032684820996909      , -0.61083170811569854     
 -0.82460097998196236      , -0.79515806005460743      , -0.63677471314776146     
 -0.86951392833216479      , -0.84270738243510879      , -0.66527549721122536     
 -0.91676464165464755      , -0.89302081239096343      , -0.69638921528000819     
 -0.96653889851597075      , -0.94610195840523448      , -0.73016853783086644     
  -1.0189507083633358      ,  -1.0018995157737431      , -0.76665860183091661     
  -1.0739951751408356      ,  -1.0602926681694629      , -0.80589096597885568     
  -1.1315131880534668      ,  -1.1210743804092265      , -0.84787643615008990     
  -1.1911726040166524      ,  -1.1839327250420781      , -0.89259664507869874     
  -1.2524684157182708      ,  -1.2484306490633519      , -0.93999431056875693     
  -1.3147382053481698      ,  -1.3139849560736494      , -0.98996216730446873     
  -1.3771815537300180      ,  -1.3798457674096958      ,  -1.0423306780223585     
  -1.4388683050386031      ,  -1.4450783338110693      ,  -1.0968547897873986     
  -1.4987261093302058      ,  -1.5085497731547308      ,  -1.1532002176860552     
  -1.5555100077228434      ,  -1.5689240468697017      ,  -1.2109300134128256     
  -1.6077688767191824      ,  -1.6246691407812124      ,  -1.2694925020919510     
  -1.6538289276045908      ,  -1.6740808026929315      ,  -1.3282120238056812     
  -1.6918130687922153      ,  -1.7153270618634235      ,  -1.3862842519564700     
  -1.7197085833962598      ,  -1.7465168280709595      ,  -1.4427781088534570     
  -1.7354871973567867      ,  -1.7657938748848623      ,  -1.4966463657802502     
  -1.7372712316228156      ,  -1.7714543110066963      ,  -1.5467467920685003     
  -1.7235278996410668      ,  -1.7620813487078815      ,  -1.5918751048897211     
  -1.6932641264027317      ,  -1.7366862849086970      ,  -1.6308099101921392     
  -1.6461911777446081      ,  -1.6948400507549732      ,  -1.6623683407229719     
  -1.5828328706838077      ,  -1.6367767362150747      ,  -1.6854693344275800     
  -1.5045605010919330      ,  -1.5634504866980163      ,  -1.6991997322826975     
  -1.4135471081541591      ,  -1.4765310201841704      ,  -1.7028769857454698     
  -1.3126401351347758      ,  -1.3783307488594123      ,  -1.6961016460448777     
  -1.2051564612550372      ,  -1.2716669436537500      ,  -1.6787932562460715     
  -1.0946123761859876      ,  -1.1596733249467557      ,  -1.6512048610538417     
 -0.98441673452346101      ,  -1.0455842051320325      ,  -1.6139138845134358     
 -0.87757461375819934      , -0.93251858183882830      ,  -1.5677901395865363     
 -0.77646168415987260      , -0.82329035218042435      ,  -1.5139446234270537     
 -0.68272427525112678      , -0.72026464386512257      ,  -1.4536649478973556     
 -0.59732768381912371      , -0.62527101860698397      ,  -1.3883443792293637     
 -0.52072021594891582      , -0.53957446906770634      ,  -1.3194114175192606     
 -0.45303261860233895      , -0.46389691918436793      ,  -1.2482658107355322     
 -0.39422905116640761      , -0.39847670576091254      ,  -1.1762252245048130     
 -0.34417103867183346      , -0.34315158107041943      ,  -1.1044848893203174     
 -0.30261199974029784      , -0.29745160266351045      ,  -1.0340907775608119     
 -0.26916625922327314      , -0.26069089022894731      , -0.96592546022966486     
 -0.24328767714511068      , -0.23205059843253328      , -0.90070485909712150     
 -0.22427308860565792      , -0.21064875873199193      , -0.83898363355433903     
 -0.21129358738063886      , -0.19559537939723376      , -0.78116684156170324     
 -0.20345185573761662      , -0.18603315816078411      , -0.72752567936784129     
 -0.19985939339137954      , -0.18116536963129981      , -0.67821542530855661     
 -0.19972124252801446      , -0.18027307394903186      , -0.63329409850843954     
 -0.20240906808305192      , -0.18272393010137675      , -0.59274072934587274     
 -0.20750102165560105      , -0.18797475401396574      , -0.55647248585787767     
 -0.21477382899161096      , -0.19556967171577358      , -0.52436018980393284     
 -0.22414788878762149      , -0.20513537557731906      , -0.49624198298935779     
 -0.23560298026485185      , -0.21637465526718860      , -0.47193507244194055     
 -0.24909328921033505      , -0.22905907577723930      , -0.45124560031800964     
 -0.26449055069839650      , -0.24302142513539784      , -0.43397676066707219     
 -0.28157208186244304      , -0.25814835544495218      , -0.41993532984433485     
 -0.30005277143564685      , -0.27437348785925458      , -0.40893679872533489     
 -0.31964582037757194      , -0.29167113772052305      , -0.40080929976955437     
 -0.34013016778720606      , -0.31005073261561378      , -0.39539651574186374     
 -0.36140236976924239      , -0.32955193639568431      , -0.39255974355020584     
 -0.38349641505266124      , -0.35024045017466282      , -0.39217926911047751     
 -0.40656535228822432      , -0.37220443197803904      , -0.39415518944159794     
 -0.43083072023411573      , -0.39555145607950276      , -0.39840779768278439     
 -0.45651618230733759      , -0.42040591799337096      , -0.40487762625429907     
 -0.48378803649075908      , -0.44690677909479126      , -0.41352522341094500     
 -0.51272503794704904      , -0.47520553392195697      , -0.42433071913709575     
 -0.54333066817575570      , -0.50546427174952702      , -0.43729321766365337     
 -0.57558349644471907      , -0.53785369066681721      , -0.45243003565478301     
 -0.60950364969041426      , -0.57255090604011283      , -0.46977578700513067     
 -0.64520647613227722      , -0.60973687501055940      , -0.48938129681772835     
 -0.68292253245957735      , -0.64959323398722135      , -0.51131230806695893     
 -0.72298016093444784      , -0.69229831675282183      , -0.53564792425562802     
 -0.76576206268812619      , -0.73802208723464602      , -0.56247870966875946     
 -0.81165212676894649      , -0.78691968457225403      , -0.59190434535887448     
 -0.86098365316187075      , -0.83912324162272045      , -0.62403071376360286     
 -0.91399328117862788      , -0.89473160635231996      , -0.65896625826376010     
 -0.97078397811793904      , -0.95379757650101715      , -0.69681743709137578     
  -1.0313040996838676      ,  -1.0163122633497086      , -0.73768306581018306     
  -1.0953496662497875      ,  -1.0821862475180342      , -0.78164732251353786     
  -1.1625884395464572      ,  -1.1512273020640964      , -0.82877118020333218     
  -1.2325912162916917      ,  -1.2231146665016239      , -0.87908203927150175     
  -1.3048481424346021      ,  -1.2973701971690170      , -0.93256137033902720     
  -1.3787527577678138      ,  -1.3733272361202213      , -0.98913025796572596     
  -1.4535512790932827      ,  -1.4500987710790152      ,  -1.0486328760822481     
  -1.5282693963876059      ,  -1.5265474263521797      ,  -1.1108181454454200     
  -1.6016355142640435      ,  -1.6012610163540415      ,  -1.1753201399794371     
  -1.6720185286595457      ,  -1.6725387318242921      ,  -1.2416382341557344     
  -1.7373963429204129      ,  -1.7383943355206446      ,  -1.3091185144058646     
  -1.7953712965249311      ,  -1.7965837066088675      ,  -1.3769385845074287     
  -1.8432459237925849      ,  -1.8446642303873391      ,  -1.4440985090625240     
  -1.8781621578694403      ,  -1.8800923057294496      ,  -1.5094211411549825     
  -1.8972927970619735      ,  -1.9003620552261886      ,  -1.5715652975031595     
  -1.8980652969528147      ,  -1.9031827982302114      ,  -1.6290549666315841     
  -1.8783993184596188      ,  -1.8866851170226828      ,  -1.6803267568421569     
  -1.8369449201835930      ,  -1.8496363551116888      ,  -1.7237959816215145     
  -1.7733074450300041      ,  -1.7916380410675179      ,  -1.7579391792960299     
  -1.6882342647534303      ,  -1.7132726957006661      ,  -1.7813877595971110     
  -1.5837247174453928      ,  -1.6161684807156373      ,  -1.7930244250309093     
  -1.4630191949169062      ,  -1.5029588695350191      ,  -1.7920717886868647     
  -1.3304320256043916      ,  -1.3771305048812259      ,  -1.7781619623086107     
  -1.1910144979191375      ,  -1.2427725453127778      ,  -1.7513773102249932     
  -1.0500684382996153      ,  -1.1042599496768615      ,  -1.7122560386931081     
 -0.91257468298036093      , -0.96591582889212391      ,  -1.6617612036872165     
 -0.78264260756451598      , -0.83170052098099057      ,  -1.6012170039848961     
 -0.66311556648687020      , -0.70496700230654741      ,  -1.5322206851177955     
 -0.55546844739928936      , -0.58830656487150945      ,  -1.4565410779602899     
 -0.46005845733081219      , -0.48349030064061937      ,  -1.3760153333794944     
 -0.37661654763600710      , -0.39149578312941646      ,  -1.2924539848468182     
 -0.30471731739133223      , -0.31259772590773183      ,  -1.2075617072594529     
 -0.24400529500858584      , -0.24649732083023929      ,  -1.1228778477963137     
 -0.19415861735287615      , -0.19246644036208602      ,  -1.0397377047734631     
 -0.15473800105145211      , -0.14948788969210711      , -0.95925310181428824     
 -0.12506893986594220      , -0.11637925082458615      , -0.88230924416551371     
 -0.10420388957836427      ,  -9.1893903499562668E-002 , -0.80957411805612767     
  -9.0947136130313716E-002 ,  -7.4797586472046762E-002 , -0.74151662997261869     
  -8.3926496723352062E-002 ,  -6.3922072050415557E-002 , -0.67843005825751912     
  -8.1705364594465091E-002 ,  -5.8199293618304448E-002 , -0.62045799615403852     
  -8.2926012928921683E-002 ,  -5.6679925827361408E-002 , -0.56762064194083117     
  -8.6465795505139442E-002 ,  -5.8540348368154201E-002 , -0.51983993214592517     
  -9.1565961285289488E-002 ,  -6.3081452805168317E-002 , -0.47696256091195804     
  -9.7879982701296553E-002 ,  -6.9722116155089525E-002 , -0.43878036149152644     
 -0.10541277234534498      ,  -7.7989515728857151E-002 , -0.40504784664213661     
 -0.11436644717520461      ,  -8.7507878633341765E-002 , -0.37549692761449566     
 -0.12494402037134951      ,  -9.7986779594274140E-002 , -0.34984897538591037     
 -0.13718206917426040      , -0.10920972673848564      , -0.32782447175601614     
 -0.15087338924383298      , -0.12102349597512529      , -0.30915053859972014     
 -0.16559609555471771      , -0.13332847406205278      , -0.29356664452594172     
 -0.18082117872354903      , -0.14607013108359065      , -0.28082877981958682     
 -0.19605514680471822      , -0.15923164952925400      , -0.27071237047079422     
 -0.21097519664744746      , -0.17282767687931797      , -0.26301417569665608     
 -0.22551720306547263      , -0.18689913183338283      , -0.25755338429269542     
 -0.23988832500180604      , -0.20150897378470639      , -0.25417209580375427     
 -0.25449861838072829      , -0.21673883553326737      , -0.25273534436015060     
 -0.26983147838722421      , -0.23268641671678922      , -0.25313079693558804     
 -0.28629309024054411      , -0.24946353727361886      , -0.25526823416466127     
 -0.30409250576638408      , -0.26719475444867991      , -0.25907890083227025     
 -0.32320141725391272      , -0.28601645195124986      , -0.26451479464037853     
 -0.34341579274784845      , -0.30607631475629160      , -0.27154794566341145     
 -0.36449359250002428      , -0.32753310681370912      , -0.28016972472774587     
 -0.38630478124772710      , -0.35055667081892139      , -0.29039020643681313     
 -0.40893019096141858      , -0.37532806847835753      , -0.30223760130804356     
 -0.43267970990389970      , -0.40203977563750370      , -0.31575776104721937     
 -0.45804248114631863      , -0.43089583842782897      , -0.33101375087482215     
 -0.48560839037150794      , -0.46211188333042980      , -0.34808547250654798     
 -0.51599554845479167      , -0.49591485471487706      , -0.36706931029059908     
 -0.54979007547862890      , -0.53254232681396518      , -0.38807776046718501     
 -0.58748553303646656      , -0.57224120193494643      , -0.41123898881699250     
 -0.62942136165384666      , -0.61526556162170254      , -0.43669624430404413     
 -0.67574471765803534      , -0.66187338119341854      , -0.46460703482419996     
 -0.72642616825898221      , -0.71232174967747208      , -0.49514194493394065     
 -0.78133690843702830      , -0.76686015654029704      , -0.52848294357277537     
 -0.84035970676029614      , -0.82572131529877424      , -0.56482099157809673     
 -0.90348281503770489      , -0.88910889631946843      , -0.60435271386681955     
 -0.97083285576040734      , -0.95718144561732144      , -0.64727584989268017     
  -1.0426368564699660      ,  -1.0300316888973573      , -0.69378314002236041     
  -1.1191400374406502      ,  -1.1076603862467747      , -0.74405424852281254     
  -1.2005135907185123      ,  -1.1899439527310121      , -0.79824527282869806     
  -1.2867607031202382      ,  -1.2765952520927344      , -0.85647535524582685     
  -1.3776035954295445      ,  -1.3671173852263221      , -0.91880991527361622     
  -1.4723474495846747      ,  -1.4607510350535038      , -0.98524008462433921     
  -1.5697624573068114      ,  -1.5564171138177354      ,  -1.0556580887928402     
  -1.6680513956600673      ,  -1.6526582029154728      ,  -1.1298286242713289     
  -1.7649343931551975      ,  -1.7475846497656911      ,  -1.2073567810173433     
  -1.8578030913407193      ,  -1.8388341462472721      ,  -1.2876538045436170     
  -1.9438421843905032      ,  -1.9235568958115867      ,  -1.3699030094540989     
  -2.0200391069916508      ,  -1.9984414754470683      ,  -1.4530294256971485     
  -2.0830874270912054      ,  -2.0597981597360326      ,  -1.5356781714554506     
  -2.1292750910493932      ,  -2.1037152903137084      ,  -1.6162078635177315     
  -2.1544858020019371      ,  -2.1262985059202357      ,  -1.6927062008074754     
  -2.1544231476269702      ,  -2.1239908924464261      ,  -1.7630346532475247     
  -2.1251063188224544      ,  -2.0939542405694795      ,  -1.8249073791125396     
  -2.0635909092977953      ,  -2.0344698460352229      ,  -1.8760056647451384     
  -1.9687529345118187      ,  -1.9452969176045305      ,  -1.9141233645507050     
  -1.8418904047829319      ,  -1.8279153874829066      ,  -1.9373317682185185     
  -1.6869201450497702      ,  -1.6855855241203963      ,  -1.9441455890870691     
  -1.5100996837268847      ,  -1.5231832073349167      ,  -1.9336674312105187     
  -1.3193791233266912      ,  -1.3468136481388202      ,  -1.9056880830014979     
  -1.1235420864600618      ,  -1.1632561703974931      ,  -1.8607252165892612     
 -0.93125037020201429      , -0.97933229922058140      ,  -1.7999928104286804     
 -0.75008099765170722      , -0.80130503042066714      ,  -1.7253055011865772     
 -0.58561416863217297      , -0.63440384938197447      ,  -1.6389329214769353     
 -0.44069460030844138      , -0.48253394132337513      ,  -1.5434260887480573     
 -0.31533843781530357      , -0.34818283590830196      ,  -1.4414396800717835     
 -0.20776073136358553      , -0.23249812814134732      ,  -1.3355709038006018     
 -0.11605056833967682      , -0.13548555971593074      ,  -1.2282293332833776     
  -3.9273266638576429E-002 ,  -5.6269906219155272E-002 ,  -1.1215446562215881     
   2.2640879077597143E-002 ,   6.6318975710786821E-003 ,  -1.0173126590833490     
   6.9730068718733260E-002 ,   5.5061524558877140E-002 , -0.91697499538263172     
  0.10264290676906505      ,   9.1014157251776917E-002 , -0.82162566727776609     
  0.12274758900531138      ,  0.11648438835860699      , -0.73203639435533829     
  0.13200504267904334      ,  0.13336077817771405      , -0.64869359043157415     
  0.13280713846354603      ,  0.14336166147433382      , -0.57184093095123456     
  0.12774550576110605      ,  0.14800295290998974      , -0.50152299788620158     
  0.11936471741908095      ,  0.14858893126008563      , -0.43762692591034791     
  0.10991445844203049      ,  0.14621829166196354      , -0.37992018122204974     
  0.10102889138373779      ,  0.14179943589764171      , -0.32808352909402183     
   9.3460906620469769E-002 ,  0.13607060347492927      , -0.28173890008174274     
   8.7091605000676545E-002 ,  0.12962183015824019      , -0.24047229154001515     
   8.1221376848034016E-002 ,  0.12291679566143585      , -0.20385209363802392     
   7.5023033937698158E-002 ,  0.11631340530896644      , -0.17144335712803233     
   6.8022096892163847E-002 ,  0.11008249150981247      , -0.14281856471464840     
   6.0372937357730708E-002 ,  0.10442437711713656      , -0.11756546009112379     
   5.2780271115235582E-002 ,   9.9483265975480822E-002 ,  -9.5292450698742537E-002
   4.6211429989604390E-002 ,   9.5359557810579046E-002 ,  -7.5632046969053610E-002
   4.1612392402694924E-002 ,   9.2120256097234787E-002 ,  -5.8242741815565935E-002
   3.9671480687262374E-002 ,   8.9807670522331809E-002 ,  -4.2809675278040152E-002
   4.0632403998863101E-002 ,   8.8446624947945987E-002 ,  -2.9044373790967137E-002
   4.4210636440779265E-002 ,   8.8050377067792895E-002 ,  -1.6683803224649796E-002
   4.9663213960464317E-002 ,   8.8625443418063860E-002 ,  -5.4889303017962065E-003
   5.6024458436039266E-002 ,   9.0175506903978228E-002 ,   4.7570517042281801E-003
   6.2444751817707853E-002 ,   9.2704565893845861E-002 ,   1.4250710197358178E-002
   6.8500915011213248E-002 ,   9.6219465629758111E-002 ,   2.3170478593267770E-002
   7.4343859392118072E-002 ,  0.10073193503900983      ,   3.1678808289697137E-002
   8.0604899082624637E-002 ,  0.10626023546901686      ,   3.9924315065625528E-002
   8.8108735450707534E-002 ,  0.11283051264599034      ,   4.8043883403733036E-002
   9.7566301902661190E-002 ,  0.12047792935848968      ,   5.6164704860415256E-002
  0.10939537806698896      ,  0.12924764397219127      ,   6.4406236612651963E-002
  0.12367968695149494      ,  0.13919568879702723      ,   7.2882074089193616E-002
  0.14021227569726227      ,  0.15038979239713457      ,   8.1701737491125151E-002
  0.15858329570355142      ,  0.16291018095003260      ,   9.0972376317400280E-002
  0.17826725439221566      ,  0.17685038546522014      ,  0.10080039897459114     
  0.19870049280640506      ,  0.19231807375030874      ,  0.11129303635303416     
  0.21940440328816652      ,  0.20943591808758993      ,  0.12255984902471209     
  0.24015829939751970      ,  0.22834250119983526      ,  0.13471418753482758     
  0.26111715184373657      ,  0.24919325368583059      ,  0.14787461413054032     
  0.28279024077449266      ,  0.27216140501006614      ,  0.16216629213985403     
  0.30592128321583711      ,  0.29743891648856235      ,  0.17772234594660688     
  0.33136614551341476      ,  0.32523734746483168      ,  0.19468518987864572     
  0.35999667912988459      ,  0.35578858369275485      ,  0.21320781800241143     
  0.39258515679153810      ,  0.38934532818804513      ,  0.23345503833546014     
  0.42965200270608728      ,  0.42618121744158366      ,  0.25560462372991749     
  0.47134209406436162      ,  0.46659037743175252      ,  0.27984833683908750     
  0.51741072925262688      ,  0.51088617139247883      ,  0.30639276713294245     
  0.56734822080443514      ,  0.55939881143258230      ,  0.33545989260639347     
  0.62062411564849251      ,  0.61247140525082377      ,  0.36728724609690205     
  0.67697652210322523      ,  0.67045388387585647      ,  0.40212752422049775     
  0.73660848277144786      ,  0.73369410400377422      ,  0.44024742390437027     
  0.80017722332634433      ,  0.80252523878664739      ,  0.48192542541007199     
  0.86861701261596280      ,  0.87724836805713469      ,  0.52744816004763362     
  0.94296922363615410      ,  0.95810896533412482      ,  0.57710490493869326     
   1.0243088678756971      ,   1.0452657805728223      ,  0.63117963775002872     
   1.1136293059154487      ,   1.1387504820354777      ,  0.68993996663175328     
   1.2115019494911008      ,   1.2384164273482181      ,  0.75362213632406572     
   1.3175789020157334      ,   1.3438752066554114      ,  0.82241122208398265     
   1.4302722186620533      ,   1.4544203201472676      ,  0.89641559472431365     
   1.5469223931538507      ,   1.5689387609178072      ,  0.97563482829485038     
   1.6644433024861427      ,   1.6858136658766292      ,   1.0599205065801458     
   1.7800524613043542      ,   1.8028248692118054      ,   1.1489299706560232     
   1.8915997066140025      ,   1.9170593339240956      ,   1.2420740599845279     
   1.9972880199517313      ,   2.0248499264203508      ,   1.3384614507544750     
   2.0949927211690307      ,   2.1217681005363196      ,   1.4368443490931841     
   2.1815840546968692      ,   2.2027020523138305      ,   1.5355729780716709     
   2.2525231898842284      ,   2.2620538223631388      ,   1.6325691829374855     
   2.3018056459736456      ,   2.2940825631095625      ,   1.7253318865775926     
   2.3223350946486772      ,   2.2934025096515773      ,   1.8109879719485740     
   2.3068626476299521      ,   2.2556108582566328      ,   1.8864000927656583     
   2.2494494276299175      ,   2.1779756365249536      ,   1.9483366994347122     
   2.1470658464737236      ,   2.0600674067786091      ,   1.9936988387326597     
   2.0007096210422755      ,   1.9041894755754216      ,   2.0197843039439829     
   1.8155292759006836      ,   1.7154692943814802      ,   2.0245557812127513     
   1.5999472076939099      ,   1.5015302430138926      ,   2.0068705581414674     
   1.3643651356785316      ,   1.2717598040209583      ,   1.9666297015238157     
   1.1200557012803460      ,   1.0362971825751546      ,   1.9048163682796677     
  0.87830972682406072      ,  0.80493991239132967      ,   1.8234138682300103     
  0.64964395341777648      ,  0.58618396610125834      ,   1.7252181534258575     
  0.44283094220836888      ,  0.38656124625243360      ,   1.6135790714816123     
  0.26325698871522851      ,  0.21034630813473335      ,   1.4921143988777912     
  0.11126759603774564      ,   5.9608695163686748E-002 ,   1.3644388805009304     
  -1.7018011889109931E-002 ,  -6.5479933137011226E-002 ,   1.2339398472094227     
 -0.12608853664366582      , -0.16620055027530495      ,   1.1036162944159156     
 -0.21794254874926339      , -0.24481000764352695      ,  0.97598429919751772     
 -0.29201391756765849      , -0.30410886996064257      ,  0.85304136147876719     
 -0.34734512159153608      , -0.34709476490187574      ,  0.73627664433751827     
 -0.38437676237370860      , -0.37671289195006802      ,  0.62671257737338548     
 -0.40498732318882641      , -0.39569614814294074      ,  0.52496455981118595     
 -0.41204414404852757      , -0.40647782964416257      ,  0.43130818574931273     
 -0.40927800087748306      , -0.41115746707718875      ,  0.34574645755035577     
 -0.40080733523667256      , -0.41150210621487715      ,  0.26807221390270930     
 -0.39053320075249365      , -0.40896890310199524      ,  0.19792318892810590     
 -0.38186867813339131      , -0.40473875859198022      ,  0.13482868670199558     
 -0.37721344383114463      , -0.39975409662649936      ,   7.8247876867343358E-002
 -0.37727076501844059      , -0.39475651542952789      ,   2.7600314319150377E-002
 -0.38114985291939835      , -0.39032191242298492      ,  -1.7710416716385423E-002
 -0.38715171885521593      , -0.38689192741735651      ,  -5.8278932325788971E-002
 -0.39357911171222781      , -0.38480132170628584      ,  -9.4685166360762144E-002
 -0.39952569353759626      , -0.38430135678688487      , -0.12748546907213734     
 -0.40529545497446151      , -0.38557946906189577      , -0.15720688788408219     
 -0.41191053922562754      , -0.38877563790933228      , -0.18434394603443194     
 -0.42031142632405177      , -0.39399586905819672      , -0.20935734501658584     
 -0.43111757447308185      , -0.40132319833040991      , -0.23267411661505247     
 -0.44471155892370334      , -0.41082658358391927      , -0.25468883757681537     
 -0.46120647629484757      , -0.42256800707019559      , -0.27576559431625691     
 -0.48035056593764802      , -0.43660806267782115      , -0.29624044721241904     
 -0.50150144553113474      , -0.45301025559336150      , -0.31642419513785502     
 -0.52383530387874622      , -0.47184419680003337      , -0.33660528206910106     
 -0.54675974947115458      , -0.49318783156868379      , -0.35705272011539529     
 -0.57021621445490034      , -0.51712879917563415      , -0.37801892807114496     
 -0.59470995134934723      , -0.54376497977004823      , -0.39974240249018106     
 -0.62111974205443932      , -0.57320424278403181      , -0.42245014997122587     
 -0.65036379801562860      , -0.60556336871600913      , -0.44635981535506558     
 -0.68313705557796922      , -0.64096607180850518      , -0.47168144125200534     
 -0.71991065593527304      , -0.67954000459510544      , -0.49861879002709569     
 -0.76100542997470100      , -0.72141257642418488      , -0.52737015029433365     
 -0.80649586866373113      , -0.76670536747726248      , -0.55812853633776005     
 -0.85610327620673865      , -0.81552686917319506      , -0.59108117101442681     
 -0.90924702804343083      , -0.86796323453109814      , -0.62640812116689004     
 -0.96522568078139381      , -0.92406668383501045      , -0.66427993038313904     
  -1.0235085565546316      , -0.98384119101453216      , -0.70485406880495360     
  -1.0839970213156067      ,  -1.0472250883707017      , -0.74826999640014280     
  -1.1470095051689235      ,  -1.1140702913966432      , -0.79464261903395428     
  -1.2130048436663228      ,  -1.1841179882630797      , -0.84405391227026083     
  -1.2823031857047162      ,  -1.2569708943107780      , -0.89654250528706636     
  -1.3549588636744490      ,  -1.3320625811600497      , -0.95209106900782137     
  -1.4307196798700255      ,  -1.4086249955284553      ,  -1.0106114543405447     
  -1.5089005511477507      ,  -1.4856561204709910      ,  -1.0719276969676881     
  -1.5881094934402284      ,  -1.5618908147046162      ,  -1.1357572641826892     
  -1.6660409620213528      ,  -1.6357791596741007      ,  -1.2016912837629112     
  -1.7396454004919231      ,  -1.7054780339848252      ,  -1.2691749722667758     
  -1.8056647109872659      ,  -1.7688628873783263      ,  -1.3374900584707226     
  -1.8611954790092784      ,  -1.8235674200729917      ,  -1.4057416326856329     
  -1.9039275758203495      ,  -1.8670585584756816      ,  -1.4728524544807782     
  -1.9319666725864271      ,  -1.8967521385750084      ,  -1.5375681751794532     
  -1.9434687820196754      ,  -1.9101705150628026      ,  -1.5984769812271005     
  -1.9364231385963631      ,  -1.9051366868038477      ,  -1.6540466183546458     
  -1.9087519693945103      ,  -1.8799909029060546      ,  -1.7026804229180070     
  -1.8587039321746892      ,  -1.8338064567641899      ,  -1.7427917898376235     
  -1.7854081965540427      ,  -1.7665738233804884      ,  -1.7728935811366489     
  -1.6894009086031256      ,  -1.6793193399910480      ,  -1.7916957382361516     
  -1.5729509458581243      ,  -1.5741287994909499      ,  -1.7982014834472844     
  -1.4400736517053181      ,  -1.4540585711738296      ,  -1.7917907942460058     
  -1.2961881914382460      ,  -1.3229355864692047      ,  -1.7722800115972297     
  -1.1474646856635577      ,  -1.1850684983651558      ,  -1.7399488134297523     
  -1.0000133513957652      ,  -1.0449098261764556      ,  -1.6955300711564372     
 -0.85911392525658759      , -0.90671780055009554      ,  -1.6401634518064443     
 -0.72864610891265824      , -0.77426443399857336      ,  -1.5753188259838156     
 -0.61082869439884369      , -0.65062418559314306      ,  -1.5026994293425207     
 -0.50635128542648156      , -0.53805960856055846      ,  -1.4241365517228026     
 -0.41488579716137264      , -0.43800192017994610      ,  -1.3414871510683963     
 -0.33574996609408370      , -0.35111004356225739      ,  -1.2565436330226010     
 -0.26837135735773315      , -0.27738372851379317      ,  -1.1709618668190174     
 -0.21236661393290843      , -0.21630490680726164      ,  -1.0862101432000582     
 -0.16735603726503304      , -0.16698485479310698      ,  -1.0035388660824414     
 -0.13276553698721735      , -0.12830075441590932      , -0.92396866930221366     
 -0.10774344001514460      ,  -9.9011800828282467E-002 , -0.84829344980179178     
  -9.1161578442112576E-002 ,  -7.7850703932708876E-002 , -0.77709439787087953     
  -8.1656135393582852E-002 ,  -6.3590613793592488E-002 , -0.71076127246323817     
  -7.7712730519488932E-002 ,  -5.5090083998159803E-002 , -0.64951768650273467     
  -7.7802945509312646E-002 ,  -5.1319928652182122E-002 , -0.59344783846858606     
  -8.0559875684915350E-002 ,  -5.1376111790610725E-002 , -0.54252281249798806     
  -8.4958035424169132E-002 ,  -5.4482506497482014E-002 , -0.49662518528688282     
  -9.0433307308039931E-002 ,  -5.9986771525834218E-002 , -0.45557118450738321     
  -9.6883139708093313E-002 ,  -6.7351918144290771E-002 , -0.41913003141958882     
 -0.10453805403033439      ,  -7.6145498697450006E-002 , -0.38704037906701927     
 -0.11374599999444208      ,  -8.6027798752510112E-002 , -0.35902394463510756     
 -0.12474216911461294      ,  -9.6739974650656230E-002 , -0.33479655016284376     
 -0.13749013488120240      , -0.10809274326090544      , -0.31407684844854894     
 -0.15164892346097472      , -0.11995598579839001      , -0.29659303637498741     
 -0.16665626077766191      , -0.13224945471734162      , -0.28208785835243927     
 -0.18188005416100378      , -0.14493465480064185      , -0.27032218738771446     
 -0.19679077351865776      , -0.15800789211005009      , -0.26107744707156139     
 -0.21110937893024084      , -0.17149443591142843      , -0.25415710912940392     
 -0.22488549149815293      , -0.18544371031143450      , -0.24938747116086327     
 -0.23847729599346812      , -0.19992541770844602      , -0.24661788975310234     
 -0.25243709707321066      , -0.21502649063002746      , -0.24572061646105828     
 -0.26733753838044017      , -0.23084876878264615      , -0.24659035883437774     
 -0.28359299709199703      , -0.24750730180244249      , -0.24914366600070298     
 -0.30133911314843448      , -0.26512918355277493      , -0.25331821830752771     
 -0.32042497146606513      , -0.28385282959556735      , -0.25907208303752821     
 -0.34052915492256597      , -0.30382761469181757      , -0.26638298299531660     
 -0.36134658145983473      , -0.32521379106320952      , -0.27524761149537930     
 -0.38275814544352393      , -0.34818260996592526      , -0.28568101558953890     
 -0.40491512216244313      , -0.37291656820932029      , -0.29771605884614949     
 -0.42822268348440168      , -0.39960969688581727      , -0.31140296518496530     
 -0.45325712954668151      , -0.42846780097640164      , -0.32680893569513642     
 -0.48067246141583675      , -0.45970854475326928      , -0.34401782048743806     
 -0.51112833937724678      , -0.49356125796539929      , -0.36312981686817919     
 -0.54522905115642162      , -0.53026631045188799      , -0.38426115281641809     
 -0.58345189934173580      , -0.57007386672513005      , -0.40754370016543978     
 -0.62607483860479851      , -0.61324178576453203      , -0.43312444421807728     
 -0.67314493202185044      , -0.66003237338925247      , -0.46116471487057925     
 -0.72452367233271120      , -0.71070762410160104      , -0.49183905773979042     
 -0.78000453701766037      , -0.76552250598750449      , -0.52533359135827784     
 -0.83945344539025701      , -0.82471574748206744      , -0.56184365743896569     
 -0.90290485963889600      , -0.88849748268377926      , -0.60157052509409392     
 -0.97057013356963662      , -0.95703301110356997      , -0.64471685702333670     
  -1.0427666159347844      ,  -1.0304218440011301      , -0.69148058764199649     
  -1.1198154390445247      ,  -1.1086711689674305      , -0.74204680358594444     
  -1.2019460785548883      ,  -1.1916629079707703      , -0.79657716295425818     
  -1.2891991251792512      ,  -1.2791137317463777      , -0.85519635278332806     
  -1.3812946432167708      ,  -1.3705278083744008      , -0.91797508300500474     
  -1.4774711414194546      ,  -1.4651428133852800      , -0.98490917658624821     
  -1.5763660901168539      ,  -1.5618709377351614      ,  -1.0558944769156287     
  -1.6760248718030601      ,  -1.6592384213378226      ,  -1.1306976022292721     
  -1.7740533531088070      ,  -1.7553295920387670      ,  -1.2089230872994532     
  -1.8678220506940870      ,  -1.8477444638281029      ,  -1.2899782167765024     
  -1.9545847088177708      ,  -1.9335823784575716      ,  -1.3730379039287575     
  -2.0314336663670773      ,  -2.0094673378281551      ,  -1.4570132840711101     
  -2.0951309906138413      ,  -2.0716324741702135      ,  -1.5405291632885045     
  -2.1419439925204258      ,  -2.1160799622598705      ,  -1.6219168435451898     
  -2.1676334283716288      ,  -2.1388267571723301      ,  -1.6992297223010837     
  -2.1677051924287669      ,  -2.1362343452227091      ,  -1.7702888766971601     
  -2.1379648292639275      ,  -2.1054020599515408      ,  -1.8327639813947796     
  -2.0753105788447126      ,  -2.0445807668991480      ,  -1.8842909353405151     
  -1.9785771588182590      ,  -1.9535423966589387      ,  -1.9226215166584080     
  -1.8491582627621823      ,  -1.8338290488603362      ,  -1.9457930344686416     
  -1.6911745754224474      ,  -1.6888114028237018      ,  -1.9522989358118306     
  -1.5111336832840137      ,  -1.5235141097589926      ,  -1.9412368422279591     
  -1.3172219757646542      ,  -1.3442120210571691      ,  -1.9124105565793181     
  -1.1184131369744630      ,  -1.1578532144471796      ,  -1.8663681352799042     
 -0.92350798278802904      , -0.97140576902449882      ,  -1.8043683566136113     
 -0.74017900443345996      , -0.79124071353522030      ,  -1.7282803210774276     
 -0.57405464985085353      , -0.62264865754680543      ,  -1.6404321365977033     
 -0.42795297946696481      , -0.46954913069346166      ,  -1.5434317569348321     
 -0.30177765852161509      , -0.33440429339267902      ,  -1.4399846537350298     
 -0.19360389073368786      , -0.21830781663064763      ,  -1.3327295467317848     
 -0.10144245560051202      , -0.12119519779513725      ,  -1.2241066936955947     
  -2.4372104627768107E-002 ,  -4.2115597683410992E-002 ,  -1.1162655197519116     
   3.7619914501715701E-002 ,   2.0486709436646308E-002 ,  -1.0110115465697123     
   8.4539421200020948E-002 ,   6.8517777469615099E-002 , -0.90978775496973741     
  0.11705256473000143      ,  0.10402626193743578      , -0.81368293448099915     
  0.13657966630744947      ,  0.12904874663052246      , -0.72345890814728753     
  0.14515301315490772      ,  0.14550507020936551      , -0.63958917068628618     
  0.14524475215781690      ,  0.15513562773870865      , -0.56230283043951657     
  0.13952044275475489      ,  0.15947093878374241      , -0.49162931722975295     
  0.13058460938750066      ,  0.15982416769303215      , -0.42744079806285401     
  0.12073175136559412      ,  0.15729872395344635      , -0.36949047281843572     
  0.11161587362910363      ,  0.15280484568268940      , -0.31744585488358845     
  0.10397655520420465      ,  0.14708076104513482      , -0.27091679461893292     
   9.7657594780196574E-002 ,  0.14071543813105639      , -0.22947842460269577     
   9.1916513296166208E-002 ,  0.13417102251796589      , -0.19268945063371956     
   8.5896678971306040E-002 ,  0.12780384748378712      , -0.16010633292912446     
   7.9124550674204486E-002 ,  0.12188343978152048      , -0.13129393972555115     
   7.1785848700226723E-002 ,  0.11660929459036382      , -0.10583324203678925     
   6.4624879112592085E-002 ,  0.11212541045637760      ,  -8.3326575815892520E-002
   5.8635102659921529E-002 ,  0.10853270131855734      ,  -6.3400941043187109E-002
   5.4769707683903129E-002 ,  0.10589946947631626      ,  -4.5709745725188280E-002
   5.3707901200488115E-002 ,  0.10427015253733518      ,  -2.9933342086985087E-002
   5.5671424387259284E-002 ,  0.10367256371322282      ,  -1.5778645510833335E-002
   6.0345509051097729E-002 ,  0.10412383785823971      ,  -2.9780755577153233E-003
   6.6955470690851615E-002 ,  0.10563528140448651      ,   8.7119867305855848E-003
   7.4513356859192997E-002 ,  0.10821630655474181      ,   1.9513070123515407E-002
   8.2168200919799955E-002 ,  0.11187761099747581      ,   2.9626691293402192E-002
   8.9520127442848457E-002 ,  0.11663374533339807      ,   3.9236545986113792E-002
   9.6759736444159014E-002 ,  0.12250519210664432      ,   4.8510742915426050E-002
  0.10455746942354807      ,  0.12952006322130361      ,   5.7604029240280456E-002
  0.11376197960264715      ,  0.13771550677706540      ,   6.6659972083182917E-002
  0.12509219080373704      ,  0.14713890001021801      ,   7.5813073027227965E-002
  0.13896930783353914      ,  0.15784889200725963      ,   8.5190802334656729E-002
  0.15548517719649096      ,  0.16991634801598865      ,   9.4915547152699190E-002
  0.17444473960611118      ,  0.18342523629126711      ,  0.10510647354626416     
  0.19544784818226377      ,  0.19847348819084690      ,  0.11588130609579436     
  0.21797241552570576      ,  0.21517385232113451      ,  0.12735803123493067     
  0.24145531395756437      ,  0.23365475348327366      ,  0.13965653162546596     
  0.26542843558251844      ,  0.25406115644904970      ,  0.15290015875808619     
  0.28970318466012224      ,  0.27655542254615456      ,  0.16721724963564050     
  0.31448445877407177      ,  0.30131813284431563      ,  0.18274259076972924     
  0.34033243160572224      ,  0.32854883440907107      ,  0.19961882863850883     
  0.36803045241488852      ,  0.35846664439448767      ,  0.21799781994534886     
  0.39846765467701395      ,  0.39131061915952309      ,  0.23804190709181647     
  0.43255723360595361      ,  0.42733976025768178      ,  0.25992509369566286     
  0.47112437273411728      ,  0.46683248383084736      ,  0.28383408103491098     
  0.51473455696334891      ,  0.51008532201043177      ,  0.30996910807541045     
  0.56353828224041635      ,  0.55741055142552731      ,  0.33854451411498021     
  0.61723920007407518      ,  0.60913235169282998      ,  0.36978891269851522     
  0.67523472217113012      ,  0.66558098285394907      ,  0.40394482676344723     
  0.73690441019786790      ,  0.72708433304494668      ,  0.44126758626840140     
  0.80193824981216033      ,  0.79395602623684047      ,  0.48202322918040019     
  0.87053316840407191      ,  0.86647909879151963      ,  0.52648507335109662     
  0.94334342090174328      ,  0.94488406424180749      ,  0.57492854014299799     
   1.0212592402730063      ,   1.0293200115880103      ,  0.62762371220481183     
   1.1052161851934055      ,   1.1198172657769607      ,  0.68482500244872102     
   1.1961112320847624      ,   1.2162401498838087      ,  0.74675720953346603     
   1.2946467296429640      ,   1.3182286351005581      ,  0.81359715612049432     
   1.4009120168629383      ,   1.4251283035935616      ,  0.88545008151459337     
   1.5138311695403763      ,   1.5359092905780751      ,  0.96232003866968674     
   1.6308916798474111      ,   1.6490769691601981      ,   1.0440737963954980     
   1.7484688038186049      ,   1.7625803520093120      ,   1.1303982621456463     
   1.8626167316005398      ,   1.8737286770511576      ,   1.2207523257973252     
   1.9698057876915034      ,   1.9791323337539792      ,   1.3143153831750887     
   2.0671144618945019      ,   2.0746905761774594      ,   1.4099366878493840     
   2.1517954050459012      ,   2.1556539445227054      ,   1.5060920462594489     
   2.2205589460776016      ,   2.2167915023342668      ,   1.6008569537318578     
   2.2690382733285950      ,   2.2526884218042524      ,   1.6919075042317528     
   2.2917221716382952      ,   2.2581843870692953      ,   1.7765613825387028     
   2.2824401467790447      ,   2.2289354566246842      ,   1.8518697931255470     
   2.2353888929935923      ,   2.1620431645734275      ,   1.9147661847452768     
   2.1465512944223741      ,   2.0566529170936714      ,   1.9622686169821451     
   2.0151036772022715      ,   1.9143940614837531      ,   1.9917204286638490     
   1.8442290493894897      ,   1.7395340488428781      ,   2.0010411052933321     
   1.6409381505023648      ,   1.5387608201874197      ,   1.9889499507456627     
   1.4150436295615834      ,   1.3205875736851553      ,   1.9551235362441517     
   1.1778276032457997      ,   1.0944698721640391      ,   1.9002562817400708     
  0.94079550107812959      ,  0.86980197130440695      ,   1.8260108125278076     
  0.71462824357845689      ,  0.65498696600371087      ,   1.7348662255019947     
  0.50825282766531477      ,  0.45674402410833626      ,   1.6298915649064565     
  0.32754024002261928      ,  0.27974115223213653      ,   1.5144830970439576     
  0.17377116524197411      ,  0.12655500924438956      ,   1.3921050714225933     
   4.3879620052637222E-002 ,  -2.1093609545281568E-003 ,   1.2660659784698975     
  -6.6533994496865659E-002 , -0.10703999294361360      ,   1.1393497488246689     
 -0.15997318877091871      , -0.19008160102014149      ,   1.0145082306768012     
 -0.23636905219690912      , -0.25371953242299472      ,  0.89361081724419855     
 -0.29482531022089115      , -0.30073129688479561      ,  0.77824067797363217     
 -0.33549983557774304      , -0.33392454246025399      ,  0.66952453904332021     
 -0.35992809694983907      , -0.35596005720225277      ,  0.56818335328088643     
 -0.37059082628619761      , -0.36924698732802863      ,  0.47459326396003948     
 -0.37079185881362559      , -0.37589322082260024      ,  0.38884895656509771     
 -0.36436599326921376      , -0.37769423707262845      ,  0.31082411065795684     
 -0.35511906548346406      , -0.37614639022080093      ,  0.24022584882287670     
 -0.34649986707622604      , -0.37247398388673925      ,  0.17664171537082027     
 -0.34114391524625381      , -0.36766269850571237      ,  0.11957883348917736     
 -0.34017030440845564      , -0.36249455027626887      ,   6.8495581330194732E-002
 -0.34305874315810292      , -0.35758150586839088      ,   2.2826506073900316E-002
 -0.34828761884627463      , -0.35339622047587044      ,  -1.7998639778078043E-002
 -0.35412671312326338      , -0.35029923678836039      ,  -5.4540824849171811E-002
 -0.35941410966065923      , -0.34856251030891594      ,  -8.7341759806201569E-002
 -0.36410595916217980      , -0.34838942264384626      , -0.11691723052267909     
 -0.36904670762182573      , -0.34993159229674742      , -0.14375306250130479     
 -0.37524289452048781      , -0.35330285041969134      , -0.16830313786135651     
 -0.38348817116737771      , -0.35859075534454887      , -0.19098898192971681     
 -0.39435625884171910      , -0.36586599856871060      , -0.21220052210168877     
 -0.40814078280973010      , -0.37519002047089617      , -0.23229769598738090     
 -0.42473071083228453      , -0.38662111437854607      , -0.25161264904947012     
 -0.44355484297858327      , -0.40021925684407017      , -0.27045231471455861     
 -0.46374113154775665      , -0.41604986199587363      , -0.28910121329269922     
 -0.48451380389365006      , -0.43418661921318441      , -0.30782434099060302     
 -0.50556680943182197      , -0.45471353602796433      , -0.32687004780146445     
 -0.52719748402267463      , -0.47772627159494169      , -0.34647282392138790     
 -0.55019541550780005      , -0.50333280959024207      , -0.36685592925790400     
 -0.57553376198675310      , -0.53165348217388397      , -0.38823381009042951     
 -0.60404376269389681      , -0.56282031778690689      , -0.41081425140154459     
 -0.63631485342922200      , -0.59697564414214421      , -0.43480021307211597     
 -0.67275504704772626      , -0.63426983296738892      , -0.46039129315319621     
 -0.71355403110261773      , -0.67485802422642949      , -0.48778475182937375     
 -0.75858868342223040      , -0.71889561443919947      , -0.51717601545449898     
 -0.80743134962791274      , -0.76653223684161209      , -0.54875856116675947     
 -0.85946752537625248      , -0.81790390218311593      , -0.58272305918769784     
 -0.91413569616418899      , -0.87312291159351063      , -0.61925562236534037     
 -0.97122575572247183      , -0.93226510369459192      , -0.65853498173058778     
  -1.0309958684905935      , -0.99535396770232754      , -0.70072837453749337     
  -1.0940027927644804      ,  -1.0623411591474730      , -0.74598590049483626     
  -1.1608273558273694      ,  -1.1330830190770358      , -0.79443307761640658     
  -1.2318989944092738      ,  -1.2073128544503686      , -0.84616131890993951     
  -1.3074395598134116      ,  -1.2846090303135032      , -0.90121606603373261     
  -1.3873729964688419      ,  -1.3643594057596606      , -0.95958237131782331     
  -1.4710588185650586      ,  -1.4457233725700702      ,  -1.0211678349887090     
  -1.5569591808069441      ,  -1.5275937779192856      ,  -1.0857830039380234     
  -1.6425828469405011      ,  -1.6085623533591964      ,  -1.1531196477268890     
  -1.7248775708699440      ,  -1.6868938939161400      ,  -1.2227277695525685     
  -1.8008513758940394      ,  -1.7605161903145281      ,  -1.2939927958138346     
  -1.8680073067978600      ,  -1.8270343129837907      ,  -1.3661151039794051     
  -1.9243256825961219      ,  -1.8837787772127064      ,  -1.4380948387112886     
  -1.9678789559961898      ,  -1.9278966816365157      ,  -1.5087257139824952     
  -1.9964137991969018      ,  -1.9564922881605553      ,  -1.5766020145148025     
  -2.0071804131871938      ,  -1.9668179842404507      ,  -1.6401430354681412     
  -1.9971011559944158      ,  -1.9565078935156675      ,  -1.6976384459203631     
  -1.9632412666634040      ,  -1.9238352622592316      ,  -1.7473162883833551     
  -1.9034676715917211      ,  -1.8679631247608479      ,  -1.7874324592804500     
  -1.8171330932950045      ,  -1.7891488963989355      ,  -1.8163767754887499     
  -1.7055921145849835      ,  -1.6888613174542515      ,  -1.8327867172578691     
  -1.5723609072207652      ,  -1.5697756537403367      ,  -1.8356565804305158     
  -1.4228289920628714      ,  -1.4356308657342878      ,  -1.8244281277482193     
  -1.2636004708007140      ,  -1.2909575812169940      ,  -1.7990497282333926     
  -1.1016571842415683      ,  -1.1407118013422741      ,  -1.7599946421626305     
 -0.94353573016316150      , -0.98986866166433762      ,  -1.7082349636031091     
 -0.79462991410172845      , -0.84303727905915227      ,  -1.6451744759519611     
 -0.65866776728031584      , -0.70414998917810345      ,  -1.5725497021054149     
