   1.2063406588745673      ,   2.1229450724483714      ,   1.4655193661558268     
   2.0696442163408335      ,   2.1929852415350255      ,   1.5610585270229873     
   2.2425408432471672      ,   2.2400776937172493      ,   1.6539053462152871     
   2.2573841227579092      ,   2.2589017442634218      ,   1.7415228812149708     
   2.1698250592654671      ,   2.2447042742917840      ,   1.8210630112943438     
   2.0794860173676910      ,   2.1939089102960634      ,   1.8894909061409448     
   1.9863301916357983      ,   2.1047402225179983      ,   1.9437656688917380     
   1.8884407635093641      ,   1.9777454803439807      ,   1.9810672081207392     
   1.7723197774345716      ,   1.8160821072783706      ,   1.9990464820024860     
   1.6305466349801168      ,   1.6254624622894605      ,   1.9960649989817625     
   1.4583651129802859      ,   1.4137129629515430      ,   1.9713841858516696     
   1.2587649239111156      ,   1.1899972664110152      ,   1.9252693066812612     
   1.0434645590252496      ,  0.96384218103004549      ,   1.8589865037522069     
  0.83206174076585548      ,  0.74415591195967179      ,   1.7746919444430655     
  0.64412358768346278      ,  0.53842131673974125      ,   1.6752329415465239     
  0.48875169408659530      ,  0.35218728446955988      ,   1.5638959838847664     
  0.36190448026386290      ,  0.18889565376218667      ,   1.4441420266186100     
  0.25314909277480402      ,   5.0001978019320249E-002 ,   1.3193650556489360     
  0.15281892733581426      ,  -6.4700883798565631E-002 ,   1.1926989228874905     
   5.5189598666620321E-002 , -0.15666063759309845      ,   1.0668841267543117     
  -4.1058713258787960E-002 , -0.22813426990100699      ,  0.94419438639734021     
 -0.13358659586283789      , -0.28180797976757588      ,  0.82641469034470127     
 -0.21766903649882768      , -0.32049834109380249      ,  0.71485843581946695     
 -0.28759733759648015      , -0.34694074961631782      ,  0.61041059040920653     
 -0.33801146535621623      , -0.36365620077566646      ,  0.51358530372947420     
 -0.36516985369821298      , -0.37288048745330526      ,  0.42458891988492709     
 -0.36819493857481961      , -0.37653861886822665      ,  0.34338204425120999     
 -0.35011432938348658      , -0.37624917459232166      ,  0.26973670639260389     
 -0.31819783884577990      , -0.37334652660465156      ,  0.20328652779630416     
 -0.28296947790137433      , -0.36891220776140959      ,  0.14356912745924336     
 -0.25569393540495650      , -0.36380958762195265      ,   9.0060855130340983E-002
 -0.24506737576395629      , -0.35871823902491112      ,   4.2204439621893741E-002
 -0.25453638270942536      , -0.35416596004674755      ,  -5.6961569239652996E-004
 -0.28141126259425159      , -0.35055746826940914      ,  -3.8826978221081797E-002
 -0.31804444297611856      , -0.34819944144875398      ,  -7.3117879548269940E-002
 -0.35455736252850373      , -0.34732196114584557      , -0.10396913675487859     
 -0.38214864069042520      , -0.34809661831423416      , -0.13187907821838246     
 -0.39588698214917917      , -0.35065163044657438      , -0.15731475324318300     
 -0.39611477155998387      , -0.35508434474769440      , -0.18071090378070817     
 -0.38806000493290504      , -0.36147149037983400      , -0.20247026648446861     
 -0.37983065372292768      , -0.36987751301508459      , -0.22296485238673353     
 -0.37954512844964167      , -0.38036128702789984      , -0.24253791924495635     
 -0.39268372609233199      , -0.39298146021187508      , -0.26150640862046931     
 -0.42056562679120280      , -0.40780064560972051      , -0.28016366693359418     
 -0.46030920329306546      , -0.42488863596647064      , -0.29878230811027573     
 -0.50611644704999914      , -0.44432477860534586      , -0.31761710598075332     
 -0.55138287428239563      , -0.46619961183729980      , -0.33690782818834025     
 -0.59092033186654958      , -0.49061582772856122      , -0.35688194075595159     
 -0.62254473951915312      , -0.51768858938690709      , -0.37775712423213165     
 -0.64751900179468846      , -0.54754519301577265      , -0.39974354894277481     
 -0.66978977319041577      , -0.58032402491292434      , -0.42304585861538374     
 -0.69441248335627181      , -0.61617272046811900      , -0.44786480869756806     
 -0.72581782978565512      , -0.65524538527947807      , -0.47439849813077212     
 -0.76653618101693277      , -0.69769868729453444      , -0.50284312115890861     
 -0.81672739623991997      , -0.74368657348523226      , -0.53339314892254241     
 -0.87453369754706300      , -0.79335330605295495      , -0.56624082914757556     
 -0.93701708823110275      , -0.84682445416439756      , -0.60157486641105617     
  -1.0012985222842290      , -0.90419542278911047      , -0.63957811587315860     
  -1.0654896043335613      , -0.96551705894731876      , -0.68042409129601356     
  -1.1291143695514461      ,  -1.0307778612015503      , -0.72427205599499500     
  -1.1929384603101749      ,  -1.0998823509037625      , -0.77126043706710912     
  -1.2583615264870609      ,  -1.1726252724491224      , -0.82149828508863920     
  -1.3266675483725001      ,  -1.2486615134322572      , -0.87505450283288311     
  -1.3984163474416325      ,  -1.3274720230237296      , -0.93194460068929952     
  -1.4731420150298049      ,  -1.4083266142620134      , -0.99211482113025040     
  -1.5493825604040172      ,  -1.4902454189606513      ,  -1.0554236320282695     
  -1.6249569729759352      ,  -1.5719619618454443      ,  -1.1216208443547895     
  -1.6973514091701589      ,  -1.6518923291820697      ,  -1.1903249890188543     
  -1.7640776732961740      ,  -1.7281166388091584      ,  -1.2610001085055818     
  -1.8229154205276372      ,  -1.7983807511966154      ,  -1.3329337815139992     
  -1.8720163031489880      ,  -1.8601274883067285      ,  -1.4052189689836077     
  -1.9098957517294257      ,  -1.9105669316404634      ,  -1.4767430611370855     
  -1.9353485004305175      ,  -1.9467938643396794      ,  -1.5461881616983577     
  -1.9473117790137431      ,  -1.9659562972366709      ,  -1.6120469374818855     
  -1.9446901848714184      ,  -1.9654717519920386      ,  -1.6726580056065574     
  -1.9261601505914152      ,  -1.9432777608327523      ,  -1.7262635486630262     
  -1.8899887205621397      ,  -1.8980912374186156      ,  -1.7710894706649931     
  -1.8339316453562848      ,  -1.8296406962393050      ,  -1.8054450031124267     
  -1.7553260459052737      ,  -1.7388294866500131      ,  -1.8278346624583925     
  -1.6515595884678633      ,  -1.6277909378168240      ,  -1.8370716452890137     
  -1.5211295258225390      ,  -1.4998095542228083      ,  -1.8323791687938058     
  -1.3653613964468920      ,  -1.3591048903602743      ,  -1.8134659116009328     
  -1.1903540825228074      ,  -1.2105014823689850      ,  -1.7805641330966038     
  -1.0078504533101156      ,  -1.0590317642324893      ,  -1.7344240464755345     
 -0.83313659029056208      , -0.90953204853726333      ,  -1.6762645840380972     
 -0.67951257659697617      , -0.76629045839720311      ,  -1.6076872838821734     
 -0.55288355309273773      , -0.63279111119684861      ,  -1.5305650890616394     
 -0.45108953855949818      , -0.51157614327258938      ,  -1.4469203331926654     
 -0.36748663612069699      , -0.40422348056081997      ,  -1.3588058440310067     
 -0.29488588776554331      , -0.31141976406450217      ,  -1.2682004526181798     
 -0.22786021072590718      , -0.23309778801163680      ,  -1.1769262441082506     
 -0.16360361871477980      , -0.16860623877588951      ,  -1.0865906987991416     
 -0.10188578765206169      , -0.11688420726929609      , -0.99855328422125944     
  -4.4457291037728275E-002 ,  -7.6620826960369842E-002 , -0.91391352682143312     
   5.8173404985753518E-003 ,  -4.6388750188870759E-002 , -0.83351620498294843     
   4.5855602343367545E-002 ,  -2.4747247274474339E-002 , -0.75796889974055193     
   7.3124968806169588E-002 ,  -1.0315729998428632E-002 , -0.68766743138630215     
   8.6229055508766944E-002 ,  -1.8214478280048640E-003 , -0.62282540323619306     
   8.5303575219351044E-002 ,   1.8736213420180853E-003 , -0.56350492439458066     
   7.2187368378210881E-002 ,   1.7615356216361129E-003 , -0.50964642339749555     
   5.0288415154836563E-002 ,  -1.3118115952818158E-003 , -0.46109619835676158     
   2.4071035197244361E-002 ,  -6.6396574477651698E-003 , -0.41763093670120399     
  -1.8101331396682616E-003 ,  -1.3643028666461270E-002 , -0.37897887546563841     
  -2.3539261888130818E-002 ,  -2.1857230537399887E-002 , -0.34483757807297111     
  -3.9012686382014827E-002 ,  -3.0917647516997382E-002 , -0.31488850072089442     
  -4.8247231288950178E-002 ,  -4.0545828998756465E-002 , -0.28880863680281205     
  -5.3173879291392362E-002 ,  -5.0536458215814865E-002 , -0.26627958437632082     
  -5.6890351348539120E-002 ,  -6.0745535952676205E-002 , -0.24699439830948178     
  -6.2625849638809308E-002 ,  -7.1079928829461902E-002 , -0.23066257968419340     
  -7.2744447802042922E-002 ,  -8.1488312368645233E-002 , -0.21701353068754367     
  -8.8075444439276437E-002 ,  -9.1953464011745173E-002 , -0.20579877078846398     
 -0.10774498198651840      , -0.10248581711414667      , -0.19679317430099824     
 -0.12953618199569075      , -0.11311816375377477      , -0.18979545356896593     
 -0.15065475253257335      , -0.12390138486828309      , -0.18462807785078555     
 -0.16865368018991819      , -0.13490108585741281      , -0.18113678659492613     
 -0.18221745569025111      , -0.14619502096295234      , -0.17918982768631697     
 -0.19155487007605287      , -0.15787119815256992      , -0.17867702656820605     
 -0.19828677230090747      , -0.17002656630521587      , -0.17950877083502106     
 -0.20488790207003538      , -0.18276619714175962      , -0.18161497674609636     
 -0.21388657141069953      , -0.19620288481528092      , -0.18494408884528565     
 -0.22709367464204749      , -0.21045709584136973      , -0.18946215116338330     
 -0.24510504262544111      , -0.22565721072115474      , -0.19515197798646983     
 -0.26721770851148074      , -0.24194000588268194      , -0.20201244354666020     
 -0.29176338943437663      , -0.25945133017162558      , -0.21005790288735099     
 -0.31673349204575230      , -0.27834693379168085      , -0.21931775023200070     
 -0.34048311940866638      , -0.29879340902458551      , -0.22983611610438576     
 -0.36228279523236306      , -0.32096920087564484      , -0.24167169986552495     
 -0.38254467159476513      , -0.34506564151254326      , -0.25489772989084503     
 -0.40266604671863054      , -0.37128795436713680      , -0.26960203892761031     
 -0.42456520974434347      , -0.39985616123761175      , -0.28588723682235340     
 -0.45008475896610245      , -0.43100580761439661      , -0.30387095630563832     
 -0.48047031039786525      , -0.46498839643186035      , -0.32368613929883611     
 -0.51609064679344507      , -0.50207138687697239      , -0.34548132058916198     
 -0.55647131519782644      , -0.54253757078717313      , -0.36942085189663620     
 -0.60060492502501495      , -0.58668358224765382      , -0.39568499136519159     
 -0.64741303711562470      , -0.63481722373640304      , -0.42446976021377292     
 -0.69619183362210124      , -0.68725320205339335      , -0.45598643837758396     
 -0.74688952589598634      , -0.74430675725310036      , -0.49046053302116105     
 -0.80013266554775186      , -0.80628453708180048      , -0.52813000635325302     
 -0.85701499900369704      , -0.87347191981658512      , -0.56924249093951840     
 -0.91874668865456544      , -0.94611582648685610      , -0.61405115097201413     
 -0.98629917595633887      ,  -1.0244019038421510      , -0.66280876718600912     
  -1.0601602157448107      ,  -1.1084248294944457      , -0.71575953398672687     
  -1.1402503385375202      ,  -1.1981504370039850      , -0.77312796625371349     
  -1.2259775187069903      ,  -1.2933684551491871      , -0.83510423251032928     
  -1.3163519439244804      ,  -1.3936350120537007      , -0.90182518174023896     
  -1.4100680094887981      ,  -1.4982048238685792      , -0.97335034643113805     
  -1.5054931662560203      ,  -1.6059543643073384      ,  -1.0496323335922244     
  -1.6005742142968342      ,  -1.7152995155211928      ,  -1.1304813258783022     
  -1.6927515442250924      ,  -1.8241144286973070      ,  -1.2155239907546520     
  -1.7790105558311322      ,  -1.9296626473165661      ,  -1.3041580287422825     
  -1.8561476035839348      ,  -2.0285567510694142      ,  -1.3955049591156097     
  -1.9211886392584785      ,  -2.1167681279727408      ,  -1.4883655626288721     
  -1.9717667215196948      ,  -2.1897124730225968      ,  -1.5811845732323351     
  -2.0062606101429781      ,  -2.2424368401855683      ,  -1.6720334281675850     
  -2.0236286878784919      ,  -2.2699274515027903      ,  -1.7586215675428791     
  -2.0230187160012458      ,  -2.2675410704442771      ,  -1.8383470568267553     
  -2.0032936669792294      ,  -2.2315354793862863      ,  -1.9083951718011813     
  -1.9626035039017564      ,  -2.1596393728573404      ,  -1.9658881976733313     
  -1.8981301849824561      ,  -2.0515673608482117      ,  -2.0080809159886481     
  -1.8061985975436372      ,  -1.9093654042820782      ,  -2.0325851947350984     
  -1.6830745380637053      ,  -1.7374802521795818      ,  -2.0375963442642169     
  -1.5268155272822661      ,  -1.5424908645419049      ,  -2.0220870557072868     
  -1.3401716142493356      ,  -1.3325138890316865      ,  -1.9859351503616736     
  -1.1334943445890562      ,  -1.1163770895205816      ,  -1.9299604824015189     
 -0.92511954195844681      , -0.90271463970216792      ,  -1.8558625427495614     
 -0.73595432700377006      , -0.69915333805288005      ,  -1.7660691607004873     
 -0.57911665877367247      , -0.51172455627362157      ,  -1.6635226118661581     
 -0.45399913497639849      , -0.34456902251457822      ,  -1.5514380456062040     
 -0.35070489101090713      , -0.19992742058226354      ,  -1.4330689555593126     
 -0.25797775472090750      ,  -7.8353635495356427E-002 ,  -1.3115070018535810     
 -0.16782458314636084      ,   2.0938678205007655E-002 ,  -1.1895322925370455     
  -7.6826200326684080E-002 ,   9.9683331970804839E-002 ,  -1.0695188846258392     
   1.4203687561676961E-002 ,  0.16018938887226788      , -0.95339135265482711     
  0.10137225690896326      ,  0.20502955102225520      , -0.84262287340932207     
  0.17917601750122811      ,  0.23680505324691808      , -0.73826321303702513     
  0.24189727515801915      ,  0.25798571518553559      , -0.64098540203572851     
  0.28477356263589687      ,  0.27081406721431378      , -0.55114169936627055     
  0.30500975102996097      ,  0.27725876812910116      , -0.46882179683512121     
  0.30269705035989963      ,  0.27900274777112255      , -0.39390850780487019     
  0.28148064524318051      ,  0.27745373025931797      , -0.32612810965688144     
  0.24856331751718663      ,  0.27376767687771925      , -0.26509396378805872     
  0.21359568583738323      ,  0.26887844999022875      , -0.21034304104239709     
  0.18640270726695266      ,  0.26352928555378896      , -0.16136561312245876     
  0.17421922776024135      ,  0.25830338361003830      , -0.11762872548202521     
  0.17957364729514361      ,  0.25365213339961845      ,  -7.8594230329419618E-002
  0.19971139799057813      ,  0.24992028571985089      ,  -4.3732198406493103E-002
  0.22774196398355151      ,  0.24736787928073103      ,  -1.2530495478973122E-002
  0.25504484763986196      ,  0.24618901419420672      ,   1.5498761649762946E-002
  0.27409488449796160      ,  0.24652771658972086      ,   4.0815242249198726E-002
  0.28080004901715605      ,  0.24849120507191619      ,   6.3848395057936713E-002
  0.27566283751688614      ,  0.25216088680275600      ,   8.4996947291091016E-002
  0.26344912694449185      ,  0.25760140041147883      ,  0.10462953672164868     
  0.25148204879626196      ,  0.26486799812752337      ,  0.12308617297080882     
  0.24714152005089832      ,  0.27401252828755540      ,  0.14068028317307485     
  0.25546502837048518      ,  0.28508824596383264      ,  0.15770114704959190     
  0.27767062414296434      ,  0.29815364605313538      ,  0.17441656789863064     
  0.31100881775756040      ,  0.31327548066923111      ,  0.19107565995241765     
  0.34988543654213000      ,  0.33053109129916319      ,  0.20791165978693618     
  0.38783816328786058      ,  0.35001015569947541      ,  0.22514469075587282     
  0.41970474203999908      ,  0.37181591944846470      ,  0.24298442539145085     
  0.44325850829708507      ,  0.39606595177792658      ,  0.26163260189036275     
  0.45978027886402156      ,  0.42289243397840254      ,  0.28128535757025835     
  0.47342470776029455      ,  0.45244195537173576      ,  0.30213534479742682     
  0.48967248882017095      ,  0.48487475552864823      ,  0.32437359347328226     
  0.51347494939963878      ,  0.52036331095555033      ,  0.34819107871969512     
  0.54775946902506634      ,  0.55909011875466963      ,  0.37377994279216353     
  0.59275650004708713      ,  0.60124447776365575      ,  0.40133430624077332     
  0.64627136012071118      ,  0.64701800872700355      ,  0.43105058462564538     
  0.70471500165699108      ,  0.69659858914627970      ,  0.46312720335904639     
  0.76449241332200646      ,  0.75016230682968776      ,  0.49776357426593426     
  0.82325062226847134      ,  0.80786296208517894      ,  0.53515816326300703     
  0.88055441112651633      ,  0.86981857845954313      ,  0.57550543970562862     
  0.93779488537041655      ,  0.93609432723212493      ,  0.61899145589766924     
  0.99745216419125260      ,   1.0066812497723858      ,  0.66578776291098896     
   1.0620719456348315      ,   1.0814702020791576      ,  0.71604333133576936     
   1.1333643944839924      ,   1.1602205871984252      ,  0.76987412117325282     
   1.2117025741759098      ,   1.2425237379106899      ,  0.82734994640491488     
   1.2960900811909630      ,   1.3277613327337383      ,  0.88847832494687062     
   1.3844891976398257      ,   1.4150600519922343      ,  0.95318511823163443     
   1.4743040636927178      ,   1.5032448850857092      ,   1.0212919774044968     
   1.5628091130598889      ,   1.5907951368249806      ,   1.0924909602993793     
   1.6473940115367882      ,   1.6758092336481305      ,   1.1663171991790231     
   1.7256264313782936      ,   1.7559867539213359      ,   1.2421212063624751     
   1.7952374690627233      ,   1.8286383484215454      ,   1.3190432973004009     
   1.8541401672606268      ,   1.8907357477549998      ,   1.3959936298273332     
   1.9005044721986493      ,   1.9390139414672936      ,   1.4716423658616045     
   1.9328185586463824      ,   1.9701347168167749      ,   1.5444252179966029     
   1.9498487471209554      ,   1.9809139931688384      ,   1.6125698074137198     
   1.9504674477441515      ,   1.9686042965658759      ,   1.6741474332865141     
   1.9333893259568886      ,   1.9312090665239734      ,   1.7271526879999526     
   1.8968971929407998      ,   1.8677898948641325      ,   1.7696097139064220     
   1.8386606721094005      ,   1.7787157727778797      ,   1.7996990584772179     
   1.7557875336341044      ,   1.6658004180897077      ,   1.8158938485468463     
   1.6453147456296642      ,   1.5322841264031259      ,   1.8170896522382194     
   1.5053901334948481      ,   1.3826410816817760      ,   1.8027103842661085     
   1.3372496953826847      ,   1.2222271300857113      ,   1.7727740487535097     
   1.1475217297981273      ,   1.0568173954948450      ,   1.7279072363722550     
  0.94931163988701761      ,  0.89210699497372936      ,   1.6693051785598141     
  0.75967339872581729      ,  0.73325371885859658      ,   1.5986429288824242     
  0.59298275458937066      ,  0.58452759738698601      ,   1.5179506812892458     
  0.45502299324062867      ,  0.44910440619877645      ,   1.4294706036630744     
  0.34312512538799078      ,  0.32900804302432490      ,   1.3355131575457599     
  0.25063828595498200      ,  0.22517975761350253      ,   1.2383281301111788     
  0.17093894964751460      ,  0.13763619500143201      ,   1.1400007631493552     
   9.9373460828622279E-002 ,   6.5674125912785541E-002 ,   1.0423779110055031     
   3.3783426497903384E-002 ,   8.0849226673441309E-003 ,  0.94702432864755492     
  -2.5720031943467454E-002 ,  -3.6647959318350160E-002 ,  0.85520570116662220     
  -7.7396620901833843E-002 ,  -7.0183985503209742E-002 ,  0.76789306686827385     
 -0.11871736910258399      ,  -9.4198889559875751E-002 ,  0.68578266487044659     
 -0.14723704467137058      , -0.11029539148430681      ,  0.60932557376670549     
 -0.16138690270067249      , -0.11994634888404937      ,  0.53876239312829344     
 -0.16111282553936893      , -0.12446374781749646      ,  0.47415931772987213     
 -0.14826360299633398      , -0.12498684092459350      ,  0.41544303521539272     
 -0.12658743542129741      , -0.12248351306069007      ,  0.36243281295299978     
 -0.10120544997660109      , -0.11776008759970902      ,  0.31486887817539688     
  -7.7569168614958023E-002 , -0.11147595722127562      ,  0.27243673610220331     
  -6.0148331118170952E-002 , -0.10416046098667439      ,  0.23478743889501760     
  -5.1288800732010809E-002 ,  -9.6230268745729916E-002 ,  0.20155404923322520     
  -5.0670965696887907E-002 ,  -8.8006169680094323E-002 ,  0.17236467135236386     
  -5.5576387795528807E-002 ,  -7.9728619465646910E-002 ,  0.14685248014890553     
  -6.1867596563294422E-002 ,  -7.1571715908854167E-002 ,  0.12466318963701144     
  -6.5346739044942870E-002 ,  -6.3655481380319207E-002 ,  0.10546038361411331     
  -6.3058702726719679E-002 ,  -5.6056462123818873E-002 ,   8.8929096525659293E-002
  -5.4150648113599938E-002 ,  -4.8816733180471229E-002 ,   7.4777989758615271E-002
  -4.0050547591050575E-002 ,  -4.1951440676735785E-002 ,   6.2740423449201291E-002
  -2.3928832445797642E-002 ,  -3.5455032936478358E-002 ,   5.2574679744355923E-002
  -9.6206872195246252E-003 ,  -2.9306336777311121E-002 ,   4.4063552248866676E-002
  -3.6210541247711859E-004 ,  -2.3472631137315080E-002 ,   3.7013479116549064E-002
   2.2429318759895553E-003 ,  -1.7912860613176592E-002 ,   3.1253364298961861E-002
  -1.3057958654601805E-003 ,  -1.2580119031930273E-002 ,   2.6633202873642056E-002
  -8.6246720133379244E-003 ,  -7.4235194168164684E-003 ,   2.3022601941961349E-002
  -1.6259992853982167E-002 ,  -2.3895526643297050E-003 ,   2.0309267999732566E-002
  -2.0812465122933475E-002 ,   2.5769764294678002E-003 ,   1.8397514567913990E-002
  -2.0000682424738087E-002 ,   7.5323600723385788E-003 ,   1.7206829832404586E-002
  -1.3327528580362612E-002 ,   1.2533681512562971E-002 ,   1.6670532691262046E-002
  -2.1550679814384692E-003 ,   1.7638739228033853E-002 ,   1.6734536573687991E-002
   1.0813622063682164E-002 ,   2.2906157954650883E-002 ,   1.7356233333978746E-002
   2.2461502143398100E-002 ,   2.8395651775810059E-002 ,   1.8503504123173291E-002
   3.0283531180778468E-002 ,   3.4168411947193139E-002 ,   2.0153860122593532E-002
   3.3178753472309946E-002 ,   4.0287598573695890E-002 ,   2.2293713141477826E-002
   3.1764387080987021E-002 ,   4.6818920772964574E-002 ,   2.4917774122068557E-002
   2.8130840519739561E-002 ,   5.3831294641373525E-002 ,   2.8028576376258642E-002
   2.5136625354934442E-002 ,   6.1397572269541886E-002 ,   3.1636119741692989E-002
   2.5485316940084924E-002 ,   6.9595338313741359E-002 ,   3.5757631659391192E-002
   3.0888749681763882E-002 ,   7.8507773281989768E-002 ,   4.0417441327286856E-002
   4.1580585535263316E-002 ,   8.8224584786854909E-002 ,   4.5646963479192816E-002
   5.6320729336825484E-002 ,   9.8843009576148722E-002 ,   5.1484788894276025E-002
   7.2870580331149612E-002 ,  0.11046889017470396      ,   5.7976879384914290E-002
   8.8771815084762923E-002 ,  0.12321783041693192      ,   6.5176865672310277E-002
  0.10216988064618257      ,  0.13721643393795990      ,   7.3146447170941875E-002
  0.11241680635327961      ,  0.15260362868110805      ,   8.1955893190802181E-002
  0.12026795755765572      ,  0.16953207845828508      ,   9.1684645344361937E-002
  0.12762431455958204      ,  0.18816967925929715      ,  0.10242202090719046     
  0.13691981907562806      ,  0.20870113291326453      ,  0.11426801639108988     
  0.15036536371559239      ,  0.23132958326445305      ,  0.12733420946757795     
  0.16930008560554319      ,  0.25627828942655712      ,  0.14174475538966241     
  0.19385483855469365      ,  0.28379229583655963      ,  0.15763747088302618     
  0.22302305890472174      ,  0.31414003829503662      ,  0.17516499368889293     
  0.25510114111790338      ,  0.34761479704822135      ,  0.19449599897351566     
  0.28834438492870856      ,  0.38453586975492132      ,  0.21581644392278115     
  0.32161846409406991      ,  0.42524928569696840      ,  0.23933079802753432     
  0.35483147042091623      ,  0.47012781380497676      ,  0.26526319755009375     
  0.38900865179194249      ,  0.51956992601299135      ,  0.29385843679191381     
  0.42599662028127100      ,  0.57399725820589576      ,  0.32538267396696935     
  0.46791296825108869      ,  0.63384995688781476      ,  0.36012368314484444     
  0.51654325635730602      ,  0.69957910375106158      ,  0.39839042277848546     
  0.57289743319218922      ,  0.77163516659707754      ,  0.44051161226904401     
  0.63707051129436520      ,  0.85045113084173762      ,  0.48683290717601213     
  0.70843660265840314      ,  0.93641862573563228      ,  0.53771213779833738     
  0.78608290668762271      ,   1.0298549921469877      ,  0.59351192318830193     
  0.86930089506411234      ,   1.1309588877514196      ,  0.65458879492291688     
  0.95792783515332203      ,   1.2397517747754763      ,  0.72127777049431474     
   1.0523866954819441      ,   1.3560026313389530      ,  0.79387112490455902     
   1.1533858593318054      ,   1.4791337050455708      ,  0.87258995955215146     
   1.2613583483609672      ,   1.6081064368808913      ,  0.95754712642466444     
   1.3757930236062372      ,   1.7412893019177593      ,   1.0487002384026967     
   1.4946377895226262      ,   1.8763138155898438      ,   1.1457940364240928     
   1.6139854464084520      ,   2.0099318942507094      ,   1.2482924930836636     
   1.7282906137579435      ,   2.1378973961878445      ,   1.3553029398616954     
   1.8312705345797826      ,   2.2549064777318151      ,   1.4654974099608737     
   1.9172591255760838      ,   2.3546433513064033      ,   1.5770403371301229     
   1.9823378454375284      ,   2.4299858367995242      ,   1.6875364451886767     
   2.0246160205684700      ,   2.4734218891438644      ,   1.7940172231606923     
   2.0436266488389743      ,   2.4777056673536721      ,   1.8929871604190438     
   2.0392885847643112      ,   2.4367331707699966      ,   1.9805495722426576     
   2.0108971226545740      ,   2.3465443731214122      ,   2.0526239233744605     
   1.9564104044215331      ,   2.2062768910334571      ,   2.1052507294668348     
   1.8722133840622979      ,   2.0188375363135775      ,   2.1349578202379615     
   1.7536466752880140      ,   1.7910618331619277      ,   2.1391383069182974     
   1.5967523829016530      ,   1.5332228917328097      ,   2.1163745456471621     
   1.4015096976053560      ,   1.2579174386146803      ,   2.0666422782241312     
   1.1758852679762908      ,  0.97854134297999718      ,   1.9913488137310020     
  0.93834000697548769      ,  0.70769136313762082      ,   1.8931943560315410     
  0.71425313962306014      ,  0.45583824664640421      ,   1.7758848688803412     
  0.52319122931161377      ,  0.23050927023430751      ,   1.6437546594339536     
  0.36736948967837063      ,   3.6050505143438528E-002 ,   1.5013681551015559     
  0.23554180385838291      , -0.12611607209068093      ,   1.3531623917873992     
  0.11468810443615962      , -0.25691646736808738      ,   1.2031709132144586     
  -3.3857241118530196E-003 , -0.35892099368569275      ,   1.0548452921163320     
 -0.12090673133566175      , -0.43566570606659138      ,  0.91096991287466522     
 -0.23510314997312501      , -0.49109073009665027      ,  0.77365276665340721     
 -0.33983198096986594      , -0.52913030916021508      ,  0.64436993400604248     
 -0.42732938501323042      , -0.55344944453988010      ,  0.52404215255857545     
 -0.48997093404409287      , -0.56730092427670731      ,  0.41312580382037600     
 -0.52219883918982546      , -0.57347008422848955      ,  0.31170564749703555     
 -0.52266950363381826      , -0.57427697668179878      ,  0.21958131569322537     
 -0.49616023938009568      , -0.57161183544461391      ,  0.13634331255018414     
 -0.45413304029536733      , -0.56698665329823184      ,   6.1436906494710515E-002
 -0.41270391044841903      , -0.56159171937918373      ,  -5.7860203865394491E-003
 -0.38791570769756067      , -0.55635054902165548      ,  -6.6026161440253139E-002
 -0.39030586650886101      , -0.55196980285759600      , -0.12000557659049557     
 -0.42155880095053294      , -0.54898280315761561      , -0.16844453580434451     
 -0.47455140102810345      , -0.54778643087851842      , -0.21204493240616626     
 -0.53633759887899302      , -0.54867180518917957      , -0.25147893945101157     
 -0.59283544963814261      , -0.55184942003972071      , -0.28738176978518815     
 -0.63359985240126460      , -0.55746948611134617      , -0.32034758760914694     
 -0.65501059064648270      , -0.56563819546380900      , -0.35092779030212551     
 -0.66081930254954324      , -0.57643054706452279      , -0.37963102752785310     
 -0.66005846836571647      , -0.58990027587016369      , -0.40692444907360542     
 -0.66334222725654801      , -0.60608733244994850      , -0.43323577496980942     
 -0.67914904747473992      , -0.62502327145361625      , -0.45895586375767139     
 -0.71144335487243926      , -0.64673482781757508      , -0.48444152011735980     
 -0.75916065540365640      , -0.67124588940194041      , -0.51001833407320762     
 -0.81731485227427492      , -0.69857801281065290      , -0.53598338297267722     
 -0.87912153771010815      , -0.72874957445346822      , -0.56260765637729260     
 -0.93838668985901375      , -0.76177360083665890      , -0.59013808461061679     
 -0.99137193343904240      , -0.79765428065106081      , -0.61879906548882424     
  -1.0375464941783450      , -0.83638212735544426      , -0.64879339212775489     
  -1.0791119286080706      , -0.87792773658273071      , -0.68030248910997815     
  -1.1196982841971936      , -0.92223407105529098      , -0.71348586628439714     
  -1.1628759039201781      , -0.96920721151846778      , -0.74847970091958682     
  -1.2110297005930488      ,  -1.0187055419305131      , -0.78539446213172392     
  -1.2648605229681076      ,  -1.0705273990196120      , -0.82431149933192061     
  -1.3235023416733198      ,  -1.1243973202013882      , -0.86527853247538133     
  -1.3850638236105701      ,  -1.1799511806106666      , -0.90830401053099619     
  -1.4473223400187014      ,  -1.2367207301277516      , -0.95335035097060483     
  -1.5083058712558244      ,  -1.2941183324021865      ,  -1.0003261428697443     
  -1.5665894649938372      ,  -1.3514230708375985      ,  -1.0490774950421622     
  -1.6212796895533588      ,  -1.4077698097463391      ,  -1.0993788430539364     
  -1.6717943311825723      ,  -1.4621432513207209      ,  -1.1509236968342043     
  -1.7175991674332070      ,  -1.5133794522476787      ,  -1.2033160107705185     
  -1.7580280877051917      ,  -1.5601775654106953      ,  -1.2560630796131806     
  -1.7922306848631204      ,  -1.6011246243680743      ,  -1.3085710842048905     
  -1.8192175404192397      ,  -1.6347358360637099      ,  -1.3601445955361895     
  -1.8379392165019481      ,  -1.6595119318158782      ,  -1.4099914444430315     
  -1.8473418908065149      ,  -1.6740135290221811      ,  -1.4572343171030444     
  -1.8463726955865281      ,  -1.6769501584963395      ,  -1.5009301808173732     
  -1.8339396797575074      ,  -1.6672787674971616      ,  -1.5400981306903612     
  -1.8088526811320360      ,  -1.6443034919369328      ,  -1.5737554593945751     
  -1.7697826671854808      ,  -1.6077659040101648      ,  -1.6009607280829263     
  -1.7152854737422407      ,  -1.5579135285661139      ,  -1.6208614663653091     
  -1.6439462601170600      ,  -1.4955348932514001      ,  -1.6327430334951276     
  -1.5547078017381022      ,  -1.4219521617279289      ,  -1.6360743587605571     
  -1.4474261324678237      ,  -1.3389674036710908      ,  -1.6305459717501778     
  -1.3236109759573957      ,  -1.2487650483012311      ,  -1.6160960912620492     
  -1.1871229804789261      ,  -1.1537797725597216      ,  -1.5929215969596866     
  -1.0443624184546589      ,  -1.0565444878607058      ,  -1.5614723340519292     
 -0.90342775468293690      , -0.95953593668434656      ,  -1.5224291288345679     
 -0.77220147676299411      , -0.86503506073693992      ,  -1.4766677720079291     
 -0.65623908898315197      , -0.77501596540308193      ,  -1.4252127180413876     
 -0.55770715124020576      , -0.69107193118611820      ,  -1.3691851115140485     
 -0.47578833228757578      , -0.61438085835291323      ,  -1.3097498964083438     
 -0.40792018771713418      , -0.54570708471447615      ,  -1.2480662595137457     
 -0.35105416935185008      , -0.48543260907053182      ,  -1.1852446890097597     
 -0.30254086420573439      , -0.43360875900124374      ,  -1.1223127313895014     
 -0.26059321503333455      , -0.39001913247825576      ,  -1.0601903307828902     
 -0.22440027654439906      , -0.35424575937535829      , -0.99967460534226515     
 -0.19398698922396190      , -0.32573229227028422      , -0.94143315192369736     
 -0.16992020932488200      , -0.30384011645547843      , -0.88600449845689855     
 -0.15295713107525089      , -0.28789518263124692      , -0.83380411625177198     
 -0.14371500823359704      , -0.27722489743748402      , -0.78513440532441636     
 -0.14241641884183434      , -0.27118548665555725      , -0.74019720831002611     
 -0.14874208041955778      , -0.26918090226847574      , -0.69910763092864081     
 -0.16180705422437430      , -0.27067465841662991      , -0.66190819981108051     
 -0.18026170775787448      , -0.27519604925744096      , -0.62858263694646577     
 -0.20249976488643578      , -0.28234211350831079      , -0.59906875283833150     
 -0.22693142148442338      , -0.29177653783712260      , -0.57327014725614533     
 -0.25225761235994382      , -0.30322648557970211      , -0.55106655451075470     
 -0.27767443455486640      , -0.31647813139018632      , -0.53232278152552437     
 -0.30295275948265338      , -0.33137149483996187      , -0.51689626622335638     
 -0.32837451288189945      , -0.34779500501769461      , -0.50464333648177084     
 -0.35455071964534746      , -0.36568009573819377      , -0.49542428169247349     
 -0.38218065257191369      , -0.38499602525408183      , -0.48910736481874190     
 -0.41182474066352803      , -0.40574503181382809      , -0.48557190700941305     
 -0.44375383035433552      , -0.42795787285999853      , -0.48471057270616202     
 -0.47790954466538066      , -0.45168974702394493      , -0.48643097339798735     
 -0.51397478225170490      , -0.47701656066061776      , -0.49065669468592232     
 -0.55152063842755505      , -0.50403147131716031      , -0.49732783551610799     
 -0.59017556504125845      , -0.53284161661660823      , -0.50640113126787600     
 -0.62976030222425883      , -0.56356491644376672      , -0.51784971444532857     
 -0.67034830430712078      , -0.59632681739133375      , -0.53166254835454352     
 -0.71223982995516133      , -0.63125682995497168      , -0.54784355050508726     
 -0.75586776978086079      , -0.66848469021474177      , -0.56641040358499717     
 -0.80167371368491969      , -0.70813595849571220      , -0.58739303269851206     
 -0.84999730426226627      , -0.75032684820996909      , -0.61083170811569854     
 -0.90101093435689328      , -0.79515806005460743      , -0.63677471314776146     
 -0.95471137668907047      , -0.84270738243510879      , -0.66527549721122536     
  -1.0109584814672281      , -0.89302081239096343      , -0.69638921528000819     
  -1.0695361247958022      , -0.94610195840523448      , -0.73016853783086644     
  -1.1302062725663085      ,  -1.0018995157737431      , -0.76665860183091661     
  -1.1927333168620418      ,  -1.0602926681694629      , -0.80589096597885568     
  -1.2568691278483006      ,  -1.1210743804092265      , -0.84787643615008990     
  -1.3223040410978470      ,  -1.1839327250420781      , -0.89259664507869874     
  -1.3886001713956373      ,  -1.2484306490633519      , -0.93999431056875693     
  -1.4551281928054127      ,  -1.3139849560736494      , -0.98996216730446873     
  -1.5210270260664247      ,  -1.3798457674096958      ,  -1.0423306780223585     
  -1.5851995337898597      ,  -1.4450783338110693      ,  -1.0968547897873986     
  -1.6463484598449243      ,  -1.5085497731547308      ,  -1.1532002176860552     
  -1.7030470468440577      ,  -1.5689240468697017      ,  -1.2109300134128256     
  -1.7538294331168551      ,  -1.6246691407812124      ,  -1.2694925020919510     
  -1.7972791575586400      ,  -1.6740808026929315      ,  -1.3282120238056812     
  -1.8320925719916166      ,  -1.7153270618634235      ,  -1.3862842519564700     
  -1.8570992854817323      ,  -1.7465168280709595      ,  -1.4427781088534570     
  -1.8712326534824073      ,  -1.7657938748848623      ,  -1.4966463657802502     
  -1.8734559627786145      ,  -1.7714543110066963      ,  -1.5467467920685003     
  -1.8626608941050811      ,  -1.7620813487078815      ,  -1.5918751048897211     
  -1.8375638815228730      ,  -1.7366862849086970      ,  -1.6308099101921392     
  -1.7966367111573698      ,  -1.6948400507549732      ,  -1.6623683407229719     
  -1.7381251304633385      ,  -1.6367767362150747      ,  -1.6854693344275800     
  -1.6602346154724046      ,  -1.5634504866980163      ,  -1.6991997322826975     
  -1.5615834106686373      ,  -1.4765310201841704      ,  -1.7028769857454698     
  -1.4419993842067285      ,  -1.3783307488594123      ,  -1.6961016460448777     
  -1.3035969596806076      ,  -1.2716669436537500      ,  -1.6787932562460715     
  -1.1517533083722562      ,  -1.1596733249467557      ,  -1.6512048610538417     
 -0.99520099433812981      ,  -1.0455842051320325      ,  -1.6139138845134358     
 -0.84442363168138168      , -0.93251858183882830      ,  -1.5677901395865363     
 -0.70855015349411488      , -0.82329035218042435      ,  -1.5139446234270537     
 -0.59255822079505338      , -0.72026464386512257      ,  -1.4536649478973556     
 -0.49666647596135616      , -0.62527101860698397      ,  -1.3883443792293637     
 -0.41781299562926788      , -0.53957446906770634      ,  -1.3194114175192606     
 -0.35171846401264018      , -0.46389691918436793      ,  -1.2482658107355322     
 -0.29445504376790915      , -0.39847670576091254      ,  -1.1762252245048130     
 -0.24329928284732028      , -0.34315158107041943      ,  -1.1044848893203174     
 -0.19700268431958576      , -0.29745160266351045      ,  -1.0340907775608119     
 -0.15564867273978716      , -0.26069089022894731      , -0.96592546022966486     
 -0.12025158029906279      , -0.23205059843253328      , -0.90070485909712150     
  -9.2244849770157344E-002 , -0.21064875873199193      , -0.83898363355433903     
  -7.2980648823639832E-002 , -0.19559537939723376      , -0.78116684156170324     
  -6.3320931049190649E-002 , -0.18603315816078411      , -0.72752567936784129     
  -6.3362172056611571E-002 , -0.18116536963129981      , -0.67821542530855661     
  -7.2316998151432998E-002 , -0.18027307394903186      , -0.63329409850843954     
  -8.8569301100003606E-002 , -0.18272393010137675      , -0.59274072934587274     
 -0.10990665484878927      , -0.18797475401396574      , -0.55647248585787767     
 -0.13390147072292341      , -0.19556967171577358      , -0.52436018980393284     
 -0.15836486517936435      , -0.20513537557731906      , -0.49624198298935779     
 -0.18175793401362594      , -0.21637465526718860      , -0.47193507244194055     
 -0.20344172270654276      , -0.22905907577723930      , -0.45124560031800964     
 -0.22369080748964867      , -0.24302142513539784      , -0.43397676066707219     
 -0.24347074641988292      , -0.25814835544495218      , -0.41993532984433485     
 -0.26405475649411675      , -0.27437348785925458      , -0.40893679872533489     
 -0.28660064937661800      , -0.29167113772052305      , -0.40080929976955437     
 -0.31181240050620429      , -0.31005073261561378      , -0.39539651574186374     
 -0.33977633058205370      , -0.32955193639568431      , -0.39255974355020584     
 -0.37000470567865068      , -0.35024045017466282      , -0.39217926911047751     
 -0.40165707724780680      , -0.37220443197803904      , -0.39415518944159794     
 -0.43385833158395970      , -0.39555145607950276      , -0.39840779768278439     
 -0.46600661550033584      , -0.42040591799337096      , -0.40487762625429907     
 -0.49797305239478135      , -0.44690677909479126      , -0.41352522341094500     
 -0.53013650098095133      , -0.47520553392195697      , -0.42433071913709575     
 -0.56325568382150415      , -0.50546427174952702      , -0.43729321766365337     
 -0.59823549236879958      , -0.53785369066681721      , -0.45243003565478301     
 -0.63587437966533222      , -0.57255090604011283      , -0.46977578700513067     
 -0.67667676526184650      , -0.60973687501055940      , -0.48938129681772835     
 -0.72078307657812291      , -0.64959323398722135      , -0.51131230806695893     
 -0.76802471272005257      , -0.69229831675282183      , -0.53564792425562802     
 -0.81806870110516627      , -0.73802208723464602      , -0.56247870966875946     
 -0.87059074263583425      , -0.78691968457225403      , -0.59190434535887448     
 -0.92541269019071493      , -0.83912324162272045      , -0.62403071376360286     
 -0.98256005710432592      , -0.89473160635231996      , -0.65896625826376010     
  -1.0422278541715060      , -0.95379757650101715      , -0.69681743709137578     
  -1.1046753337740918      ,  -1.0163122633497086      , -0.73768306581018306     
  -1.1700898276943184      ,  -1.0821862475180342      , -0.78164732251353786     
  -1.2384613353116483      ,  -1.1512273020640964      , -0.82877118020333218     
  -1.3094959251276697      ,  -1.2231146665016239      , -0.87908203927150175     
  -1.3825762520084017      ,  -1.2973701971690170      , -0.93256137033902720     
  -1.4567613611496397      ,  -1.3733272361202213      , -0.98913025796572596     
  -1.5308118743731070      ,  -1.4500987710790152      ,  -1.0486328760822481     
  -1.6032313313705384      ,  -1.5265474263521797      ,  -1.1108181454454200     
  -1.6723244450500439      ,  -1.6012610163540415      ,  -1.1753201399794371     
  -1.7362788786362404      ,  -1.6725387318242921      ,  -1.2416382341557344     
  -1.7932710161755461      ,  -1.7383943355206446      ,  -1.3091185144058646     
  -1.8415789746099160      ,  -1.7965837066088675      ,  -1.3769385845074287     
  -1.8796695083992265      ,  -1.8446642303873391      ,  -1.4440985090625240     
  -1.9062236884369828      ,  -1.8800923057294496      ,  -1.5094211411549825     
  -1.9200830932181436      ,  -1.9003620552261886      ,  -1.5715652975031595     
  -1.9201238910034244      ,  -1.9031827982302114      ,  -1.6290549666315841     
  -1.9050879648836747      ,  -1.8866851170226828      ,  -1.6803267568421569     
  -1.8734151843883111      ,  -1.8496363551116888      ,  -1.7237959816215145     
  -1.8231378125535072      ,  -1.7916380410675179      ,  -1.7579391792960299     
  -1.7519294226010353      ,  -1.7132726957006661      ,  -1.7813877595971110     
  -1.6574486414549732      ,  -1.6161684807156373      ,  -1.7930244250309093     
  -1.5381497567786400      ,  -1.5029588695350191      ,  -1.7920717886868647     
  -1.3946505765615629      ,  -1.3771305048812259      ,  -1.7781619623086107     
  -1.2314053774826150      ,  -1.2427725453127778      ,  -1.7513773102249932     
  -1.0577726720265892      ,  -1.1042599496768615      ,  -1.7122560386931081     
 -0.88696605329683909      , -0.96591582889212391      ,  -1.6617612036872165     
 -0.73203705595055524      , -0.83170052098099057      ,  -1.6012170039848961     
 -0.60087289140308675      , -0.70496700230654741      ,  -1.5322206851177955     
 -0.49415147414790983      , -0.58830656487150945      ,  -1.4565410779602899     
 -0.40734398238090652      , -0.48349030064061937      ,  -1.3760153333794944     
 -0.33414129327811071      , -0.39149578312941646      ,  -1.2924539848468182     
 -0.26898042833167035      , -0.31259772590773183      ,  -1.2075617072594529     
 -0.20827475618025415      , -0.24649732083023929      ,  -1.1228778477963137     
 -0.15071369608668517      , -0.19246644036208602      ,  -1.0397377047734631     
  -9.6962961534368619E-002 , -0.14948788969210711      , -0.95925310181428824     
  -4.9014131620605514E-002 , -0.11637925082458615      , -0.88230924416551371     
  -9.4074051596374844E-003 ,  -9.1893903499562668E-002 , -0.80957411805612767     
   1.9496300495934905E-002 ,  -7.4797586472046762E-002 , -0.74151662997261869     
   3.6099488319302195E-002 ,  -6.3922072050415557E-002 , -0.67843005825751912     
   3.9977688271030529E-002 ,  -5.8199293618304448E-002 , -0.62045799615403852     
   3.2095087412337769E-002 ,  -5.6679925827361408E-002 , -0.56762064194083117     
   1.4784229333210306E-002 ,  -5.8540348368154201E-002 , -0.51983993214592517     
  -8.5600926928072647E-003 ,  -6.3081452805168317E-002 , -0.47696256091195804     
  -3.4075572966141415E-002 ,  -6.9722116155089525E-002 , -0.43878036149152644     
  -5.8215509335525606E-002 ,  -7.7989515728857151E-002 , -0.40504784664213661     
  -7.8512136598856822E-002 ,  -8.7507878633341765E-002 , -0.37549692761449566     
  -9.4074833109650466E-002 ,  -9.7986779594274140E-002 , -0.34984897538591037     
 -0.10565087161877734      , -0.10920972673848564      , -0.32782447175601614     
 -0.11522836242719131      , -0.12102349597512529      , -0.30915053859972014     
 -0.12531748873064749      , -0.13332847406205278      , -0.29356664452594172     
 -0.13814219824192928      , -0.14607013108359065      , -0.28082877981958682     
 -0.15498462970787674      , -0.15923164952925400      , -0.27071237047079422     
 -0.17586135878720277      , -0.17282767687931797      , -0.26301417569665608     
 -0.19960540108348343      , -0.18689913183338283      , -0.25755338429269542     
 -0.22431042821397001      , -0.20150897378470639      , -0.25417209580375427     
 -0.24798844669098338      , -0.21673883553326737      , -0.25273534436015060     
 -0.26922726465441371      , -0.23268641671678922      , -0.25313079693558804     
 -0.28763631981587418      , -0.24946353727361886      , -0.25526823416466127     
 -0.30394457082158610      , -0.26719475444867991      , -0.25907890083227025     
 -0.31973596345235161      , -0.28601645195124986      , -0.26451479464037853     
 -0.33693018555900972      , -0.30607631475629160      , -0.27154794566341145     
 -0.35719448271187887      , -0.32753310681370912      , -0.28016972472774587     
 -0.38148144495689318      , -0.35055667081892139      , -0.29039020643681313     
 -0.40983140583564215      , -0.37532806847835753      , -0.30223760130804356     
 -0.44148280031404719      , -0.40203977563750370      , -0.31575776104721937     
 -0.47523332093102577      , -0.43089583842782897      , -0.33101375087482215     
 -0.50991837537460682      , -0.46211188333042980      , -0.34808547250654798     
 -0.54484253225199564      , -0.49591485471487706      , -0.36706931029059908     
 -0.58002417702446030      , -0.53254232681396518      , -0.38807776046718501     
 -0.61618562619493122      , -0.57224120193494643      , -0.41123898881699250     
 -0.65451385606107426      , -0.61526556162170254      , -0.43669624430404413     
 -0.69629492811907101      , -0.66187338119341854      , -0.46460703482419996     
 -0.74255902889284942      , -0.71232174967747208      , -0.49514194493394065     
 -0.79385370840903746      , -0.76686015654029704      , -0.52848294357277537     
 -0.85020372497502794      , -0.82572131529877424      , -0.56482099157809673     
 -0.91124333753327302      , -0.88910889631946843      , -0.60435271386681955     
 -0.97644754865930994      , -0.95718144561732144      , -0.64727584989268017     
  -1.0453609663068175      ,  -1.0300316888973573      , -0.69378314002236041     
  -1.1177331183248336      ,  -1.1076603862467747      , -0.74405424852281254     
  -1.1935106459138156      ,  -1.1899439527310121      , -0.79824527282869806     
  -1.2726917677609211      ,  -1.2765952520927344      , -0.85647535524582685     
  -1.3550946739341734      ,  -1.3671173852263221      , -0.91880991527361622     
  -1.4401143151222811      ,  -1.4607510350535038      , -0.98524008462433921     
  -1.5265407475413504      ,  -1.5564171138177354      ,  -1.0556580887928402     
  -1.6124958534994109      ,  -1.6526582029154728      ,  -1.1298286242713289     
  -1.6955206830823688      ,  -1.7475846497656911      ,  -1.2073567810173433     
  -1.7728103660369434      ,  -1.8388341462472721      ,  -1.2876538045436170     
  -1.8415444688918043      ,  -1.9235568958115867      ,  -1.3699030094540989     
  -1.8992126048879703      ,  -1.9984414754470683      ,  -1.4530294256971485     
  -1.9438218685329443      ,  -2.0597981597360326      ,  -1.5356781714554506     
  -1.9739147543582609      ,  -2.1037152903137084      ,  -1.6162078635177315     
  -1.9884000692732309      ,  -2.1262985059202357      ,  -1.6927062008074754     
  -1.9862574423160986      ,  -2.1239908924464261      ,  -1.7630346532475247     
  -1.9661961406562636      ,  -2.0939542405694795      ,  -1.8249073791125396     
  -1.9263496302480294      ,  -2.0344698460352229      ,  -1.8760056647451384     
  -1.8641050642628090      ,  -1.9452969176045305      ,  -1.9141233645507050     
  -1.7762300875761188      ,  -1.8279153874829066      ,  -1.9373317682185185     
  -1.6595595686691855      ,  -1.6855855241203963      ,  -1.9441455890870691     
  -1.5125374498809179      ,  -1.5231832073349167      ,  -1.9336674312105187     
  -1.3376288343545322      ,  -1.3468136481388202      ,  -1.9056880830014979     
  -1.1437844875668191      ,  -1.1632561703974931      ,  -1.8607252165892612     
 -0.94688485040139447      , -0.97933229922058140      ,  -1.7999928104286804     
 -0.76553519866768704      , -0.80130503042066714      ,  -1.7253055011865772     
 -0.61274620691091530      , -0.63440384938197447      ,  -1.6389329214769353     
 -0.49034997837756827      , -0.48253394132337513      ,  -1.5434260887480573     
 -0.39134487195308088      , -0.34818283590830196      ,  -1.4414396800717835     
 -0.30606126895182340      , -0.23249812814134732      ,  -1.3355709038006018     
 -0.22655738381458806      , -0.13548555971593074      ,  -1.2282293332833776     
 -0.14836359425171175      ,  -5.6269906219155272E-002 ,  -1.1215446562215881     
  -7.0647815547318887E-002 ,   6.6318975710786821E-003 ,  -1.0173126590833490     
   4.4773586686584557E-003 ,   5.5061524558877140E-002 , -0.91697499538263172     
   7.3085176769962762E-002 ,   9.1014157251776917E-002 , -0.82162566727776609     
  0.13064851504504416      ,  0.11648438835860699      , -0.73203639435533829     
  0.17309862441575957      ,  0.13336077817771405      , -0.64869359043157415     
  0.19767315376619032      ,  0.14336166147433382      , -0.57184093095123456     
  0.20359195636498092      ,  0.14800295290998974      , -0.50152299788620158     
  0.19253686576136747      ,  0.14858893126008563      , -0.43762692591034791     
  0.16877110044007163      ,  0.14621829166196354      , -0.37992018122204974     
  0.13865656031713405      ,  0.14179943589764171      , -0.32808352909402183     
  0.10944378456972031      ,  0.13607060347492927      , -0.28173890008174274     
   8.7541643831983845E-002 ,  0.12962183015824019      , -0.24047229154001515     
   7.6832172865749310E-002 ,  0.12291679566143585      , -0.20385209363802392     
   7.7687092305736782E-002 ,  0.11631340530896644      , -0.17144335712803233     
   8.7073861058353352E-002 ,  0.11008249150981247      , -0.14281856471464840     
   9.9702851186822108E-002 ,  0.10442437711713656      , -0.11756546009112379     
  0.10980281641881058      ,   9.9483265975480822E-002 ,  -9.5292450698742537E-002
  0.11293987019983220      ,   9.5359557810579046E-002 ,  -7.5632046969053610E-002
  0.10733326486005028      ,   9.2120256097234787E-002 ,  -5.8242741815565935E-002
   9.4308463156967975E-002 ,   8.9807670522331809E-002 ,  -4.2809675278040152E-002
   7.7778602217683873E-002 ,   8.8446624947945987E-002 ,  -2.9044373790967137E-002
   6.2920055059467711E-002 ,   8.8050377067792895E-002 ,  -1.6683803224649796E-002
   5.4469796466185078E-002 ,   8.8625443418063860E-002 ,  -5.4889303017962065E-003
   5.5214482631203383E-002 ,   9.0175506903978228E-002 ,   4.7570517042281801E-003
   6.5165634893497026E-002 ,   9.2704565893845861E-002 ,   1.4250710197358178E-002
   8.1659038855098870E-002 ,   9.6219465629758111E-002 ,   2.3170478593267770E-002
  0.10030668561321304      ,  0.10073193503900983      ,   3.1678808289697137E-002
  0.11646563042860018      ,  0.10626023546901686      ,   3.9924315065625528E-002
  0.12673470454673247      ,  0.11283051264599034      ,   4.8043883403733036E-002
  0.12999871204595681      ,  0.12047792935848968      ,   5.6164704860415256E-002
  0.12770584069507243      ,  0.12924764397219127      ,   6.4406236612651963E-002
  0.12331815627602447      ,  0.13919568879702723      ,   7.2882074089193616E-002
  0.12113811145177439      ,  0.15038979239713457      ,   8.1701737491125151E-002
  0.12491336038805496      ,  0.16291018095003260      ,   9.0972376317400280E-002
  0.13668380638119015      ,  0.17685038546522014      ,  0.10080039897459114     
  0.15623061947140371      ,  0.19231807375030874      ,  0.11129303635303416     
  0.18127200976241936      ,  0.20943591808758993      ,  0.12255984902471209     
  0.20831206011204995      ,  0.22834250119983526      ,  0.13471418753482758     
  0.23385057432944925      ,  0.24919325368583059      ,  0.14787461413054032     
  0.25555308913600178      ,  0.27216140501006614      ,  0.16216629213985403     
  0.27300110611524375      ,  0.29743891648856235      ,  0.17772234594660688     
  0.28779107165519030      ,  0.32523734746483168      ,  0.19468518987864572     
  0.30297378780811501      ,  0.35578858369275485      ,  0.21320781800241143     
  0.32204823652279396      ,  0.38934532818804513      ,  0.23345503833546014     
  0.34786825196214871      ,  0.42618121744158366      ,  0.25560462372991749     
  0.38183162174563695      ,  0.46659037743175252      ,  0.27984833683908750     
  0.42360134613808098      ,  0.51088617139247883      ,  0.30639276713294245     
  0.47141781042592085      ,  0.55939881143258230      ,  0.33545989260639347     
  0.52286817405303065      ,  0.61247140525082377      ,  0.36728724609690205     
  0.57583510951584305      ,  0.67045388387585647      ,  0.40212752422049775     
  0.62929043626488046      ,  0.73369410400377422      ,  0.44024742390437027     
  0.68365841019286611      ,  0.80252523878664739      ,  0.48192542541007199     
  0.74063934381275798      ,  0.87724836805713469      ,  0.52744816004763362     
  0.80259492609157146      ,  0.95810896533412482      ,  0.57710490493869326     
  0.87175844707831629      ,   1.0452657805728223      ,  0.63117963775002872     
  0.94957158189900803      ,   1.1387504820354777      ,  0.68993996663175328     
   1.0363555509210509      ,   1.2384164273482181      ,  0.75362213632406572     
   1.1313559377962201      ,   1.3438752066554114      ,  0.82241122208398265     
   1.2330378954189507      ,   1.4544203201472676      ,  0.89641559472431365     
   1.3394158566908745      ,   1.5689387609178072      ,  0.97563482829485038     
   1.4482161251110475      ,   1.6858136658766292      ,   1.0599205065801458     
   1.5567978928807826      ,   1.8028248692118054      ,   1.1489299706560232     
   1.6619534530521058      ,   1.9170593339240956      ,   1.2420740599845279     
   1.7598574079472240      ,   2.0248499264203508      ,   1.3384614507544750     
   1.8463904799297786      ,   2.1217681005363196      ,   1.4368443490931841     
   1.9177841780483382      ,   2.2027020523138305      ,   1.5355729780716709     
   1.9712244014635789      ,   2.2620538223631388      ,   1.6325691829374855     
   2.0050312307861282      ,   2.2940825631095625      ,   1.7253318865775926     
   2.0183246893567666      ,   2.2934025096515773      ,   1.8109879719485740     
   2.0103779222865001      ,   2.2556108582566328      ,   1.8864000927656583     
   1.9799314147686533      ,   2.1779756365249536      ,   1.9483366994347122     
   1.9246791517757480      ,   2.0600674067786091      ,   1.9936988387326597     
   1.8411150797815501      ,   1.9041894755754216      ,   2.0197843039439829     
   1.7250241800073771      ,   1.7154692943814802      ,   2.0245557812127513     
   1.5730319054623911      ,   1.5015302430138926      ,   2.0068705581414674     
   1.3854754744316660      ,   1.2717598040209583      ,   1.9666297015238157     
   1.1700224200617473      ,   1.0362971825751546      ,   1.9048163682796677     
  0.94383255521284015      ,  0.80493991239132967      ,   1.8234138682300103     
  0.73018724677597557      ,  0.58618396610125834      ,   1.7252181534258575     
  0.54749262408742960      ,  0.38656124625243360      ,   1.6135790714816123     
  0.39945502024970081      ,  0.21034630813473335      ,   1.4921143988777912     
  0.27753676227029644      ,   5.9608695163686748E-002 ,   1.3644388805009304     
  0.17024745749519526      ,  -6.5479933137011226E-002 ,   1.2339398472094227     
   6.9145743845749702E-002 , -0.16620055027530495      ,   1.1036162944159156     
  -2.9525316245757188E-002 , -0.24481000764352695      ,  0.97598429919751772     
 -0.12519626984719437      , -0.30410886996064257      ,  0.85304136147876719     
 -0.21411297532660056      , -0.34709476490187574      ,  0.73627664433751827     
 -0.29076650311493540      , -0.37671289195006802      ,  0.62671257737338548     
 -0.34934964643713945      , -0.39569614814294074      ,  0.52496455981118595     
 -0.38517552896847784      , -0.40647782964416257      ,  0.43130818574931273     
 -0.39609234244761665      , -0.41115746707718875      ,  0.34574645755035577     
 -0.38377889281071437      , -0.41150210621487715      ,  0.26807221390270930     
 -0.35446988115396855      , -0.40896890310199524      ,  0.19792318892810590     
 -0.31841447888852042      , -0.40473875859198022      ,  0.13482868670199558     
 -0.28762743783873068      , -0.39975409662649936      ,   7.8247876867343358E-002
 -0.27241984195244368      , -0.39475651542952789      ,   2.7600314319150377E-002
 -0.27816063730008028      , -0.39032191242298492      ,  -1.7710416716385423E-002
 -0.30372978667302403      , -0.38689192741735651      ,  -5.8278932325788971E-002
 -0.34221468473309308      , -0.38480132170628584      ,  -9.4685166360762144E-002
 -0.38346581336658137      , -0.38430135678688487      , -0.12748546907213734     
 -0.41756991086666501      , -0.38557946906189577      , -0.15720688788408219     
 -0.43806525369861138      , -0.38877563790933228      , -0.18434394603443194     
 -0.44385857519845401      , -0.39399586905819672      , -0.20935734501658584     
 -0.43926907502812984      , -0.40132319833040991      , -0.23267411661505247     
 -0.43224873697148875      , -0.41082658358391927      , -0.25468883757681537     
 -0.43147484387747659      , -0.42256800707019559      , -0.27576559431625691     
 -0.44344281151587883      , -0.43660806267782115      , -0.29624044721241904     
 -0.47059422450666943      , -0.45301025559336150      , -0.31642419513785502     
 -0.51096229363499912      , -0.47184419680003337      , -0.33660528206910106     
 -0.55923833717127591      , -0.49318783156868379      , -0.35705272011539529     
 -0.60879129579144331      , -0.51712879917563415      , -0.37801892807114496     
 -0.65394620316972241      , -0.54376497977004823      , -0.39974240249018106     
 -0.69175345378188735      , -0.57320424278403181      , -0.42245014997122587     
 -0.72267049014965579      , -0.60556336871600913      , -0.44635981535506558     
 -0.75001312144102195      , -0.64096607180850518      , -0.47168144125200534     
 -0.77851505657829279      , -0.67954000459510544      , -0.49861879002709569     
 -0.81262908116650545      , -0.72141257642418488      , -0.52737015029433365     
 -0.85519573412579997      , -0.76670536747726248      , -0.55812853633776005     
 -0.90685422351198397      , -0.81552686917319506      , -0.59108117101442681     
 -0.96624616883832171      , -0.86796323453109814      , -0.62640812116689004     
  -1.0308067893513726      , -0.92406668383501045      , -0.66427993038313904     
  -1.0977943032890529      , -0.98384119101453216      , -0.70485406880495360     
  -1.1651766136896704      ,  -1.0472250883707017      , -0.74826999640014280     
  -1.2320826456371128      ,  -1.1140702913966432      , -0.79464261903395428     
  -1.2987196023586998      ,  -1.1841179882630797      , -0.84405391227026083     
  -1.3658778071175899      ,  -1.2569708943107780      , -0.89654250528706636     
  -1.4342828921209703      ,  -1.3320625811600497      , -0.95209106900782137     
  -1.5040575949051531      ,  -1.4086249955284553      ,  -1.0106114543405447     
  -1.5744560199153896      ,  -1.4856561204709910      ,  -1.0719276969676881     
  -1.6439035321054192      ,  -1.5618908147046162      ,  -1.1357572641826892     
  -1.7102683732459547      ,  -1.6357791596741007      ,  -1.2016912837629112     
  -1.7712306530500912      ,  -1.7054780339848252      ,  -1.2691749722667758     
  -1.8246100564371002      ,  -1.7688628873783263      ,  -1.3374900584707226     
  -1.8685604403448202      ,  -1.8235674200729917      ,  -1.4057416326856329     
  -1.9016092669856430      ,  -1.8670585584756816      ,  -1.4728524544807782     
  -1.9225737078936722      ,  -1.8967521385750084      ,  -1.5375681751794532     
  -1.9304034800713610      ,  -1.9101705150628026      ,  -1.5984769812271005     
  -1.9239931378094244      ,  -1.9051366868038477      ,  -1.6540466183546458     
  -1.9019962277692923      ,  -1.8799909029060546      ,  -1.7026804229180070     
  -1.8626767779084423      ,  -1.8338064567641899      ,  -1.7427917898376235     
  -1.8038575367963330      ,  -1.7665738233804884      ,  -1.7728935811366489     
  -1.7230709693720316      ,  -1.6793193399910480      ,  -1.7916957382361516     
  -1.6180749536014016      ,  -1.5741287994909499      ,  -1.7982014834472844     
  -1.4879029617549056      ,  -1.4540585711738296      ,  -1.7917907942460058     
  -1.3344510130024889      ,  -1.3229355864692047      ,  -1.7722800115972297     
  -1.1641169959262878      ,  -1.1850684983651558      ,  -1.7399488134297523     
 -0.98825897260924656      ,  -1.0449098261764556      ,  -1.6955300711564372     
 -0.82091555895863000      , -0.90671780055009554      ,  -1.6401634518064443     
 -0.67382331012485663      , -0.77426443399857336      ,  -1.5753188259838156     
 -0.55203485456464529      , -0.65062418559314306      ,  -1.5026994293425207     
 -0.45364482389449595      , -0.53805960856055846      ,  -1.4241365517228026     
 -0.37286368665677450      , -0.43800192017994610      ,  -1.3414871510683963     
 -0.30332753393225725      , -0.35111004356225739      ,  -1.2565436330226010     
 -0.24010468703171142      , -0.27738372851379317      ,  -1.1709618668190174     
 -0.18050166101372636      , -0.21630490680726164      ,  -1.0862101432000582     
 -0.12407718092614818      , -0.16698485479310698      ,  -1.0035388660824414     
  -7.2158138540531713E-002 , -0.12830075441590932      , -0.92396866930221366     
  -2.7097030391545256E-002 ,  -9.9011800828282467E-002 , -0.84829344980179178     
   8.5160735192914075E-003 ,  -7.7850703932708876E-002 , -0.77709439787087953     
   3.2540753581424248E-002 ,  -6.3590613793592488E-002 , -0.71076127246323817     
   4.3809407971633470E-002 ,  -5.5090083998159803E-002 , -0.64951768650273467     
   4.2466785032885465E-002 ,  -5.1319928652182122E-002 , -0.59344783846858606     
   3.0097647045017224E-002 ,  -5.1376111790610725E-002 , -0.54252281249798806     
   9.5902331016001138E-003 ,  -5.4482506497482014E-002 , -0.49662518528688282     
  -1.5304949229690177E-002 ,  -5.9986771525834218E-002 , -0.45557118450738321     
  -4.0685386188999875E-002 ,  -6.7351918144290771E-002 , -0.41913003141958882     
  -6.3321975630607305E-002 ,  -7.6145498697450006E-002 , -0.38704037906701927     
  -8.1355755449877581E-002 ,  -8.6027798752510112E-002 , -0.35902394463510756     
  -9.4631096695725406E-002 ,  -9.6739974650656230E-002 , -0.33479655016284376     
 -0.10454865815953243      , -0.10809274326090544      , -0.31407684844854894     
 -0.11349026939350396      , -0.11995598579839001      , -0.29659303637498741     
 -0.12400857295404616      , -0.13224945471734162      , -0.28208785835243927     
 -0.13803565487518876      , -0.14493465480064185      , -0.27032218738771446     
 -0.15633941584980007      , -0.15800789211005009      , -0.26107744707156139     
 -0.17836866825021297      , -0.17149443591142843      , -0.25415710912940392     
 -0.20251125828130770      , -0.18544371031143450      , -0.24938747116086327     
 -0.22667101544292936      , -0.19992541770844602      , -0.24661788975310234     
 -0.24897476336949648      , -0.21502649063002746      , -0.24572061646105828     
 -0.26838046328176768      , -0.23084876878264615      , -0.24659035883437774     
 -0.28499317174070044      , -0.24750730180244249      , -0.24914366600070298     
 -0.29999863817100825      , -0.26512918355277493      , -0.25331821830752771     
 -0.31525648308935045      , -0.28385282959556735      , -0.25907208303752821     
 -0.33270633888002438      , -0.30382761469181757      , -0.26638298299531660     
 -0.35379212009843242      , -0.32521379106320952      , -0.27524761149537930     
 -0.37908822425001315      , -0.34818260996592526      , -0.28568101558953890     
 -0.40823212528069919      , -0.37291656820932029      , -0.29771605884614949     
 -0.44016301180272432      , -0.39960969688581727      , -0.31140296518496530     
 -0.47356951835157834      , -0.42846780097640164      , -0.32680893569513642     
 -0.50738809653362871      , -0.45970854475326928      , -0.34401782048743806     
 -0.54118504681526935      , -0.49356125796539929      , -0.36312981686817919     
 -0.57530318184800022      , -0.53026631045188799      , -0.38426115281641809     
 -0.61074203959627182      , -0.57007386672513005      , -0.40754370016543978     
 -0.64883531785469817      , -0.61324178576453203      , -0.43312444421807728     
 -0.69085438362552687      , -0.66003237338925247      , -0.46116471487057925     
 -0.73767932450508245      , -0.71070762410160104      , -0.49183905773979042     
 -0.78963938200055450      , -0.76552250598750449      , -0.52533359135827784     
 -0.84655359136641295      , -0.82471574748206744      , -0.56184365743896569     
 -0.90792901529637349      , -0.88849748268377926      , -0.60157052509409392     
 -0.97322301834416780      , -0.95703301110356997      , -0.64471685702333670     
  -1.0420622072459806      ,  -1.0304218440011301      , -0.69148058764199649     
  -1.1143357709262671      ,  -1.1086711689674305      , -0.74204680358594444     
  -1.1901330532837346      ,  -1.1916629079707703      , -0.79657716295425818     
  -1.2695520408610670      ,  -1.2791137317463777      , -0.85519635278332806     
  -1.3524446981500458      ,  -1.3705278083744008      , -0.91797508300500474     
  -1.4381762546310666      ,  -1.4651428133852800      , -0.98490917658624821     
  -1.5254640823719692      ,  -1.5618709377351614      ,  -1.0558944769156287     
  -1.6123409173352736      ,  -1.6592384213378226      ,  -1.1306976022292721     
  -1.6962642020524357      ,  -1.7553295920387670      ,  -1.2089230872994532     
  -1.7743634861547903      ,  -1.8477444638281029      ,  -1.2899782167765024     
  -1.8437745176143305      ,  -1.9335823784575716      ,  -1.3730379039287575     
  -1.9019635484684587      ,  -2.0094673378281551      ,  -1.4570132840711101     
  -1.9469314778060662      ,  -2.0716324741702135      ,  -1.5405291632885045     
  -1.9772273122415802      ,  -2.1160799622598705      ,  -1.6219168435451898     
  -1.9917730917198164      ,  -2.1388267571723301      ,  -1.6992297223010837     
  -1.9895609354998713      ,  -2.1362343452227091      ,  -1.7702888766971601     
  -1.9693038512753300      ,  -2.1054020599515408      ,  -1.8327639813947796     
  -1.9291232905884381      ,  -2.0445807668991480      ,  -1.8842909353405151     
  -1.8663749783510155      ,  -1.9535423966589387      ,  -1.9226215166584080     
  -1.7777797126829522      ,  -1.8338290488603362      ,  -1.9457930344686416     
  -1.6601288389854398      ,  -1.6888114028237018      ,  -1.9522989358118306     
  -1.5118656917885946      ,  -1.5235141097589926      ,  -1.9412368422279591     
  -1.3355509343175742      ,  -1.3442120210571691      ,  -1.9124105565793181     
  -1.1403599843105776      ,  -1.1578532144471796      ,  -1.8663681352799042     
 -0.94247913903164693      , -0.97140576902449882      ,  -1.8043683566136113     
 -0.76072170206844669      , -0.79124071353522030      ,  -1.7282803210774276     
 -0.60800396251523348      , -0.62264865754680543      ,  -1.6404321365977033     
 -0.48580585510192692      , -0.46954913069346166      ,  -1.5434317569348321     
 -0.38678262877311109      , -0.33440429339267902      ,  -1.4399846537350298     
 -0.30109810133063680      , -0.21830781663064763      ,  -1.3327295467317848     
 -0.22081619398230029      , -0.12119519779513725      ,  -1.2241066936955947     
 -0.14158660750623281      ,  -4.2115597683410992E-002 ,  -1.1162655197519116     
  -6.2753526146197530E-002 ,   2.0486709436646308E-002 ,  -1.0110115465697123     
   1.3386104789963132E-002 ,   6.8517777469615099E-002 , -0.90978775496973741     
   8.2749037510774226E-002 ,  0.10402626193743578      , -0.81368293448099915     
  0.14069838282629166      ,  0.12904874663052246      , -0.72345890814728753     
  0.18310983616827622      ,  0.14550507020936551      , -0.63958917068628618     
  0.20722732402070515      ,  0.15513562773870865      , -0.56230283043951657     
  0.21235174831972548      ,  0.15947093878374241      , -0.49162931722975295     
  0.20033135952757181      ,  0.15982416769303215      , -0.42744079806285401     
  0.17567206691058357      ,  0.15729872395344635      , -0.36949047281843572     
  0.14500981288038445      ,  0.15280484568268940      , -0.31744585488358845     
  0.11582133974026833      ,  0.14708076104513482      , -0.27091679461893292     
   9.4609874404844599E-002 ,  0.14071543813105639      , -0.22947842460269577     
   8.5174685929936308E-002 ,  0.13417102251796589      , -0.19268945063371956     
   8.7647147082701798E-002 ,  0.12780384748378712      , -0.16010633292912446     
   9.8673252372423512E-002 ,  0.12188343978152048      , -0.13129393972555115     
  0.11266321543365707      ,  0.11660929459036382      , -0.10583324203678925     
  0.12365949447760650      ,  0.11212541045637760      ,  -8.3326575815892520E-002
  0.12721008600227848      ,  0.10853270131855734      ,  -6.3400941043187109E-002
  0.12168623403691391      ,  0.10589946947631626      ,  -4.5709745725188280E-002
  0.10868559535502149      ,  0.10427015253733518      ,  -2.9933342086985087E-002
   9.2425214028041311E-002 ,  0.10367256371322282      ,  -1.5778645510833335E-002
   7.8316677172080837E-002 ,  0.10412383785823971      ,  -2.9780755577153233E-003
   7.1187107056524770E-002 ,  0.10563528140448651      ,   8.7119867305855848E-003
   7.3744698299814712E-002 ,  0.10821630655474181      ,   1.9513070123515407E-002
   8.5788915196763904E-002 ,  0.11187761099747581      ,   2.9626691293402192E-002
  0.10438693073673599      ,  0.11663374533339807      ,   3.9236545986113792E-002
  0.12491740405646264      ,  0.12250519210664432      ,   4.8510742915426050E-002
  0.14261691083658656      ,  0.12952006322130361      ,   5.7604029240280456E-002
  0.15411566299167467      ,  0.13771550677706540      ,   6.6659972083182917E-002
  0.15847001509853650      ,  0.14713890001021801      ,   7.5813073027227965E-002
  0.15738162402694761      ,  0.15784889200725963      ,   8.5190802334656729E-002
  0.15456257106997012      ,  0.16991634801598865      ,   9.4915547152699190E-002
  0.15447956417557801      ,  0.18342523629126711      ,  0.10510647354626416     
  0.16091022815509165      ,  0.19847348819084690      ,  0.11588130609579436     
  0.17579240919287770      ,  0.21517385232113451      ,  0.12735803123493067     
  0.19872210900419088      ,  0.23365475348327366      ,  0.13965653162546596     
  0.22722472252494669      ,  0.25406115644904970      ,  0.15290015875808619     
  0.25767965111493979      ,  0.27655542254615456      ,  0.16721724963564050     
  0.28658117657041715      ,  0.30131813284431563      ,  0.18274259076972924     
  0.31171678958089627      ,  0.32854883440907107      ,  0.19961882863850883     
  0.33287824551769662      ,  0.35846664439448767      ,  0.21799781994534886     
  0.35188603954069825      ,  0.39131061915952309      ,  0.23804190709181647     
  0.37194678631095135      ,  0.42733976025768178      ,  0.25992509369566286     
  0.39659192592598963      ,  0.46683248383084736      ,  0.28383408103491098     
  0.42858139642206527      ,  0.51008532201043177      ,  0.30996910807541045     
  0.46914436488468608      ,  0.55741055142552731      ,  0.33854451411498021     
  0.51778562008375872      ,  0.60913235169282998      ,  0.36978891269851522     
  0.57268172212681268      ,  0.66558098285394907      ,  0.40394482676344723     
  0.63149755953375619      ,  0.72708433304494668      ,  0.44126758626840140     
  0.69232032208873462      ,  0.79395602623684047      ,  0.48202322918040019     
  0.75437300910383520      ,  0.86647909879151963      ,  0.52648507335109662     
  0.81825780667865611      ,  0.94488406424180749      ,  0.57492854014299799     
  0.88566928185766147      ,   1.0293200115880103      ,  0.62762371220481183     
  0.95872827009231665      ,   1.1198172657769607      ,  0.68482500244872102     
   1.0392174738063933      ,   1.2162401498838087      ,  0.74675720953346603     
   1.1279903123563391      ,   1.3182286351005581      ,  0.81359715612049432     
   1.2246986944881035      ,   1.4251283035935616      ,  0.88545008151459337     
   1.3278246598951302      ,   1.5359092905780751      ,  0.96232003866968674     
   1.4348880595984019      ,   1.6490769691601981      ,   1.0440737963954980     
   1.5426846915775376      ,   1.7625803520093120      ,   1.1303982621456463     
   1.6474876105077532      ,   1.8737286770511576      ,   1.2207523257973252     
   1.7452633054085864      ,   1.9791323337539792      ,   1.3143153831750887     
   1.8320055045807366      ,   2.0746905761774594      ,   1.4099366878493840     
   1.9041895676977225      ,   2.1556539445227054      ,   1.5060920462594489     
   1.9591710463507577      ,   2.2167915023342668      ,   1.6008569537318578     
   1.9952938808581608      ,   2.2526884218042524      ,   1.6919075042317528     
   2.0116202676192447      ,   2.2581843870692953      ,   1.7765613825387028     
   2.0073936548296714      ,   2.2289354566246842      ,   1.8518697931255470     
   1.9814319448769067      ,   2.1620431645734275      ,   1.9147661847452768     
   1.9316305745803866      ,   2.0566529170936714      ,   1.9622686169821451     
   1.8547476158573726      ,   1.9143940614837531      ,   1.9917204286638490     
   1.7467244978934926      ,   1.7395340488428781      ,   2.0010411052933321     
   1.6039298731733018      ,   1.5387608201874197      ,   1.9889499507456627     
   1.4256618050317491      ,   1.3205875736851553      ,   1.9551235362441517     
   1.2176060262499746      ,   1.0944698721640391      ,   1.9002562817400708     
  0.99451645076774331      ,  0.86980197130440695      ,   1.8260108125278076     
  0.77848942470831350      ,  0.65498696600371087      ,   1.7348662255019947     
  0.58974290018720499      ,  0.45674402410833626      ,   1.6298915649064565     
  0.43572174027629995      ,  0.27974115223213653      ,   1.5144830970439576     
  0.31048446779112160      ,  0.12655500924438956      ,   1.3921050714225933     
  0.20299531839599960      ,  -2.1093609545281568E-003 ,   1.2660659784698975     
  0.10400810197286879      , -0.10703999294361360      ,   1.1393497488246689     
   8.5164849349191607E-003 , -0.19008160102014149      ,   1.0145082306768012     
  -8.4187101257916341E-002 , -0.25371953242299472      ,  0.89361081724419855     
 -0.17141725365292798      , -0.30073129688479561      ,  0.77824067797363217     
 -0.24840213735541827      , -0.33392454246025399      ,  0.66952453904332021     
 -0.30968365874960302      , -0.35596005720225277      ,  0.56818335328088643     
 -0.35047558285995534      , -0.36924698732802863      ,  0.47459326396003948     
 -0.36798184093368769      , -0.37589322082260024      ,  0.38884895656509771     
 -0.36262947150413311      , -0.37769423707262845      ,  0.31082411065795684     
 -0.33891809095958342      , -0.37614639022080093      ,  0.24022584882287670     
 -0.30532142518215077      , -0.37247398388673925      ,  0.17664171537082027     
 -0.27273219563700474      , -0.36766269850571237      ,  0.11957883348917736     
 -0.25157763525477744      , -0.36249455027626887      ,   6.8495581330194732E-002
 -0.24865196633612396      , -0.35758150586839088      ,   2.2826506073900316E-002
 -0.26506788007775695      , -0.35339622047587044      ,  -1.7998639778078043E-002
 -0.29616240216182937      , -0.35029923678836039      ,  -5.4540824849171811E-002
 -0.33329941595305435      , -0.34856251030891594      ,  -8.7341759806201569E-002
 -0.36686576992024594      , -0.34838942264384626      , -0.11691723052267909     
 -0.38943137524393506      , -0.34993159229674742      , -0.14375306250130479     
 -0.39804513441753575      , -0.35330285041969134      , -0.16830313786135651     
 -0.39496478263311091      , -0.35859075534454887      , -0.19098898192971681     
 -0.38663231358610500      , -0.36586599856871060      , -0.21220052210168877     
 -0.38128952532607424      , -0.37519002047089617      , -0.23229769598738090     
 -0.38613806521214633      , -0.38662111437854607      , -0.25161264904947012     
 -0.40509395726413411      , -0.40021925684407017      , -0.27045231471455861     
 -0.43783690598728692      , -0.41604986199587363      , -0.28910121329269922     
 -0.48029627990249396      , -0.43418661921318441      , -0.30782434099060302     
 -0.52627625735912464      , -0.45471353602796433      , -0.32687004780146445     
 -0.56963970016272381      , -0.47772627159494169      , -0.34647282392138790     
 -0.60631581949335123      , -0.50333280959024207      , -0.36685592925790400     
 -0.63546035644537580      , -0.53165348217388397      , -0.38823381009042951     
 -0.65942389747688579      , -0.56282031778690689      , -0.41081425140154459     
 -0.68264825302154952      , -0.59697564414214421      , -0.43480021307211597     
 -0.71000012862700501      , -0.63426983296738892      , -0.46039129315319621     
 -0.74519646553511132      , -0.67485802422642949      , -0.48778475182937375     
 -0.78983936426063794      , -0.71889561443919947      , -0.51717601545449898     
 -0.84327499844931364      , -0.76653223684161209      , -0.54875856116675947     
 -0.90318748755351730      , -0.81790390218311593      , -0.58272305918769784     
 -0.96662927680321098      , -0.87312291159351063      , -0.61925562236534037     
  -1.0310916588200016      , -0.93226510369459192      , -0.65853498173058778     
  -1.0952425749108115      , -0.99535396770232754      , -0.70072837453749337     
  -1.1591112816962732      ,  -1.0623411591474730      , -0.74598590049483626     
  -1.2237330924577126      ,  -1.1330830190770358      , -0.79443307761640658     
  -1.2904723869395494      ,  -1.2073128544503686      , -0.84616131890993951     
  -1.3603210484321868      ,  -1.2846090303135032      , -0.90121606603373261     
  -1.4334110192194904      ,  -1.3643594057596606      , -0.95958237131782331     
  -1.5088487208173196      ,  -1.4457233725700702      ,  -1.0211678349887090     
  -1.5848502546171488      ,  -1.5275937779192856      ,  -1.0857830039380234     
  -1.6590700482291718      ,  -1.6085623533591964      ,  -1.1531196477268890     
  -1.7289831281880270      ,  -1.6868938939161400      ,  -1.2227277695525685     
  -1.7922011452329629      ,  -1.7605161903145281      ,  -1.2939927958138346     
  -1.8466593576702062      ,  -1.8270343129837907      ,  -1.3661151039794051     
  -1.8906728355108526      ,  -1.8837787772127064      ,  -1.4380948387112886     
  -1.9228932802543164      ,  -1.9278966816365157      ,  -1.5087257139824952     
  -1.9421984009987143      ,  -1.9564922881605553      ,  -1.5766020145148025     
  -1.9475340643064960      ,  -1.9668179842404507      ,  -1.6401430354681412     
  -1.9377252773888098      ,  -1.9565078935156675      ,  -1.6976384459203631     
  -1.9112810265345659      ,  -1.9238352622592316      ,  -1.7473162883833551     
  -1.8662395086521304      ,  -1.8679631247608479      ,  -1.7874324592804500     
  -1.8001385324466406      ,  -1.7891488963989355      ,  -1.8163767754887499     
  -1.7102557468696848      ,  -1.6888613174542515      ,  -1.8327867172578691     
  -1.5943247544377417      ,  -1.5697756537403367      ,  -1.8356565804305158     
  -1.4519066684515634      ,  -1.4356308657342878      ,  -1.8244281277482193     
  -1.2863077747180183      ,  -1.2909575812169940      ,  -1.7990497282333926     
  -1.1062414144404189      ,  -1.1407118013422741      ,  -1.7599946421626305     
 -0.92555027307720128      , -0.98986866166433762      ,  -1.7082349636031091     
 -0.75938183996126873      , -0.84303727905915227      ,  -1.6451744759519611     
 -0.61806867080537686      , -0.70414998917810345      ,  -1.5725497021054149     
