  0.68269136143121245      ,   2.1229450724483714      ,   1.4655193661558268     
   1.8573936653800682      ,   2.1929852415350255      ,   1.5610585270229873     
   2.2724199157902722      ,   2.2400776937172493      ,   1.6539053462152871     
   2.2587046997390314      ,   2.2589017442634218      ,   1.7415228812149708     
   2.0035792870023990      ,   2.2447042742917840      ,   1.8210630112943438     
   1.6881899621696517      ,   2.1939089102960634      ,   1.8894909061409448     
   1.5419166368107973      ,   2.1047402225179983      ,   1.9437656688917380     
   1.6082034014805964      ,   1.9777454803439807      ,   1.9810672081207392     
   1.5527178537354440      ,   1.8160821072783706      ,   1.9990464820024860     
   1.4917091709129411      ,   1.6254624622894605      ,   1.9960649989817625     
   1.2335982105037768      ,   1.4137129629515430      ,   1.9713841858516696     
   1.0706322402623929      ,   1.1899972664110152      ,   1.9252693066812612     
  0.84817630970477098      ,  0.96384218103004549      ,   1.8589865037522069     
  0.63243533366282978      ,  0.74415591195967179      ,   1.7746919444430655     
  0.49163618993928249      ,  0.53842131673974125      ,   1.6752329415465239     
  0.42750260962725106      ,  0.35218728446955988      ,   1.5638959838847664     
  0.25536739013911092      ,  0.18889565376218667      ,   1.4441420266186100     
  0.16859240484154009      ,   5.0001978019320249E-002 ,   1.3193650556489360     
   6.9878702770569678E-002 ,  -6.4700883798565631E-002 ,   1.1926989228874905     
  -3.3343814122817207E-002 , -0.15666063759309845      ,   1.0668841267543117     
  -9.1243871405930016E-002 , -0.22813426990100699      ,  0.94419438639734021     
 -0.14176246344696752      , -0.28180797976757588      ,  0.82641469034470127     
 -0.19496718944605884      , -0.32049834109380249      ,  0.71485843581946695     
 -0.22732125095824493      , -0.34694074961631782      ,  0.61041059040920653     
 -0.24814504213971375      , -0.36365620077566646      ,  0.51358530372947420     
 -0.28757518788721054      , -0.37288048745330526      ,  0.42458891988492709     
 -0.31284287700391716      , -0.37653861886822665      ,  0.34338204425120999     
 -0.32920752597391473      , -0.37624917459232166      ,  0.26973670639260389     
 -0.33297378199463595      , -0.37334652660465156      ,  0.20328652779630416     
 -0.35039065471802677      , -0.36891220776140959      ,  0.14356912745924336     
 -0.34403898632797519      , -0.36380958762195265      ,   9.0060855130340983E-002
 -0.36667828788326251      , -0.35871823902491112      ,   4.2204439621893741E-002
 -0.38116540381257974      , -0.35416596004674755      ,  -5.6961569239652996E-004
 -0.39212065424873349      , -0.35055746826940914      ,  -3.8826978221081797E-002
 -0.39090206986074860      , -0.34819944144875398      ,  -7.3117879548269940E-002
 -0.40955211694950699      , -0.34732196114584557      , -0.10396913675487859     
 -0.41232476863069178      , -0.34809661831423416      , -0.13187907821838246     
 -0.43470852247038871      , -0.35065163044657438      , -0.15731475324318300     
 -0.45654663495805742      , -0.35508434474769440      , -0.18071090378070817     
 -0.48137567476248122      , -0.36147149037983400      , -0.20247026648446861     
 -0.49507750456183519      , -0.36987751301508459      , -0.22296485238673353     
 -0.50749976557750542      , -0.38036128702789984      , -0.24253791924495635     
 -0.51700778848803597      , -0.39298146021187508      , -0.26150640862046931     
 -0.52302423614217508      , -0.40780064560972051      , -0.28016366693359418     
 -0.54249748646483320      , -0.42488863596647064      , -0.29878230811027573     
 -0.55910922417277209      , -0.44432477860534586      , -0.31761710598075332     
 -0.58162718675925340      , -0.46619961183729980      , -0.33690782818834025     
 -0.59766720294466169      , -0.49061582772856122      , -0.35688194075595159     
 -0.62453581554754323      , -0.51768858938690709      , -0.37775712423213165     
 -0.64045726187575880      , -0.54754519301577265      , -0.39974354894277481     
 -0.67627191970957656      , -0.58032402491292434      , -0.42304585861538374     
 -0.70456213971843806      , -0.61617272046811900      , -0.44786480869756806     
 -0.74683660889111858      , -0.65524538527947807      , -0.47439849813077212     
 -0.77936549272836253      , -0.69769868729453444      , -0.50284312115890861     
 -0.82365430504823167      , -0.74368657348523226      , -0.53339314892254241     
 -0.85954862685037903      , -0.79335330605295495      , -0.56624082914757556     
 -0.90761983252690448      , -0.84682445416439756      , -0.60157486641105617     
 -0.95822423107971455      , -0.90419542278911047      , -0.63957811587315860     
  -1.0182694927493623      , -0.96551705894731876      , -0.68042409129601356     
  -1.0822916507285498      ,  -1.0307778612015503      , -0.72427205599499500     
  -1.1523130017524852      ,  -1.0998823509037625      , -0.77126043706710912     
  -1.2279184941338432      ,  -1.1726252724491224      , -0.82149828508863920     
  -1.3040044423531154      ,  -1.2486615134322572      , -0.87505450283288311     
  -1.3909012362991684      ,  -1.3274720230237296      , -0.93194460068929952     
  -1.4746543422719669      ,  -1.4083266142620134      , -0.99211482113025040     
  -1.5670771216917276      ,  -1.4902454189606513      ,  -1.0554236320282695     
  -1.6507167724059477      ,  -1.5719619618454443      ,  -1.1216208443547895     
  -1.7392647001857213      ,  -1.6518923291820697      ,  -1.1903249890188543     
  -1.8154624389629466      ,  -1.7281166388091584      ,  -1.2610001085055818     
  -1.8947086634049513      ,  -1.7983807511966154      ,  -1.3329337815139992     
  -1.9605339586348955      ,  -1.8601274883067285      ,  -1.4052189689836077     
  -2.0233478772386686      ,  -1.9105669316404634      ,  -1.4767430611370855     
  -2.0680395886746492      ,  -1.9467938643396794      ,  -1.5461881616983577     
  -2.0992946189551684      ,  -1.9659562972366709      ,  -1.6120469374818855     
  -2.1044447310110836      ,  -1.9654717519920386      ,  -1.6726580056065574     
  -2.0862663019288732      ,  -1.9432777608327523      ,  -1.7262635486630262     
  -2.0376155567543681      ,  -1.8980912374186156      ,  -1.7710894706649931     
  -1.9608786421876014      ,  -1.8296406962393050      ,  -1.8054450031124267     
  -1.8552208765035028      ,  -1.7388294866500131      ,  -1.8278346624583925     
  -1.7243296219245769      ,  -1.6277909378168240      ,  -1.8370716452890137     
  -1.5722974700379921      ,  -1.4998095542228083      ,  -1.8323791687938058     
  -1.4048235603062311      ,  -1.3591048903602743      ,  -1.8134659116009328     
  -1.2300439628715871      ,  -1.2105014823689850      ,  -1.7805641330966038     
  -1.0541610945502959      ,  -1.0590317642324893      ,  -1.7344240464755345     
 -0.88638820379934613      , -0.90953204853726333      ,  -1.6762645840380972     
 -0.73063308130860860      , -0.76629045839720311      ,  -1.6076872838821734     
 -0.59300665656466345      , -0.63279111119684861      ,  -1.5305650890616394     
 -0.47234131992748407      , -0.51157614327258938      ,  -1.4469203331926654     
 -0.37019839834090779      , -0.40422348056081997      ,  -1.3588058440310067     
 -0.28244642591676600      , -0.31141976406450217      ,  -1.2682004526181798     
 -0.20957815546040195      , -0.23309778801163680      ,  -1.1769262441082506     
 -0.14898779622219860      , -0.16860623877588951      ,  -1.0865906987991416     
 -0.10166636098873247      , -0.11688420726929609      , -0.99855328422125944     
  -6.5845181287819410E-002 ,  -7.6620826960369842E-002 , -0.91391352682143312     
  -4.1696582314841170E-002 ,  -4.6388750188870759E-002 , -0.83351620498294843     
  -2.7019980622216465E-002 ,  -2.4747247274474339E-002 , -0.75796889974055193     
  -2.0888376842369723E-002 ,  -1.0315729998428632E-002 , -0.68766743138630215     
  -2.0758630836113158E-002 ,  -1.8214478280048640E-003 , -0.62282540323619306     
  -2.5009330961670212E-002 ,   1.8736213420180853E-003 , -0.56350492439458066     
  -3.1331605487959449E-002 ,   1.7615356216361129E-003 , -0.50964642339749555     
  -3.8405158891929296E-002 ,  -1.3118115952818158E-003 , -0.46109619835676158     
  -4.5216612867614941E-002 ,  -6.6396574477651698E-003 , -0.41763093670120399     
  -5.1611436447522821E-002 ,  -1.3643028666461270E-002 , -0.37897887546563841     
  -5.8173635946211222E-002 ,  -2.1857230537399887E-002 , -0.34483757807297111     
  -6.5495618123712240E-002 ,  -3.0917647516997382E-002 , -0.31488850072089442     
  -7.4593326163125195E-002 ,  -4.0545828998756465E-002 , -0.28880863680281205     
  -8.5456008217117879E-002 ,  -5.0536458215814865E-002 , -0.26627958437632082     
  -9.8354515952726776E-002 ,  -6.0745535952676205E-002 , -0.24699439830948178     
 -0.11208185528279360      ,  -7.1079928829461902E-002 , -0.23066257968419340     
 -0.12624258181391348      ,  -8.1488312368645233E-002 , -0.21701353068754367     
 -0.13924889980890304      ,  -9.1953464011745173E-002 , -0.20579877078846398     
 -0.15097145975963489      , -0.10248581711414667      , -0.19679317430099824     
 -0.16060731428509065      , -0.11311816375377477      , -0.18979545356896593     
 -0.16906805551385778      , -0.12390138486828309      , -0.18462807785078555     
 -0.17663992992698027      , -0.13490108585741281      , -0.18113678659492613     
 -0.18477475379397565      , -0.14619502096295234      , -0.17918982768631697     
 -0.19394232510202045      , -0.15787119815256992      , -0.17867702656820605     
 -0.20492939535754900      , -0.17002656630521587      , -0.17950877083502106     
 -0.21741522999962146      , -0.18276619714175962      , -0.18161497674609636     
 -0.23105304912736632      , -0.19620288481528092      , -0.18494408884528565     
 -0.24510270782860105      , -0.21045709584136973      , -0.18946215116338330     
 -0.25899882534170560      , -0.22565721072115474      , -0.19515197798646983     
 -0.27271132095290063      , -0.24194000588268194      , -0.20201244354666020     
 -0.28624004519036217      , -0.25945133017162558      , -0.21005790288735099     
 -0.30045452011379825      , -0.27834693379168085      , -0.21931775023200070     
 -0.31568075907678633      , -0.29879340902458551      , -0.22983611610438576     
 -0.33316761078004459      , -0.32096920087564484      , -0.24167169986552495     
 -0.35319532508506063      , -0.34506564151254326      , -0.25489772989084503     
 -0.37702780542942649      , -0.37128795436713680      , -0.26960203892761031     
 -0.40460700387184839      , -0.39985616123761175      , -0.28588723682235340     
 -0.43665557153088180      , -0.43100580761439661      , -0.30387095630563832     
 -0.47242775247415103      , -0.46498839643186035      , -0.32368613929883611     
 -0.51200484713991745      , -0.50207138687697239      , -0.34548132058916198     
 -0.55447112767955409      , -0.54253757078717313      , -0.36942085189663620     
 -0.60000501719531507      , -0.58668358224765382      , -0.39568499136519159     
 -0.64839813406779201      , -0.63481722373640304      , -0.42446976021377292     
 -0.70035195781190707      , -0.68725320205339335      , -0.45598643837758396     
 -0.75636537622367805      , -0.74430675725310036      , -0.49046053302116105     
 -0.81724130679767071      , -0.80628453708180048      , -0.52813000635325302     
 -0.88378196373572881      , -0.87347191981658512      , -0.56924249093951840     
 -0.95663113715164294      , -0.94611582648685610      , -0.61405115097201413     
  -1.0365999600102358      ,  -1.0244019038421510      , -0.66280876718600912     
  -1.1235694887642820      ,  -1.1084248294944457      , -0.71575953398672687     
  -1.2173403860292191      ,  -1.1981504370039850      , -0.77312796625371349     
  -1.3162612979860531      ,  -1.2933684551491871      , -0.83510423251032928     
  -1.4190706914985820      ,  -1.3936350120537007      , -0.90182518174023896     
  -1.5236826755708928      ,  -1.4982048238685792      , -0.97335034643113805     
  -1.6292759707000020      ,  -1.6059543643073384      ,  -1.0496323335922244     
  -1.7345535368090372      ,  -1.7152995155211928      ,  -1.1304813258783022     
  -1.8391168626957206      ,  -1.8241144286973070      ,  -1.2155239907546520     
  -1.9414160023632534      ,  -1.9296626473165661      ,  -1.3041580287422825     
  -2.0396806622889510      ,  -2.0285567510694142      ,  -1.3955049591156097     
  -2.1303486830331284      ,  -2.1167681279727408      ,  -1.4883655626288721     
  -2.2088352714427284      ,  -2.1897124730225968      ,  -1.5811845732323351     
  -2.2689145167675435      ,  -2.2424368401855683      ,  -1.6720334281675850     
  -2.3038248492230187      ,  -2.2699274515027903      ,  -1.7586215675428791     
  -2.3068776448168498      ,  -2.2675410704442771      ,  -1.8383470568267553     
  -2.2727393083291232      ,  -2.2315354793862863      ,  -1.9083951718011813     
  -2.1983063481019816      ,  -2.1596393728573404      ,  -1.9658881976733313     
  -2.0832973874795706      ,  -2.0515673608482117      ,  -2.0080809159886481     
  -1.9305344274580667      ,  -1.9093654042820782      ,  -2.0325851947350984     
  -1.7455691913768623      ,  -1.7374802521795818      ,  -2.0375963442642169     
  -1.5363279005709827      ,  -1.5424908645419049      ,  -2.0220870557072868     
  -1.3122758851686016      ,  -1.3325138890316865      ,  -1.9859351503616736     
  -1.0838603343262918      ,  -1.1163770895205816      ,  -1.9299604824015189     
 -0.86135401430990277      , -0.90271463970216792      ,  -1.8558625427495614     
 -0.65394498300531878      , -0.69915333805288005      ,  -1.7660691607004873     
 -0.46836712719536783      , -0.51172455627362157      ,  -1.6635226118661581     
 -0.30780078113585813      , -0.34456902251457822      ,  -1.5514380456062040     
 -0.17120976863625931      , -0.19992742058226354      ,  -1.4330689555593126     
  -5.5123792087635383E-002 ,  -7.8353635495356427E-002 ,  -1.3115070018535810     
   4.3537535618277980E-002 ,   2.0938678205007655E-002 ,  -1.1895322925370455     
  0.12563011708004093      ,   9.9683331970804839E-002 ,  -1.0695188846258392     
  0.19042913457569463      ,  0.16018938887226788      , -0.95339135265482711     
  0.23737506807868358      ,  0.20502955102225520      , -0.84262287340932207     
  0.26721246434296719      ,  0.23680505324691808      , -0.73826321303702513     
  0.28192088333941800      ,  0.25798571518553559      , -0.64098540203572851     
  0.28434397036820552      ,  0.27081406721431378      , -0.55114169936627055     
  0.27787312111392426      ,  0.27725876812910116      , -0.46882179683512121     
  0.26594894370766464      ,  0.27900274777112255      , -0.39390850780487019     
  0.25175646852671429      ,  0.27745373025931797      , -0.32612810965688144     
  0.23802347399202908      ,  0.27376767687771925      , -0.26509396378805872     
  0.22667341115484030      ,  0.26887844999022875      , -0.21034304104239709     
  0.21837342386116909      ,  0.26352928555378896      , -0.16136561312245876     
  0.21266046977462350      ,  0.25830338361003830      , -0.11762872548202521     
  0.20836817072717984      ,  0.25365213339961845      ,  -7.8594230329419618E-002
  0.20434266427900358      ,  0.24992028571985089      ,  -4.3732198406493103E-002
  0.20009987460005818      ,  0.24736787928073103      ,  -1.2530495478973122E-002
  0.19619198700208987      ,  0.24618901419420672      ,   1.5498761649762946E-002
  0.19376855908838336      ,  0.24652771658972086      ,   4.0815242249198726E-002
  0.19403715088051157      ,  0.24849120507191619      ,   6.3848395057936713E-002
  0.19788734349097153      ,  0.25216088680275600      ,   8.4996947291091016E-002
  0.20578772451832705      ,  0.25760140041147883      ,  0.10462953672164868     
  0.21765828570418486      ,  0.26486799812752337      ,  0.12308617297080882     
  0.23289578452502993      ,  0.27401252828755540      ,  0.14068028317307485     
  0.25049012104136326      ,  0.28508824596383264      ,  0.15770114704959190     
  0.26936539073198190      ,  0.29815364605313538      ,  0.17441656789863064     
  0.28881178093231208      ,  0.31327548066923111      ,  0.19107565995241765     
  0.30876538465563180      ,  0.33053109129916319      ,  0.20791165978693618     
  0.32981216828876386      ,  0.35001015569947541      ,  0.22514469075587282     
  0.35287017209882493      ,  0.37181591944846470      ,  0.24298442539145085     
  0.37883579717827637      ,  0.39606595177792658      ,  0.26163260189036275     
  0.40832951850758015      ,  0.42289243397840254      ,  0.28128535757025835     
  0.44176010275807776      ,  0.45244195537173576      ,  0.30213534479742682     
  0.47931211433138526      ,  0.48487475552864823      ,  0.32437359347328226     
  0.52092018619281732      ,  0.52036331095555033      ,  0.34819107871969512     
  0.56615664281285905      ,  0.55909011875466963      ,  0.37377994279216353     
  0.61434770596544130      ,  0.60124447776365575      ,  0.40133430624077332     
  0.66473893822990682      ,  0.64701800872700355      ,  0.43105058462564538     
  0.71688290808337340      ,  0.69659858914627970      ,  0.46312720335904639     
  0.77086801759249557      ,  0.75016230682968776      ,  0.49776357426593426     
  0.82730264308745338      ,  0.80786296208517894      ,  0.53515816326300703     
  0.88697386201163153      ,  0.86981857845954313      ,  0.57550543970562862     
  0.95061351031801067      ,  0.93609432723212493      ,  0.61899145589766924     
   1.0188896777352909      ,   1.0066812497723858      ,  0.66578776291098896     
   1.0924966806591787      ,   1.0814702020791576      ,  0.71604333133576936     
   1.1719908715650924      ,   1.1602205871984252      ,  0.76987412117325282     
   1.2572715137532018      ,   1.2425237379106899      ,  0.82734994640491488     
   1.3471358385960299      ,   1.3277613327337383      ,  0.88847832494687062     
   1.4393112823039116      ,   1.4150600519922343      ,  0.95318511823163443     
   1.5311366067028780      ,   1.5032448850857092      ,   1.0212919774044968     
   1.6203448792251973      ,   1.5907951368249806      ,   1.0924909602993793     
   1.7055127651830086      ,   1.6758092336481305      ,   1.1663171991790231     
   1.7857852404199062      ,   1.7559867539213359      ,   1.2421212063624751     
   1.8602392583259162      ,   1.8286383484215454      ,   1.3190432973004009     
   1.9272196909191401      ,   1.8907357477549998      ,   1.3959936298273332     
   1.9840754916218197      ,   1.9390139414672936      ,   1.4716423658616045     
   2.0271553768783650      ,   1.9701347168167749      ,   1.5444252179966029     
   2.0520529282218622      ,   1.9809139931688384      ,   1.6125698074137198     
   2.0540378888021502      ,   1.9686042965658759      ,   1.6741474332865141     
   2.0288287387241732      ,   1.9312090665239734      ,   1.7271526879999526     
   1.9735377730548687      ,   1.8677898948641325      ,   1.7696097139064220     
   1.8874785630669269      ,   1.7787157727778797      ,   1.7996990584772179     
   1.7724643162046945      ,   1.6658004180897077      ,   1.8158938485468463     
   1.6325395971267083      ,   1.5322841264031259      ,   1.8170896522382194     
   1.4733655919840414      ,   1.3826410816817760      ,   1.8027103842661085     
   1.3015944033173061      ,   1.2222271300857113      ,   1.7727740487535097     
   1.1243874263347269      ,   1.0568173954948450      ,   1.7279072363722550     
  0.94895444934804274      ,  0.89210699497372936      ,   1.6693051785598141     
  0.78193409743985387      ,  0.73325371885859658      ,   1.5986429288824242     
  0.62856700387760189      ,  0.58452759738698601      ,   1.5179506812892458     
  0.49194016386444994      ,  0.44910440619877645      ,   1.4294706036630744     
  0.37277460266338169      ,  0.32900804302432490      ,   1.3355131575457599     
  0.27008775676233615      ,  0.22517975761350253      ,   1.2383281301111788     
  0.18236038060121113      ,  0.13763619500143201      ,   1.1400007631493552     
  0.10843243364921898      ,   6.5674125912785541E-002 ,   1.0423779110055031     
   4.7651561044305291E-002 ,   8.0849226673441309E-003 ,  0.94702432864755492     
  -4.7792514667849978E-004 ,  -3.6647959318350160E-002 ,  0.85520570116662220     
  -3.6655325911810102E-002 ,  -7.0183985503209742E-002 ,  0.76789306686827385     
  -6.1933558796164689E-002 ,  -9.4198889559875751E-002 ,  0.68578266487044659     
  -7.7779981368527276E-002 , -0.11029539148430681      ,  0.60932557376670549     
  -8.6093409426834966E-002 , -0.11994634888404937      ,  0.53876239312829344     
  -8.9102046602433996E-002 , -0.12446374781749646      ,  0.47415931772987213     
  -8.9114746875177231E-002 , -0.12498684092459350      ,  0.41544303521539272     
  -8.8169398315069258E-002 , -0.12248351306069007      ,  0.36243281295299978     
  -8.7656107911104258E-002 , -0.11776008759970902      ,  0.31486887817539688     
  -8.8093228540056329E-002 , -0.11147595722127562      ,  0.27243673610220331     
  -8.9190331099286729E-002 , -0.10416046098667439      ,  0.23478743889501760     
  -9.0142370961563009E-002 ,  -9.6230268745729916E-002 ,  0.20155404923322520     
  -9.0023259951626147E-002 ,  -8.8006169680094323E-002 ,  0.17236467135236386     
  -8.8162262382756304E-002 ,  -7.9728619465646910E-002 ,  0.14685248014890553     
  -8.4375711164587197E-002 ,  -7.1571715908854167E-002 ,  0.12466318963701144     
  -7.8978919748550133E-002 ,  -6.3655481380319207E-002 ,  0.10546038361411331     
  -7.2652664382610865E-002 ,  -5.6056462123818873E-002 ,   8.8929096525659293E-002
  -6.6247276334419625E-002 ,  -4.8816733180471229E-002 ,   7.4777989758615271E-002
  -6.0544079606007412E-002 ,  -4.1951440676735785E-002 ,   6.2740423449201291E-002
  -5.6004315155366712E-002 ,  -3.5455032936478358E-002 ,   5.2574679744355923E-002
  -5.2611320781961332E-002 ,  -2.9306336777311121E-002 ,   4.4063552248866676E-002
  -4.9883293011465837E-002 ,  -2.3472631137315080E-002 ,   3.7013479116549064E-002
  -4.7064017313031357E-002 ,  -1.7912860613176592E-002 ,   3.1253364298961861E-002
  -4.3405139904719274E-002 ,  -1.2580119031930273E-002 ,   2.6633202873642056E-002
  -3.8430420624603973E-002 ,  -7.4235194168164684E-003 ,   2.3022601941961349E-002
  -3.2087857473710457E-002 ,  -2.3895526643297050E-003 ,   2.0309267999732566E-002
  -2.4735247528692546E-002 ,   2.5769764294678002E-003 ,   1.8397514567913990E-002
  -1.6965246191660538E-002 ,   7.5323600723385788E-003 ,   1.7206829832404586E-002
  -9.3691398755685659E-003 ,   1.2533681512562971E-002 ,   1.6670532691262046E-002
  -2.3559422026963512E-003 ,   1.7638739228033853E-002 ,   1.6734536573687991E-002
   3.9272323624426862E-003 ,   2.2906157954650883E-002 ,   1.7356233333978746E-002
   9.5851852999890002E-003 ,   2.8395651775810059E-002 ,   1.8503504123173291E-002
   1.4912403730682601E-002 ,   3.4168411947193139E-002 ,   2.0153860122593532E-002
   2.0323822166657853E-002 ,   4.0287598573695890E-002 ,   2.2293713141477826E-002
   2.6307195000786696E-002 ,   4.6818920772964574E-002 ,   2.4917774122068557E-002
   3.3359439297402226E-002 ,   5.3831294641373525E-002 ,   2.8028576376258642E-002
   4.1878743503426671E-002 ,   6.1397572269541886E-002 ,   3.1636119741692989E-002
   5.2039510358341673E-002 ,   6.9595338313741359E-002 ,   3.5757631659391192E-002
   6.3729849981611464E-002 ,   7.8507773281989768E-002 ,   4.0417441327286856E-002
   7.6590574049449509E-002 ,   8.8224584786854909E-002 ,   4.5646963479192816E-002
   9.0141370050124445E-002 ,   9.8843009576148722E-002 ,   5.1484788894276025E-002
  0.10393507766212079      ,  0.11046889017470396      ,   5.7976879384914290E-002
  0.11769718199232769      ,  0.12321783041693192      ,   6.5176865672310277E-002
  0.13141285315017148      ,  0.13721643393795990      ,   7.3146447170941875E-002
  0.14534075810594616      ,  0.15260362868110805      ,   8.1955893190802181E-002
  0.15996097521097832      ,  0.16953207845828508      ,   9.1684645344361937E-002
  0.17590282605063365      ,  0.18816967925929715      ,  0.10242202090719046     
  0.19387917647485009      ,  0.20870113291326453      ,  0.11426801639108988     
  0.21460329880252535      ,  0.23132958326445305      ,  0.12733420946757795     
  0.23866438938366422      ,  0.25627828942655712      ,  0.14174475538966241     
  0.26639101580697228      ,  0.28379229583655963      ,  0.15763747088302618     
  0.29777972147337450      ,  0.31414003829503662      ,  0.17516499368889293     
  0.33253515401810829      ,  0.34761479704822135      ,  0.19449599897351566     
  0.37022473111208631      ,  0.38453586975492132      ,  0.21581644392278115     
  0.41050489788548716      ,  0.42524928569696840      ,  0.23933079802753432     
  0.45334816235770586      ,  0.47012781380497676      ,  0.26526319755009375     
  0.49915371264853520      ,  0.51956992601299135      ,  0.29385843679191381     
  0.54868378821288155      ,  0.57399725820589576      ,  0.32538267396696935     
  0.60289901878202001      ,  0.63384995688781476      ,  0.36012368314484444     
  0.66284411105228647      ,  0.69957910375106158      ,  0.39839042277848546     
  0.72960446993164052      ,  0.77163516659707754      ,  0.44051161226904401     
  0.80420964466753109      ,  0.85045113084173762      ,  0.48683290717601213     
  0.88738554717448492      ,  0.93641862573563228      ,  0.53771213779833738     
  0.97924096239604941      ,   1.0298549921469877      ,  0.59351192318830193     
   1.0790933928527451      ,   1.1309588877514196      ,  0.65458879492291688     
   1.1856050432017078      ,   1.2397517747754763      ,  0.72127777049431474     
   1.2972169917953662      ,   1.3560026313389530      ,  0.79387112490455902     
   1.4126405559927717      ,   1.4791337050455708      ,  0.87258995955215146     
   1.5310854449927809      ,   1.6081064368808913      ,  0.95754712642466444     
   1.6520717886070821      ,   1.7412893019177593      ,   1.0487002384026967     
   1.7749746021853599      ,   1.8763138155898438      ,   1.1457940364240928     
   1.8985511293278188      ,   2.0099318942507094      ,   1.2482924930836636     
   2.0205134088077257      ,   2.1378973961878445      ,   1.3553029398616954     
   2.1370425129581525      ,   2.2549064777318151      ,   1.4654974099608737     
   2.2423546890915644      ,   2.3546433513064033      ,   1.5770403371301229     
   2.3287176149562181      ,   2.4299858367995242      ,   1.6875364451886767     
   2.3872152873161090      ,   2.4734218891438644      ,   1.7940172231606923     
   2.4090870845221897      ,   2.4777056673536721      ,   1.8929871604190438     
   2.3871569491239177      ,   2.4367331707699966      ,   1.9805495722426576     
   2.3169704625701470      ,   2.3465443731214122      ,   2.0526239233744605     
   2.1975207599370581      ,   2.2062768910334571      ,   2.1052507294668348     
   2.0315289607553568      ,   2.0188375363135775      ,   2.1349578202379615     
   1.8252040398530023      ,   1.7910618331619277      ,   2.1391383069182974     
   1.5875217775411792      ,   1.5332228917328097      ,   2.1163745456471621     
   1.3293345596307493      ,   1.2579174386146803      ,   2.0666422782241312     
   1.0625354488409291      ,  0.97854134297999718      ,   1.9913488137310020     
  0.79911959821663214      ,  0.70769136313762082      ,   1.8931943560315410     
  0.55022481448946126      ,  0.45583824664640421      ,   1.7758848688803412     
  0.32528889259927396      ,  0.23050927023430751      ,   1.6437546594339536     
  0.13027399928655886      ,   3.6050505143438528E-002 ,   1.5013681551015559     
  -3.4679480920689780E-002 , -0.12611607209068093      ,   1.3531623917873992     
 -0.17438395273020163      , -0.25691646736808738      ,   1.2031709132144586     
 -0.29392208058685887      , -0.35892099368569275      ,   1.0548452921163320     
 -0.39490253475317727      , -0.43566570606659138      ,  0.91096991287466522     
 -0.47570467137762862      , -0.49109073009665027      ,  0.77365276665340721     
 -0.53458852816481817      , -0.52913030916021508      ,  0.64436993400604248     
 -0.57212522492870854      , -0.55344944453988010      ,  0.52404215255857545     
 -0.59100328664414015      , -0.56730092427670731      ,  0.41312580382037600     
 -0.59522857052465994      , -0.57347008422848955      ,  0.31170564749703555     
 -0.58978766615934752      , -0.57427697668179878      ,  0.21958131569322537     
 -0.57970279240530398      , -0.57161183544461391      ,  0.13634331255018414     
 -0.56918076103172321      , -0.56698665329823184      ,   6.1436906494710515E-002
 -0.56161592116034043      , -0.56159171937918373      ,  -5.7860203865394491E-003
 -0.55922203464380471      , -0.55635054902165548      ,  -6.6026161440253139E-002
 -0.56226680961766440      , -0.55196980285759600      , -0.12000557659049557     
 -0.56935388079921734      , -0.54898280315761561      , -0.16844453580434451     
 -0.57854343508094164      , -0.54778643087851842      , -0.21204493240616626     
 -0.58830014935998776      , -0.54867180518917957      , -0.25147893945101157     
 -0.59829928703690238      , -0.55184942003972071      , -0.28738176978518815     
 -0.60961247322165135      , -0.55746948611134617      , -0.32034758760914694     
 -0.62360766074433849      , -0.56563819546380900      , -0.35092779030212551     
 -0.64077332870435189      , -0.57643054706452279      , -0.37963102752785310     
 -0.66073745817602458      , -0.58990027587016369      , -0.40692444907360542     
 -0.68283369600293953      , -0.60608733244994850      , -0.43323577496980942     
 -0.70645160314853306      , -0.62502327145361625      , -0.45895586375767139     
 -0.73114789800770319      , -0.64673482781757508      , -0.48444152011735980     
 -0.75660157179725018      , -0.67124588940194041      , -0.51001833407320762     
 -0.78268504597907829      , -0.69857801281065290      , -0.53598338297267722     
 -0.80965080365301467      , -0.72874957445346822      , -0.56260765637729260     
 -0.83809630313799466      , -0.76177360083665890      , -0.59013808461061679     
 -0.86872377481406127      , -0.79765428065106081      , -0.61879906548882424     
 -0.90215015596843728      , -0.83638212735544426      , -0.64879339212775489     
 -0.93878237072788828      , -0.87792773658273071      , -0.68030248910997815     
 -0.97878718159400291      , -0.92223407105529098      , -0.71348586628439714     
  -1.0222106361380194      , -0.96920721151846778      , -0.74847970091958682     
  -1.0689529592311617      ,  -1.0187055419305131      , -0.78539446213172392     
  -1.1185039355556812      ,  -1.0705273990196120      , -0.82431149933192061     
  -1.1699158898338966      ,  -1.1243973202013882      , -0.86527853247538133     
  -1.2221403025160069      ,  -1.1799511806106666      , -0.90830401053099619     
  -1.2743852319720856      ,  -1.2367207301277516      , -0.95335035097060483     
  -1.3262964639199533      ,  -1.2941183324021865      ,  -1.0003261428697443     
  -1.3778603503054074      ,  -1.3514230708375985      ,  -1.0490774950421622     
  -1.4290156071082112      ,  -1.4077698097463391      ,  -1.0993788430539364     
  -1.4792696018327458      ,  -1.4621432513207209      ,  -1.1509236968342043     
  -1.5276071093681332      ,  -1.5133794522476787      ,  -1.2033160107705185     
  -1.5726092462439185      ,  -1.5601775654106953      ,  -1.2560630796131806     
  -1.6125589265277513      ,  -1.6011246243680743      ,  -1.3085710842048905     
  -1.6454639069392523      ,  -1.6347358360637099      ,  -1.3601445955361895     
  -1.6691039660826412      ,  -1.6595119318158782      ,  -1.4099914444430315     
  -1.6812620695083400      ,  -1.6740135290221811      ,  -1.4572343171030444     
  -1.6801313901660822      ,  -1.6769501584963395      ,  -1.5009301808173732     
  -1.6646631494873330      ,  -1.6672787674971616      ,  -1.5400981306903612     
  -1.6346696132623779      ,  -1.6443034919369328      ,  -1.5737554593945751     
  -1.5906784294502534      ,  -1.6077659040101648      ,  -1.6009607280829263     
  -1.5336745401180765      ,  -1.5579135285661139      ,  -1.6208614663653091     
  -1.4649279138226381      ,  -1.4955348932514001      ,  -1.6327430334951276     
  -1.3859966735692624      ,  -1.4219521617279289      ,  -1.6360743587605571     
  -1.2988102731743092      ,  -1.3389674036710908      ,  -1.6305459717501778     
  -1.2057026300320242      ,  -1.2487650483012311      ,  -1.6160960912620492     
  -1.1093292918075994      ,  -1.1537797725597216      ,  -1.5929215969596866     
  -1.0124626266910521      ,  -1.0565444878607058      ,  -1.5614723340519292     
 -0.91771740616389619      , -0.95953593668434656      ,  -1.5224291288345679     
 -0.82729496208042896      , -0.86503506073693992      ,  -1.4766677720079291     
 -0.74281827331545514      , -0.77501596540308193      ,  -1.4252127180413876     
 -0.66530000082258534      , -0.69107193118611820      ,  -1.3691851115140485     
 -0.59524648007651249      , -0.61438085835291323      ,  -1.3097498964083438     
 -0.53283333900673568      , -0.54570708471447615      ,  -1.2480662595137457     
 -0.47806026666190571      , -0.48543260907053182      ,  -1.1852446890097597     
 -0.43083535361596687      , -0.43360875900124374      ,  -1.1223127313895014     
 -0.39099212429381508      , -0.39001913247825576      ,  -1.0601903307828902     
 -0.35826697218612297      , -0.35424575937535829      , -0.99967460534226515     
 -0.33227301610600679      , -0.32573229227028422      , -0.94143315192369736     
 -0.31249446779794443      , -0.30384011645547843      , -0.88600449845689855     
 -0.29830854406151652      , -0.28789518263124692      , -0.83380411625177198     
 -0.28903068297660967      , -0.27722489743748402      , -0.78513440532441636     
 -0.28397265601113314      , -0.27118548665555725      , -0.74019720831002611     
 -0.28250236852512306      , -0.26918090226847574      , -0.69910763092864081     
 -0.28409881375717944      , -0.27067465841662991      , -0.66190819981108051     
 -0.28839176640792741      , -0.27519604925744096      , -0.62858263694646577     
 -0.29517050494000413      , -0.28234211350831079      , -0.59906875283833150     
 -0.30435324393655228      , -0.29177653783712260      , -0.57327014725614533     
 -0.31592552976144805      , -0.30322648557970211      , -0.55106655451075470     
 -0.32986729525611613      , -0.31647813139018632      , -0.53232278152552437     
 -0.34609369200448370      , -0.33137149483996187      , -0.51689626622335638     
 -0.36443074158637939      , -0.34779500501769461      , -0.50464333648177084     
 -0.38463213604121060      , -0.36568009573819377      , -0.49542428169247349     
 -0.40642812865389050      , -0.38499602525408183      , -0.48910736481874190     
 -0.42958741500908354      , -0.40574503181382809      , -0.48557190700941305     
 -0.45396881569186637      , -0.42795787285999853      , -0.48471057270616202     
 -0.47954536435239320      , -0.45168974702394493      , -0.48643097339798735     
 -0.50639644481035750      , -0.47701656066061776      , -0.49065669468592232     
 -0.53467346639741919      , -0.50403147131716031      , -0.49732783551610799     
 -0.56455037887244297      , -0.53284161661660823      , -0.50640113126787600     
 -0.59617411129846787      , -0.56356491644376672      , -0.51784971444532857     
 -0.62963119706679860      , -0.59632681739133375      , -0.53166254835454352     
 -0.66494241682649724      , -0.63125682995497168      , -0.54784355050508726     
 -0.70208808816570956      , -0.66848469021474177      , -0.56641040358499717     
 -0.74105326133937710      , -0.70813595849571220      , -0.58739303269851206     
 -0.78187229422685367      , -0.75032684820996909      , -0.61083170811569854     
 -0.82465273359375413      , -0.79515806005460743      , -0.63677471314776146     
 -0.86956853263861345      , -0.84270738243510879      , -0.66527549721122536     
 -0.91682518318802597      , -0.89302081239096343      , -0.69638921528000819     
 -0.96660881641340346      , -0.94610195840523448      , -0.73016853783086644     
  -1.0190327517248738      ,  -1.0018995157737431      , -0.76665860183091661     
  -1.0740905495970992      ,  -1.0602926681694629      , -0.80589096597885568     
  -1.1316210961830862      ,  -1.1210743804092265      , -0.84787643615008990     
  -1.1912903348943085      ,  -1.1839327250420781      , -0.89259664507869874     
  -1.2525920302930447      ,  -1.2484306490633519      , -0.93999431056875693     
  -1.3148636519558607      ,  -1.3139849560736494      , -0.98996216730446873     
  -1.3773058155183697      ,  -1.3798457674096958      ,  -1.0423306780223585     
  -1.4389901026529281      ,  -1.4450783338110693      ,  -1.0968547897873986     
  -1.4988458494762504      ,  -1.5085497731547308      ,  -1.1532002176860552     
  -1.5556290004372633      ,  -1.5689240468697017      ,  -1.2109300134128256     
  -1.6078881461158174      ,  -1.6246691407812124      ,  -1.2694925020919510     
  -1.6539480670985638      ,  -1.6740808026929315      ,  -1.3282120238056812     
  -1.6919295330468365      ,  -1.7153270618634235      ,  -1.3862842519564700     
  -1.7198176519554447      ,  -1.7465168280709595      ,  -1.4427781088534570     
  -1.7355826552181037      ,  -1.7657938748848623      ,  -1.4966463657802502     
  -1.7373466046744257      ,  -1.7714543110066963      ,  -1.5467467920685003     
  -1.7235778924258949      ,  -1.7620813487078815      ,  -1.5918751048897211     
  -1.6932858255240917      ,  -1.7366862849086970      ,  -1.6308099101921392     
  -1.6461846789131620      ,  -1.6948400507549732      ,  -1.6623683407229719     
  -1.5828012252073684      ,  -1.6367767362150747      ,  -1.6854693344275800     
  -1.5045091201312915      ,  -1.5634504866980163      ,  -1.6991997322826975     
  -1.4134828671270714      ,  -1.4765310201841704      ,  -1.7028769857454698     
  -1.3125703571402720      ,  -1.3783307488594123      ,  -1.6961016460448777     
  -1.2050878368615972      ,  -1.2716669436537500      ,  -1.6787932562460715     
  -1.0945498517861247      ,  -1.1596733249467557      ,  -1.6512048610538417     
 -0.98436252232542087      ,  -1.0455842051320325      ,  -1.6139138845134358     
 -0.87752763220594143      , -0.93251858183882830      ,  -1.5677901395865363     
 -0.77641775150862846      , -0.82329035218042435      ,  -1.5139446234270537     
 -0.68267717097860814      , -0.72026464386512257      ,  -1.4536649478973556     
 -0.59727084210168879      , -0.62527101860698397      ,  -1.3883443792293637     
 -0.52064850916776917      , -0.53957446906770634      ,  -1.3194114175192606     
 -0.45294361270063477      , -0.46389691918436793      ,  -1.2482658107355322     
 -0.39412333534448246      , -0.39847670576091254      ,  -1.1762252245048130     
 -0.34405163301494662      , -0.34315158107041943      ,  -1.1044848893203174     
 -0.30248320543497165      , -0.29745160266351045      ,  -1.0340907775608119     
 -0.26903246902086936      , -0.26069089022894731      , -0.96592546022966486     
 -0.24315257698500098      , -0.23205059843253328      , -0.90070485909712150     
 -0.22413943365327668      , -0.21064875873199193      , -0.83898363355433903     
 -0.21116345634980049      , -0.19559537939723376      , -0.78116684156170324     
 -0.20332710572471310      , -0.18603315816078411      , -0.72752567936784129     
 -0.19974202583660947      , -0.18116536963129981      , -0.67821542530855661     
 -0.19961352108386926      , -0.18027307394903186      , -0.63329409850843954     
 -0.20231339389783781      , -0.18272393010137675      , -0.59274072934587274     
 -0.20741966342686510      , -0.18797475401396574      , -0.55647248585787767     
 -0.21470858879010418      , -0.19556967171577358      , -0.52436018980393284     
 -0.22409972064808042      , -0.20513537557731906      , -0.49624198298935779     
 -0.23557156912842536      , -0.21637465526718860      , -0.47193507244194055     
 -0.24907668359534427      , -0.22905907577723930      , -0.45124560031800964     
 -0.26448504978045706      , -0.24302142513539784      , -0.43397676066707219     
 -0.28157258563004706      , -0.25814835544495218      , -0.41993532984433485     
 -0.30005365625442548      , -0.27437348785925458      , -0.40893679872533489     
 -0.31964216207171831      , -0.29167113772052305      , -0.40080929976955437     
 -0.34011893446623087      , -0.31005073261561378      , -0.39539651574186374     
 -0.36138316636955226      , -0.32955193639568431      , -0.39255974355020584     
 -0.38347150415501896      , -0.35024045017466282      , -0.39217926911047751     
 -0.40653891993245106      , -0.37220443197803904      , -0.39415518944159794     
 -0.43080759060807061      , -0.39555145607950276      , -0.39840779768278439     
 -0.45650035065094274      , -0.42040591799337096      , -0.40487762625429907     
 -0.48378146944482298      , -0.44690677909479126      , -0.41352522341094500     
 -0.51272715313632766      , -0.47520553392195697      , -0.42433071913709575     
 -0.54333870432626552      , -0.50546427174952702      , -0.43729321766365337     
 -0.57559365188082168      , -0.53785369066681721      , -0.45243003565478301     
 -0.60951255037526930      , -0.57255090604011283      , -0.46977578700513067     
 -0.64521241089313375      , -0.60973687501055940      , -0.48938129681772835     
 -0.68292603089463344      , -0.64959323398722135      , -0.51131230806695893     
 -0.72298379890485487      , -0.69229831675282183      , -0.53564792425562802     
 -0.76576967391453277      , -0.73802208723464602      , -0.56247870966875946     
 -0.81166772395301512      , -0.78691968457225403      , -0.59190434535887448     
 -0.86101032182343185      , -0.83912324162272045      , -0.62403071376360286     
 -0.91403224530027893      , -0.89473160635231996      , -0.65896625826376010     
 -0.97083405372693277      , -0.95379757650101715      , -0.69681743709137578     
  -1.0313617842226805      ,  -1.0163122633497086      , -0.73768306581018306     
  -1.0954100005356153      ,  -1.0821862475180342      , -0.78164732251353786     
  -1.1626464802504917      ,  -1.1512273020640964      , -0.82877118020333218     
  -1.2326436272072074      ,  -1.2231146665016239      , -0.87908203927150175     
  -1.3048942912664907      ,  -1.2973701971690170      , -0.93256137033902720     
  -1.3787949037952281      ,  -1.3733272361202213      , -0.98913025796572596     
  -1.4535938347637651      ,  -1.4500987710790152      ,  -1.0486328760822481     
  -1.5283175855630144      ,  -1.5265474263521797      ,  -1.1108181454454200     
  -1.6016938619561070      ,  -1.6012610163540415      ,  -1.1753201399794371     
  -1.6720895512980192      ,  -1.6725387318242921      ,  -1.2416382341557344     
  -1.7374797229048344      ,  -1.7383943355206446      ,  -1.3091185144058646     
  -1.7954637648755385      ,  -1.7965837066088675      ,  -1.3769385845074287     
  -1.8433419302309890      ,  -1.8446642303873391      ,  -1.4440985090625240     
  -1.8782551164905097      ,  -1.8800923057294496      ,  -1.5094211411549825     
  -1.8973764099603105      ,  -1.9003620552261886      ,  -1.5715652975031595     
  -1.8981344278197865      ,  -1.9031827982302114      ,  -1.6290549666315841     
  -1.8784501940960054      ,  -1.8866851170226828      ,  -1.6803267568421569     
  -1.8369748867125200      ,  -1.8496363551116888      ,  -1.7237959816215145     
  -1.7733147839212440      ,  -1.7916380410675179      ,  -1.7579391792960299     
  -1.6882184864885772      ,  -1.7132726957006661      ,  -1.7813877595971110     
  -1.5836873442954555      ,  -1.6161684807156373      ,  -1.7930244250309093     
  -1.4629645598451282      ,  -1.5029588695350191      ,  -1.7920717886868647     
  -1.3303673473052775      ,  -1.3771305048812259      ,  -1.7781619623086107     
  -1.1909486572463548      ,  -1.2427725453127778      ,  -1.7513773102249932     
  -1.0500094983004662      ,  -1.1042599496768615      ,  -1.7122560386931081     
 -0.91252698912657493      , -0.96591582889212391      ,  -1.6617612036872165     
 -0.78260477784214622      , -0.83170052098099057      ,  -1.6012170039848961     
 -0.66308046625874584      , -0.70496700230654741      ,  -1.5322206851177955     
 -0.55542540747921665      , -0.58830656487150945      ,  -1.4565410779602899     
 -0.45999693262218871      , -0.48349030064061937      ,  -1.3760153333794944     
 -0.37652965338382616      , -0.39149578312941646      ,  -1.2924539848468182     
 -0.30460371318933982      , -0.31259772590773183      ,  -1.2075617072594529     
 -0.24386877599498924      , -0.24649732083023929      ,  -1.1228778477963137     
 -0.19400593548989598      , -0.19246644036208602      ,  -1.0397377047734631     
 -0.15457614315791968      , -0.14948788969210711      , -0.95925310181428824     
 -0.12490307100757299      , -0.11637925082458615      , -0.88230924416551371     
 -0.10403664932416160      ,  -9.1893903499562668E-002 , -0.80957411805612767     
  -9.0779275298973741E-002 ,  -7.4797586472046762E-002 , -0.74151662997261869     
  -8.3758248294108523E-002 ,  -6.3922072050415557E-002 , -0.67843005825751912     
  -8.1537728304254570E-002 ,  -5.8199293618304448E-002 , -0.62045799615403852     
  -8.2761386786499025E-002 ,  -5.6679925827361408E-002 , -0.56762064194083117     
  -8.6307871902510436E-002 ,  -5.8540348368154201E-002 , -0.51983993214592517     
  -9.1419175077554940E-002 ,  -6.3081452805168317E-002 , -0.47696256091195804     
  -9.7748859902150709E-002 ,  -6.9722116155089525E-002 , -0.43878036149152644     
 -0.10530130683198063      ,  -7.7989515728857151E-002 , -0.40504784664213661     
 -0.11427737499260839      ,  -8.7507878633341765E-002 , -0.37549692761449566     
 -0.12487788165866436      ,  -9.7986779594274140E-002 , -0.34984897538591037     
 -0.13713628916313181      , -0.10920972673848564      , -0.32782447175601614     
 -0.15084194075521520      , -0.12102349597512529      , -0.30915053859972014     
 -0.16557026733938632      , -0.13332847406205278      , -0.29356664452594172     
 -0.18079152223762046      , -0.14607013108359065      , -0.28082877981958682     
 -0.19601406398621701      , -0.15923164952925400      , -0.27071237047079422     
 -0.21091922599998902      , -0.17282767687931797      , -0.26301417569665608     
 -0.22544811709259566      , -0.18689913183338283      , -0.25755338429269542     
 -0.23981262132421349      , -0.20150897378470639      , -0.25417209580375427     
 -0.25442555967824942      , -0.21673883553326737      , -0.25273534436015060     
 -0.26977024734013288      , -0.23268641671678922      , -0.25313079693558804     
 -0.28624985920322848      , -0.24946353727361886      , -0.25526823416466127     
 -0.30406834409278893      , -0.26719475444867991      , -0.25907890083227025     
 -0.32319184322994987      , -0.28601645195124986      , -0.26451479464037853     
 -0.34341223572943408      , -0.30607631475629160      , -0.27154794566341145     
 -0.36448623428848759      , -0.32753310681370912      , -0.28016972472774587     
 -0.38628567314352569      , -0.35055667081892139      , -0.29039020643681313     
 -0.40889551174582639      , -0.37532806847835753      , -0.30223760130804356     
 -0.43263050290397598      , -0.40203977563750370      , -0.31575776104721937     
 -0.45798391772452091      , -0.43089583842782897      , -0.33101375087482215     
 -0.48554813830036220      , -0.46211188333042980      , -0.34808547250654798     
 -0.51594183747209033      , -0.49591485471487706      , -0.36706931029059908     
 -0.54974970086692054      , -0.53254232681396518      , -0.38807776046718501     
 -0.58746188647793429      , -0.57224120193494643      , -0.41123898881699250     
 -0.62941287901156429      , -0.61526556162170254      , -0.43669624430404413     
 -0.67574446904001184      , -0.66187338119341854      , -0.46460703482419996     
 -0.72642315264358592      , -0.71232174967747208      , -0.49514194493394065     
 -0.78131892143931148      , -0.76686015654029704      , -0.52848294357277537     
 -0.84031685183905025      , -0.82572131529877424      , -0.56482099157809673     
 -0.90341033278828831      , -0.88910889631946843      , -0.60435271386681955     
 -0.97073226192683082      , -0.95718144561732144      , -0.64727584989268017     
  -1.0425152767319075      ,  -1.0300316888973573      , -0.69378314002236041     
  -1.1190084570842123      ,  -1.1076603862467747      , -0.74405424852281254     
  -1.2003848152465129      ,  -1.1899439527310121      , -0.79824527282869806     
  -1.2866472231616097      ,  -1.2765952520927344      , -0.85647535524582685     
  -1.3775151564698727      ,  -1.3671173852263221      , -0.91880991527361622     
  -1.4722886304572729      ,  -1.4607510350535038      , -0.98524008462433921     
  -1.5697314916414256      ,  -1.5564171138177354      ,  -1.0556580887928402     
  -1.6680415796066785      ,  -1.6526582029154728      ,  -1.1298286242713289     
  -1.7649380956129421      ,  -1.7475846497656911      ,  -1.2073567810173433     
  -1.8578165014069923      ,  -1.8388341462472721      ,  -1.2876538045436170     
  -1.9438681120855210      ,  -1.9235568958115867      ,  -1.3699030094540989     
  -2.0200861575579308      ,  -1.9984414754470683      ,  -1.4530294256971485     
  -2.0831659230290058      ,  -2.0597981597360326      ,  -1.5356781714554506     
  -2.1293917384399470      ,  -2.1037152903137084      ,  -1.6162078635177315     
  -2.1546394353479545      ,  -2.1262985059202357      ,  -1.6927062008074754     
  -2.1546031898958562      ,  -2.1239908924464261      ,  -1.7630346532475247     
  -2.1252945223861910      ,  -2.0939542405694795      ,  -1.8249073791125396     
  -2.0637658543351320      ,  -2.0344698460352229      ,  -1.8760056647451384     
  -1.9688958094207338      ,  -1.9452969176045305      ,  -1.9141233645507050     
  -1.8419900832802125      ,  -1.8279153874829066      ,  -1.9373317682185185     
  -1.6869758431562210      ,  -1.6855855241203963      ,  -1.9441455890870691     
  -1.5101204598161002      ,  -1.5231832073349167      ,  -1.9336674312105187     
  -1.3193805458970145      ,  -1.3468136481388202      ,  -1.9056880830014979     
  -1.1235409750543397      ,  -1.1632561703974931      ,  -1.8607252165892612     
 -0.93125892028961399      , -0.97933229922058140      ,  -1.7999928104286804     
 -0.75010221794797372      , -0.80130503042066714      ,  -1.7253055011865772     
 -0.58564053153052653      , -0.63440384938197447      ,  -1.6389329214769353     
 -0.44071055070995546      , -0.48253394132337513      ,  -1.5434260887480573     
 -0.31532606444349665      , -0.34818283590830196      ,  -1.4414396800717835     
 -0.20770681048940792      , -0.23249812814134732      ,  -1.3355709038006018     
 -0.11595190574301505      , -0.13548555971593074      ,  -1.2282293332833776     
  -3.9137442987962873E-002 ,  -5.6269906219155272E-002 ,  -1.1215446562215881     
   2.2799585886965262E-002 ,   6.6318975710786821E-003 ,  -1.0173126590833490     
   6.9897000792857933E-002 ,   5.5061524558877140E-002 , -0.91697499538263172     
  0.10280838575351879      ,   9.1014157251776917E-002 , -0.82162566727776609     
  0.12290926871691141      ,  0.11648438835860699      , -0.73203639435533829     
  0.13216669267143993      ,  0.13336077817771405      , -0.64869359043157415     
  0.13297481387475335      ,  0.14336166147433382      , -0.57184093095123456     
  0.12792334584834431      ,  0.14800295290998974      , -0.50152299788620158     
  0.11955254750461504      ,  0.14858893126008563      , -0.43762692591034791     
  0.11010783467698085      ,  0.14621829166196354      , -0.37992018122204974     
  0.10122069360706384      ,  0.14179943589764171      , -0.32808352909402183     
   9.3643073485769224E-002 ,  0.13607060347492927      , -0.28173890008174274     
   8.7256112534766145E-002 ,  0.12962183015824019      , -0.24047229154001515     
   8.1360704044804999E-002 ,  0.12291679566143585      , -0.20385209363802392     
   7.5131235469643412E-002 ,  0.11631340530896644      , -0.17144335712803233     
   6.8097049909563945E-002 ,  0.11008249150981247      , -0.14281856471464840     
   6.0418676952430382E-002 ,  0.10442437711713656      , -0.11756546009112379     
   5.2807515922309936E-002 ,   9.9483265975480822E-002 ,  -9.5292450698742537E-002
   4.6235275375911905E-002 ,   9.5359557810579046E-002 ,  -7.5632046969053610E-002
   4.1647662818210709E-002 ,   9.2120256097234787E-002 ,  -5.8242741815565935E-002
   3.9727457847832083E-002 ,   8.9807670522331809E-002 ,  -4.2809675278040152E-002
   4.0709146651456564E-002 ,   8.8446624947945987E-002 ,  -2.9044373790967137E-002
   4.4298461449123687E-002 ,   8.8050377067792895E-002 ,  -1.6683803224649796E-002
   4.9745573672696261E-002 ,   8.8625443418063860E-002 ,  -5.4889303017962065E-003
   5.6083322396264471E-002 ,   9.0175506903978228E-002 ,   4.7570517042281801E-003
   6.2466874355549373E-002 ,   9.2704565893845861E-002 ,   1.4250710197358178E-002
   6.8482829250745586E-002 ,   9.6219465629758111E-002 ,   2.3170478593267770E-002
   7.4293448866298517E-002 ,  0.10073193503900983      ,   3.1678808289697137E-002
   8.0538811384465767E-002 ,  0.10626023546901686      ,   3.9924315065625528E-002
   8.8047155784754166E-002 ,  0.11283051264599034      ,   4.8043883403733036E-002
   9.7527573489524857E-002 ,  0.12047792935848968      ,   5.6164704860415256E-002
  0.10939200581571351      ,  0.12924764397219127      ,   6.4406236612651963E-002
  0.12371604837184004      ,  0.13919568879702723      ,   7.2882074089193616E-002
  0.14028402894584618      ,  0.15038979239713457      ,   8.1701737491125151E-002
  0.15867838677057697      ,  0.16291018095003260      ,   9.0972376317400280E-002
  0.17836829287586339      ,  0.17685038546522014      ,  0.10080039897459114     
  0.19878855391605343      ,  0.19231807375030874      ,  0.11129303635303416     
  0.21946420519276236      ,  0.20943591808758993      ,  0.12255984902471209     
  0.24018323485444670      ,  0.22834250119983526      ,  0.13471418753482758     
  0.26111149704005759      ,  0.24919325368583059      ,  0.14787461413054032     
  0.28276735552971960      ,  0.27216140501006614      ,  0.16216629213985403     
  0.30589949619556783      ,  0.29743891648856235      ,  0.17772234594660688     
  0.33136472488039959      ,  0.32523734746483168      ,  0.19468518987864572     
  0.36003235691263036      ,  0.35578858369275485      ,  0.21320781800241143     
  0.39266833368854309      ,  0.38934532818804513      ,  0.23345503833546014     
  0.42978283882430113      ,  0.42618121744158366      ,  0.25560462372991749     
  0.47150824734028585      ,  0.46659037743175252      ,  0.27984833683908750     
  0.51758846055668195      ,  0.51088617139247883      ,  0.30639276713294245     
  0.56750745489682730      ,  0.55939881143258230      ,  0.33545989260639347     
  0.62073662984397426      ,  0.61247140525082377      ,  0.36728724609690205     
  0.67702455993908650      ,  0.67045388387585647      ,  0.40212752422049775     
  0.73658968565696215      ,  0.73369410400377422      ,  0.44024742390437027     
  0.80010334972373920      ,  0.80252523878664739      ,  0.48192542541007199     
  0.86850854433679536      ,  0.87724836805713469      ,  0.52744816004763362     
  0.94285059121016945      ,  0.95810896533412482      ,  0.57710490493869326     
   1.0242056733269382      ,   1.0452657805728223      ,  0.63117963775002872     
   1.1135639900043188      ,   1.1387504820354777      ,  0.68993996663175328     
   1.2114852743769253      ,   1.2384164273482181      ,  0.75362213632406572     
   1.3176008788314513      ,   1.3438752066554114      ,  0.82241122208398265     
   1.4303003876605180      ,   1.4544203201472676      ,  0.89641559472431365     
   1.5469125585852819      ,   1.5689387609178072      ,  0.97563482829485038     
   1.6643591288261297      ,   1.6858136658766292      ,   1.0599205065801458     
   1.7798828490552046      ,   1.8028248692118054      ,   1.1489299706560232     
   1.8913635549510259      ,   1.9170593339240956      ,   1.2420740599845279     
   1.9970243880405976      ,   2.0248499264203508      ,   1.3384614507544750     
   2.0947436741032606      ,   2.1217681005363196      ,   1.4368443490931841     
   2.1813798799892323      ,   2.2027020523138305      ,   1.5355729780716709     
   2.2523742630673631      ,   2.2620538223631388      ,   1.6325691829374855     
   2.3017001248428670      ,   2.2940825631095625      ,   1.7253318865775926     
   2.3222420653522051      ,   2.2934025096515773      ,   1.8109879719485740     
   2.3067418047355095      ,   2.2556108582566328      ,   1.8864000927656583     
   2.2492658747282870      ,   2.1779756365249536      ,   1.9483366994347122     
   2.1468041968767229      ,   2.0600674067786091      ,   1.9936988387326597     
   2.0003803574891394      ,   1.9041894755754216      ,   2.0197843039439829     
   1.8151643751060949      ,   1.7154692943814802      ,   2.0245557812127513     
   1.5995887874577865      ,   1.5015302430138926      ,   2.0068705581414674     
   1.3640542699052074      ,   1.2717598040209583      ,   1.9666297015238157     
   1.1198250591697567      ,   1.0362971825751546      ,   1.9048163682796677     
  0.87817836805946670      ,  0.80493991239132967      ,   1.8234138682300103     
  0.64961241948441606      ,  0.58618396610125834      ,   1.7252181534258575     
  0.44287835404996173      ,  0.38656124625243360      ,   1.6135790714816123     
  0.26334409030155709      ,  0.21034630813473335      ,   1.4921143988777912     
  0.11134885663191525      ,   5.9608695163686748E-002 ,   1.3644388805009304     
  -1.6976560224463588E-002 ,  -6.5479933137011226E-002 ,   1.2339398472094227     
 -0.12609669064650872      , -0.16620055027530495      ,   1.1036162944159156     
 -0.21798698432670971      , -0.24481000764352695      ,  0.97598429919751772     
 -0.29207060633940962      , -0.30410886996064257      ,  0.85304136147876719     
 -0.34739334685281997      , -0.34709476490187574      ,  0.73627664433751827     
 -0.38440770986658601      , -0.37671289195006802      ,  0.62671257737338548     
 -0.40500714496307083      , -0.39569614814294074      ,  0.52496455981118595     
 -0.41207130898410704      , -0.40647782964416257      ,  0.43130818574931273     
 -0.40933448934073535      , -0.41115746707718875      ,  0.34574645755035577     
 -0.40090888796881186      , -0.41150210621487715      ,  0.26807221390270930     
 -0.39068427457141774      , -0.40896890310199524      ,  0.19792318892810590     
 -0.38206200446384092      , -0.40473875859198022      ,  0.13482868670199558     
 -0.37743273163541535      , -0.39975409662649936      ,   7.8247876867343358E-002
 -0.37749561395094811      , -0.39475651542952789      ,   2.7600314319150377E-002
 -0.38136023788273776      , -0.39032191242298492      ,  -1.7710416716385423E-002
 -0.38733055747422612      , -0.38689192741735651      ,  -5.8278932325788971E-002
 -0.39371494273136332      , -0.38480132170628584      ,  -9.4685166360762144E-002
 -0.39961622943262171      , -0.38430135678688487      , -0.12748546907213734     
 -0.40534901974758114      , -0.38557946906189577      , -0.15720688788408219     
 -0.41194347474465931      , -0.38877563790933228      , -0.18434394603443194     
 -0.42034294627113522      , -0.39399586905819672      , -0.20935734501658584     
 -0.43116376354645081      , -0.40132319833040991      , -0.23267411661505247     
 -0.44477980918827037      , -0.41082658358391927      , -0.25468883757681537     
 -0.46129238860937977      , -0.42256800707019559      , -0.27576559431625691     
 -0.48043874502403999      , -0.43660806267782115      , -0.29624044721241904     
 -0.50157057058120269      , -0.45301025559336150      , -0.31642419513785502     
 -0.52386620640571813      , -0.47184419680003337      , -0.33660528206910106     
 -0.54674299737721754      , -0.49318783156868379      , -0.35705272011539529     
 -0.57015549463632664      , -0.51712879917563415      , -0.37801892807114496     
 -0.59461973861122663      , -0.54376497977004823      , -0.39974240249018106     
 -0.62101898492322694      , -0.57320424278403181      , -0.42245014997122587     
 -0.65026982378903142      , -0.60556336871600913      , -0.44635981535506558     
 -0.68306276064189464      , -0.64096607180850518      , -0.47168144125200534     
 -0.71986406184020690      , -0.67954000459510544      , -0.49861879002709569     
 -0.76098850905727133      , -0.72141257642418488      , -0.52737015029433365     
 -0.80650190045586845      , -0.76670536747726248      , -0.55812853633776005     
 -0.85611537165364249      , -0.81552686917319506      , -0.59108117101442681     
 -0.90924098343520821      , -0.86796323453109814      , -0.62640812116689004     
 -0.96517785320112082      , -0.92406668383501045      , -0.66427993038313904     
  -1.0234053486383512      , -0.98384119101453216      , -0.70485406880495360     
  -1.0838402447414146      ,  -1.0472250883707017      , -0.74826999640014280     
  -1.1468142958347323      ,  -1.1140702913966432      , -0.79464261903395428     
  -1.2127923197308008      ,  -1.1841179882630797      , -0.84405391227026083     
  -1.2820935846994095      ,  -1.2569708943107780      , -0.89654250528706636     
  -1.3547688162088023      ,  -1.3320625811600497      , -0.95209106900782137     
  -1.4305617221373848      ,  -1.4086249955284553      ,  -1.0106114543405447     
  -1.5087807262691051      ,  -1.4856561204709910      ,  -1.0719276969676881     
  -1.5880229101105949      ,  -1.5618908147046162      ,  -1.1357572641826892     
  -1.6659704766638277      ,  -1.6357791596741007      ,  -1.2016912837629112     
  -1.7395677923603436      ,  -1.7054780339848252      ,  -1.2691749722667758     
  -1.8055620933088332      ,  -1.7688628873783263      ,  -1.3374900584707226     
  -1.8610644873598803      ,  -1.8235674200729917      ,  -1.4057416326856329     
  -1.9037801590136068      ,  -1.8670585584756816      ,  -1.4728524544807782     
  -1.9318223478501602      ,  -1.8967521385750084      ,  -1.5375681751794532     
  -1.9433437800036986      ,  -1.9101705150628026      ,  -1.5984769812271005     
  -1.9363228243538300      ,  -1.9051366868038477      ,  -1.6540466183546458     
  -1.9086696106580705      ,  -1.8799909029060546      ,  -1.7026804229180070     
  -1.8586249138639810      ,  -1.8338064567641899      ,  -1.7427917898376235     
  -1.7853168400740775      ,  -1.7665738233804884      ,  -1.7728935811366489     
  -1.6892871550523658      ,  -1.6793193399910480      ,  -1.7916957382361516     
  -1.5728148635208967      ,  -1.5741287994909499      ,  -1.7982014834472844     
  -1.4399262765765948      ,  -1.4540585711738296      ,  -1.7917907942460058     
  -1.2960480555043963      ,  -1.3229355864692047      ,  -1.7722800115972297     
  -1.1473510095450290      ,  -1.1850684983651558      ,  -1.7399488134297523     
 -0.99993864548083500      ,  -1.0449098261764556      ,  -1.6955300711564372     
 -0.85907928036188819      , -0.90671780055009554      ,  -1.6401634518064443     
 -0.72864103711019446      , -0.77426443399857336      ,  -1.5753188259838156     
 -0.61083508271884168      , -0.65062418559314306      ,  -1.5026994293425207     
 -0.50634948936988367      , -0.53805960856055846      ,  -1.4241365517228026     
 -0.41486048324075658      , -0.43800192017994610      ,  -1.3414871510683963     
 -0.33569359920860864      , -0.35111004356225739      ,  -1.2565436330226010     
 -0.26828429569902373      , -0.27738372851379317      ,  -1.1709618668190174     
 -0.21225442535859290      , -0.21630490680726164      ,  -1.0862101432000582     
 -0.16722585549441887      , -0.16698485479310698      ,  -1.0035388660824414     
 -0.13262319888154850      , -0.12830075441590932      , -0.92396866930221366     
 -0.10759218294885800      ,  -9.9011800828282467E-002 , -0.84829344980179178     
  -9.1002264814458639E-002 ,  -7.7850703932708876E-002 , -0.77709439787087953     
  -8.1488590193295796E-002 ,  -6.3590613793592488E-002 , -0.71076127246323817     
  -7.7537483985545275E-002 ,  -5.5090083998159803E-002 , -0.64951768650273467     
  -7.7622533750630107E-002 ,  -5.1319928652182122E-002 , -0.59344783846858606     
  -8.0379146584556638E-002 ,  -5.1376111790610725E-002 , -0.54252281249798806     
  -8.4783481547511488E-002 ,  -5.4482506497482014E-002 , -0.49662518528688282     
  -9.0271903914618867E-002 ,  -5.9986771525834218E-002 , -0.45557118450738321     
  -9.6741204305628839E-002 ,  -6.7351918144290771E-002 , -0.41913003141958882     
 -0.10442029307687370      ,  -7.6145498697450006E-002 , -0.38704037906701927     
 -0.11365458601452523      ,  -8.6027798752510112E-002 , -0.35902394463510756     
 -0.12467581553281959      ,  -9.6739974650656230E-002 , -0.33479655016284376     
 -0.13744355191541202      , -0.10809274326090544      , -0.31407684844854894     
 -0.15161323553682376      , -0.11995598579839001      , -0.29659303637498741     
 -0.16662070325325623      , -0.13224945471734162      , -0.28208785835243927     
 -0.18183469920444875      , -0.14493465480064185      , -0.27032218738771446     
 -0.19672944064948419      , -0.15800789211005009      , -0.26107744707156139     
 -0.21103162367119491      , -0.17149443591142843      , -0.25415710912940392     
 -0.22479686578053060      , -0.18544371031143450      , -0.24938747116086327     
 -0.23838775485434463      , -0.19992541770844602      , -0.24661788975310234     
 -0.25235804489042923      , -0.21502649063002746      , -0.24572061646105828     
 -0.26727833427229014      , -0.23084876878264615      , -0.24659035883437774     
 -0.28355789769367534      , -0.24750730180244249      , -0.24914366600070298     
 -0.30132569807655341      , -0.26512918355277493      , -0.25331821830752771     
 -0.32042478834201893      , -0.28385282959556735      , -0.25907208303752821     
 -0.34053046765443606      , -0.30382761469181757      , -0.26638298299531660     
 -0.36133815966159966      , -0.32521379106320952      , -0.27524761149537930     
 -0.38273262724887336      , -0.34818260996592526      , -0.28568101558953890     
 -0.40487079897594064      , -0.37291656820932029      , -0.29771605884614949     
 -0.42816335227061497      , -0.39960969688581727      , -0.31140296518496530     
 -0.45319051448921316      , -0.42846780097640164      , -0.32680893569513642     
 -0.48060807181222515      , -0.45970854475326928      , -0.34401782048743806     
 -0.51107528107528888      , -0.49356125796539929      , -0.36312981686817919     
 -0.54519379836140347      , -0.53026631045188799      , -0.38426115281641809     
 -0.58343612103884790      , -0.57007386672513005      , -0.40754370016543978     
 -0.62607396840891660      , -0.61324178576453203      , -0.43312444421807728     
 -0.67314844700032095      , -0.66003237338925247      , -0.46116471487057925     
 -0.72451751085610117      , -0.71070762410160104      , -0.49183905773979042     
 -0.77997505524120114      , -0.76552250598750449      , -0.52533359135827784     
 -0.83939145332294252      , -0.82471574748206744      , -0.56184365743896569     
 -0.90280814235575668      , -0.88849748268377926      , -0.60157052509409392     
 -0.97044364832410512      , -0.95703301110356997      , -0.64471685702333670     
  -1.0426208192809581      ,  -1.0304218440011301      , -0.69148058764199649     
  -1.1196639354713180      ,  -1.1086711689674305      , -0.74204680358594444     
  -1.2018033482165331      ,  -1.1916629079707703      , -0.79657716295425818     
  -1.2890781215929155      ,  -1.2791137317463777      , -0.85519635278332806     
  -1.3812039112394494      ,  -1.3705278083744008      , -0.91797508300500474     
  -1.4774122125022138      ,  -1.4651428133852800      , -0.98490917658624821     
  -1.5763330290738859      ,  -1.5618709377351614      ,  -1.0558944769156287     
  -1.6760073560117112      ,  -1.6592384213378226      ,  -1.1306976022292721     
  -1.7740424487293867      ,  -1.7553295920387670      ,  -1.2089230872994532     
  -1.8678156871168390      ,  -1.8477444638281029      ,  -1.2899782167765024     
  -1.9545896751786520      ,  -1.9335823784575716      ,  -1.3730379039287575     
  -2.0314629644505886      ,  -2.0094673378281551      ,  -1.4570132840711101     
  -2.0951979758954127      ,  -2.0716324741702135      ,  -1.5405291632885045     
  -2.1420561167613439      ,  -2.1160799622598705      ,  -1.6219168435451898     
  -2.1677880943744077      ,  -2.1388267571723301      ,  -1.6992297223010837     
  -2.1678890690259385      ,  -2.1362343452227091      ,  -1.7702888766971601     
  -2.1381567701259798      ,  -2.1054020599515408      ,  -1.8327639813947796     
  -2.0754872042035339      ,  -2.0445807668991480      ,  -1.8842909353405151     
  -1.9787192447924351      ,  -1.9535423966589387      ,  -1.9226215166584080     
  -1.8492557223611026      ,  -1.8338290488603362      ,  -1.9457930344686416     
  -1.6912283916333142      ,  -1.6888114028237018      ,  -1.9522989358118306     
  -1.5111544653079931      ,  -1.5235141097589926      ,  -1.9412368422279591     
  -1.3172259711747374      ,  -1.3442120210571691      ,  -1.9124105565793181     
  -1.1184168662818612      ,  -1.1578532144471796      ,  -1.8663681352799042     
 -0.92352268836072571      , -0.97140576902449882      ,  -1.8043683566136113     
 -0.74020653876388864      , -0.79124071353522030      ,  -1.7282803210774276     
 -0.57408648089385161      , -0.62264865754680543      ,  -1.6404321365977033     
 -0.42797290501654811      , -0.46954913069346166      ,  -1.5434317569348321     
 -0.30176757646444252      , -0.33440429339267902      ,  -1.4399846537350298     
 -0.19355084954712687      , -0.21830781663064763      ,  -1.3327295467317848     
 -0.10134387284627402      , -0.12119519779513725      ,  -1.2241066936955947     
  -2.4236275118452437E-002 ,  -4.2115597683410992E-002 ,  -1.1162655197519116     
   3.7778132613349787E-002 ,   2.0486709436646308E-002 ,  -1.0110115465697123     
   8.4705064113433357E-002 ,   6.8517777469615099E-002 , -0.90978775496973741     
  0.11721597743341539      ,  0.10402626193743578      , -0.81368293448099915     
  0.13673883508206552      ,  0.12904874663052246      , -0.72345890814728753     
  0.14531220792244792      ,  0.14550507020936551      , -0.63958917068628618     
  0.14541046789056505      ,  0.15513562773870865      , -0.56230283043951657     
  0.13969702486507418      ,  0.15947093878374241      , -0.49162931722975295     
  0.13077183017727631      ,  0.15982416769303215      , -0.42744079806285401     
  0.12092494884015406      ,  0.15729872395344635      , -0.36949047281843572     
  0.11180767507225739      ,  0.15280484568268940      , -0.31744585488358845     
  0.10415869747550772      ,  0.14708076104513482      , -0.27091679461893292     
   9.7821903569139834E-002 ,  0.14071543813105639      , -0.22947842460269577     
   9.2055328382942642E-002 ,  0.13417102251796589      , -0.19268945063371956     
   8.6003934637147894E-002 ,  0.12780384748378712      , -0.16010633292912446     
   7.9198100801429042E-002 ,  0.12188343978152048      , -0.13129393972555115     
   7.1829867921858470E-002 ,  0.11660929459036382      , -0.10583324203678925     
   6.4650355027846398E-002 ,  0.11212541045637760      ,  -8.3326575815892520E-002
   5.8657398184173107E-002 ,  0.10853270131855734      ,  -6.3400941043187109E-002
   5.4803751563961722E-002 ,  0.10589946947631626      ,  -4.5709745725188280E-002
   5.3762806171988822E-002 ,  0.10427015253733518      ,  -2.9933342086985087E-002
   5.5746811577244190E-002 ,  0.10367256371322282      ,  -1.5778645510833335E-002
   6.0431113478550090E-002 ,  0.10412383785823971      ,  -2.9780755577153233E-003
   6.7034221861460103E-002 ,  0.10563528140448651      ,   8.7119867305855848E-003
   7.4566985647612966E-002 ,  0.10821630655474181      ,   1.9513070123515407E-002
   8.2183671572955808E-002 ,  0.11187761099747581      ,   2.9626691293402192E-002
   8.9494624284199312E-002 ,  0.11663374533339807      ,   3.9236545986113792E-002
   9.6702003362339417E-002 ,  0.12250519210664432      ,   4.8510742915426050E-002
  0.10448488735440258      ,  0.12952006322130361      ,   5.7604029240280456E-002
  0.11369513161900624      ,  0.13771550677706540      ,   6.6659972083182917E-002
  0.12504950984107374      ,  0.14713890001021801      ,   7.5813073027227965E-002
  0.13896322739729089      ,  0.15784889200725963      ,   8.5190802334656729E-002
  0.15551992246566668      ,  0.16991634801598865      ,   9.4915547152699190E-002
  0.17451568449189389      ,  0.18342523629126711      ,  0.10510647354626416     
  0.19554242915847755      ,  0.19847348819084690      ,  0.11588130609579436     
  0.21807252849288933      ,  0.21517385232113451      ,  0.12735803123493067     
  0.24154135250295936      ,  0.23365475348327366      ,  0.13965653162546596     
  0.26548482198017248      ,  0.25406115644904970      ,  0.15290015875808619     
  0.28972358087268396      ,  0.27655542254615456      ,  0.16721724963564050     
  0.31447376764440288      ,  0.30131813284431563      ,  0.18274259076972924     
  0.34030455040172525      ,  0.32854883440907107      ,  0.19961882863850883     
  0.36800387877579649      ,  0.35846664439448767      ,  0.21799781994534886     
  0.39846157060158827      ,  0.39131061915952309      ,  0.23804190709181647     
  0.43258831821628607      ,  0.42733976025768178      ,  0.25992509369566286     
  0.47120304988579009      ,  0.46683248383084736      ,  0.28383408103491098     
  0.51486071902373765      ,  0.51008532201043177      ,  0.30996910807541045     
  0.56369854620303828      ,  0.55741055142552731      ,  0.33854451411498021     
  0.61740796552867672      ,  0.60913235169282998      ,  0.36978891269851522     
  0.67537994562017623      ,  0.66558098285394907      ,  0.40394482676344723     
  0.73699693946682643      ,  0.72708433304494668      ,  0.44126758626840140     
  0.80196117883379747      ,  0.79395602623684047      ,  0.48202322918040019     
  0.87048649697496838      ,  0.86647909879151963      ,  0.52648507335109662     
  0.94324173186451443      ,  0.94488406424180749      ,  0.57492854014299799     
   1.0211253817136992      ,   1.0293200115880103      ,  0.62762371220481183     
   1.1050762511783012      ,   1.1198172657769607      ,  0.68482500244872102     
   1.1959918086128849      ,   1.2162401498838087      ,  0.74675720953346603     
   1.2945701081458347      ,   1.3182286351005581      ,  0.81359715612049432     
   1.4008868743298344      ,   1.4251283035935616      ,  0.88545008151459337     
   1.5138435786167386      ,   1.5359092905780751      ,  0.96232003866968674     
   1.6309054164856105      ,   1.6490769691601981      ,   1.0440737963954980     
   1.7484391557931551      ,   1.7625803520093120      ,   1.1303982621456463     
   1.8625115065810156      ,   1.8737286770511576      ,   1.2207523257973252     
   1.9696206376462251      ,   1.9791323337539792      ,   1.3143153831750887     
   2.0668732393738569      ,   2.0746905761774594      ,   1.4099366878493840     
   2.1515364910301860      ,   2.1556539445227054      ,   1.5060920462594489     
   2.2203168594872964      ,   2.2167915023342668      ,   1.6008569537318578     
   2.2688302671255109      ,   2.2526884218042524      ,   1.6919075042317528     
   2.2915437130578122      ,   2.2581843870692953      ,   1.7765613825387028     
   2.2822683762656646      ,   2.2289354566246842      ,   1.8518697931255470     
   2.2351920652028388      ,   2.1620431645734275      ,   1.9147661847452768     
   2.1463017662511930      ,   2.0566529170936714      ,   1.9622686169821451     
   2.0147903606910829      ,   1.9143940614837531      ,   1.9917204286638490     
   1.8438642404868308      ,   1.7395340488428781      ,   2.0010411052933321     
   1.6405556487007276      ,   1.5387608201874197      ,   1.9889499507456627     
   1.4146893315203226      ,   1.3205875736851553      ,   1.9551235362441517     
   1.1775465561068545      ,   1.0944698721640391      ,   1.9002562817400708     
  0.94061923485628340      ,  0.86980197130440695      ,   1.8260108125278076     
  0.71456556258255366      ,  0.65498696600371087      ,   1.7348662255019947     
  0.50828651587714413      ,  0.45674402410833626      ,   1.6298915649064565     
  0.32763073902912998      ,  0.27974115223213653      ,   1.5144830970439576     
  0.17386853525783030      ,  0.12655500924438956      ,   1.3921050714225933     
   4.3942312172527080E-002 ,  -2.1093609545281568E-003 ,   1.2660659784698975     
  -6.6523490798608448E-002 , -0.10703999294361360      ,   1.1393497488246689     
 -0.16000646602343063      , -0.19008160102014149      ,   1.0145082306768012     
 -0.23642346039345008      , -0.25371953242299472      ,  0.89361081724419855     
 -0.29487919453948835      , -0.30073129688479561      ,  0.77824067797363217     
 -0.33554208738099922      , -0.33392454246025399      ,  0.66952453904332021     
 -0.35996132212572357      , -0.35596005720225277      ,  0.56818335328088643     
 -0.37062990594250544      , -0.36924698732802863      ,  0.47459326396003948     
 -0.37085708240291693      , -0.37589322082260024      ,  0.38884895656509771     
 -0.36447372801810779      , -0.37769423707262845      ,  0.31082411065795684     
 -0.35527583010748570      , -0.37614639022080093      ,  0.24022584882287670     
 -0.34670096220595237      , -0.37247398388673925      ,  0.17664171537082027     
 -0.34137508663619931      , -0.36766269850571237      ,  0.11957883348917736     
 -0.34041182650835522      , -0.36249455027626887      ,   6.8495581330194732E-002
 -0.34329007930166988      , -0.35758150586839088      ,   2.2826506073900316E-002
 -0.34849060342037835      , -0.35339622047587044      ,  -1.7998639778078043E-002
 -0.35428828352683217      , -0.35029923678836039      ,  -5.4540824849171811E-002
 -0.35952982351215979      , -0.34856251030891594      ,  -8.7341759806201569E-002
 -0.36418204430507661      , -0.34838942264384626      , -0.11691723052267909     
 -0.36909831251757208      , -0.34993159229674742      , -0.14375306250130479     
 -0.37528945249659745      , -0.35330285041969134      , -0.16830313786135651     
 -0.38354753677216952      , -0.35859075534454887      , -0.19098898192971681     
 -0.39443873884701836      , -0.36586599856871060      , -0.21220052210168877     
 -0.40824506366005914      , -0.37519002047089617      , -0.23229769598738090     
 -0.42484348744949796      , -0.38662111437854607      , -0.25161264904947012     
 -0.44365481995655820      , -0.40021925684407017      , -0.27045231471455861     
 -0.46380658630231780      , -0.41604986199587363      , -0.28910121329269922     
 -0.48453071349700677      , -0.43418661921318441      , -0.30782434099060302     
 -0.50553384790181055      , -0.45471353602796433      , -0.32687004780146445     
 -0.52712570697270089      , -0.47772627159494169      , -0.34647282392138790     
 -0.55010314078040601      , -0.50333280959024207      , -0.36685592925790400     
 -0.57544003140298328      , -0.53165348217388397      , -0.38823381009042951     
 -0.60396411317714149      , -0.56282031778690689      , -0.41081425140154459     
 -0.63625989353947421      , -0.59697564414214421      , -0.43480021307211597     
 -0.67272931095597643      , -0.63426983296738892      , -0.46039129315319621     
 -0.71355365050925501      , -0.67485802422642949      , -0.48778475182937375     
 -0.75859952966082889      , -0.71889561443919947      , -0.51717601545449898     
 -0.80743046746899350      , -0.76653223684161209      , -0.54875856116675947     
 -0.85942939923464268      , -0.81790390218311593      , -0.58272305918769784     
 -0.91404158291651849      , -0.87312291159351063      , -0.61925562236534037     
 -0.97107108199361403      , -0.93226510369459192      , -0.65853498173058778     
  -1.0307911058861103      , -0.99535396770232754      , -0.70072837453749337     
  -1.0937678288815058      ,  -1.0623411591474730      , -0.74598590049483626     
  -1.1605841769335263      ,  -1.1330830190770358      , -0.79443307761640658     
  -1.2316675934191135      ,  -1.2073128544503686      , -0.84616131890993951     
  -1.3072369720496348      ,  -1.2846090303135032      , -0.90121606603373261     
  -1.3872112416953086      ,  -1.3643594057596606      , -0.95958237131782331     
  -1.4709396892158355      ,  -1.4457233725700702      ,  -1.0211678349887090     
  -1.5568699539201141      ,  -1.5275937779192856      ,  -1.0857830039380234     
  -1.6424992040104076      ,  -1.6085623533591964      ,  -1.1531196477268890     
  -1.7247747473555091      ,  -1.6868938939161400      ,  -1.2227277695525685     
  -1.8007171196574390      ,  -1.7605161903145281      ,  -1.2939927958138346     
  -1.8678481003286884      ,  -1.8270343129837907      ,  -1.3661151039794051     
  -1.9241624788145246      ,  -1.8837787772127064      ,  -1.4380948387112886     
  -1.9677358349806582      ,  -1.9278966816365157      ,  -1.5087257139824952     
  -1.9963067270276964      ,  -1.9564922881605553      ,  -1.5766020145148025     
  -2.0071114747650070      ,  -1.9668179842404507      ,  -1.6401430354681412     
  -1.9970591853377639      ,  -1.9565078935156675      ,  -1.6976384459203631     
  -1.9632068847416415      ,  -1.9238352622592316      ,  -1.7473162883833551     
  -1.9034204216251385      ,  -1.8679631247608479      ,  -1.7874324592804500     
  -1.8170587706929224      ,  -1.7891488963989355      ,  -1.8163767754887499     
  -1.7054881967541189      ,  -1.6888613174542515      ,  -1.8327867172578691     
  -1.5722379215734172      ,  -1.5697756537403367      ,  -1.8356565804305158     
  -1.4227068770611597      ,  -1.4356308657342878      ,  -1.8244281277482193     
  -1.2635012167723454      ,  -1.2909575812169940      ,  -1.7990497282333926     
  -1.1015968643657692      ,  -1.1407118013422741      ,  -1.7599946421626305     
 -0.94351912354069034      , -0.98986866166433762      ,  -1.7082349636031091     
 -0.79464930669816181      , -0.84303727905915227      ,  -1.6451744759519611     
 -0.65870562729670767      , -0.70414998917810345      ,  -1.5725497021054149     
