   1.1904465030167790      ,   2.1229450724483714      ,   1.4655193661558268     
   2.0402546362144820      ,   2.1929852415350255      ,   1.5610585270229873     
   2.2174014503561255      ,   2.2400776937172493      ,   1.6539053462152871     
   2.2361357289755746      ,   2.2589017442634218      ,   1.7415228812149708     
   2.1497976710099254      ,   2.2447042742917840      ,   1.8210630112943438     
   2.0598512086407665      ,   2.1939089102960634      ,   1.8894909061409448     
   1.9664665092461961      ,   2.1047402225179983      ,   1.9437656688917380     
   1.8682855293776002      ,   1.9777454803439807      ,   1.9810672081207392     
   1.7520148575705843      ,   1.8160821072783706      ,   1.9990464820024860     
   1.6104659341499421      ,   1.6254624622894605      ,   1.9960649989817625     
   1.4391312866477892      ,   1.4137129629515430      ,   1.9713841858516696     
   1.2414398446059243      ,   1.1899972664110152      ,   1.9252693066812612     
   1.0296112724308297      ,  0.96384218103004549      ,   1.8589865037522069     
  0.82342892079457930      ,  0.74415591195967179      ,   1.7746919444430655     
  0.64189194803730598      ,  0.53842131673974125      ,   1.6752329415465239     
  0.49291201888467201      ,  0.35218728446955988      ,   1.5638959838847664     
  0.37136017197877103      ,  0.18889565376218667      ,   1.4441420266186100     
  0.26623416608347172      ,   5.0001978019320249E-002 ,   1.3193650556489360     
  0.16770876915166671      ,  -6.4700883798565631E-002 ,   1.1926989228874905     
   7.0142563839773686E-002 , -0.15666063759309845      ,   1.0668841267543117     
  -2.7531388768890511E-002 , -0.22813426990100699      ,  0.94419438639734021     
 -0.12260069648569052      , -0.28180797976757588      ,  0.82641469034470127     
 -0.20991047555318632      , -0.32049834109380249      ,  0.71485843581946695     
 -0.28331895193635293      , -0.34694074961631782      ,  0.61041059040920653     
 -0.33704466368126290      , -0.36365620077566646      ,  0.51358530372947420     
 -0.36691702339292664      , -0.37288048745330526      ,  0.42458891988492709     
 -0.37160769152983675      , -0.37653861886822665      ,  0.34338204425120999     
 -0.35371653323965002      , -0.37624917459232166      ,  0.26973670639260389     
 -0.32025044635814154      , -0.37334652660465156      ,  0.20328652779630416     
 -0.28184265646700524      , -0.36891220776140959      ,  0.14356912745924336     
 -0.25038072634610170      , -0.36380958762195265      ,   9.0060855130340983E-002
 -0.23562746410930996      , -0.35871823902491112      ,   4.2204439621893741E-002
 -0.24224488813701700      , -0.35416596004674755      ,  -5.6961569239652996E-004
 -0.26851155594961323      , -0.35055746826940914      ,  -3.8826978221081797E-002
 -0.30714964620409307      , -0.34819944144875398      ,  -7.3117879548269940E-002
 -0.34786521597438891      , -0.34732196114584557      , -0.10396913675487859     
 -0.38071802285467043      , -0.34809661831423416      , -0.13187907821838246     
 -0.39922443843339878      , -0.35065163044657438      , -0.15731475324318300     
 -0.40223526412433031      , -0.35508434474769440      , -0.18071090378070817     
 -0.39405514216278104      , -0.36147149037983400      , -0.20247026648446861     
 -0.38280160257401152      , -0.36987751301508459      , -0.22296485238673353     
 -0.37757883590889646      , -0.38036128702789984      , -0.24253791924495635     
 -0.38550581652201121      , -0.39298146021187508      , -0.26150640862046931     
 -0.40964798076455561      , -0.40780064560972051      , -0.28016366693359418     
 -0.44841963430159404      , -0.42488863596647064      , -0.29878230811027573     
 -0.49645650847039352      , -0.44432477860534586      , -0.31761710598075332     
 -0.54657494538790719      , -0.46619961183729980      , -0.33690782818834025     
 -0.59217476896054722      , -0.49061582772856122      , -0.35688194075595159     
 -0.62929995896285373      , -0.51768858938690709      , -0.37775712423213165     
 -0.65768279237667349      , -0.54754519301577265      , -0.39974354894277481     
 -0.68048489536670054      , -0.58032402491292434      , -0.42304585861538374     
 -0.70294217097216116      , -0.61617272046811900      , -0.44786480869756806     
 -0.73049993809117886      , -0.65524538527947807      , -0.47439849813077212     
 -0.76713575483860996      , -0.69769868729453444      , -0.50284312115890861     
 -0.81439017558464399      , -0.74368657348523226      , -0.53339314892254241     
 -0.87129396314489549      , -0.79335330605295495      , -0.56624082914757556     
 -0.93507068819221872      , -0.84682445416439756      , -0.60157486641105617     
  -1.0022895694081011      , -0.90419542278911047      , -0.63957811587315860     
  -1.0700472969684225      , -0.96551705894731876      , -0.68042409129601356     
  -1.1367791248022323      ,  -1.0307778612015503      , -0.72427205599499500     
  -1.2024580445737398      ,  -1.0998823509037625      , -0.77126043706710912     
  -1.2681943080544382      ,  -1.1726252724491224      , -0.82149828508863920     
  -1.3354756107095753      ,  -1.2486615134322572      , -0.87505450283288311     
  -1.4053785788435811      ,  -1.3274720230237296      , -0.93194460068929952     
  -1.4780206291587985      ,  -1.4083266142620134      , -0.99211482113025040     
  -1.5523799044910676      ,  -1.4902454189606513      ,  -1.0554236320282695     
  -1.6264684007699890      ,  -1.5719619618454443      ,  -1.1216208443547895     
  -1.6977386126507639      ,  -1.6518923291820697      ,  -1.1903249890188543     
  -1.7635516407996428      ,  -1.7281166388091584      ,  -1.2610001085055818     
  -1.8215467779915673      ,  -1.7983807511966154      ,  -1.3329337815139992     
  -1.8698246688576938      ,  -1.8601274883067285      ,  -1.4052189689836077     
  -1.9069471324060236      ,  -1.9105669316404634      ,  -1.4767430611370855     
  -1.9318130959013344      ,  -1.9467938643396794      ,  -1.5461881616983577     
  -1.9434736682567437      ,  -1.9659562972366709      ,  -1.6120469374818855     
  -1.9409252930478285      ,  -1.9654717519920386      ,  -1.6726580056065574     
  -1.9229015758997772      ,  -1.9432777608327523      ,  -1.7262635486630262     
  -1.8876876711431361      ,  -1.8980912374186156      ,  -1.7710894706649931     
  -1.8330091945422340      ,  -1.8296406962393050      ,  -1.8054450031124267     
  -1.7561031063433963      ,  -1.7388294866500131      ,  -1.8278346624583925     
  -1.6541561250151362      ,  -1.6277909378168240      ,  -1.8370716452890137     
  -1.5253472570331177      ,  -1.4998095542228083      ,  -1.8323791687938058     
  -1.3706101141245770      ,  -1.3591048903602743      ,  -1.8134659116009328     
  -1.1957287716920368      ,  -1.2105014823689850      ,  -1.7805641330966038     
  -1.0124550336056848      ,  -1.0590317642324893      ,  -1.7344240464755345     
 -0.83658222573684915      , -0.90953204853726333      ,  -1.6762645840380972     
 -0.68220431843867990      , -0.76629045839720311      ,  -1.6076872838821734     
 -0.55574073944069813      , -0.63279111119684861      ,  -1.5305650890616394     
 -0.45496555287899287      , -0.51157614327258938      ,  -1.4469203331926654     
 -0.37279784825732076      , -0.40422348056081997      ,  -1.3588058440310067     
 -0.30155123055906990      , -0.31141976406450217      ,  -1.2682004526181798     
 -0.23539863420302318      , -0.23309778801163680      ,  -1.1769262441082506     
 -0.17128477380482077      , -0.16860623877588951      ,  -1.0865906987991416     
 -0.10889361007295811      , -0.11688420726929609      , -0.99855328422125944     
  -5.0040316689872369E-002 ,  -7.6620826960369842E-002 , -0.91391352682143312     
   2.2302082129180417E-003 ,  -4.6388750188870759E-002 , -0.83351620498294843     
   4.4581495559769688E-002 ,  -2.4747247274474339E-002 , -0.75796889974055193     
   7.4189084894098853E-002 ,  -1.0315729998428632E-002 , -0.68766743138630215     
   8.9353455696445427E-002 ,  -1.8214478280048640E-003 , -0.62282540323619306     
   8.9923759032326661E-002 ,   1.8736213420180853E-003 , -0.56350492439458066     
   7.7509917360557956E-002 ,   1.7615356216361129E-003 , -0.50964642339749555     
   5.5405873291388102E-002 ,  -1.3118115952818158E-003 , -0.46109619835676158     
   2.8135213671546193E-002 ,  -6.6396574477651698E-003 , -0.41763093670120399     
   6.1342912517524904E-004 ,  -1.3643028666461270E-002 , -0.37897887546563841     
  -2.2914111926651382E-002 ,  -2.1857230537399887E-002 , -0.34483757807297111     
  -3.9846795905980815E-002 ,  -3.0917647516997382E-002 , -0.31488850072089442     
  -4.9779713512234182E-002 ,  -4.0545828998756465E-002 , -0.28880863680281205     
  -5.4431892426260925E-002 ,  -5.0536458215814865E-002 , -0.26627958437632082     
  -5.6976525704316182E-002 ,  -6.0745535952676205E-002 , -0.24699439830948178     
  -6.0997504091230968E-002 ,  -7.1079928829461902E-002 , -0.23066257968419340     
  -6.9398741764386748E-002 ,  -8.1488312368645233E-002 , -0.21701353068754367     
  -8.3580422079999980E-002 ,  -9.1953464011745173E-002 , -0.20579877078846398     
 -0.10309794255558381      , -0.10248581711414667      , -0.19679317430099824     
 -0.12587946588253607      , -0.11311816375377477      , -0.18979545356896593     
 -0.14892668189247985      , -0.12390138486828309      , -0.18462807785078555     
 -0.16928337856538347      , -0.13490108585741281      , -0.18113678659492613     
 -0.18496822893139325      , -0.14619502096295234      , -0.17918982768631697     
 -0.19557695294149388      , -0.15787119815256992      , -0.17867702656820605     
 -0.20237132197356328      , -0.17002656630521587      , -0.17950877083502106     
 -0.20784508764198212      , -0.18276619714175962      , -0.18161497674609636     
 -0.21492619483912417      , -0.19620288481528092      , -0.18494408884528565     
 -0.22608399606952820      , -0.21045709584136973      , -0.18946215116338330     
 -0.24262519764333959      , -0.22565721072115474      , -0.19515197798646983     
 -0.26438511688568678      , -0.24194000588268194      , -0.20201244354666020     
 -0.28988787148836781      , -0.25945133017162558      , -0.21005790288735099     
 -0.31690542826468493      , -0.27834693379168085      , -0.21931775023200070     
 -0.34322759036790701      , -0.29879340902458551      , -0.22983611610438576     
 -0.36739392516355440      , -0.32096920087564484      , -0.24167169986552495     
 -0.38915654962440371      , -0.34506564151254326      , -0.25489772989084503     
 -0.40953719521261739      , -0.37128795436713680      , -0.26960203892761031     
 -0.43048064929312618      , -0.39985616123761175      , -0.28588723682235340     
 -0.45424027978723280      , -0.43100580761439661      , -0.30387095630563832     
 -0.48271265000622149      , -0.46498839643186035      , -0.32368613929883611     
 -0.51694001271542955      , -0.50207138687697239      , -0.34548132058916198     
 -0.55692721947565149      , -0.54253757078717313      , -0.36942085189663620     
 -0.60180646844979513      , -0.58668358224765382      , -0.39568499136519159     
 -0.65026989416671910      , -0.63481722373640304      , -0.42446976021377292     
 -0.70110906881394963      , -0.68725320205339335      , -0.45598643837758396     
 -0.75367426382767844      , -0.74430675725310036      , -0.49046053302116105     
 -0.80810377731311589      , -0.80628453708180048      , -0.52813000635325302     
 -0.86526301270652461      , -0.87347191981658512      , -0.56924249093951840     
 -0.92644002274023030      , -0.94611582648685610      , -0.61405115097201413     
 -0.99292469804198835      ,  -1.0244019038421510      , -0.66280876718600912     
  -1.0656208413896258      ,  -1.1084248294944457      , -0.71575953398672687     
  -1.1448013999883730      ,  -1.1981504370039850      , -0.77312796625371349     
  -1.2300422436521834      ,  -1.2933684551491871      , -0.83510423251032928     
  -1.3202949947113869      ,  -1.3936350120537007      , -0.90182518174023896     
  -1.4140143017221087      ,  -1.4982048238685792      , -0.97335034643113805     
  -1.5092561119671490      ,  -1.6059543643073384      ,  -1.0496323335922244     
  -1.6037119509741460      ,  -1.7152995155211928      ,  -1.1304813258783022     
  -1.6947193059886478      ,  -1.8241144286973070      ,  -1.2155239907546520     
  -1.7793426409174888      ,  -1.9296626473165661      ,  -1.3041580287422825     
  -1.8545980762059653      ,  -2.0285567510694142      ,  -1.3955049591156097     
  -1.9177878265862200      ,  -2.1167681279727408      ,  -1.4883655626288721     
  -1.9667955319859871      ,  -2.1897124730225968      ,  -1.5811845732323351     
  -2.0001794974586207      ,  -2.2424368401855683      ,  -1.6720334281675850     
  -2.0170038045867584      ,  -2.2699274515027903      ,  -1.7586215675428791     
  -2.0164698422654799      ,  -2.2675410704442771      ,  -1.8383470568267553     
  -1.9974656004938571      ,  -2.2315354793862863      ,  -1.9083951718011813     
  -1.9581460378689695      ,  -2.1596393728573404      ,  -1.9658881976733313     
  -1.8956616559379045      ,  -2.0515673608482117      ,  -2.0080809159886481     
  -1.8062233703675687      ,  -1.9093654042820782      ,  -2.0325851947350984     
  -1.6858349868380451      ,  -1.7374802521795818      ,  -2.0375963442642169     
  -1.5321040451444286      ,  -1.5424908645419049      ,  -2.0220870557072868     
  -1.3472084947514185      ,  -1.3325138890316865      ,  -1.9859351503616736     
  -1.1410421357990377      ,  -1.1163770895205816      ,  -1.9299604824015189     
 -0.93198816316250821      , -0.90271463970216792      ,  -1.8558625427495614     
 -0.74177473393535309      , -0.69915333805288005      ,  -1.7660691607004873     
 -0.58463489137074709      , -0.51172455627362157      ,  -1.6635226118661581     
 -0.46041041368377034      , -0.34456902251457822      ,  -1.5514380456062040     
 -0.35882999108123820      , -0.19992742058226354      ,  -1.4330689555593126     
 -0.26796942368450699      ,  -7.8353635495356427E-002 ,  -1.3115070018535810     
 -0.17923483933517195      ,   2.0938678205007655E-002 ,  -1.1895322925370455     
  -8.8783335832534713E-002 ,   9.9683331970804839E-002 ,  -1.0695188846258392     
   2.7780860663781937E-003 ,  0.16018938887226788      , -0.95339135265482711     
   9.1542901936307611E-002 ,  0.20502955102225520      , -0.84262287340932207     
  0.17181349161540288      ,  0.23680505324691808      , -0.73826321303702513     
  0.23755656996714805      ,  0.25798571518553559      , -0.64098540203572851     
  0.28361228299887564      ,  0.27081406721431378      , -0.55114169936627055     
  0.30671842617781025      ,  0.27725876812910116      , -0.46882179683512121     
  0.30644503462663109      ,  0.27900274777112255      , -0.39390850780487019     
  0.28593020813487929      ,  0.27745373025931797      , -0.32612810965688144     
  0.25203657674565894      ,  0.27376767687771925      , -0.26509396378805872     
  0.21444548815366032      ,  0.26887844999022875      , -0.21034304104239709     
  0.18351984209814645      ,  0.26352928555378896      , -0.16136561312245876     
  0.16748022450176595      ,  0.25830338361003830      , -0.11762872548202521     
  0.17001573646149273      ,  0.25365213339961845      ,  -7.8594230329419618E-002
  0.18932748320543147      ,  0.24992028571985089      ,  -4.3732198406493103E-002
  0.21893195407300783      ,  0.24736787928073103      ,  -1.2530495478973122E-002
  0.24988313400588957      ,  0.24618901419420672      ,   1.5498761649762946E-002
  0.27364725098991510      ,  0.24652771658972086      ,   4.0815242249198726E-002
  0.28471481321672726      ,  0.24849120507191619      ,   6.3848395057936713E-002
  0.28218571211735427      ,  0.25216088680275600      ,   8.4996947291091016E-002
  0.26990300011203827      ,  0.25760140041147883      ,  0.10462953672164868     
  0.25510493535601858      ,  0.26486799812752337      ,  0.12308617297080882     
  0.24601242174166121      ,  0.27401252828755540      ,  0.14068028317307485     
  0.24917988325751886      ,  0.28508824596383264      ,  0.15770114704959190     
  0.26752713898331398      ,  0.29815364605313538      ,  0.17441656789863064     
  0.29964048486977840      ,  0.31327548066923111      ,  0.19107565995241765     
  0.34045204157913778      ,  0.33053109129916319      ,  0.20791165978693618     
  0.38301625496344172      ,  0.35001015569947541      ,  0.22514469075587282     
  0.42080764079407218      ,  0.37181591944846470      ,  0.24298442539145085     
  0.44979306892510373      ,  0.39606595177792658      ,  0.26163260189036275     
  0.46960454031070537      ,  0.42289243397840254      ,  0.28128535757025835     
  0.48346174265871555      ,  0.45244195537173576      ,  0.30213534479742682     
  0.49693291988112004      ,  0.48487475552864823      ,  0.32437359347328226     
  0.51602293627140883      ,  0.52036331095555033      ,  0.34819107871969512     
  0.54529018336925184      ,  0.55909011875466963      ,  0.37377994279216353     
  0.58661701942905864      ,  0.60124447776365575      ,  0.40133430624077332     
  0.63895356475963638      ,  0.64701800872700355      ,  0.43105058462564538     
  0.69900589410859515      ,  0.69659858914627970      ,  0.46312720335904639     
  0.76256719864159694      ,  0.75016230682968776      ,  0.49776357426593426     
  0.82601695936349295      ,  0.80786296208517894      ,  0.53515816326300703     
  0.88746996081874652      ,  0.86981857845954313      ,  0.57550543970562862     
  0.94719501385275207      ,  0.93609432723212493      ,  0.61899145589766924     
   1.0072206561090691      ,   1.0066812497723858      ,  0.66578776291098896     
   1.0703687243507178      ,   1.0814702020791576      ,  0.71604333133576936     
   1.1391418641504623      ,   1.1602205871984252      ,  0.76987412117325282     
   1.2148640254069443      ,   1.2425237379106899      ,  0.82734994640491488     
   1.2972942614697414      ,   1.3277613327337383      ,  0.88847832494687062     
   1.3847258289790567      ,   1.4150600519922343      ,  0.95318511823163443     
   1.4744301765745262      ,   1.5032448850857092      ,   1.0212919774044968     
   1.5632321794421988      ,   1.5907951368249806      ,   1.0924909602993793     
   1.6480085909842188      ,   1.6758092336481305      ,   1.1663171991790231     
   1.7259837660712793      ,   1.7559867539213359      ,   1.2421212063624751     
   1.7948216793689014      ,   1.8286383484215454      ,   1.3190432973004009     
   1.8526035712197113      ,   1.8907357477549998      ,   1.3959936298273332     
   1.8977777189007545      ,   1.9390139414672936      ,   1.4716423658616045     
   1.9290993752650665      ,   1.9701347168167749      ,   1.5444252179966029     
   1.9455257047249466      ,   1.9809139931688384      ,   1.6125698074137198     
   1.9460358297581934      ,   1.9686042965658759      ,   1.6741474332865141     
   1.9293876064433346      ,   1.9312090665239734      ,   1.7271526879999526     
   1.8938632965975595      ,   1.8677898948641325      ,   1.7696097139064220     
   1.8370900461766244      ,   1.7787157727778797      ,   1.7996990584772179     
   1.7560703034876290      ,   1.6658004180897077      ,   1.8158938485468463     
   1.6476368416999496      ,   1.5322841264031259      ,   1.8170896522382194     
   1.5096097540576003      ,   1.3826410816817760      ,   1.8027103842661085     
   1.3428103800832261      ,   1.2222271300857113      ,   1.7727740487535097     
   1.1535182402473003      ,   1.0568173954948450      ,   1.7279072363722550     
  0.95482466322734116      ,  0.89210699497372936      ,   1.6693051785598141     
  0.76430173264741441      ,  0.73325371885859658      ,   1.5986429288824242     
  0.59711683854093633      ,  0.58452759738698601      ,   1.5179506812892458     
  0.45948547341148926      ,  0.44910440619877645      ,   1.4294706036630744     
  0.34856504148502931      ,  0.32900804302432490      ,   1.3355131575457599     
  0.25722385748385579      ,  0.22517975761350253      ,   1.2383281301111788     
  0.17837174271880618      ,  0.13763619500143201      ,   1.1400007631493552     
  0.10703274341054682      ,   6.5674125912785541E-002 ,   1.0423779110055031     
   4.0899801701056962E-002 ,   8.0849226673441309E-003 ,  0.94702432864755492     
  -1.9897455959475931E-002 ,  -3.6647959318350160E-002 ,  0.85520570116662220     
  -7.3461383985258269E-002 ,  -7.0183985503209742E-002 ,  0.76789306686827385     
 -0.11700824885848643      ,  -9.4198889559875751E-002 ,  0.68578266487044659     
 -0.14778135933217787      , -0.11029539148430681      ,  0.60932557376670549     
 -0.16387680671619415      , -0.11994634888404937      ,  0.53876239312829344     
 -0.16491483921137440      , -0.12446374781749646      ,  0.47415931772987213     
 -0.15247743296809835      , -0.12498684092459350      ,  0.41544303521539272     
 -0.13017716117685565      , -0.12248351306069007      ,  0.36243281295299978     
 -0.10320888758536829      , -0.11776008759970902      ,  0.31486887817539688     
  -7.7348868292508866E-002 , -0.11147595722127562      ,  0.27243673610220331     
  -5.7603904540777108E-002 , -0.10416046098667439      ,  0.23478743889501760     
  -4.6939966224028670E-002 ,  -9.6230268745729916E-002 ,  0.20155404923322520     
  -4.5557326099771291E-002 ,  -8.8006169680094323E-002 ,  0.17236467135236386     
  -5.0984492190741235E-002 ,  -7.9728619465646910E-002 ,  0.14685248014890553     
  -5.8958582959475148E-002 ,  -7.1571715908854167E-002 ,  0.12466318963701144     
  -6.4796205905815335E-002 ,  -6.3655481380319207E-002 ,  0.10546038361411331     
  -6.4822100140650749E-002 ,  -5.6056462123818873E-002 ,   8.8929096525659293E-002
  -5.7434648621809824E-002 ,  -4.8816733180471229E-002 ,   7.4777989758615271E-002
  -4.3516023903463485E-002 ,  -4.1951440676735785E-002 ,   6.2740423449201291E-002
  -2.6083896133314442E-002 ,  -3.5455032936478358E-002 ,   5.2574679744355923E-002
  -9.2940004276352572E-003 ,  -2.9306336777311121E-002 ,   4.4063552248866676E-002
   2.8958855913362586E-003 ,  -2.3472631137315080E-002 ,   3.7013479116549064E-002
   7.9715099860732126E-003 ,  -1.7912860613176592E-002 ,   3.1253364298961861E-002
   5.6211151186734143E-003 ,  -1.2580119031930273E-002 ,   2.6633202873642056E-002
  -2.2158317655421897E-003 ,  -7.4235194168164684E-003 ,   2.3022601941961349E-002
  -1.2001323780088101E-002 ,  -2.3895526643297050E-003 ,   2.0309267999732566E-002
  -1.9728469155002756E-002 ,   2.5769764294678002E-003 ,   1.8397514567913990E-002
  -2.2161548998934778E-002 ,   7.5323600723385788E-003 ,   1.7206829832404586E-002
  -1.7797005057077021E-002 ,   1.2533681512562971E-002 ,   1.6670532691262046E-002
  -7.2591179491481809E-003 ,   1.7638739228033853E-002 ,   1.6734536573687991E-002
   6.9720110795886310E-003 ,   2.2906157954650883E-002 ,   1.7356233333978746E-002
   2.1398817373915711E-002 ,   2.8395651775810059E-002 ,   1.8503504123173291E-002
   3.2637681194123205E-002 ,   3.4168411947193139E-002 ,   2.0153860122593532E-002
   3.8481827076023940E-002 ,   4.0287598573695890E-002 ,   2.2293713141477826E-002
   3.8565751082299655E-002 ,   4.6818920772964574E-002 ,   2.4917774122068557E-002
   3.4438630242887576E-002 ,   5.3831294641373525E-002 ,   2.8028576376258642E-002
   2.9042739684644926E-002 ,   6.1397572269541886E-002 ,   3.1636119741692989E-002
   2.5775373650938720E-002 ,   6.9595338313741359E-002 ,   3.5757631659391192E-002
   2.7438906640816427E-002 ,   7.8507773281989768E-002 ,   4.0417441327286856E-002
   3.5410720134788326E-002 ,   8.8224584786854909E-002 ,   4.5646963479192816E-002
   4.9282937445773806E-002 ,   9.8843009576148722E-002 ,   5.1484788894276025E-002
   6.7066983200188640E-002 ,  0.11046889017470396      ,   5.7976879384914290E-002
   8.5883674713048516E-002 ,  0.12321783041693192      ,   6.5176865672310277E-002
  0.10291314150189006      ,  0.13721643393795990      ,   7.3146447170941875E-002
  0.11630195544119486      ,  0.15260362868110805      ,   8.1955893190802181E-002
  0.12574507274266084      ,  0.16953207845828508      ,   9.1684645344361937E-002
  0.13257025977237316      ,  0.18816967925929715      ,  0.10242202090719046     
  0.13931285162426113      ,  0.20870113291326453      ,  0.11426801639108988     
  0.14892898006590527      ,  0.23132958326445305      ,  0.12733420946757795     
  0.16390707782406899      ,  0.25627828942655712      ,  0.14174475538966241     
  0.18556203632118062      ,  0.28379229583655963      ,  0.15763747088302618     
  0.21372676241088645      ,  0.31414003829503662      ,  0.17516499368889293     
  0.24692321018265898      ,  0.34761479704822135      ,  0.19449599897351566     
  0.28294563493950292      ,  0.38453586975492132      ,  0.21581644392278115     
  0.31966329963246620      ,  0.42524928569696840      ,  0.23933079802753432     
  0.35578203335413422      ,  0.47012781380497676      ,  0.26526319755009375     
  0.39131820830206115      ,  0.51956992601299135      ,  0.29385843679191381     
  0.42763531044181685      ,  0.57399725820589576      ,  0.32538267396696935     
  0.46704270978041640      ,  0.63384995688781476      ,  0.36012368314484444     
  0.51210741813257010      ,  0.69957910375106158      ,  0.39839042277848546     
  0.56492609210898770      ,  0.77163516659707754      ,  0.44051161226904401     
  0.62660811889043233      ,  0.85045113084173762      ,  0.48683290717601213     
  0.69713302739359528      ,  0.93641862573563228      ,  0.53771213779833738     
  0.77560469502898044      ,   1.0298549921469877      ,  0.59351192318830193     
  0.86078024298397182      ,   1.1309588877514196      ,  0.65458879492291688     
  0.95164772205503656      ,   1.2397517747754763      ,  0.72127777049431474     
   1.0478008801134673      ,   1.3560026313389530      ,  0.79387112490455902     
   1.1494295239269932      ,   1.4791337050455708      ,  0.87258995955215146     
   1.2568877745589699      ,   1.6081064368808913      ,  0.95754712642466444     
   1.3699600509003118      ,   1.7412893019177593      ,   1.0487002384026967     
   1.4870652823591108      ,   1.8763138155898438      ,   1.1457940364240928     
   1.6047211162284982      ,   2.0099318942507094      ,   1.2482924930836636     
   1.7176213214971285      ,   2.1378973961878445      ,   1.3553029398616954     
   1.8195315586868084      ,   2.2549064777318151      ,   1.4654974099608737     
   1.9047432430902580      ,   2.3546433513064033      ,   1.5770403371301229     
   1.9693138691833914      ,   2.4299858367995242      ,   1.6875364451886767     
   2.0113886539657937      ,   2.4734218891438644      ,   1.7940172231606923     
   2.0305744188891475      ,   2.4777056673536721      ,   1.8929871604190438     
   2.0268674499953536      ,   2.4367331707699966      ,   1.9805495722426576     
   1.9996250556281439      ,   2.3465443731214122      ,   2.0526239233744605     
   1.9468398609405657      ,   2.2062768910334571      ,   2.1052507294668348     
   1.8648792197339792      ,   2.0188375363135775      ,   2.1349578202379615     
   1.7489709875710224      ,   1.7910618331619277      ,   2.1391383069182974     
   1.5949135510793309      ,   1.5332228917328097      ,   2.1163745456471621     
   1.4023367408544551      ,   1.2579174386146803      ,   2.0666422782241312     
   1.1788686118056289      ,  0.97854134297999718      ,   1.9913488137310020     
  0.94285057406532713      ,  0.70769136313762082      ,   1.8931943560315410     
  0.72002178071843614      ,  0.45583824664640421      ,   1.7758848688803412     
  0.53064342004262477      ,  0.23050927023430751      ,   1.6437546594339536     
  0.37717665332702177      ,   3.6050505143438528E-002 ,   1.5013681551015559     
  0.24791126518890752      , -0.12611607209068093      ,   1.3531623917873992     
  0.12914623945701442      , -0.25691646736808738      ,   1.2031709132144586     
   1.2148873047207881E-002 , -0.35892099368569275      ,   1.0548452921163320     
 -0.10560382986093328      , -0.43566570606659138      ,  0.91096991287466522     
 -0.22136896659936006      , -0.49109073009665027      ,  0.77365276665340721     
 -0.32880509237837025      , -0.52913030916021508      ,  0.64436993400604248     
 -0.41980095569552961      , -0.55344944453988010      ,  0.52404215255857545     
 -0.48628124832349456      , -0.56730092427670731      ,  0.41312580382037600     
 -0.52211157103067007      , -0.57347008422848955      ,  0.31170564749703555     
 -0.52520504104945631      , -0.57427697668179878      ,  0.21958131569322537     
 -0.49948925380780024      , -0.57161183544461391      ,  0.13634331255018414     
 -0.45575026516726785      , -0.56698665329823184      ,   6.1436906494710515E-002
 -0.41005595277073975      , -0.56159171937918373      ,  -5.7860203865394491E-003
 -0.37933940930296656      , -0.55635054902165548      ,  -6.6026161440253139E-002
 -0.37581124180459552      , -0.55196980285759600      , -0.12000557659049557     
 -0.40305479056805726      , -0.54898280315761561      , -0.16844453580434451     
 -0.45541462897514323      , -0.54778643087851842      , -0.21204493240616626     
 -0.52043226754516925      , -0.54867180518917957      , -0.25147893945101157     
 -0.58326335403703577      , -0.55184942003972071      , -0.28738176978518815     
 -0.63162041712394346      , -0.55746948611134617      , -0.32034758760914694     
 -0.65955857534669626      , -0.56563819546380900      , -0.35092779030212551     
 -0.66883859581067129      , -0.57643054706452279      , -0.37963102752785310     
 -0.66756227570208881      , -0.58990027587016369      , -0.40692444907360542     
 -0.66679786887636694      , -0.60608733244994850      , -0.43323577496980942     
 -0.67663330037855030      , -0.62502327145361625      , -0.45895586375767139     
 -0.70316225021701717      , -0.64673482781757508      , -0.48444152011735980     
 -0.74724650405143955      , -0.67124588940194041      , -0.51001833407320762     
 -0.80504984197619966      , -0.69857801281065290      , -0.53598338297267722     
 -0.86985212777470811      , -0.72874957445346822      , -0.56260765637729260     
 -0.93447214125345113      , -0.76177360083665890      , -0.59013808461061679     
 -0.99352642324862461      , -0.79765428065106081      , -0.61879906548882424     
  -1.0447966449899699      , -0.83638212735544426      , -0.64879339212775489     
  -1.0893262803979256      , -0.87792773658273071      , -0.68030248910997815     
  -1.1304127680659968      , -0.92223407105529098      , -0.71348586628439714     
  -1.1720736221976142      , -0.96920721151846778      , -0.74847970091958682     
  -1.2176269860575160      ,  -1.0187055419305131      , -0.78539446213172392     
  -1.2688080802322070      ,  -1.0705273990196120      , -0.82431149933192061     
  -1.3255486906358289      ,  -1.1243973202013882      , -0.86527853247538133     
  -1.3863185311476074      ,  -1.1799511806106666      , -0.90830401053099619     
  -1.4487959771951124      ,  -1.2367207301277516      , -0.95335035097060483     
  -1.5105872760936636      ,  -1.2941183324021865      ,  -1.0003261428697443     
  -1.5697470238806031      ,  -1.3514230708375985      ,  -1.0490774950421622     
  -1.6249699185114417      ,  -1.4077698097463391      ,  -1.0993788430539364     
  -1.6754820670122437      ,  -1.4621432513207209      ,  -1.1509236968342043     
  -1.7207768417368949      ,  -1.5133794522476787      ,  -1.2033160107705185     
  -1.7603591963352103      ,  -1.5601775654106953      ,  -1.2560630796131806     
  -1.7935982381070701      ,  -1.6011246243680743      ,  -1.3085710842048905     
  -1.8197000390706828      ,  -1.6347358360637099      ,  -1.3601445955361895     
  -1.8377524808703356      ,  -1.6595119318158782      ,  -1.4099914444430315     
  -1.8467792093254358      ,  -1.6740135290221811      ,  -1.4572343171030444     
  -1.8457598599522316      ,  -1.6769501584963395      ,  -1.5009301808173732     
  -1.8336063948007304      ,  -1.6672787674971616      ,  -1.5400981306903612     
  -1.8091130236101078      ,  -1.6443034919369328      ,  -1.5737554593945751     
  -1.7709146634463753      ,  -1.6077659040101648      ,  -1.6009607280829263     
  -1.7175011262100406      ,  -1.5579135285661139      ,  -1.6208614663653091     
  -1.6473471815803531      ,  -1.4955348932514001      ,  -1.6327430334951276     
  -1.5592291239221547      ,  -1.4219521617279289      ,  -1.6360743587605571     
  -1.4527847771187377      ,  -1.3389674036710908      ,  -1.6305459717501778     
  -1.3292926916803594      ,  -1.2487650483012311      ,  -1.6160960912620492     
  -1.1924544681206208      ,  -1.1537797725597216      ,  -1.5929215969596866     
  -1.0486946179890599      ,  -1.0565444878607058      ,  -1.5614723340519292     
 -0.90638015613268685      , -0.95953593668434656      ,  -1.5224291288345679     
 -0.77382317915861687      , -0.86503506073693992      ,  -1.4766677720079291     
 -0.65695787281975038      , -0.77501596540308193      ,  -1.4252127180413876     
 -0.55810315848237302      , -0.69107193118611820      ,  -1.3691851115140485     
 -0.47635441667066225      , -0.61438085835291323      ,  -1.3097498964083438     
 -0.40892274782031979      , -0.54570708471447615      ,  -1.2480662595137457     
 -0.35250180876484410      , -0.48543260907053182      ,  -1.1852446890097597     
 -0.30422290831456877      , -0.43360875900124374      ,  -1.1223127313895014     
 -0.26215403332733450      , -0.39001913247825576      ,  -1.0601903307828902     
 -0.22542654580568344      , -0.35424575937535829      , -0.99967460534226515     
 -0.19409127852049082      , -0.32573229227028422      , -0.94143315192369736     
 -0.16880880694461320      , -0.30384011645547843      , -0.88600449845689855     
 -0.15047526596438759      , -0.28789518263124692      , -0.83380411625177198     
 -0.13986740932416850      , -0.27722489743748402      , -0.78513440532441636     
 -0.13736385713056676      , -0.27118548665555725      , -0.74019720831002611     
 -0.14277532935665277      , -0.26918090226847574      , -0.69910763092864081     
 -0.15530041533667294      , -0.27067465841662991      , -0.66190819981108051     
 -0.17361073286910697      , -0.27519604925744096      , -0.62858263694646577     
 -0.19605237135151055      , -0.28234211350831079      , -0.59906875283833150     
 -0.22092641286908013      , -0.29177653783712260      , -0.57327014725614533     
 -0.24678650845984992      , -0.30322648557970211      , -0.55106655451075470     
 -0.27267891990546905      , -0.31647813139018632      , -0.53232278152552437     
 -0.29826096169536248      , -0.33137149483996187      , -0.51689626622335638     
 -0.32376765488510872      , -0.34779500501769461      , -0.50464333648177084     
 -0.34984187297699121      , -0.36568009573819377      , -0.49542428169247349     
 -0.37728305777756144      , -0.38499602525408183      , -0.48910736481874190     
 -0.40678993128553498      , -0.40574503181382809      , -0.48557190700941305     
 -0.43876861182959409      , -0.42795787285999853      , -0.48471057270616202     
 -0.47325301180492779      , -0.45168974702394493      , -0.48643097339798735     
 -0.50994849777620788      , -0.47701656066061776      , -0.49065669468592232     
 -0.54837331381832455      , -0.50403147131716031      , -0.49732783551610799     
 -0.58804531267416105      , -0.53284161661660823      , -0.50640113126787600     
 -0.62865176179126736      , -0.56356491644376672      , -0.51784971444532857     
 -0.67015028873817484      , -0.59632681739133375      , -0.53166254835454352     
 -0.71277561196018369      , -0.63125682995497168      , -0.54784355050508726     
 -0.75695968440486638      , -0.66848469021474177      , -0.56641040358499717     
 -0.80320011122714252      , -0.70813595849571220      , -0.58739303269851206     
 -0.85192398659334334      , -0.75032684820996909      , -0.61083170811569854     
 -0.90338900537948896      , -0.79515806005460743      , -0.63677471314776146     
 -0.95764504636245640      , -0.84270738243510879      , -0.66527549721122536     
  -1.0145557053456904      , -0.89302081239096343      , -0.69638921528000819     
  -1.0738591539662312      , -0.94610195840523448      , -0.73016853783086644     
  -1.1352373084664387      ,  -1.0018995157737431      , -0.76665860183091661     
  -1.1983637043061022      ,  -1.0602926681694629      , -0.80589096597885568     
  -1.2629117372089433      ,  -1.1210743804092265      , -0.84787643615008990     
  -1.3285211448849430      ,  -1.1839327250420781      , -0.89259664507869874     
  -1.3947358565695209      ,  -1.2484306490633519      , -0.93999431056875693     
  -1.4609358913495081      ,  -1.3139849560736494      , -0.98996216730446873     
  -1.5262876852664478      ,  -1.3798457674096958      ,  -1.0423306780223585     
  -1.5897315245756780      ,  -1.4450783338110693      ,  -1.0968547897873986     
  -1.6500137737339722      ,  -1.5085497731547308      ,  -1.1532002176860552     
  -1.7057582300874106      ,  -1.5689240468697017      ,  -1.2109300134128256     
  -1.7555586922203150      ,  -1.6246691407812124      ,  -1.2694925020919510     
  -1.7980674692891920      ,  -1.6740808026929315      ,  -1.3282120238056812     
  -1.8320549063405069      ,  -1.7153270618634235      ,  -1.3862842519564700     
  -1.8564230640169608      ,  -1.7465168280709595      ,  -1.4427781088534570     
  -1.8701691016291857      ,  -1.7657938748848623      ,  -1.4966463657802502     
  -1.8723059610726456      ,  -1.7714543110066963      ,  -1.5467467920685003     
  -1.8617569092759250      ,  -1.7620813487078815      ,  -1.5918751048897211     
  -1.8372475729881281      ,  -1.7366862849086970      ,  -1.6308099101921392     
  -1.7972288861791004      ,  -1.6948400507549732      ,  -1.6623683407229719     
  -1.7398824856054409      ,  -1.6367767362150747      ,  -1.6854693344275800     
  -1.6632886709195664      ,  -1.5634504866980163      ,  -1.6991997322826975     
  -1.5658651530635181      ,  -1.4765310201841704      ,  -1.7028769857454698     
  -1.4471722895303345      ,  -1.3783307488594123      ,  -1.6961016460448777     
  -1.3090486908047705      ,  -1.2716669436537500      ,  -1.6787932562460715     
  -1.1567124698522155      ,  -1.1596733249467557      ,  -1.6512048610538417     
 -0.99900651178702760      ,  -1.0455842051320325      ,  -1.6139138845134358     
 -0.84684402764840827      , -0.93251858183882830      ,  -1.5677901395865363     
 -0.70991572482248599      , -0.82329035218042435      ,  -1.5139446234270537     
 -0.59356670437258319      , -0.72026464386512257      ,  -1.4536649478973556     
 -0.49802233441122346      , -0.62527101860698397      ,  -1.3883443792293637     
 -0.41995858626318505      , -0.53957446906770634      ,  -1.3194114175192606     
 -0.35474352799550790      , -0.46389691918436793      ,  -1.2482658107355322     
 -0.29813075641655784      , -0.39847670576091254      ,  -1.1762252245048130     
 -0.24717232485778817      , -0.34315158107041943      ,  -1.1044848893203174     
 -0.20051132490365664      , -0.29745160266351045      ,  -1.0340907775608119     
 -0.15823715747109168      , -0.26069089022894731      , -0.96592546022966486     
 -0.12146547158252127      , -0.23205059843253328      , -0.90070485909712150     
  -9.1797308997709839E-002 , -0.21064875873199193      , -0.83898363355433903     
  -7.0787740499219542E-002 , -0.19559537939723376      , -0.78116684156170324     
  -5.9508617961305910E-002 , -0.18603315816078411      , -0.72752567936784129     
  -5.8247321263810700E-002 , -0.18116536963129981      , -0.67821542530855661     
  -6.6362277207257722E-002 , -0.18027307394903186      , -0.63329409850843954     
  -8.2311786119828020E-002 , -0.18272393010137675      , -0.59274072934587274     
 -0.10386518829042433      , -0.18797475401396574      , -0.55647248585787767     
 -0.12847748910112120      , -0.19556967171577358      , -0.52436018980393284     
 -0.15376065559868302      , -0.20513537557731906      , -0.49624198298935779     
 -0.17793839172247589      , -0.21637465526718860      , -0.47193507244194055     
 -0.20015673293331809      , -0.22905907577723930      , -0.45124560031800964     
 -0.22055743401807990      , -0.24302142513539784      , -0.43397676066707219     
 -0.24009457153057914      , -0.25814835544495218      , -0.41993532984433485     
 -0.26015595985817547      , -0.27437348785925458      , -0.40893679872533489     
 -0.28210773033555336      , -0.29167113772052305      , -0.40080929976955437     
 -0.30689533144214343      , -0.31005073261561378      , -0.39539651574186374     
 -0.33480822720308023      , -0.32955193639568431      , -0.39255974355020584     
 -0.36546192759793367      , -0.35024045017466282      , -0.39217926911047751     
 -0.39798662840873256      , -0.37220443197803904      , -0.39415518944159794     
 -0.43135290860417946      , -0.39555145607950276      , -0.39840779768278439     
 -0.46472690666258787      , -0.42040591799337096      , -0.40487762625429907     
 -0.49774255576800736      , -0.44690677909479126      , -0.41352522341094500     
 -0.53061021902721373      , -0.47520553392195697      , -0.42433071913709575     
 -0.56403909771735927      , -0.50546427174952702      , -0.43729321766365337     
 -0.59901365292818165      , -0.53785369066681721      , -0.45243003565478301     
 -0.63650885000281332      , -0.57255090604011283      , -0.46977578700513067     
 -0.67724069358486549      , -0.60973687501055940      , -0.48938129681772835     
 -0.72152654670022964      , -0.64959323398722135      , -0.51131230806695893     
 -0.76928564519003584      , -0.69229831675282183      , -0.53564792425562802     
 -0.82016130281221633      , -0.73802208723464602      , -0.56247870966875946     
 -0.87370873873651300      , -0.78691968457225403      , -0.59190434535887448     
 -0.92957698318688364      , -0.83912324162272045      , -0.62403071376360286     
 -0.98762300701016736      , -0.89473160635231996      , -0.65896625826376010     
  -1.0479257153245327      , -0.95379757650101715      , -0.69681743709137578     
  -1.1107044736999185      ,  -1.0163122633497086      , -0.73768306581018306     
  -1.1761769767972117      ,  -1.0821862475180342      , -0.78164732251353786     
  -1.2444043529522488      ,  -1.1512273020640964      , -0.82877118020333218     
  -1.3151657893027866      ,  -1.2231146665016239      , -0.87908203927150175     
  -1.3878870427359786      ,  -1.2973701971690170      , -0.93256137033902720     
  -1.4616269167057814      ,  -1.3733272361202213      , -0.98913025796572596     
  -1.5351115456781939      ,  -1.4500987710790152      ,  -1.0486328760822481     
  -1.6068017966825221      ,  -1.5265474263521797      ,  -1.1108181454454200     
  -1.6749822507844394      ,  -1.6012610163540415      ,  -1.1753201399794371     
  -1.7378646368032209      ,  -1.6725387318242921      ,  -1.2416382341557344     
  -1.7936974241674810      ,  -1.7383943355206446      ,  -1.3091185144058646     
  -1.8408650978693131      ,  -1.7965837066088675      ,  -1.3769385845074287     
  -1.8779520900448938      ,  -1.8446642303873391      ,  -1.4440985090625240     
  -1.9037470350475509      ,  -1.8800923057294496      ,  -1.5094211411549825     
  -1.9171760917072538      ,  -1.9003620552261886      ,  -1.5715652975031595     
  -1.9171731973774435      ,  -1.9031827982302114      ,  -1.6290549666315841     
  -1.9025118363501132      ,  -1.8866851170226828      ,  -1.6803267568421569     
  -1.8716359700419816      ,  -1.8496363551116888      ,  -1.7237959816215145     
  -1.8225453227503088      ,  -1.7916380410675179      ,  -1.7579391792960299     
  -1.7528243581930028      ,  -1.7132726957006661      ,  -1.7813877595971110     
  -1.6599588118248083      ,  -1.6161684807156373      ,  -1.7930244250309093     
  -1.5421288471507131      ,  -1.5029588695350191      ,  -1.7920717886868647     
  -1.3996045943333633      ,  -1.3771305048812259      ,  -1.7781619623086107     
  -1.2365333983216484      ,  -1.2427725453127778      ,  -1.7513773102249932     
  -1.0622115122854701      ,  -1.1042599496768615      ,  -1.7122560386931081     
 -0.89021534831744509      , -0.96591582889212391      ,  -1.6617612036872165     
 -0.73429092416850950      , -0.83170052098099057      ,  -1.6012170039848961     
 -0.60290693420021424      , -0.70496700230654741      ,  -1.5322206851177955     
 -0.49684065961731272      , -0.58830656487150945      ,  -1.4565410779602899     
 -0.41124584361001004      , -0.48349030064061937      ,  -1.3760153333794944     
 -0.33935433117309621      , -0.39149578312941646      ,  -1.2924539848468182     
 -0.27519202606976712      , -0.31259772590773183      ,  -1.2075617072594529     
 -0.21488614302373921      , -0.24649732083023929      ,  -1.1228778477963137     
 -0.15698908309977164      , -0.19246644036208602      ,  -1.0397377047734631     
 -0.10217510699782650      , -0.14948788969210711      , -0.95925310181428824     
  -5.2564605725317917E-002 , -0.11637925082458615      , -0.88230924416551371     
  -1.0909172105704440E-002 ,  -9.1893903499562668E-002 , -0.80957411805612767     
   2.0173454383781313E-002 ,  -7.4797586472046762E-002 , -0.74151662997261869     
   3.8813470887225907E-002 ,  -6.3922072050415557E-002 , -0.67843005825751912     
   4.4324981426827129E-002 ,  -5.8199293618304448E-002 , -0.62045799615403852     
   3.7453161680788591E-002 ,  -5.6679925827361408E-002 , -0.56762064194083117     
   2.0395517836328720E-002 ,  -5.8540348368154201E-002 , -0.51983993214592517     
  -3.4590315198582463E-003 ,  -6.3081452805168317E-002 , -0.47696256091195804     
  -3.0095186267212665E-002 ,  -6.9722116155089525E-002 , -0.43878036149152644     
  -5.5663851561738156E-002 ,  -7.7989515728857151E-002 , -0.40504784664213661     
  -7.7306739568332269E-002 ,  -8.7507878633341765E-002 , -0.37549692761449566     
  -9.3757016609393562E-002 ,  -9.7986779594274140E-002 , -0.34984897538591037     
 -0.10551162413367145      , -0.10920972673848564      , -0.32782447175601614     
 -0.11451577622666045      , -0.12102349597512529      , -0.30915053859972014     
 -0.12346611090651331      , -0.13332847406205278      , -0.29356664452594172     
 -0.13495526833158564      , -0.14607013108359065      , -0.28082877981958682     
 -0.15071265825288913      , -0.15923164952925400      , -0.27071237047079422     
 -0.17114904530557634      , -0.17282767687931797      , -0.26301417569665608     
 -0.19531555973469791      , -0.18689913183338283      , -0.25755338429269542     
 -0.22127110025430316      , -0.20150897378470639      , -0.25417209580375427     
 -0.24673820509861422      , -0.21673883553326737      , -0.25273534436015060     
 -0.26984144361193030      , -0.23268641671678922      , -0.25313079693558804     
 -0.28969568295702369      , -0.24946353727361886      , -0.25526823416466127     
 -0.30666237728009754      , -0.26719475444867991      , -0.25907890083227025     
 -0.32220560038195922      , -0.28601645195124986      , -0.26451479464037853     
 -0.33841350447432955      , -0.30607631475629160      , -0.27154794566341145     
 -0.35735656454411630      , -0.32753310681370912      , -0.28016972472774587     
 -0.38049586536659952      , -0.35055667081892139      , -0.29039020643681313     
 -0.40832330399763672      , -0.37532806847835753      , -0.30223760130804356     
 -0.44032934215606578      , -0.40203977563750370      , -0.31575776104721937     
 -0.47528635744654757      , -0.43089583842782897      , -0.33101375087482215     
 -0.51173926888080001      , -0.46211188333042980      , -0.34808547250654798     
 -0.54853562080546714      , -0.49591485471487706      , -0.36706931029059908     
 -0.58522224964096636      , -0.53254232681396518      , -0.38807776046718501     
 -0.62218817930313475      , -0.57224120193494643      , -0.41123898881699250     
 -0.66052589976968268      , -0.61526556162170254      , -0.43669624430404413     
 -0.70168112053753506      , -0.66187338119341854      , -0.46460703482419996     
 -0.74702723020563022      , -0.71232174967747208      , -0.49514194493394065     
 -0.79751205810482528      , -0.76686015654029704      , -0.52848294357277537     
 -0.85348232400204260      , -0.82572131529877424      , -0.56482099157809673     
 -0.91471746033360990      , -0.88910889631946843      , -0.60435271386681955     
 -0.98062900983244516      , -0.95718144561732144      , -0.64727584989268017     
  -1.0505293298441565      ,  -1.0300316888973573      , -0.69378314002236041     
  -1.1238580933167284      ,  -1.1076603862467747      , -0.74405424852281254     
  -1.2002792317226905      ,  -1.1899439527310121      , -0.79824527282869806     
  -1.2796139826062629      ,  -1.2765952520927344      , -0.85647535524582685     
  -1.3616368838482069      ,  -1.3671173852263221      , -0.91880991527361622     
  -1.4458087961671706      ,  -1.4607510350535038      , -0.98524008462433921     
  -1.5310415090448213      ,  -1.5564171138177354      ,  -1.0556580887928402     
  -1.6155814730752340      ,  -1.6526582029154728      ,  -1.1298286242713289     
  -1.6970693390861959      ,  -1.7475846497656911      ,  -1.2073567810173433     
  -1.7727785049829425      ,  -1.8388341462472721      ,  -1.2876538045436170     
  -1.8399667364158268      ,  -1.9235568958115867      ,  -1.3699030094540989     
  -1.8962181633324626      ,  -1.9984414754470683      ,  -1.4530294256971485     
  -1.9396488349208729      ,  -2.0597981597360326      ,  -1.5356781714554506     
  -1.9689087750164043      ,  -2.1037152903137084      ,  -1.6162078635177315     
  -1.9829967561176416      ,  -2.1262985059202357      ,  -1.6927062008074754     
  -1.9809573284059088      ,  -2.1239908924464261      ,  -1.7630346532475247     
  -1.9615389729920989      ,  -2.0939542405694795      ,  -1.8249073791125396     
  -1.9228855935441258      ,  -2.0344698460352229      ,  -1.8760056647451384     
  -1.8623498520849036      ,  -1.9452969176045305      ,  -1.9141233645507050     
  -1.7765843949525715      ,  -1.8279153874829066      ,  -1.9373317682185185     
  -1.6621811098255197      ,  -1.6855855241203963      ,  -1.9441455890870691     
  -1.5171893489410277      ,  -1.5231832073349167      ,  -1.9336674312105187     
  -1.3435931861856012      ,  -1.3468136481388202      ,  -1.9056880830014979     
  -1.1499851363170122      ,  -1.1632561703974931      ,  -1.8607252165892612     
 -0.95233444503271547      , -0.97933229922058140      ,  -1.7999928104286804     
 -0.76996606313046123      , -0.80130503042066714      ,  -1.7253055011865772     
 -0.61683341901704436      , -0.63440384938197447      ,  -1.6389329214769353     
 -0.49517517581910719      , -0.48253394132337513      ,  -1.5434260887480573     
 -0.39769675585863257      , -0.34818283590830196      ,  -1.4414396800717835     
 -0.31414588387198467      , -0.23249812814134732      ,  -1.3355709038006018     
 -0.23603591222198358      , -0.13548555971593074      ,  -1.2282293332833776     
 -0.15850374650416699      ,  -5.6269906219155272E-002 ,  -1.1215446562215881     
  -8.0510423272951118E-002 ,   6.6318975710786821E-003 ,  -1.0173126590833490     
  -4.1524585093930394E-003 ,   5.5061524558877140E-002 , -0.91697499538263172     
   6.6496572594315906E-002 ,   9.1014157251776917E-002 , -0.82162566727776609     
  0.12664853477706109      ,  0.11648438835860699      , -0.73203639435533829     
  0.17190356572940463      ,  0.13336077817771405      , -0.64869359043157415     
  0.19912426419498783      ,  0.14336166147433382      , -0.57184093095123456     
  0.20713157088771822      ,  0.14800295290998974      , -0.50152299788620158     
  0.19722516819839248      ,  0.14858893126008563      , -0.43762692591034791     
  0.17338542727529113      ,  0.14621829166196354      , -0.37992018122204974     
  0.14190814651521275      ,  0.14179943589764171      , -0.32808352909402183     
  0.11029618872330035      ,  0.13607060347492927      , -0.28173890008174274     
   8.5539921127597812E-002 ,  0.12962183015824019      , -0.24047229154001515     
   7.2308250946274924E-002 ,  0.12291679566143585      , -0.20385209363802392     
   7.1735530943172476E-002 ,  0.11631340530896644      , -0.17144335712803233     
   8.1275981264037400E-002 ,  0.11008249150981247      , -0.14281856471464840     
   9.5670190394864629E-002 ,  0.10442437711713656      , -0.11756546009112379     
  0.10867782907362730      ,   9.9483265975480822E-002 ,  -9.5292450698742537E-002
  0.11501050583409198      ,   9.5359557810579046E-002 ,  -7.5632046969053610E-002
  0.11188635792647428      ,   9.2120256097234787E-002 ,  -5.8242741815565935E-002
   9.9784713802256481E-002 ,   8.9807670522331809E-002 ,  -4.2809675278040152E-002
   8.2212239847703705E-002 ,   8.8446624947945987E-002 ,  -2.9044373790967137E-002
   6.4551022843323647E-002 ,   8.8050377067792895E-002 ,  -1.6683803224649796E-002
   5.2334662969578567E-002 ,   8.8625443418063860E-002 ,  -5.4889303017962065E-003
   4.9508570145643860E-002 ,   9.0175506903978228E-002 ,   4.7570517042281801E-003
   5.7241096786054602E-002 ,   9.2704565893845861E-002 ,   1.4250710197358178E-002
   7.3643626316550234E-002 ,   9.6219465629758111E-002 ,   2.3170478593267770E-002
   9.4450593105099040E-002 ,  0.10073193503900983      ,   3.1678808289697137E-002
  0.11441897051566766      ,  0.10626023546901686      ,   3.9924315065625528E-002
  0.12899216773677782      ,  0.11283051264599034      ,   4.8043883403733036E-002
  0.13569957456202039      ,  0.12047792935848968      ,   5.6164704860415256E-002
  0.13486598719859388      ,  0.12924764397219127      ,   6.4406236612651963E-002
  0.12943532271594541      ,  0.13919568879702723      ,   7.2882074089193616E-002
  0.12398601568457500      ,  0.15038979239713457      ,   8.1701737491125151E-002
  0.12326583387976267      ,  0.16291018095003260      ,   9.0972376317400280E-002
  0.13072696621370722      ,  0.17685038546522014      ,  0.10080039897459114     
  0.14752599291451252      ,  0.19231807375030874      ,  0.11129303635303416     
  0.17227779611776897      ,  0.20943591808758993      ,  0.12255984902471209     
  0.20160688980788291      ,  0.22834250119983526      ,  0.13471418753482758     
  0.23130323795312224      ,  0.24919325368583059      ,  0.14787461413054032     
  0.25770955256911471      ,  0.27216140501006614      ,  0.16216629213985403     
  0.27889584344014945      ,  0.29743891648856235      ,  0.17772234594660688     
  0.29525175285493888      ,  0.32523734746483168      ,  0.19468518987864572     
  0.30932378289078816      ,  0.35578858369275485      ,  0.21320781800241143     
  0.32497359158599221      ,  0.38934532818804513      ,  0.23345503833546014     
  0.34615670202532117      ,  0.42618121744158366      ,  0.25560462372991749     
  0.37573956515043178      ,  0.46659037743175252      ,  0.27984833683908750     
  0.41473763286180526      ,  0.51088617139247883      ,  0.30639276713294245     
  0.46219276087560446      ,  0.55939881143258230      ,  0.33545989260639347     
  0.51569318997342128      ,  0.61247140525082377      ,  0.36728724609690205     
  0.57234084033928256      ,  0.67045388387585647      ,  0.40212752422049775     
  0.62983115891770325      ,  0.73369410400377422      ,  0.44024742390437027     
  0.68727239386576255      ,  0.80252523878664739      ,  0.48192542541007199     
  0.74546480263895587      ,  0.87724836805713469      ,  0.52744816004763362     
  0.80656646985213465      ,  0.95810896533412482      ,  0.57710490493869326     
  0.87330915314084734      ,   1.0452657805728223      ,  0.63117963775002872     
  0.94808531579067490      ,   1.1387504820354777      ,  0.68993996663175328     
   1.0322337278996441      ,   1.2384164273482181      ,  0.75362213632406572     
   1.1257182543628270      ,   1.3438752066554114      ,  0.82241122208398265     
   1.2272047654953668      ,   1.4544203201472676      ,  0.89641559472431365     
   1.3343850986754995      ,   1.5689387609178072      ,  0.97563482829485038     
   1.4443327273697304      ,   1.6858136658766292      ,   1.0599205065801458     
   1.5537256757196651      ,   1.8028248692118054      ,   1.1489299706560232     
   1.6589223133143174      ,   1.9170593339240956      ,   1.2420740599845279     
   1.7560408276194557      ,   2.0248499264203508      ,   1.3384614507544750     
   1.8412278788547698      ,   2.1217681005363196      ,   1.4368443490931841     
   1.9111246816541161      ,   2.2027020523138305      ,   1.5355729780716709     
   1.9632898655824063      ,   2.2620538223631388      ,   1.6325691829374855     
   1.9962879766464352      ,   2.2940825631095625      ,   1.7253318865775926     
   2.0093592452793225      ,   2.2934025096515773      ,   1.8109879719485740     
   2.0018202568720076      ,   2.2556108582566328      ,   1.8864000927656583     
   1.9724193673089134      ,   2.1779756365249536      ,   1.9483366994347122     
   1.9188339167516135      ,   2.0600674067786091      ,   1.9936988387326597     
   1.8374920825881802      ,   1.9041894755754216      ,   2.0197843039439829     
   1.7240112801895162      ,   1.7154692943814802      ,   2.0245557812127513     
   1.5746984398629151      ,   1.5015302430138926      ,   2.0068705581414674     
   1.3894383967762898      ,   1.2717598040209583      ,   1.9666297015238157     
   1.1754575597860402      ,   1.0362971825751546      ,   1.9048163682796677     
  0.94978108046242371      ,  0.80493991239132967      ,   1.8234138682300103     
  0.73618709680458827      ,  0.58618396610125834      ,   1.7252181534258575     
  0.55400004899215882      ,  0.38656124625243360      ,   1.6135790714816123     
  0.40736886969551045      ,  0.21034630813473335      ,   1.4921143988777912     
  0.28739038210898110      ,   5.9608695163686748E-002 ,   1.3644388805009304     
  0.18190287439620881      ,  -6.5479933137011226E-002 ,   1.2339398472094227     
   8.1898848230664067E-002 , -0.16620055027530495      ,   1.1036162944159156     
  -1.6724158061596620E-002 , -0.24481000764352695      ,  0.97598429919751772     
 -0.11349916996399229      , -0.30410886996064257      ,  0.85304136147876719     
 -0.20455249054056729      , -0.34709476490187574      ,  0.73627664433751827     
 -0.28409213987061221      , -0.37671289195006802      ,  0.62671257737338548     
 -0.34592379519874861      , -0.39569614814294074      ,  0.52496455981118595     
 -0.38489403191268123      , -0.40647782964416257      ,  0.43130818574931273     
 -0.39830405137647168      , -0.41115746707718875      ,  0.34574645755035577     
 -0.38723518424785758      , -0.41150210621487715      ,  0.26807221390270930     
 -0.35740413934027132      , -0.40896890310199524      ,  0.19792318892810590     
 -0.31886483450685699      , -0.40473875859198022      ,  0.13482868670199558     
 -0.28400330238464688      , -0.39975409662649936      ,   7.8247876867343358E-002
 -0.26411588675707831      , -0.39475651542952789      ,   2.7600314319150377E-002
 -0.26592598899888198      , -0.39032191242298492      ,  -1.7710416716385423E-002
 -0.28960090579252945      , -0.38689192741735651      ,  -5.8278932325788971E-002
 -0.32899719668054961      , -0.38480132170628584      ,  -9.4685166360762144E-002
 -0.37390201115181160      , -0.38430135678688487      , -0.12748546907213734     
 -0.41345032804641674      , -0.38557946906189577      , -0.15720688788408219     
 -0.43958850067905636      , -0.38877563790933228      , -0.18434394603443194     
 -0.44947774592682177      , -0.39399586905819672      , -0.20935734501658584     
 -0.44612280737210047      , -0.40132319833040991      , -0.23267411661505247     
 -0.43708186821355616      , -0.41082658358391927      , -0.25468883757681537     
 -0.43173698072205557      , -0.42256800707019559      , -0.27576559431625691     
 -0.43814779844292306      , -0.43660806267782115      , -0.29624044721241904     
 -0.46063728272752741      , -0.45301025559336150      , -0.31642419513785502     
 -0.49882340336220354      , -0.47184419680003337      , -0.33660528206910106     
 -0.54818951768454738      , -0.49318783156868379      , -0.35705272011539529     
 -0.60185331945355403      , -0.51712879917563415      , -0.37801892807114496     
 -0.65292994035620100      , -0.54376497977004823      , -0.39974240249018106     
 -0.69671853983756615      , -0.57320424278403181      , -0.42245014997122587     
 -0.73199169719572765      , -0.60556336871600913      , -0.44635981535506558     
 -0.76101066299962650      , -0.64096607180850518      , -0.47168144125200534     
 -0.78839020831753304      , -0.67954000459510544      , -0.49861879002709569     
 -0.81935089504687775      , -0.72141257642418488      , -0.52737015029433365     
 -0.85804313294692613      , -0.76670536747726248      , -0.55812853633776005     
 -0.90648001783824717      , -0.81552686917319506      , -0.59108117101442681     
 -0.96430300806360070      , -0.86796323453109814      , -0.62640812116689004     
  -1.0293002706581715      , -0.92406668383501045      , -0.66427993038313904     
  -1.0983944505134569      , -0.98384119101453216      , -0.70485406880495360     
  -1.1687197721111227      ,  -1.0472250883707017      , -0.74826999640014280     
  -1.2384166738612763      ,  -1.1140702913966432      , -0.79464261903395428     
  -1.3069014225984246      ,  -1.1841179882630797      , -0.84405391227026083     
  -1.3745915324602336      ,  -1.2569708943107780      , -0.89654250528706636     
  -1.4422836359653444      ,  -1.3320625811600497      , -0.95209106900782137     
  -1.5104801111588666      ,  -1.4086249955284553      ,  -1.0106114543405447     
  -1.5789184467263138      ,  -1.4856561204709910      ,  -1.0719276969676881     
  -1.6464302841698235      ,  -1.5618908147046162      ,  -1.1357572641826892     
  -1.7111171938791014      ,  -1.6357791596741007      ,  -1.2016912837629112     
  -1.7707224803609030      ,  -1.7054780339848252      ,  -1.2691749722667758     
  -1.8230290274736916      ,  -1.7688628873783263      ,  -1.3374900584707226     
  -1.8661368636940414      ,  -1.8235674200729917      ,  -1.4057416326856329     
  -1.8985545428839707      ,  -1.8670585584756816      ,  -1.4728524544807782     
  -1.9191247410639940      ,  -1.8967521385750084      ,  -1.5375681751794532     
  -1.9268495040001530      ,  -1.9101705150628026      ,  -1.5984769812271005     
  -1.9206787947906661      ,  -1.9051366868038477      ,  -1.6540466183546458     
  -1.8993057891527134      ,  -1.8799909029060546      ,  -1.7026804229180070     
  -1.8610036605208575      ,  -1.8338064567641899      ,  -1.7427917898376235     
  -1.8035567628103160      ,  -1.7665738233804884      ,  -1.7728935811366489     
  -1.7243874856497079      ,  -1.6793193399910480      ,  -1.7916957382361516     
  -1.6210457861502472      ,  -1.5741287994909499      ,  -1.7982014834472844     
  -1.4922542388708298      ,  -1.4540585711738296      ,  -1.7917907942460058     
  -1.3395522786635856      ,  -1.3229355864692047      ,  -1.7722800115972297     
  -1.1690908410513003      ,  -1.1850684983651558      ,  -1.7399488134297523     
 -0.99231355409169364      ,  -1.0449098261764556      ,  -1.6955300711564372     
 -0.82378888912117765      , -0.90671780055009554      ,  -1.6401634518064443     
 -0.67597553993306603      , -0.77426443399857336      ,  -1.5753188259838156     
 -0.55434422353879143      , -0.65062418559314306      ,  -1.5026994293425207     
 -0.45689280085319872      , -0.53805960856055846      ,  -1.4241365517228026     
 -0.37742207780710257      , -0.43800192017994610      ,  -1.3414871510683963     
 -0.30911105539125044      , -0.35111004356225739      ,  -1.2565436330226010     
 -0.24666157621812590      , -0.27738372851379317      ,  -1.1709618668190174     
 -0.18715376120411287      , -0.21630490680726164      ,  -1.0862101432000582     
 -0.13007145747495186      , -0.16698485479310698      ,  -1.0035388660824414     
  -7.6804940221436371E-002 , -0.12830075441590932      , -0.92396866930221366     
  -2.9876199177854036E-002 ,  -9.9011800828282467E-002 , -0.84829344980179178     
   7.8882527463902674E-003 ,  -7.7850703932708876E-002 , -0.77709439787087953     
   3.4079101950065478E-002 ,  -6.3590613793592488E-002 , -0.71076127246323817     
   4.7254938279431224E-002 ,  -5.5090083998159803E-002 , -0.64951768650273467     
   4.7309400970998006E-002 ,  -5.1319928652182122E-002 , -0.59344783846858606     
   3.5635090860896168E-002 ,  -5.1376111790610725E-002 , -0.54252281249798806     
   1.5032826327072698E-002 ,  -5.4482506497482014E-002 , -0.49662518528688282     
  -1.0686622656907502E-002 ,  -5.9986771525834218E-002 , -0.45557118450738321     
  -3.7396111892323836E-002 ,  -6.7351918144290771E-002 , -0.41913003141958882     
  -6.1508965394708556E-002 ,  -7.6145498697450006E-002 , -0.38704037906701927     
  -8.0759061137993249E-002 ,  -8.6027798752510112E-002 , -0.35902394463510756     
  -9.4647887836569286E-002 ,  -9.6739974650656230E-002 , -0.33479655016284376     
 -0.10440359558372672      , -0.10809274326090544      , -0.31407684844854894     
 -0.11246624570283598      , -0.11995598579839001      , -0.29659303637498741     
 -0.12166965471189078      , -0.13224945471734162      , -0.28208785835243927     
 -0.13437430303234302      , -0.14493465480064185      , -0.27032218738771446     
 -0.15180086221406786      , -0.15800789211005009      , -0.26107744707156139     
 -0.17373904530596046      , -0.17149443591142843      , -0.25415710912940392     
 -0.19869500211926044      , -0.18544371031143450      , -0.24938747116086327     
 -0.22441935651731748      , -0.19992541770844602      , -0.24661788975310234     
 -0.24864925828383014      , -0.21502649063002746      , -0.24572061646105828     
 -0.26983126888133396      , -0.23084876878264615      , -0.24659035883437774     
 -0.28759785997844761      , -0.24750730180244249      , -0.24914366600070298     
 -0.30285432787019911      , -0.26512918355277493      , -0.25331821830752771     
 -0.31746528915290556      , -0.28385282959556735      , -0.25907208303752821     
 -0.33366130748141365      , -0.30382761469181757      , -0.26638298299531660     
 -0.35337033674321533      , -0.32521379106320952      , -0.27524761149537930     
 -0.37768919466855155      , -0.34818260996592526      , -0.28568101558953890     
 -0.40665024761950436      , -0.37291656820932029      , -0.29771605884614949     
 -0.43933576716259393      , -0.39960969688581727      , -0.31140296518496530     
 -0.47428258004703427      , -0.42846780097640164      , -0.32680893569513642     
 -0.51003312989759320      , -0.45970854475326928      , -0.34401782048743806     
 -0.54564921270507227      , -0.49356125796539929      , -0.36312981686817919     
 -0.58102472386110526      , -0.53026631045188799      , -0.38426115281641809     
 -0.61690873759125431      , -0.57007386672513005      , -0.40754370016543978     
 -0.65465357488152398      , -0.61324178576453203      , -0.43312444421807728     
 -0.69579517611228314      , -0.66003237338925247      , -0.46116471487057925     
 -0.74162054911371478      , -0.71070762410160104      , -0.49183905773979042     
 -0.79286490560046308      , -0.76552250598750449      , -0.52533359135827784     
 -0.84962031581978015      , -0.82471574748206744      , -0.56184365743896569     
 -0.91145620789278392      , -0.88849748268377926      , -0.60157052509409392     
 -0.97767982342847770      , -0.95703301110356997      , -0.64471685702333670     
  -1.0476236779645776      ,  -1.0304218440011301      , -0.69148058764199649     
  -1.1208474420120280      ,  -1.1086711689674305      , -0.74204680358594444     
  -1.1971807859786101      ,  -1.1916629079707703      , -0.79657716295425818     
  -1.2765956160114140      ,  -1.2791137317463777      , -0.85519635278332806     
  -1.3589564440597612      ,  -1.3705278083744008      , -0.91797508300500474     
  -1.4437354081548663      ,  -1.4651428133852800      , -0.98490917658624821     
  -1.5297864294307308      ,  -1.5618709377351614      ,  -1.0558944769156287     
  -1.6152565343332632      ,  -1.6592384213378226      ,  -1.1306976022292721     
  -1.6976780153164293      ,  -1.7553295920387670      ,  -1.2089230872994532     
  -1.7742334425634858      ,  -1.8477444638281029      ,  -1.2899782167765024     
  -1.8421213759663917      ,  -1.9335823784575716      ,  -1.3730379039287575     
  -1.8988997205126765      ,  -2.0094673378281551      ,  -1.4570132840711101     
  -1.9426840018485820      ,  -2.0716324741702135      ,  -1.5405291632885045     
  -1.9721388793407224      ,  -2.1160799622598705      ,  -1.6219168435451898     
  -1.9862827866442958      ,  -2.1388267571723301      ,  -1.6992297223010837     
  -1.9841763768544323      ,  -2.1362343452227091      ,  -1.7702888766971601     
  -1.9645734218910018      ,  -2.1054020599515408      ,  -1.8327639813947796     
  -1.9256063548587423      ,  -2.0445807668991480      ,  -1.8842909353405151     
  -1.8645963140718518      ,  -1.9535423966589387      ,  -1.9226215166584080     
  -1.7781477207810787      ,  -1.8338290488603362      ,  -1.9457930344686416     
  -1.6628049804993679      ,  -1.6888114028237018      ,  -1.9522989358118306     
  -1.5166096270936658      ,  -1.5235141097589926      ,  -1.9412368422279591     
  -1.3416325316547348      ,  -1.3442120210571691      ,  -1.9124105565793181     
  -1.1466853016139036      ,  -1.1578532144471796      ,  -1.8663681352799042     
 -0.94804767264410383      , -0.97140576902449882      ,  -1.8043683566136113     
 -0.76526957641477578      , -0.79124071353522030      ,  -1.7282803210774276     
 -0.61222331040151845      , -0.62264865754680543      ,  -1.6404321365977033     
 -0.49078939372510261      , -0.46954913069346166      ,  -1.5434317569348321     
 -0.39331607668215374      , -0.33440429339267902      ,  -1.4399846537350298     
 -0.30937576844369763      , -0.21830781663064763      ,  -1.3327295467317848     
 -0.23048409491609775      , -0.12119519779513725      ,  -1.2241066936955947     
 -0.15189681026544632      ,  -4.2115597683410992E-002 ,  -1.1162655197519116     
  -7.2753414287782772E-002 ,   2.0486709436646308E-002 ,  -1.0110115465697123     
   4.6607167011808240E-003 ,   6.8517777469615099E-002 , -0.90978775496973741     
   7.6109873328525646E-002 ,  0.10402626193743578      , -0.81368293448099915     
  0.13669038638143444      ,  0.12904874663052246      , -0.72345890814728753     
  0.18194070368968995      ,  0.14550507020936551      , -0.63958917068628618     
  0.20872215021265894      ,  0.15513562773870865      , -0.56230283043951657     
  0.21592741411727012      ,  0.15947093878374241      , -0.49162931722975295     
  0.20501354850486311      ,  0.15982416769303215      , -0.42744079806285401     
  0.18019986427560111      ,  0.15729872395344635      , -0.36949047281843572     
  0.14806412047970388      ,  0.15280484568268940      , -0.31744585488358845     
  0.11635808784606314      ,  0.14708076104513482      , -0.27091679461893292     
   9.2199525707001614E-002 ,  0.14071543813105639      , -0.22947842460269577     
   8.0206606703266681E-002 ,  0.13417102251796589      , -0.19268945063371956     
   8.1291688124972519E-002 ,  0.12780384748378712      , -0.16010633292912446     
   9.2583758286340273E-002 ,  0.12188343978152048      , -0.13129393972555115     
  0.10849618007985287      ,  0.11660929459036382      , -0.10583324203678925     
  0.12255862801531467      ,  0.11212541045637760      ,  -8.3326575815892520E-002
  0.12941671540492858      ,  0.10853270131855734      ,  -6.3400941043187109E-002
  0.12640319683329063      ,  0.10589946947631626      ,  -4.5709745725188280E-002
  0.11425623352934361      ,  0.10427015253733518      ,  -2.9933342086985087E-002
   9.6805162532946770E-002 ,  0.10367256371322282      ,  -1.5778645510833335E-002
   7.9715563678308010E-002 ,  0.10412383785823971      ,  -2.9780755577153233E-003
   6.8673908725847721E-002 ,  0.10563528140448651      ,   8.7119867305855848E-003
   6.7602528405497617E-002 ,  0.10821630655474181      ,   1.9513070123515407E-002
   7.7486470383096778E-002 ,  0.11187761099747581      ,   2.9626691293402192E-002
   9.6160166445613246E-002 ,  0.11663374533339807      ,   3.9236545986113792E-002
  0.11908038777101605      ,  0.12250519210664432      ,   4.8510742915426050E-002
  0.14081629092845463      ,  0.12952006322130361      ,   5.7604029240280456E-002
  0.15677386530319234      ,  0.13771550677706540      ,   6.6659972083182917E-002
  0.16460706700608330      ,  0.14713890001021801      ,   7.5813073027227965E-002
  0.16488644806695457      ,  0.15784889200725963      ,   8.5190802334656729E-002
  0.16084247611665350      ,  0.16991634801598865      ,   9.4915547152699190E-002
  0.15728719588699261      ,  0.18342523629126711      ,  0.10510647354626416     
  0.15907557189039556      ,  0.19847348819084690      ,  0.11588130609579436     
  0.16961473364715013      ,  0.21517385232113451      ,  0.12735803123493067     
  0.18989296280089932      ,  0.23365475348327366      ,  0.13965653162546596     
  0.21830350795560088      ,  0.25406115644904970      ,  0.15290015875808619     
  0.25128143751754123      ,  0.27655542254615456      ,  0.16721724963564050     
  0.28453297007416478      ,  0.30131813284431563      ,  0.18274259076972924     
  0.31445995248444075      ,  0.32854883440907107      ,  0.19961882863850883     
  0.33932079054001679      ,  0.35846664439448767      ,  0.21799781994534886     
  0.35976001017515447      ,  0.39131061915952309      ,  0.23804190709181647     
  0.37855380626922008      ,  0.42733976025768178      ,  0.25992509369566286     
  0.39968299364050180      ,  0.46683248383084736      ,  0.28383408103491098     
  0.42707007221534371      ,  0.51008532201043177      ,  0.30996910807541045     
  0.46341884255119015      ,  0.55741055142552731      ,  0.33854451411498021     
  0.50953133999710798      ,  0.60913235169282998      ,  0.36978891269851522     
  0.56428884047116845      ,  0.66558098285394907      ,  0.40394482676344723     
  0.62525864235064321      ,  0.72708433304494668      ,  0.44126758626840140     
  0.68969308405910223      ,  0.79395602623684047      ,  0.48202322918040019     
  0.75556356927310953      ,  0.86647909879151963      ,  0.52648507335109662     
  0.82226223144325694      ,  0.94488406424180749      ,  0.57492854014299799     
  0.89073134747193194      ,   1.0293200115880103      ,  0.62762371220481183     
  0.96300870133070116      ,   1.1198172657769607      ,  0.68482500244872102     
   1.0414030649941242      ,   1.2162401498838087      ,  0.74675720953346603     
   1.1276255931066228      ,   1.3182286351005581      ,  0.81359715612049432     
   1.2221568073206504      ,   1.4251283035935616      ,  0.88545008151459337     
   1.3239786771294939      ,   1.5359092905780751      ,  0.96232003866968674     
   1.4306477390129775      ,   1.6490769691601981      ,   1.0440737963954980     
   1.5386017324746262      ,   1.7625803520093120      ,   1.1303982621456463     
   1.6435915393464411      ,   1.8737286770511576      ,   1.2207523257973252     
   1.7411733342187881      ,   1.9791323337539792      ,   1.3143153831750887     
   1.8272191791859203      ,   2.0746905761774594      ,   1.4099366878493840     
   1.8983680158435345      ,   2.1556539445227054      ,   1.5060920462594489     
   1.9522839543773223      ,   2.2167915023342668      ,   1.6008569537318578     
   1.9876089263764165      ,   2.2526884218042524      ,   1.6919075042317528     
   2.0036110260199393      ,   2.2581843870692953      ,   1.7765613825387028     
   1.9996442275569564      ,   2.2289354566246842      ,   1.8518697931255470     
   1.9745718396987568      ,   2.1620431645734275      ,   1.9147661847452768     
   1.9262908826015459      ,   2.0566529170936714      ,   1.9622686169821451     
   1.8515074768549602      ,   1.9143940614837531      ,   1.9917204286638490     
   1.7460147272835416      ,   1.7395340488428781      ,   2.0010411052933321     
   1.6058841632994600      ,   1.5387608201874197      ,   1.9889499507456627     
   1.4299642434723299      ,   1.3205875736851553      ,   1.9551235362441517     
   1.2234554635553054      ,   1.0944698721640391      ,   1.9002562817400708     
   1.0008676951759308      ,  0.86980197130440695      ,   1.8260108125278076     
  0.78465774855644244      ,  0.65498696600371087      ,   1.7348662255019947     
  0.59597312976710437      ,  0.45674402410833626      ,   1.6298915649064565     
  0.44292220267585325      ,  0.27974115223213653      ,   1.5144830970439576     
  0.31938431324815686      ,  0.12655500924438956      ,   1.3921050714225933     
  0.21368363076800298      ,  -2.1093609545281568E-003 ,   1.2660659784698975     
  0.11596437108342857      , -0.10703999294361360      ,   1.1393497488246689     
   2.0811926776823114E-002 , -0.19008160102014149      ,   1.0145082306768012     
  -7.2653543199886594E-002 , -0.25371953242299472      ,  0.89361081724419855     
 -0.16169167254300043      , -0.30073129688479561      ,  0.77824067797363217     
 -0.24129619322086715      , -0.33392454246025399      ,  0.66952453904332021     
 -0.30565672513151093      , -0.35596005720225277      ,  0.56818335328088643     
 -0.34955530827515852      , -0.36924698732802863      ,  0.47459326396003948     
 -0.36969354327773285      , -0.37589322082260024      ,  0.38884895656509771     
 -0.36594418700082909      , -0.37769423707262845      ,  0.31082411065795684     
 -0.34229054458572850      , -0.37614639022080093      ,  0.24022584882287670     
 -0.30692076838070353      , -0.37247398388673925      ,  0.17664171537082027     
 -0.27090490749771928      , -0.36766269850571237      ,  0.11957883348917736     
 -0.24542111587175458      , -0.36249455027626887      ,   6.8495581330194732E-002
 -0.23844783777191608      , -0.35758150586839088      ,   2.2826506073900316E-002
 -0.25235713649974001      , -0.35339622047587044      ,  -1.7998639778078043E-002
 -0.28339382281671477      , -0.35029923678836039      ,  -5.4540824849171811E-002
 -0.32313407783804304      , -0.34856251030891594      ,  -8.7341759806201569E-002
 -0.36134385944157293      , -0.34838942264384626      , -0.11691723052267909     
 -0.38927570486492663      , -0.34993159229674742      , -0.14375306250130479     
 -0.40234688989149742      , -0.35330285041969134      , -0.16830313786135651     
 -0.40139057054392085      , -0.35859075534454887      , -0.19098898192971681     
 -0.39213683357631951      , -0.36586599856871060      , -0.21220052210168877     
 -0.38312215846658576      , -0.37519002047089617      , -0.23229769598738090     
 -0.38277740519290082      , -0.38662111437854607      , -0.25161264904947012     
 -0.39676481681354203      , -0.40021925684407017      , -0.27045231471455861     
 -0.42644921816250048      , -0.41604986199587363      , -0.28910121329269922     
 -0.46884705138346366      , -0.43418661921318441      , -0.30782434099060302     
 -0.51790197680630445      , -0.45471353602796433      , -0.32687004780146445     
 -0.56661488357236878      , -0.47772627159494169      , -0.34647282392138790     
 -0.60933524790237970      , -0.50333280959024207      , -0.36685592925790400     
 -0.64345972344402869      , -0.53165348217388397      , -0.38823381009042951     
 -0.66999753880047341      , -0.56282031778690689      , -0.41081425140154459     
 -0.69289732927548653      , -0.59697564414214421      , -0.43480021307211597     
 -0.71748887832904851      , -0.63426983296738892      , -0.46039129315319621     
 -0.74867726168659432      , -0.67485802422642949      , -0.48778475182937375     
 -0.78952770724822363      , -0.71889561443919947      , -0.51717601545449898     
 -0.84063575593203732      , -0.76653223684161209      , -0.54875856116675947     
 -0.90034930628799803      , -0.81790390218311593      , -0.58272305918769784     
 -0.96564260798196788      , -0.87312291159351063      , -0.61925562236534037     
  -1.0332824656547974      , -0.93226510369459192      , -0.65853498173058778     
  -1.1008732920407895      , -0.99535396770232754      , -0.70072837453749337     
  -1.1674373541314069      ,  -1.0623411591474730      , -0.74598590049483626     
  -1.2333821153068742      ,  -1.1330830190770358      , -0.79443307761640658     
  -1.2999558621138771      ,  -1.2073128544503686      , -0.84616131890993951     
  -1.3684717529568460      ,  -1.2846090303135032      , -0.90121606603373261     
  -1.4396106523900145      ,  -1.3643594057596606      , -0.95958237131782331     
  -1.5130172534030517      ,  -1.4457233725700702      ,  -1.0211678349887090     
  -1.5872610551271800      ,  -1.5275937779192856      ,  -1.0857830039380234     
  -1.6601064546764155      ,  -1.6085623533591964      ,  -1.1531196477268890     
  -1.7289509464328900      ,  -1.6868938939161400      ,  -1.2227277695525685     
  -1.7912607520998378      ,  -1.7605161903145281      ,  -1.2939927958138346     
  -1.8448683641164354      ,  -1.8270343129837907      ,  -1.3661151039794051     
  -1.8880792708837553      ,  -1.8837787772127064      ,  -1.4380948387112886     
  -1.9196160118851036      ,  -1.9278966816365157      ,  -1.5087257139824952     
  -1.9384634906824907      ,  -1.9564922881605553      ,  -1.5766020145148025     
  -1.9436701274078989      ,  -1.9668179842404507      ,  -1.6401430354681412     
  -1.9341361525951251      ,  -1.9565078935156675      ,  -1.6976384459203631     
  -1.9084102239288492      ,  -1.9238352622592316      ,  -1.7473162883833551     
  -1.8645286237924177      ,  -1.8679631247608479      ,  -1.7874324592804500     
  -1.7999706830766784      ,  -1.7891488963989355      ,  -1.8163767754887499     
  -1.7118716078465304      ,  -1.6888613174542515      ,  -1.8327867172578691     
  -1.5977102201245674      ,  -1.5697756537403367      ,  -1.8356565804305158     
  -1.4566852537598858      ,  -1.4356308657342878      ,  -1.8244281277482193     
  -1.2917218804771573      ,  -1.2909575812169940      ,  -1.7990497282333926     
  -1.1113363831324470      ,  -1.1407118013422741      ,  -1.7599946421626305     
 -0.92960483943773498      , -0.98986866166433762      ,  -1.7082349636031091     
 -0.76236989365311181      , -0.84303727905915227      ,  -1.6451744759519611     
 -0.62069753832062280      , -0.70414998917810345      ,  -1.5725497021054149     
