  0.71493213170127645      ,   2.1229450724483714      ,   1.4655193661558268     
   1.9154559680111729      ,   2.1929852415350255      ,   1.5610585270229873     
   2.2800839278921066      ,   2.2400776937172493      ,   1.6539053462152871     
   2.1830338629212753      ,   2.2589017442634218      ,   1.7415228812149708     
   1.8876033624516890      ,   2.2447042742917840      ,   1.8210630112943438     
   1.6105250017149297      ,   2.1939089102960634      ,   1.8894909061409448     
   1.5281989399188012      ,   2.1047402225179983      ,   1.9437656688917380     
   1.6176447308916906      ,   1.9777454803439807      ,   1.9810672081207392     
   1.5467282166475023      ,   1.8160821072783706      ,   1.9990464820024860     
   1.4544475539955750      ,   1.6254624622894605      ,   1.9960649989817625     
   1.1788663907006056      ,   1.4137129629515430      ,   1.9713841858516696     
   1.0320919923086338      ,   1.1899972664110152      ,   1.9252693066812612     
  0.83861649244921233      ,  0.96384218103004549      ,   1.8589865037522069     
  0.64802143715549620      ,  0.74415591195967179      ,   1.7746919444430655     
  0.51937916859001543      ,  0.53842131673974125      ,   1.6752329415465239     
  0.45361320493571949      ,  0.35218728446955988      ,   1.5638959838847664     
  0.26828985508647119      ,  0.18889565376218667      ,   1.4441420266186100     
  0.17671397655310006      ,   5.0001978019320249E-002 ,   1.3193650556489360     
   7.8628106673584164E-002 ,  -6.4700883798565631E-002 ,   1.1926989228874905     
  -2.0235995527607305E-002 , -0.15666063759309845      ,   1.0668841267543117     
  -7.9282494194847286E-002 , -0.22813426990100699      ,  0.94419438639734021     
 -0.13143295727383114      , -0.28180797976757588      ,  0.82641469034470127     
 -0.19371241221004831      , -0.32049834109380249      ,  0.71485843581946695     
 -0.23697060035618708      , -0.34694074961631782      ,  0.61041059040920653     
 -0.26524672150409634      , -0.36365620077566646      ,  0.51358530372947420     
 -0.30479457610010091      , -0.37288048745330526      ,  0.42458891988492709     
 -0.33014121094207249      , -0.37653861886822665      ,  0.34338204425120999     
 -0.34653222447351906      , -0.37624917459232166      ,  0.26973670639260389     
 -0.35325912185191560      , -0.37334652660465156      ,  0.20328652779630416     
 -0.37330913620452899      , -0.36891220776140959      ,  0.14356912745924336     
 -0.36931926375516161      , -0.36380958762195265      ,   9.0060855130340983E-002
 -0.38948902275094882      , -0.35871823902491112      ,   4.2204439621893741E-002
 -0.39941016190597795      , -0.35416596004674755      ,  -5.6961569239652996E-004
 -0.40563503935327105      , -0.35055746826940914      ,  -3.8826978221081797E-002
 -0.40266722591255999      , -0.34819944144875398      ,  -7.3117879548269940E-002
 -0.42352619298813915      , -0.34732196114584557      , -0.10396913675487859     
 -0.43047728490554449      , -0.34809661831423416      , -0.13187907821838246     
 -0.45571790499468401      , -0.35065163044657438      , -0.15731475324318300     
 -0.47586209322507805      , -0.35508434474769440      , -0.18071090378070817     
 -0.49611688432503387      , -0.36147149037983400      , -0.20247026648446861     
 -0.50292831455288289      , -0.36987751301508459      , -0.22296485238673353     
 -0.51102458754280189      , -0.38036128702789984      , -0.24253791924495635     
 -0.51821908041309617      , -0.39298146021187508      , -0.26150640862046931     
 -0.52510060539962333      , -0.40780064560972051      , -0.28016366693359418     
 -0.54511588249838538      , -0.42488863596647064      , -0.29878230811027573     
 -0.56193829700468834      , -0.44432477860534586      , -0.31761710598075332     
 -0.58317633748712794      , -0.46619961183729980      , -0.33690782818834025     
 -0.59897426570431933      , -0.49061582772856122      , -0.35688194075595159     
 -0.62686284075491794      , -0.51768858938690709      , -0.37775712423213165     
 -0.64498484014689994      , -0.54754519301577265      , -0.39974354894277481     
 -0.68115404837002402      , -0.58032402491292434      , -0.42304585861538374     
 -0.70693050332409901      , -0.61617272046811900      , -0.44786480869756806     
 -0.74426243647911294      , -0.65524538527947807      , -0.47439849813077212     
 -0.77015113666148072      , -0.69769868729453444      , -0.50284312115890861     
 -0.80986408103130691      , -0.74368657348523226      , -0.53339314892254241     
 -0.84319295681345630      , -0.79335330605295495      , -0.56624082914757556     
 -0.89188550334071703      , -0.84682445416439756      , -0.60157486641105617     
 -0.94280511784536147      , -0.90419542278911047      , -0.63957811587315860     
  -1.0036847328438503      , -0.96551705894731876      , -0.68042409129601356     
  -1.0670423429002462      ,  -1.0307778612015503      , -0.72427205599499500     
  -1.1374110447374923      ,  -1.0998823509037625      , -0.77126043706710912     
  -1.2130537656546276      ,  -1.1726252724491224      , -0.82149828508863920     
  -1.2899800658440088      ,  -1.2486615134322572      , -0.87505450283288311     
  -1.3760569953731843      ,  -1.3274720230237296      , -0.93194460068929952     
  -1.4578749891748817      ,  -1.4083266142620134      , -0.99211482113025040     
  -1.5472218339743167      ,  -1.4902454189606513      ,  -1.0554236320282695     
  -1.6282191267956243      ,  -1.5719619618454443      ,  -1.1216208443547895     
  -1.7164740022568339      ,  -1.6518923291820697      ,  -1.1903249890188543     
  -1.7948407755712854      ,  -1.7281166388091584      ,  -1.2610001085055818     
  -1.8790551358853542      ,  -1.7983807511966154      ,  -1.3329337815139992     
  -1.9506919173089727      ,  -1.8601274883067285      ,  -1.4052189689836077     
  -2.0196015791771451      ,  -1.9105669316404634      ,  -1.4767430611370855     
  -2.0688772021530082      ,  -1.9467938643396794      ,  -1.5461881616983577     
  -2.1037841187739321      ,  -1.9659562972366709      ,  -1.6120469374818855     
  -2.1110753194809266      ,  -1.9654717519920386      ,  -1.6726580056065574     
  -2.0947835764982594      ,  -1.9432777608327523      ,  -1.7262635486630262     
  -2.0476180323836086      ,  -1.8980912374186156      ,  -1.7710894706649931     
  -1.9728165553455752      ,  -1.8296406962393050      ,  -1.8054450031124267     
  -1.8690803337012811      ,  -1.7388294866500131      ,  -1.8278346624583925     
  -1.7401891461850720      ,  -1.6277909378168240      ,  -1.8370716452890137     
  -1.5896362664140127      ,  -1.4998095542228083      ,  -1.8323791687938058     
  -1.4230949987841361      ,  -1.3591048903602743      ,  -1.8134659116009328     
  -1.2483216676553628      ,  -1.2105014823689850      ,  -1.7805641330966038     
  -1.0716481213726508      ,  -1.0590317642324893      ,  -1.7344240464755345     
 -0.90211089763414765      , -0.90953204853726333      ,  -1.6762645840380972     
 -0.74374701225572482      , -0.76629045839720311      ,  -1.6076872838821734     
 -0.60284738658388781      , -0.63279111119684861      ,  -1.5305650890616394     
 -0.47844498477787822      , -0.51157614327258938      ,  -1.4469203331926654     
 -0.37254880478017577      , -0.40422348056081997      ,  -1.3588058440310067     
 -0.28115451824957827      , -0.31141976406450217      ,  -1.2682004526181798     
 -0.20523453956067852      , -0.23309778801163680      ,  -1.1769262441082506     
 -0.14219748266211585      , -0.16860623877588951      ,  -1.0865906987991416     
  -9.3290828149383359E-002 , -0.11688420726929609      , -0.99855328422125944     
  -5.6425771296837512E-002 ,  -7.6620826960369842E-002 , -0.91391352682143312     
  -3.1679164625725467E-002 ,  -4.6388750188870759E-002 , -0.83351620498294843     
  -1.6407785481048077E-002 ,  -2.4747247274474339E-002 , -0.75796889974055193     
  -9.7101366370719311E-003 ,  -1.0315729998428632E-002 , -0.68766743138630215     
  -8.9061347736235710E-003 ,  -1.8214478280048640E-003 , -0.62282540323619306     
  -1.2705154949723567E-002 ,   1.8736213420180853E-003 , -0.56350492439458066     
  -1.8859590603244873E-002 ,   1.7615356216361129E-003 , -0.50964642339749555     
  -2.6327493876901080E-002 ,  -1.3118115952818158E-003 , -0.46109619835676158     
  -3.3956342364521691E-002 ,  -6.6396574477651698E-003 , -0.41763093670120399     
  -4.1623922167168641E-002 ,  -1.3643028666461270E-002 , -0.37897887546563841     
  -4.9635609205591291E-002 ,  -2.1857230537399887E-002 , -0.34483757807297111     
  -5.8556825122233550E-002 ,  -3.0917647516997382E-002 , -0.31488850072089442     
  -6.9147913953120962E-002 ,  -4.0545828998756465E-002 , -0.28880863680281205     
  -8.1321275048071073E-002 ,  -5.0536458215814865E-002 , -0.26627958437632082     
  -9.5105328266605019E-002 ,  -6.0745535952676205E-002 , -0.24699439830948178     
 -0.10922061591231576      ,  -7.1079928829461902E-002 , -0.23066257968419340     
 -0.12325649473689783      ,  -8.1488312368645233E-002 , -0.21701353068754367     
 -0.13579227204412525      ,  -9.1953464011745173E-002 , -0.20579877078846398     
 -0.14700633864970145      , -0.10248581711414667      , -0.19679317430099824     
 -0.15638005464582419      , -0.11311816375377477      , -0.18979545356896593     
 -0.16511329976225944      , -0.12390138486828309      , -0.18462807785078555     
 -0.17350345398135164      , -0.13490108585741281      , -0.18113678659492613     
 -0.18296058305587393      , -0.14619502096295234      , -0.17918982768631697     
 -0.19358326008700227      , -0.15787119815256992      , -0.17867702656820605     
 -0.20588749856343733      , -0.17002656630521587      , -0.17950877083502106     
 -0.21912294146539535      , -0.18276619714175962      , -0.18161497674609636     
 -0.23286648784906028      , -0.19620288481528092      , -0.18494408884528565     
 -0.24630330008327025      , -0.21045709584136973      , -0.18946215116338330     
 -0.25917371047256355      , -0.22565721072115474      , -0.19515197798646983     
 -0.27167466779140820      , -0.24194000588268194      , -0.20201244354666020     
 -0.28419123832714732      , -0.25945133017162558      , -0.21005790288735099     
 -0.29775742497084429      , -0.27834693379168085      , -0.21931775023200070     
 -0.31284387886113535      , -0.29879340902458551      , -0.22983611610438576     
 -0.33066533877579563      , -0.32096920087564484      , -0.24167169986552495     
 -0.35139322509591053      , -0.34506564151254326      , -0.25489772989084503     
 -0.37607728211804492      , -0.37128795436713680      , -0.26960203892761031     
 -0.40429658217706071      , -0.39985616123761175      , -0.28588723682235340     
 -0.43648204584688799      , -0.43100580761439661      , -0.30387095630563832     
 -0.47157312413641322      , -0.46498839643186035      , -0.32368613929883611     
 -0.50969912139456486      , -0.50207138687697239      , -0.34548132058916198     
 -0.55003918749028347      , -0.54253757078717313      , -0.36942085189663620     
 -0.59325152199370823      , -0.58668358224765382      , -0.39568499136519159     
 -0.63942509441356066      , -0.63481722373640304      , -0.42446976021377292     
 -0.68969910125281764      , -0.68725320205339335      , -0.45598643837758396     
 -0.74463175977419527      , -0.74430675725310036      , -0.49046053302116105     
 -0.80521164960654845      , -0.80628453708180048      , -0.52813000635325302     
 -0.87215104951354094      , -0.87347191981658512      , -0.56924249093951840     
 -0.94608711171025794      , -0.94611582648685610      , -0.61405115097201413     
  -1.0274515786899943      ,  -1.0244019038421510      , -0.66280876718600912     
  -1.1156810806650168      ,  -1.1084248294944457      , -0.71575953398672687     
  -1.2100242841561650      ,  -1.1981504370039850      , -0.77312796625371349     
  -1.3086174258365502      ,  -1.2933684551491871      , -0.83510423251032928     
  -1.4104505510802818      ,  -1.3936350120537007      , -0.90182518174023896     
  -1.5140724790634392      ,  -1.4982048238685792      , -0.97335034643113805     
  -1.6194767985457685      ,  -1.6059543643073384      ,  -1.0496323335922244     
  -1.7258556475978033      ,  -1.7152995155211928      ,  -1.1304813258783022     
  -1.8330429512663062      ,  -1.8241144286973070      ,  -1.2155239907546520     
  -1.9392249169082429      ,  -1.9296626473165661      ,  -1.3041580287422825     
  -2.0422682953082347      ,  -2.0285567510694142      ,  -1.3955049591156097     
  -2.1378950497737157      ,  -2.1167681279727408      ,  -1.4883655626288721     
  -2.2208444317971749      ,  -2.1897124730225968      ,  -1.5811845732323351     
  -2.2841867520958878      ,  -2.2424368401855683      ,  -1.6720334281675850     
  -2.3209316260583877      ,  -2.2699274515027903      ,  -1.7586215675428791     
  -2.3245064044268213      ,  -2.2675410704442771      ,  -1.8383470568267553     
  -2.2900581024941742      ,  -2.2315354793862863      ,  -1.9083951718011813     
  -2.2148837389150282      ,  -2.1596393728573404      ,  -1.9658881976733313     
  -2.0989136776616513      ,  -2.0515673608482117      ,  -2.0080809159886481     
  -1.9448961994533787      ,  -1.9093654042820782      ,  -2.0325851947350984     
  -1.7582766680427038      ,  -1.7374802521795818      ,  -2.0375963442642169     
  -1.5470120818963378      ,  -1.5424908645419049      ,  -2.0220870557072868     
  -1.3208388626751557      ,  -1.3325138890316865      ,  -1.9859351503616736     
  -1.0905383186617279      ,  -1.1163770895205816      ,  -1.9299604824015189     
 -0.86652503377627732      , -0.90271463970216792      ,  -1.8558625427495614     
 -0.65781206027815786      , -0.69915333805288005      ,  -1.7660691607004873     
 -0.47079346119113147      , -0.51172455627362157      ,  -1.6635226118661581     
 -0.30841316560339721      , -0.34456902251457822      ,  -1.5514380456062040     
 -0.16959395194111596      , -0.19992742058226354      ,  -1.4330689555593126     
  -5.1114267689871984E-002 ,  -7.8353635495356427E-002 ,  -1.3115070018535810     
   4.9615412351384197E-002 ,   2.0938678205007655E-002 ,  -1.1895322925370455     
  0.13289200188903991      ,   9.9683331970804839E-002 ,  -1.0695188846258392     
  0.19772582522114640      ,  0.16018938887226788      , -0.95339135265482711     
  0.24375919653007327      ,  0.20502955102225520      , -0.84262287340932207     
  0.27236775348520409      ,  0.23680505324691808      , -0.73826321303702513     
  0.28623972843438539      ,  0.25798571518553559      , -0.64098540203572851     
  0.28866341944865909      ,  0.27081406721431378      , -0.55114169936627055     
  0.28301955227767300      ,  0.27725876812910116      , -0.46882179683512121     
  0.27237830967488241      ,  0.27900274777112255      , -0.39390850780487019     
  0.25941769769902906      ,  0.27745373025931797      , -0.32612810965688144     
  0.24649151410475037      ,  0.27376767687771925      , -0.26509396378805872     
  0.23536003746930995      ,  0.26887844999022875      , -0.21034304104239709     
  0.22666944401807676      ,  0.26352928555378896      , -0.16136561312245876     
  0.21996184542442057      ,  0.25830338361003830      , -0.11762872548202521     
  0.21411523337686644      ,  0.25365213339961845      ,  -7.8594230329419618E-002
  0.20813810041240083      ,  0.24992028571985089      ,  -4.3732198406493103E-002
  0.20191410414682456      ,  0.24736787928073103      ,  -1.2530495478973122E-002
  0.19649083112786500      ,  0.24618901419420672      ,   1.5498761649762946E-002
  0.19339723832018132      ,  0.24652771658972086      ,   4.0815242249198726E-002
  0.19387214556092403      ,  0.24849120507191619      ,   6.3848395057936713E-002
  0.19845231971781097      ,  0.25216088680275600      ,   8.4996947291091016E-002
  0.20702793066743810      ,  0.25760140041147883      ,  0.10462953672164868     
  0.21894704186715214      ,  0.26486799812752337      ,  0.12308617297080882     
  0.23325931350712464      ,  0.27401252828755540      ,  0.14068028317307485     
  0.24894391752206663      ,  0.28508824596383264      ,  0.15770114704959190     
  0.26528419700471273      ,  0.29815364605313538      ,  0.17441656789863064     
  0.28219228658260909      ,  0.31327548066923111      ,  0.19107565995241765     
  0.30025870275533023      ,  0.33053109129916319      ,  0.20791165978693618     
  0.32047340134121621      ,  0.35001015569947541      ,  0.22514469075587282     
  0.34381195132538106      ,  0.37181591944846470      ,  0.24298442539145085     
  0.37097108182612554      ,  0.39606595177792658      ,  0.26163260189036275     
  0.40226814096149544      ,  0.42289243397840254      ,  0.28128535757025835     
  0.43775255967221055      ,  0.45244195537173576      ,  0.30213534479742682     
  0.47718517249127212      ,  0.48487475552864823      ,  0.32437359347328226     
  0.52003276871557147      ,  0.52036331095555033      ,  0.34819107871969512     
  0.56549755899052578      ,  0.55909011875466963      ,  0.37377994279216353     
  0.61283902822727709      ,  0.60124447776365575      ,  0.40133430624077332     
  0.66166730048474176      ,  0.64701800872700355      ,  0.43105058462564538     
  0.71223427330211708      ,  0.69659858914627970      ,  0.46312720335904639     
  0.76531435446780516      ,  0.75016230682968776      ,  0.49776357426593426     
  0.82183912133255188      ,  0.80786296208517894      ,  0.53515816326300703     
  0.88249596973201505      ,  0.86981857845954313      ,  0.57550543970562862     
  0.94777925298300747      ,  0.93609432723212493      ,  0.61899145589766924     
   1.0182097652239268      ,   1.0066812497723858      ,  0.66578776291098896     
   1.0943217094698805      ,   1.0814702020791576      ,  0.71604333133576936     
   1.1761739863941900      ,   1.1602205871984252      ,  0.76987412117325282     
   1.2627898427532398      ,   1.2425237379106899      ,  0.82734994640491488     
   1.3521386837850071      ,   1.3277613327337383      ,  0.88847832494687062     
   1.4417988331690330      ,   1.4150600519922343      ,  0.95318511823163443     
   1.5298791531838491      ,   1.5032448850857092      ,   1.0212919774044968     
   1.6154316626716945      ,   1.5907951368249806      ,   1.0924909602993793     
   1.6981563923090570      ,   1.6758092336481305      ,   1.1663171991790231     
   1.7775546343732391      ,   1.7559867539213359      ,   1.2421212063624751     
   1.8522623644429972      ,   1.8286383484215454      ,   1.3190432973004009     
   1.9198027700748568      ,   1.8907357477549998      ,   1.3959936298273332     
   1.9767300195228199      ,   1.9390139414672936      ,   1.4716423658616045     
   2.0187658486952396      ,   1.9701347168167749      ,   1.5444252179966029     
   2.0410964561267062      ,   1.9809139931688384      ,   1.6125698074137198     
   2.0389696458328856      ,   1.9686042965658759      ,   1.6741474332865141     
   2.0086597012653300      ,   1.9312090665239734      ,   1.7271526879999526     
   1.9483551216976420      ,   1.8677898948641325      ,   1.7696097139064220     
   1.8585956325427913      ,   1.7787157727778797      ,   1.7996990584772179     
   1.7420790864771196      ,   1.6658004180897077      ,   1.8158938485468463     
   1.6031029970865265      ,   1.5322841264031259      ,   1.8170896522382194     
   1.4470024876339531      ,   1.3826410816817760      ,   1.8027103842661085     
   1.2797997086947288      ,   1.2222271300857113      ,   1.7727740487535097     
   1.1079510355662383      ,   1.0568173954948450      ,   1.7279072363722550     
  0.93795242996833483      ,  0.89210699497372936      ,   1.6693051785598141     
  0.77571426482274164      ,  0.73325371885859658      ,   1.5986429288824242     
  0.62582501133768775      ,  0.58452759738698601      ,   1.5179506812892458     
  0.49099695059289045      ,  0.44910440619877645      ,   1.4294706036630744     
  0.37202070150988809      ,  0.32900804302432490      ,   1.3355131575457599     
  0.26840131944877454      ,  0.22517975761350253      ,   1.2383281301111788     
  0.17929918930798422      ,  0.13763619500143201      ,   1.1400007631493552     
  0.10414014070095445      ,   6.5674125912785541E-002 ,   1.0423779110055031     
   4.2573910068179267E-002 ,   8.0849226673441309E-003 ,  0.94702432864755492     
  -5.9150771279743927E-003 ,  -3.6647959318350160E-002 ,  0.85520570116662220     
  -4.2289330546033940E-002 ,  -7.0183985503209742E-002 ,  0.76789306686827385     
  -6.7953538433065813E-002 ,  -9.4198889559875751E-002 ,  0.68578266487044659     
  -8.4633769670327180E-002 , -0.11029539148430681      ,  0.60932557376670549     
  -9.4259945884344720E-002 , -0.11994634888404937      ,  0.53876239312829344     
  -9.8842304655870183E-002 , -0.12446374781749646      ,  0.47415931772987213     
 -0.10030632994486113      , -0.12498684092459350      ,  0.41544303521539272     
 -0.10028740161750702      , -0.12248351306069007      ,  0.36243281295299978     
  -9.9900871581142997E-002 , -0.11776008759970902      ,  0.31486887817539688     
  -9.9599999540680717E-002 , -0.11147595722127562      ,  0.27243673610220331     
  -9.9227201121251746E-002 , -0.10416046098667439      ,  0.23478743889501760     
  -9.8254899117239530E-002 ,  -9.6230268745729916E-002 ,  0.20155404923322520     
  -9.6125964627614857E-002 ,  -8.8006169680094323E-002 ,  0.17236467135236386     
  -9.2569119961773833E-002 ,  -7.9728619465646910E-002 ,  0.14685248014890553     
  -8.7741405839788511E-002 ,  -7.1571715908854167E-002 ,  0.12466318963701144     
  -8.2143154283140438E-002 ,  -6.3655481380319207E-002 ,  0.10546038361411331     
  -7.6411872944930098E-002 ,  -5.6056462123818873E-002 ,   8.8929096525659293E-002
  -7.1114301226763502E-002 ,  -4.8816733180471229E-002 ,   7.4777989758615271E-002
  -6.6580230112399594E-002 ,  -4.1951440676735785E-002 ,   6.2740423449201291E-002
  -6.2797394771549955E-002 ,  -3.5455032936478358E-002 ,   5.2574679744355923E-002
  -5.9415335957777454E-002 ,  -2.9306336777311121E-002 ,   4.4063552248866676E-002
  -5.5869581483749597E-002 ,  -2.3472631137315080E-002 ,   3.7013479116549064E-002
  -5.1594013640859727E-002 ,  -1.7912860613176592E-002 ,   3.1253364298961861E-002
  -4.6231786447780567E-002 ,  -1.2580119031930273E-002 ,   2.6633202873642056E-002
  -3.9762060950229577E-002 ,  -7.4235194168164684E-003 ,   2.3022601941961349E-002
  -3.2492319401792924E-002 ,  -2.3895526643297050E-003 ,   2.0309267999732566E-002
  -2.4927921219804042E-002 ,   2.5769764294678002E-003 ,   1.8397514567913990E-002
  -1.7572384352914638E-002 ,   7.5323600723385788E-003 ,   1.7206829832404586E-002
  -1.0751985944133700E-002 ,   1.2533681512562971E-002 ,   1.6670532691262046E-002
  -4.5304965246009497E-003 ,   1.7638739228033853E-002 ,   1.6734536573687991E-002
   1.2774837308842150E-003 ,   2.2906157954650883E-002 ,   1.7356233333978746E-002
   7.0293314862039675E-003 ,   2.8395651775810059E-002 ,   1.8503504123173291E-002
   1.3157151062620645E-002 ,   3.4168411947193139E-002 ,   2.0153860122593532E-002
   2.0086808983325471E-002 ,   4.0287598573695890E-002 ,   2.2293713141477826E-002
   2.8177930443331060E-002 ,   4.6818920772964574E-002 ,   2.4917774122068557E-002
   3.7655987474224516E-002 ,   5.3831294641373525E-002 ,   2.8028576376258642E-002
   4.8544498653695062E-002 ,   6.1397572269541886E-002 ,   3.1636119741692989E-002
   6.0639334958166979E-002 ,   6.9595338313741359E-002 ,   3.5757631659391192E-002
   7.3561590122085047E-002 ,   7.8507773281989768E-002 ,   4.0417441327286856E-002
   8.6868892201360098E-002 ,   8.8224584786854909E-002 ,   4.5646963479192816E-002
  0.10019268123772622      ,   9.8843009576148722E-002 ,   5.1484788894276025E-002
  0.11335699103806217      ,  0.11046889017470396      ,   5.7976879384914290E-002
  0.12644723991156895      ,  0.12321783041693192      ,   6.5176865672310277E-002
  0.13979959730708530      ,  0.13721643393795990      ,   7.3146447170941875E-002
  0.15392860761387109      ,  0.15260362868110805      ,   8.1955893190802181E-002
  0.16943378957376887      ,  0.16953207845828508      ,   9.1684645344361937E-002
  0.18691997091387336      ,  0.18816967925929715      ,  0.10242202090719046     
  0.20691632044094413      ,  0.20870113291326453      ,  0.11426801639108988     
  0.22978195112162181      ,  0.23132958326445305      ,  0.12733420946757795     
  0.25562761933209405      ,  0.25627828942655712      ,  0.14174475538966241     
  0.28430563392966796      ,  0.28379229583655963      ,  0.15763747088302618     
  0.31549194689676380      ,  0.31414003829503662      ,  0.17516499368889293     
  0.34884566843759190      ,  0.34761479704822135      ,  0.19449599897351566     
  0.38420949573471769      ,  0.38453586975492132      ,  0.21581644392278115     
  0.42177488685890585      ,  0.42524928569696840      ,  0.23933079802753432     
  0.46212762459370127      ,  0.47012781380497676      ,  0.26526319755009375     
  0.50614200301652901      ,  0.51956992601299135      ,  0.29385843679191381     
  0.55481564274637485      ,  0.57399725820589576      ,  0.32538267396696935     
  0.60915435279162622      ,  0.63384995688781476      ,  0.36012368314484444     
  0.67011485412086425      ,  0.69957910375106158      ,  0.39839042277848546     
  0.73849831650440378      ,  0.77163516659707754      ,  0.44051161226904401     
  0.81475754419174673      ,  0.85045113084173762      ,  0.48683290717601213     
  0.89881240438230570      ,  0.93641862573563228      ,  0.53771213779833738     
  0.99003338877893554      ,   1.0298549921469877      ,  0.59351192318830193     
   1.0874675832623861      ,   1.1309588877514196      ,  0.65458879492291688     
   1.1902289127026737      ,   1.2397517747754763      ,  0.72127777049431474     
   1.2978212630662860      ,   1.3560026313389530      ,  0.79387112490455902     
   1.4101669099887868      ,   1.4791337050455708      ,  0.87258995955215146     
   1.5273128794482962      ,   1.6081064368808913      ,  0.95754712642466444     
   1.6490212436698388      ,   1.7412893019177593      ,   1.0487002384026967     
   1.7744356104976127      ,   1.8763138155898438      ,   1.1457940364240928     
   1.9017552943571248      ,   2.0099318942507094      ,   1.2482924930836636     
   2.0277649297512514      ,   2.1378973961878445      ,   1.3553029398616954     
   2.1473636781813190      ,   2.2549064777318151      ,   1.4654974099608737     
   2.2535411815668165      ,   2.3546433513064033      ,   1.5770403371301229     
   2.3380505770802342      ,   2.4299858367995242      ,   1.6875364451886767     
   2.3925160333439721      ,   2.4734218891438644      ,   1.7940172231606923     
   2.4094574919121161      ,   2.4777056673536721      ,   1.8929871604190438     
   2.3829866254868053      ,   2.4367331707699966      ,   1.9805495722426576     
   2.3093259922755407      ,   2.3465443731214122      ,   2.0526239233744605     
   2.1874023521165276      ,   2.2062768910334571      ,   2.1052507294668348     
   2.0194826910271084      ,   2.0188375363135775      ,   2.1349578202379615     
   1.8114759994453726      ,   1.7910618331619277      ,   2.1391383069182974     
   1.5725556892900865      ,   1.5332228917328097      ,   2.1163745456471621     
   1.3142013271840187      ,   1.2579174386146803      ,   2.0666422782241312     
   1.0489154575658468      ,  0.97854134297999718      ,   1.9913488137310020     
  0.78873144064508405      ,  0.70769136313762082      ,   1.8931943560315410     
  0.54404535601662285      ,  0.45583824664640421      ,   1.7758848688803412     
  0.32309370945572546      ,  0.23050927023430751      ,   1.6437546594339536     
  0.13070259075064955      ,   3.6050505143438528E-002 ,   1.5013681551015559     
  -3.3544155660234727E-002 , -0.12611607209068093      ,   1.3531623917873992     
 -0.17402652991136863      , -0.25691646736808738      ,   1.2031709132144586     
 -0.29455548368259260      , -0.35892099368569275      ,   1.0548452921163320     
 -0.39542949899393237      , -0.43566570606659138      ,  0.91096991287466522     
 -0.47450069694313296      , -0.49109073009665027      ,  0.77365276665340721     
 -0.53053728619074292      , -0.52913030916021508      ,  0.64436993400604248     
 -0.56527224720193348      , -0.55344944453988010      ,  0.52404215255857545     
 -0.58259263788838134      , -0.56730092427670731      ,  0.41312580382037600     
 -0.58720146105882631      , -0.57347008422848955      ,  0.31170564749703555     
 -0.58397590604157656      , -0.57427697668179878      ,  0.21958131569322537     
 -0.57717794353616003      , -0.57161183544461391      ,  0.13634331255018414     
 -0.57008903906368680      , -0.56698665329823184      ,   6.1436906494710515E-002
 -0.56535942204256240      , -0.56159171937918373      ,  -5.7860203865394491E-003
 -0.56471518856314840      , -0.55635054902165548      ,  -6.6026161440253139E-002
 -0.56816601697698199      , -0.55196980285759600      , -0.12000557659049557     
 -0.57427573827523182      , -0.54898280315761561      , -0.16844453580434451     
 -0.58133452685912790      , -0.54778643087851842      , -0.21204493240616626     
 -0.58840225013343550      , -0.54867180518917957      , -0.25147893945101157     
 -0.59604004542374123      , -0.55184942003972071      , -0.28738176978518815     
 -0.60608396694439115      , -0.55746948611134617      , -0.32034758760914694     
 -0.62009341658359141      , -0.56563819546380900      , -0.35092779030212551     
 -0.63813059298514374      , -0.57643054706452279      , -0.37963102752785310     
 -0.65909458752322769      , -0.58990027587016369      , -0.40692444907360542     
 -0.68165822833157119      , -0.60608733244994850      , -0.43323577496980942     
 -0.70487785558867488      , -0.62502327145361625      , -0.45895586375767139     
 -0.72836606402043869      , -0.64673482781757508      , -0.48444152011735980     
 -0.75217877709604541      , -0.67124588940194041      , -0.51001833407320762     
 -0.77676159652775134      , -0.69857801281065290      , -0.53598338297267722     
 -0.80291046271303745      , -0.72874957445346822      , -0.56260765637729260     
 -0.83148198708663479      , -0.76177360083665890      , -0.59013808461061679     
 -0.86307912716303292      , -0.79765428065106081      , -0.61879906548882424     
 -0.89802116871731208      , -0.83638212735544426      , -0.64879339212775489     
 -0.93642397284869217      , -0.87792773658273071      , -0.68030248910997815     
 -0.97822708720062079      , -0.92223407105529098      , -0.71348586628439714     
  -1.0232198723689419      , -0.96920721151846778      , -0.74847970091958682     
  -1.0709324310210089      ,  -1.0187055419305131      , -0.78539446213172392     
  -1.1204975459048088      ,  -1.0705273990196120      , -0.82431149933192061     
  -1.1709134485612549      ,  -1.1243973202013882      , -0.86527853247538133     
  -1.2215366333669975      ,  -1.1799511806106666      , -0.90830401053099619     
  -1.2722774732570601      ,  -1.2367207301277516      , -0.95335035097060483     
  -1.3233951206831076      ,  -1.2941183324021865      ,  -1.0003261428697443     
  -1.3750660603478346      ,  -1.3514230708375985      ,  -1.0490774950421622     
  -1.4269633529833898      ,  -1.4077698097463391      ,  -1.0993788430539364     
  -1.4781414560202921      ,  -1.4621432513207209      ,  -1.1509236968342043     
  -1.5272391175914526      ,  -1.5133794522476787      ,  -1.2033160107705185     
  -1.5726604701455313      ,  -1.5601775654106953      ,  -1.2560630796131806     
  -1.6125560889985366      ,  -1.6011246243680743      ,  -1.3085710842048905     
  -1.6447903971682936      ,  -1.6347358360637099      ,  -1.3601445955361895     
  -1.6671204222181193      ,  -1.6595119318158782      ,  -1.4099914444430315     
  -1.6775915535472135      ,  -1.6740135290221811      ,  -1.4572343171030444     
  -1.6749133018008318      ,  -1.6769501584963395      ,  -1.5009301808173732     
  -1.6585555559396785      ,  -1.6672787674971616      ,  -1.5400981306903612     
  -1.6285715557518452      ,  -1.6443034919369328      ,  -1.5737554593945751     
  -1.5853482087814468      ,  -1.6077659040101648      ,  -1.6009607280829263     
  -1.5294719011669049      ,  -1.5579135285661139      ,  -1.6208614663653091     
  -1.4617959018589144      ,  -1.4955348932514001      ,  -1.6327430334951276     
  -1.3836305979500869      ,  -1.4219521617279289      ,  -1.6360743587605571     
  -1.2968708518619398      ,  -1.3389674036710908      ,  -1.6305459717501778     
  -1.2039544691486617      ,  -1.2487650483012311      ,  -1.6160960912620492     
  -1.1076665461139352      ,  -1.1537797725597216      ,  -1.5929215969596866     
  -1.0108509783446855      ,  -1.0565444878607058      ,  -1.5614723340519292     
 -0.91610716018127958      , -0.95953593668434656      ,  -1.5224291288345679     
 -0.82555851326408480      , -0.86503506073693992      ,  -1.4766677720079291     
 -0.74074756466758362      , -0.77501596540308193      ,  -1.4252127180413876     
 -0.66266534561103707      , -0.69107193118611820      ,  -1.3691851115140485     
 -0.59187970316981642      , -0.61438085835291323      ,  -1.3097498964083438     
 -0.52868641064032562      , -0.54570708471447615      ,  -1.2480662595137457     
 -0.47321289535951194      , -0.48543260907053182      ,  -1.1852446890097597     
 -0.42545756876900553      , -0.43360875900124374      ,  -1.1223127313895014     
 -0.38528609452950657      , -0.39001913247825576      ,  -1.0601903307828902     
 -0.35241470851285889      , -0.35424575937535829      , -0.99967460534226515     
 -0.32640860387369919      , -0.32573229227028422      , -0.94143315192369736     
 -0.30670571256066487      , -0.30384011645547843      , -0.88600449845689855     
 -0.29265821815209236      , -0.28789518263124692      , -0.83380411625177198     
 -0.28358095446314069      , -0.27722489743748402      , -0.78513440532441636     
 -0.27880139417694549      , -0.27118548665555725      , -0.74019720831002611     
 -0.27770980825683078      , -0.26918090226847574      , -0.69910763092864081     
 -0.27980656133020415      , -0.27067465841662991      , -0.66190819981108051     
 -0.28473289353919984      , -0.27519604925744096      , -0.62858263694646577     
 -0.29226763314930904      , -0.28234211350831079      , -0.59906875283833150     
 -0.30228599965078168      , -0.29177653783712260      , -0.57327014725614533     
 -0.31469634356967124      , -0.30322648557970211      , -0.55106655451075470     
 -0.32937959322198357      , -0.31647813139018632      , -0.53232278152552437     
 -0.34615559978906374      , -0.33137149483996187      , -0.51689626622335638     
 -0.36478923657728668      , -0.34779500501769461      , -0.50464333648177084     
 -0.38503000881156119      , -0.36568009573819377      , -0.49542428169247349     
 -0.40666525300382583      , -0.38499602525408183      , -0.48910736481874190     
 -0.42956522986830725      , -0.40574503181382809      , -0.48557190700941305     
 -0.45370415150000853      , -0.42795787285999853      , -0.48471057270616202     
 -0.47915213794823025      , -0.45168974702394493      , -0.48643097339798735     
 -0.50604346956522983      , -0.47701656066061776      , -0.49065669468592232     
 -0.53453092358409926      , -0.50403147131716031      , -0.49732783551610799     
 -0.56473869659265363      , -0.53284161661660823      , -0.50640113126787600     
 -0.59672978909371643      , -0.56356491644376672      , -0.51784971444532857     
 -0.63050226870655224      , -0.59632681739133375      , -0.53166254835454352     
 -0.66601820807506074      , -0.63125682995497168      , -0.54784355050508726     
 -0.70325415644996825      , -0.66848469021474177      , -0.56641040358499717     
 -0.74224998961127875      , -0.70813595849571220      , -0.58739303269851206     
 -0.78313275268907301      , -0.75032684820996909      , -0.61083170811569854     
 -0.82610479612142007      , -0.79515806005460743      , -0.63677471314776146     
 -0.87140251819973480      , -0.84270738243510879      , -0.66527549721122536     
 -0.91924192028148866      , -0.89302081239096343      , -0.69638921528000819     
 -0.96976705476825875      , -0.94610195840523448      , -0.73016853783086644     
  -1.0230101690177904      ,  -1.0018995157737431      , -0.76665860183091661     
  -1.0788661978007741      ,  -1.0602926681694629      , -0.80589096597885568     
  -1.1370831788820037      ,  -1.1210743804092265      , -0.84787643615008990     
  -1.1972694732335878      ,  -1.1839327250420781      , -0.89259664507869874     
  -1.2589126149824554      ,  -1.2484306490633519      , -0.93999431056875693     
  -1.3213963634068542      ,  -1.3139849560736494      , -0.98996216730446873     
  -1.3839999824630478      ,  -1.3798457674096958      ,  -1.0423306780223585     
  -1.4458711186667188      ,  -1.4450783338110693      ,  -1.0968547897873986     
  -1.5059780149760693      ,  -1.5085497731547308      ,  -1.1532002176860552     
  -1.5630590821798440      ,  -1.5689240468697017      ,  -1.2109300134128256     
  -1.6155913453455222      ,  -1.6246691407812124      ,  -1.2694925020919510     
  -1.6617948478545834      ,  -1.6740808026929315      ,  -1.3282120238056812     
  -1.6996834168229098      ,  -1.7153270618634235      ,  -1.3862842519564700     
  -1.7271651426036587      ,  -1.7465168280709595      ,  -1.4427781088534570     
  -1.7421878790889966      ,  -1.7657938748848623      ,  -1.4966463657802502     
  -1.7429154183066815      ,  -1.7714543110066963      ,  -1.5467467920685003     
  -1.7279122562427447      ,  -1.7620813487078815      ,  -1.5918751048897211     
  -1.6963129419748810      ,  -1.7366862849086970      ,  -1.6308099101921392     
  -1.6479561919326609      ,  -1.6948400507549732      ,  -1.6623683407229719     
  -1.5834695876936420      ,  -1.6367767362150747      ,  -1.6854693344275800     
  -1.5042938564146693      ,  -1.5634504866980163      ,  -1.6991997322826975     
  -1.4126360955018908      ,  -1.4765310201841704      ,  -1.7028769857454698     
  -1.3113427314724126      ,  -1.3783307488594123      ,  -1.6961016460448777     
  -1.2036909288011963      ,  -1.2716669436537500      ,  -1.6787932562460715     
  -1.0931143836834352      ,  -1.1596733249467557      ,  -1.6512048610538417     
 -0.98290164234099442      ,  -1.0455842051320325      ,  -1.6139138845134358     
 -0.87592209079586247      , -0.93251858183882830      ,  -1.5677901395865363     
 -0.77443738961593611      , -0.82329035218042435      ,  -1.5139446234270537     
 -0.68003989926091302      , -0.72026464386512257      ,  -1.4536649478973556     
 -0.59372303551818972      , -0.62527101860698397      ,  -1.3883443792293637     
 -0.51603893431263870      , -0.53957446906770634      ,  -1.3194114175192606     
 -0.44726368898702373      , -0.46389691918436793      ,  -1.2482658107355322     
 -0.38750044541708051      , -0.39847670576091254      ,  -1.1762252245048130     
 -0.33670240472191870      , -0.34315158107041943      ,  -1.1044848893203174     
 -0.29464958883922582      , -0.29745160266351045      ,  -1.0340907775608119     
 -0.26092755930766265      , -0.26069089022894731      , -0.96592546022966486     
 -0.23493492081454728      , -0.23205059843253328      , -0.90070485909712150     
 -0.21591933040205971      , -0.21064875873199193      , -0.83898363355433903     
 -0.20303038250999395      , -0.19559537939723376      , -0.78116684156170324     
 -0.19538047467138320      , -0.18603315816078411      , -0.72752567936784129     
 -0.19211012889129808      , -0.18116536963129981      , -0.67821542530855661     
 -0.19245428280715440      , -0.18027307394903186      , -0.63329409850843954     
 -0.19579925323132527      , -0.18272393010137675      , -0.59274072934587274     
 -0.20171286149511297      , -0.18797475401396574      , -0.55647248585787767     
 -0.20993238746781381      , -0.19556967171577358      , -0.52436018980393284     
 -0.22030947385552135      , -0.20513537557731906      , -0.49624198298935779     
 -0.23273076236324489      , -0.21637465526718860      , -0.47193507244194055     
 -0.24704644676325049      , -0.22905907577723930      , -0.45124560031800964     
 -0.26303657606429809      , -0.24302142513539784      , -0.43397676066707219     
 -0.28042638123423591      , -0.25814835544495218      , -0.41993532984433485     
 -0.29893868819236086      , -0.27437348785925458      , -0.40893679872533489     
 -0.31835768660131752      , -0.29167113772052305      , -0.40080929976955437     
 -0.33857839599669098      , -0.31005073261561378      , -0.39539651574186374     
 -0.35962521060596569      , -0.32955193639568431      , -0.39255974355020584     
 -0.38163458310541826      , -0.35024045017466282      , -0.39217926911047751     
 -0.40480755490446585      , -0.37220443197803904      , -0.39415518944159794     
 -0.42934646857413283      , -0.39555145607950276      , -0.39840779768278439     
 -0.45539646299376796      , -0.42040591799337096      , -0.40487762625429907     
 -0.48301398285875347      , -0.44690677909479126      , -0.41352522341094500     
 -0.51217753288774748      , -0.47520553392195697      , -0.42433071913709575     
 -0.54283928890535327      , -0.50546427174952702      , -0.43729321766365337     
 -0.57499655700277674      , -0.53785369066681721      , -0.45243003565478301     
 -0.60875146098169719      , -0.57255090604011283      , -0.46977578700513067     
 -0.64433348838437621      , -0.60973687501055940      , -0.48938129681772835     
 -0.68207890125105042      , -0.64959323398722135      , -0.51131230806695893     
 -0.72238058603750199      , -0.69229831675282183      , -0.53564792425562802     
 -0.76562961051336731      , -0.73802208723464602      , -0.56247870966875946     
 -0.81216371111171071      , -0.78691968457225403      , -0.59190434535887448     
 -0.86222750012065041      , -0.83912324162272045      , -0.62403071376360286     
 -0.91594522269699186      , -0.89473160635231996      , -0.65896625826376010     
 -0.97331014123833837      , -0.95379757650101715      , -0.69681743709137578     
  -1.0341958351350349      ,  -1.0163122633497086      , -0.73768306581018306     
  -1.0983866742472403      ,  -1.0821862475180342      , -0.78164732251353786     
  -1.1656113912471766      ,  -1.1512273020640964      , -0.82877118020333218     
  -1.2355564429310388      ,  -1.2231146665016239      , -0.87908203927150175     
  -1.3078425049437101      ,  -1.2973701971690170      , -0.93256137033902720     
  -1.3819644651868241      ,  -1.3733272361202213      , -0.98913025796572596     
  -1.4572106135974860      ,  -1.4500987710790152      ,  -1.0486328760822481     
  -1.5325809671970592      ,  -1.5265474263521797      ,  -1.1108181454454200     
  -1.6067199959981520      ,  -1.6012610163540415      ,  -1.1753201399794371     
  -1.6778751803188658      ,  -1.6725387318242921      ,  -1.2416382341557344     
  -1.7438941793068801      ,  -1.7383943355206446      ,  -1.3091185144058646     
  -1.8022732193263367      ,  -1.7965837066088675      ,  -1.3769385845074287     
  -1.8502600416810977      ,  -1.8446642303873391      ,  -1.4440985090625240     
  -1.8850005428082146      ,  -1.8800923057294496      ,  -1.5094211411549825     
  -1.9037120430901724      ,  -1.9003620552261886      ,  -1.5715652975031595     
  -1.9038739625090488      ,  -1.9031827982302114      ,  -1.6290549666315841     
  -1.8834392585186417      ,  -1.8866851170226828      ,  -1.6803267568421569     
  -1.8410712291712055      ,  -1.8496363551116888      ,  -1.7237959816215145     
  -1.7763925805992098      ,  -1.7916380410675179      ,  -1.7579391792960299     
  -1.6902050334004266      ,  -1.7132726957006661      ,  -1.7813877595971110     
  -1.5846163363632668      ,  -1.6161684807156373      ,  -1.7930244250309093     
  -1.4630125626320507      ,  -1.5029588695350191      ,  -1.7920717886868647     
  -1.3298392033630910      ,  -1.3771305048812259      ,  -1.7781619623086107     
  -1.1901967196475962      ,  -1.2427725453127778      ,  -1.7513773102249932     
  -1.0493054400063162      ,  -1.1042599496768615      ,  -1.7122560386931081     
 -0.91193784138913825      , -0.96591582889212391      ,  -1.6617612036872165     
 -0.78193485542053198      , -0.83170052098099057      ,  -1.6012170039848961     
 -0.66191609578168920      , -0.70496700230654741      ,  -1.5322206851177955     
 -0.55327181899521649      , -0.58830656487150945      ,  -1.4565410779602899     
 -0.45645245333505652      , -0.48349030064061937      ,  -1.3760153333794944     
 -0.37142313210810962      , -0.39149578312941646      ,  -1.2924539848468182     
 -0.29803732855474685      , -0.31259772590773183      ,  -1.2075617072594529     
 -0.23615420288088512      , -0.24649732083023929      ,  -1.1228778477963137     
 -0.18553212291382284      , -0.19246644036208602      ,  -1.0397377047734631     
 -0.14567365055781908      , -0.14948788969210711      , -0.95925310181428824     
 -0.11576287461555979      , -0.11637925082458615      , -0.88230924416551371     
  -9.4709264634740234E-002 ,  -9.1893903499562668E-002 , -0.80957411805612767     
  -8.1240431545675645E-002 ,  -7.4797586472046762E-002 , -0.74151662997261869     
  -7.3999383862989057E-002 ,  -6.3922072050415557E-002 , -0.67843005825751912     
  -7.1636233374122588E-002 ,  -5.8199293618304448E-002 , -0.62045799615403852     
  -7.2904914762563153E-002 ,  -5.6679925827361408E-002 , -0.56762064194083117     
  -7.6773757650809293E-002 ,  -5.8540348368154201E-002 , -0.51983993214592517     
  -8.2527193613344083E-002 ,  -6.3081452805168317E-002 , -0.47696256091195804     
  -8.9805984454129739E-002 ,  -6.9722116155089525E-002 , -0.43878036149152644     
  -9.8546617501991354E-002 ,  -7.7989515728857151E-002 , -0.40504784664213661     
 -0.10882795661106331      ,  -8.7507878633341765E-002 , -0.37549692761449566     
 -0.12068220746370625      ,  -9.7986779594274140E-002 , -0.34984897538591037     
 -0.13395465798540476      , -0.10920972673848564      , -0.32782447175601614     
 -0.14827721171150063      , -0.12102349597512529      , -0.30915053859972014     
 -0.16315588176930734      , -0.13332847406205278      , -0.29356664452594172     
 -0.17811531736267575      , -0.14607013108359065      , -0.28082877981958682     
 -0.19283475892500018      , -0.15923164952925400      , -0.27071237047079422     
 -0.20723201626112925      , -0.17282767687931797      , -0.26301417569665608     
 -0.22147614473745456      , -0.18689913183338283      , -0.25755338429269542     
 -0.23592857830369826      , -0.20150897378470639      , -0.25417209580375427     
 -0.25102792764695281      , -0.21673883553326737      , -0.25273534436015060     
 -0.26714889947056186      , -0.23268641671678922      , -0.25313079693558804     
 -0.28448110665912735      , -0.24946353727361886      , -0.25526823416466127     
 -0.30297816460543897      , -0.26719475444867991      , -0.25907890083227025     
 -0.32240771837050086      , -0.28601645195124986      , -0.26451479464037853     
 -0.34248847986486153      , -0.30607631475629160      , -0.27154794566341145     
 -0.36305412877211402      , -0.32753310681370912      , -0.28016972472774587     
 -0.38416958942105112      , -0.35055667081892139      , -0.29039020643681313     
 -0.40615463619124520      , -0.37532806847835753      , -0.30223760130804356     
 -0.42952177698732685      , -0.40203977563750370      , -0.31575776104721937     
 -0.45487510283025673      , -0.43089583842782897      , -0.33101375087482215     
 -0.48281968398513575      , -0.46211188333042980      , -0.34808547250654798     
 -0.51389942587042026      , -0.49591485471487706      , -0.36706931029059908     
 -0.54854947366120499      , -0.53254232681396518      , -0.38807776046718501     
 -0.58705216472215016      , -0.57224120193494643      , -0.41123898881699250     
 -0.62951371087969166      , -0.61526556162170254      , -0.43669624430404413     
 -0.67589147276463590      , -0.66187338119341854      , -0.46460703482419996     
 -0.72608037601389397      , -0.71232174967747208      , -0.49514194493394065     
 -0.78002956197636475      , -0.76686015654029704      , -0.52848294357277537     
 -0.83783537109798356      , -0.82572131529877424      , -0.56482099157809673     
 -0.89976399864576884      , -0.88910889631946843      , -0.60435271386681955     
 -0.96619641977792092      , -0.95718144561732144      , -0.64727584989268017     
  -1.0375313527376997      ,  -1.0300316888973573      , -0.69378314002236041     
  -1.1140903079964379      ,  -1.1076603862467747      , -0.74405424852281254     
  -1.1960347933532098      ,  -1.1899439527310121      , -0.79824527282869806     
  -1.2832709920031484      ,  -1.2765952520927344      , -0.85647535524582685     
  -1.3753293251711891      ,  -1.3671173852263221      , -0.91880991527361622     
  -1.4712584877803299      ,  -1.4607510350535038      , -0.98524008462433921     
  -1.5696040537176461      ,  -1.5564171138177354      ,  -1.0556580887928402     
  -1.6685016321881661      ,  -1.6526582029154728      ,  -1.1298286242713289     
  -1.7658274457590188      ,  -1.7475846497656911      ,  -1.2073567810173433     
  -1.8592936595427505      ,  -1.8388341462472721      ,  -1.2876538045436170     
  -1.9464069460005027      ,  -1.9235568958115867      ,  -1.3699030094540989     
  -2.0243039843654040      ,  -1.9984414754470683      ,  -1.4530294256971485     
  -2.0895632751730955      ,  -2.0597981597360326      ,  -1.5356781714554506     
  -2.1381182953947269      ,  -2.1037152903137084      ,  -1.6162078635177315     
  -2.1653729986079844      ,  -2.1262985059202357      ,  -1.6927062008074754     
  -2.1665791992158523      ,  -2.1239908924464261      ,  -1.7630346532475247     
  -2.1374771983745933      ,  -2.0939542405694795      ,  -1.8249073791125396     
  -2.0751092943316349      ,  -2.0344698460352229      ,  -1.8760056647451384     
  -1.9786091254772917      ,  -1.9452969176045305      ,  -1.9141233645507050     
  -1.8497145497465692      ,  -1.8279153874829066      ,  -1.9373317682185185     
  -1.6928175587384264      ,  -1.6855855241203963      ,  -1.9441455890870691     
  -1.5145436645941703      ,  -1.5231832073349167      ,  -1.9336674312105187     
  -1.3230122340367558      ,  -1.3468136481388202      ,  -1.9056880830014979     
  -1.1269409420055660      ,  -1.1632561703974931      ,  -1.8607252165892612     
 -0.93470263485824256      , -0.97933229922058140      ,  -1.7999928104286804     
 -0.75344533442190342      , -0.80130503042066714      ,  -1.7253055011865772     
 -0.58833962054398536      , -0.63440384938197447      ,  -1.6389329214769353     
 -0.44200875614183832      , -0.48253394132337513      ,  -1.5434260887480573     
 -0.31453397647693637      , -0.34818283590830196      ,  -1.4414396800717835     
 -0.20447997256550163      , -0.23249812814134732      ,  -1.3355709038006018     
 -0.11045249209175177      , -0.13548555971593074      ,  -1.2282293332833776     
  -3.1987126830958473E-002 ,  -5.6269906219155272E-002 ,  -1.1215446562215881     
   3.0766660563861840E-002 ,   6.6318975710786821E-003 ,  -1.0173126590833490     
   7.7961863984908786E-002 ,   5.5061524558877140E-002 , -0.91697499538263172     
  0.11062333811294663      ,   9.1014157251776917E-002 , -0.82162566727776609     
  0.13056914337843345      ,  0.11648438835860699      , -0.73203639435533829     
  0.14007159226972959      ,  0.13336077817771405      , -0.64869359043157415     
  0.14156826162445818      ,  0.14336166147433382      , -0.57184093095123456     
  0.13744697837664652      ,  0.14800295290998974      , -0.50152299788620158     
  0.12992770365691284      ,  0.14858893126008563      , -0.43762692591034791     
  0.12096673605487610      ,  0.14621829166196354      , -0.37992018122204974     
  0.11202755512645038      ,  0.14179943589764171      , -0.32808352909402183     
  0.10382012703954532      ,  0.13607060347492927      , -0.28173890008174274     
   9.6271583327660754E-002 ,  0.12962183015824019      , -0.24047229154001515     
   8.8796840216637779E-002 ,  0.12291679566143585      , -0.20385209363802392     
   8.0769905931464783E-002 ,  0.11631340530896644      , -0.17144335712803233     
   7.2019303906494511E-002 ,  0.11008249150981247      , -0.14281856471464840     
   6.3051202129394981E-002 ,  0.10442437711713656      , -0.11756546009112379     
   5.4839785100443128E-002 ,   9.9483265975480822E-002 ,  -9.5292450698742537E-002
   4.8404571013047126E-002 ,   9.5359557810579046E-002 ,  -7.5632046969053610E-002
   4.4475688375116354E-002 ,   9.2120256097234787E-002 ,  -5.8242741815565935E-002
   4.3321737413312064E-002 ,   8.9807670522331809E-002 ,  -4.2809675278040152E-002
   4.4710272765491194E-002 ,   8.8446624947945987E-002 ,  -2.9044373790967137E-002
   4.7988736278414781E-002 ,   8.8050377067792895E-002 ,  -1.6683803224649796E-002
   5.2278663447311829E-002 ,   8.8625443418063860E-002 ,  -5.4889303017962065E-003
   5.6769469575277932E-002 ,   9.0175506903978228E-002 ,   4.7570517042281801E-003
   6.1029557698663181E-002 ,   9.2704565893845861E-002 ,   1.4250710197358178E-002
   6.5184913186662446E-002 ,   9.6219465629758111E-002 ,   2.3170478593267770E-002
   6.9864319199738206E-002 ,  0.10073193503900983      ,   3.1678808289697137E-002
   7.5936907466010450E-002 ,  0.10626023546901686      ,   3.9924315065625528E-002
   8.4177878458661731E-002 ,  0.11283051264599034      ,   4.8043883403733036E-002
   9.5024655052092122E-002 ,  0.12047792935848968      ,   5.6164704860415256E-002
  0.10850364726497692      ,  0.12924764397219127      ,   6.4406236612651963E-002
  0.12429186166875511      ,  0.13919568879702723      ,   7.2882074089193616E-002
  0.14184218576193020      ,  0.15038979239713457      ,   8.1701737491125151E-002
  0.16052486322572829      ,  0.16291018095003260      ,   9.0972376317400280E-002
  0.17975189640803693      ,  0.17685038546522014      ,  0.10080039897459114     
  0.19909519218780067      ,  0.19231807375030874      ,  0.11129303635303416     
  0.21842385340754600      ,  0.20943591808758993      ,  0.12255984902471209     
  0.23799391070238146      ,  0.22834250119983526      ,  0.13471418753482758     
  0.25839238324063962      ,  0.24919325368583059      ,  0.14787461413054032     
  0.28037367270446145      ,  0.27216140501006614      ,  0.16216629213985403     
  0.30472105307851488      ,  0.29743891648856235      ,  0.17772234594660688     
  0.33217435766657827      ,  0.32523734746483168      ,  0.19468518987864572     
  0.36334828669429770      ,  0.35578858369275485      ,  0.21320781800241143     
  0.39859871106225814      ,  0.38934532818804513      ,  0.23345503833546014     
  0.43790720520593734      ,  0.42618121744158366      ,  0.25560462372991749     
  0.48088714384984566      ,  0.46659037743175252      ,  0.27984833683908750     
  0.52694791960599419      ,  0.51088617139247883      ,  0.30639276713294245     
  0.57557651217867867      ,  0.55939881143258230      ,  0.33545989260639347     
  0.62663862763847733      ,  0.61247140525082377      ,  0.36728724609690205     
  0.68054629890935581      ,  0.67045388387585647      ,  0.40212752422049775     
  0.73817156541942286      ,  0.73369410400377422      ,  0.44024742390437027     
  0.80058399020268678      ,  0.80252523878664739      ,  0.48192542541007199     
  0.86885498330192790      ,  0.87724836805713469      ,  0.52744816004763362     
  0.94403340229544319      ,  0.95810896533412482      ,  0.57710490493869326     
   1.0270952671811571      ,   1.0452657805728223      ,  0.63117963775002872     
   1.1186324202588540      ,   1.1387504820354777      ,  0.68993996663175328     
   1.2183648040431352      ,   1.2384164273482181      ,  0.75362213632406572     
   1.3248611160864801      ,   1.3438752066554114      ,  0.82241122208398265     
   1.4357930807175971      ,   1.4544203201472676      ,  0.89641559472431365     
   1.5486542499840088      ,   1.5689387609178072      ,  0.97563482829485038     
   1.6614736606481093      ,   1.6858136658766292      ,   1.0599205065801458     
   1.7730143435030121      ,   1.8028248692118054      ,   1.1489299706560232     
   1.8823169164465134      ,   1.9170593339240956      ,   1.2420740599845279     
   1.9879145508711098      ,   2.0248499264203508      ,   1.3384614507544750     
   2.0871902960647768      ,   2.1217681005363196      ,   1.4368443490931841     
   2.1760578975511593      ,   2.2027020523138305      ,   1.5355729780716709     
   2.2488671410561092      ,   2.2620538223631388      ,   1.6325691829374855     
   2.2985619172477967      ,   2.2940825631095625      ,   1.7253318865775926     
   2.3173489127764109      ,   2.2934025096515773      ,   1.8109879719485740     
   2.2979891016325560      ,   2.2556108582566328      ,   1.8864000927656583     
   2.2353965005185135      ,   2.1779756365249536      ,   1.9483366994347122     
   2.1279586448128036      ,   2.0600674067786091      ,   1.9936988387326597     
   1.9780678846933495      ,   1.9041894755754216      ,   2.0197843039439829     
   1.7917051008589462      ,   1.7154692943814802      ,   2.0245557812127513     
   1.5774074801477229      ,   1.5015302430138926      ,   2.0068705581414674     
   1.3452052900852336      ,   1.2717598040209583      ,   1.9666297015238157     
   1.1057901616820929      ,   1.0362971825751546      ,   1.9048163682796677     
  0.86971480295314418      ,  0.80493991239132967      ,   1.8234138682300103     
  0.64653986952108589      ,  0.58618396610125834      ,   1.7252181534258575     
  0.44396045619378977      ,  0.38656124625243360      ,   1.6135790714816123     
  0.26651169515930406      ,  0.21034630813473335      ,   1.4921143988777912     
  0.11438266728005721      ,   5.9608695163686748E-002 ,   1.3644388805009304     
  -1.5548587586419194E-002 ,  -6.5479933137011226E-002 ,   1.2339398472094227     
 -0.12645881165083486      , -0.16620055027530495      ,   1.1036162944159156     
 -0.21922324806758259      , -0.24481000764352695      ,  0.97598429919751772     
 -0.29289295341253996      , -0.30410886996064257      ,  0.85304136147876719     
 -0.34689498003046670      , -0.34709476490187574      ,  0.73627664433751827     
 -0.38249550900638929      , -0.37671289195006802      ,  0.62671257737338548     
 -0.40247745256166922      , -0.39569614814294074      ,  0.52496455981118595     
 -0.41032059183969843      , -0.40647782964416257      ,  0.43130818574931273     
 -0.40977388197842335      , -0.41115746707718875      ,  0.34574645755035577     
 -0.40441815691201866      , -0.41150210621487715      ,  0.26807221390270930     
 -0.39737339788425963      , -0.40896890310199524      ,  0.19792318892810590     
 -0.39130395992989564      , -0.40473875859198022      ,  0.13482868670199558     
 -0.38808051270086352      , -0.39975409662649936      ,   7.8247876867343358E-002
 -0.38820617271662872      , -0.39475651542952789      ,   2.7600314319150377E-002
 -0.39088354446576717      , -0.39032191242298492      ,  -1.7710416716385423E-002
 -0.39471861884346504      , -0.38689192741735651      ,  -5.8278932325788971E-002
 -0.39853018116765465      , -0.38480132170628584      ,  -9.4685166360762144E-002
 -0.40209089417576471      , -0.38430135678688487      , -0.12748546907213734     
 -0.40631797624122573      , -0.38557946906189577      , -0.15720688788408219     
 -0.41252162178778423      , -0.38877563790933228      , -0.18434394603443194     
 -0.42151368531281136      , -0.39399586905819672      , -0.20935734501658584     
 -0.43343799876160199      , -0.40132319833040991      , -0.23267411661505247     
 -0.44802498144303926      , -0.41082658358391927      , -0.25468883757681537     
 -0.46478993094115240      , -0.42256800707019559      , -0.27576559431625691     
 -0.48314028889154076      , -0.43660806267782115      , -0.29624044721241904     
 -0.50247707106666128      , -0.45301025559336150      , -0.31642419513785502     
 -0.52241471961510111      , -0.47184419680003337      , -0.33660528206910106     
 -0.54303178307578348      , -0.49318783156868379      , -0.35705272011539529     
 -0.56488639795515216      , -0.51712879917563415      , -0.37801892807114496     
 -0.58879601103526158      , -0.54376497977004823      , -0.39974240249018106     
 -0.61558824684552149      , -0.57320424278403181      , -0.42245014997122587     
 -0.64590911978012977      , -0.60556336871600913      , -0.44635981535506558     
 -0.68013487783576210      , -0.64096607180850518      , -0.47168144125200534     
 -0.71841740240880747      , -0.67954000459510544      , -0.49861879002709569     
 -0.76069848796127248      , -0.72141257642418488      , -0.52737015029433365     
 -0.80662053137120049      , -0.76670536747726248      , -0.55812853633776005     
 -0.85557937109128424      , -0.81552686917319506      , -0.59108117101442681     
 -0.90699635248822263      , -0.86796323453109814      , -0.62640812116689004     
 -0.96060421097775794      , -0.92406668383501045      , -0.66427993038313904     
  -1.0165905851249546      , -0.98384119101453216      , -0.70485406880495360     
  -1.0755091176110185      ,  -1.0472250883707017      , -0.74826999640014280     
  -1.1379666560833377      ,  -1.1140702913966432      , -0.79464261903395428     
  -1.2043308697539044      ,  -1.1841179882630797      , -0.84405391227026083     
  -1.2746743009219752      ,  -1.2569708943107780      , -0.89654250528706636     
  -1.3488288666335166      ,  -1.3320625811600497      , -0.95209106900782137     
  -1.4262872202310257      ,  -1.4086249955284553      ,  -1.0106114543405447     
  -1.5059172402754883      ,  -1.4856561204709910      ,  -1.0719276969676881     
  -1.5857428623371410      ,  -1.5618908147046162      ,  -1.1357572641826892     
  -1.6630923868270104      ,  -1.6357791596741007      ,  -1.2016912837629112     
  -1.7351181051443780      ,  -1.7054780339848252      ,  -1.2691749722667758     
  -1.7993152013292704      ,  -1.7688628873783263      ,  -1.3374900584707226     
  -1.8536700750434130      ,  -1.8235674200729917      ,  -1.4057416326856329     
  -1.8963901588992280      ,  -1.8670585584756816      ,  -1.4728524544807782     
  -1.9254767918837270      ,  -1.8967521385750084      ,  -1.5375681751794532     
  -1.9384952962766770      ,  -1.9101705150628026      ,  -1.5984769812271005     
  -1.9327161830098518      ,  -1.9051366868038477      ,  -1.6540466183546458     
  -1.9055436175472378      ,  -1.8799909029060546      ,  -1.7026804229180070     
  -1.8550739281933828      ,  -1.8338064567641899      ,  -1.7427917898376235     
  -1.7806576069500208      ,  -1.7665738233804884      ,  -1.7728935811366489     
  -1.6833290325143841      ,  -1.6793193399910480      ,  -1.7916957382361516     
  -1.5659613779732156      ,  -1.5741287994909499      ,  -1.7982014834472844     
  -1.4330611497872690      ,  -1.4540585711738296      ,  -1.7917907942460058     
  -1.2902242101977317      ,  -1.3229355864692047      ,  -1.7722800115972297     
  -1.1433969860330715      ,  -1.1850684983651558      ,  -1.7399488134297523     
 -0.99815149931907765      ,  -1.0449098261764556      ,  -1.6955300711564372     
 -0.85913007204984859      , -0.90671780055009554      ,  -1.6401634518064443     
 -0.72970596660056231      , -0.77426443399857336      ,  -1.5753188259838156     
 -0.61187142706007858      , -0.65062418559314306      ,  -1.5026994293425207     
 -0.50640596436301677      , -0.53805960856055846      ,  -1.4241365517228026     
 -0.41331909724758054      , -0.43800192017994610      ,  -1.3414871510683963     
 -0.33236477331697323      , -0.35111004356225739      ,  -1.2565436330226010     
 -0.26333657520350479      , -0.27738372851379317      ,  -1.1709618668190174     
 -0.20603850715181773      , -0.21630490680726164      ,  -1.0862101432000582     
 -0.16009183475813976      , -0.16698485479310698      ,  -1.0035388660824414     
 -0.12480281931015076      , -0.12830075441590932      , -0.92396866930221366     
  -9.9166372476073766E-002 ,  -9.9011800828282467E-002 , -0.84829344980179178     
  -8.1944628044413007E-002 ,  -7.7850703932708876E-002 , -0.77709439787087953     
  -7.1759845489756169E-002 ,  -6.3590613793592488E-002 , -0.71076127246323817     
  -6.7187312924858578E-002 ,  -5.5090083998159803E-002 , -0.64951768650273467     
  -6.6851598140402924E-002 ,  -5.1319928652182122E-002 , -0.59344783846858606     
  -6.9537586296474885E-002 ,  -5.1376111790610725E-002 , -0.54252281249798806     
  -7.4314775325054316E-002 ,  -5.4482506497482014E-002 , -0.49662518528688282     
  -8.0630037770658664E-002 ,  -5.9986771525834218E-002 , -0.45557118450738321     
  -8.8306980699695337E-002 ,  -6.7351918144290771E-002 , -0.41913003141958882     
  -9.7428835585014181E-002 ,  -7.6145498697450006E-002 , -0.38704037906701927     
 -0.10813929559925325      ,  -8.6027798752510112E-002 , -0.35902394463510756     
 -0.12044184421845169      ,  -9.6739974650656230E-002 , -0.33479655016284376     
 -0.13409127080179631      , -0.10809274326090544      , -0.31407684844854894     
 -0.14862265854848589      , -0.11995598579839001      , -0.29659303637498741     
 -0.16348339941420811      , -0.13224945471734162      , -0.28208785835243927     
 -0.17819518436112286      , -0.14493465480064185      , -0.27032218738771446     
 -0.19248701460535303      , -0.15800789211005009      , -0.26107744707156139     
 -0.20636484840224523      , -0.17149443591142843      , -0.25415710912940392     
 -0.22010178183681206      , -0.18544371031143450      , -0.24938747116086327     
 -0.23415028109935948      , -0.19992541770844602      , -0.24661788975310234     
 -0.24899751678903317      , -0.21502649063002746      , -0.24572061646105828     
 -0.26500530407806799      , -0.23084876878264615      , -0.24659035883437774     
 -0.28229156083326434      , -0.24750730180244249      , -0.24914366600070298     
 -0.30070766460386017      , -0.26512918355277493      , -0.25331821830752771     
 -0.31993385476862624      , -0.28385282959556735      , -0.25907208303752821     
 -0.33965716436910759      , -0.30382761469181757      , -0.26638298299531660     
 -0.35974898268391642      , -0.32521379106320952      , -0.27524761149537930     
 -0.38036141708110571      , -0.34818260996592526      , -0.28568101558953890     
 -0.40191208140063711      , -0.37291656820932029      , -0.29771605884614949     
 -0.42498801718428003      , -0.39960969688581727      , -0.31140296518496530     
 -0.45023181350391012      , -0.42846780097640164      , -0.32680893569513642     
 -0.47825741867278182      , -0.45970854475326928      , -0.34401782048743806     
 -0.50959642226410629      , -0.49356125796539929      , -0.36312981686817919     
 -0.54464893829970151      , -0.53026631045188799      , -0.38426115281641809     
 -0.58363521153463804      , -0.57007386672513005      , -0.40754370016543978     
 -0.62658060468262444      , -0.61324178576453203      , -0.43312444421807728     
 -0.67336815848322773      , -0.66003237338925247      , -0.46116471487057925     
 -0.72385579166946912      , -0.71070762410160104      , -0.49183905773979042     
 -0.77801083635615709      , -0.76552250598750449      , -0.52533359135827784     
 -0.83599571484659196      , -0.82471574748206744      , -0.56184365743896569     
 -0.89816183259124860      , -0.88849748268377926      , -0.60157052509409392     
 -0.96496362147047110      , -0.95703301110356997      , -0.64471685702333670     
  -1.0368476980589634      ,  -1.0304218440011301      , -0.69148058764199649     
  -1.1141616296092762      ,  -1.1086711689674305      , -0.74204680358594444     
  -1.1970740817223333      ,  -1.1916629079707703      , -0.79657716295425818     
  -1.2854676971592334      ,  -1.2791137317463777      , -0.85519635278332806     
  -1.3788026727818341      ,  -1.3705278083744008      , -0.91797508300500474     
  -1.4760168652732211      ,  -1.4651428133852800      , -0.98490917658624821     
  -1.5755445111126651      ,  -1.5618709377351614      ,  -1.0558944769156287     
  -1.6754630665416985      ,  -1.6592384213378226      ,  -1.1306976022292721     
  -1.7736724534644586      ,  -1.7553295920387670      ,  -1.2089230872994532     
  -1.8679707991843280      ,  -1.8477444638281029      ,  -1.2899782167765024     
  -1.9559569380624953      ,  -1.9335823784575716      ,  -1.3730379039287575     
  -2.0348077000289195      ,  -2.0094673378281551      ,  -1.4570132840711101     
  -2.1010572152430860      ,  -2.0716324741702135      ,  -1.5405291632885045     
  -2.1505092185360093      ,  -2.1160799622598705      ,  -1.6219168435451898     
  -2.1783768950904281      ,  -2.1388267571723301      ,  -1.6992297223010837     
  -2.1797040405532346      ,  -2.1362343452227091      ,  -1.7702888766971601     
  -2.1500617656094931      ,  -2.1054020599515408      ,  -1.8327639813947796     
  -2.0864140090289838      ,  -2.0445807668991480      ,  -1.8842909353405151     
  -1.9879329076554595      ,  -1.9535423966589387      ,  -1.9226215166584080     
  -1.8564982346651984      ,  -1.8338290488603362      ,  -1.9457930344686416     
  -1.6967013703111198      ,  -1.6888114028237018      ,  -1.9522989358118306     
  -1.5153730447799862      ,  -1.5235141097589926      ,  -1.9412368422279591     
  -1.3208135953908793      ,  -1.3442120210571691      ,  -1.9124105565793181     
  -1.1218925052809396      ,  -1.1578532144471796      ,  -1.8663681352799042     
 -0.92710877907390810      , -0.97140576902449882      ,  -1.8043683566136113     
 -0.74371037683374031      , -0.79124071353522030      ,  -1.7282803210774276     
 -0.57692840476742546      , -0.62264865754680543      ,  -1.6404321365977033     
 -0.42937596516716581      , -0.46954913069346166      ,  -1.5434317569348321     
 -0.30104077295331738      , -0.33440429339267902      ,  -1.4399846537350298     
 -0.19036542846187093      , -0.21830781663064763      ,  -1.3327295467317848     
  -9.5889163181046538E-002 , -0.12119519779513725      ,  -1.2241066936955947     
  -1.7163269223273186E-002 ,  -4.2115597683410992E-002 ,  -1.1162655197519116     
   4.5613216162918149E-002 ,   2.0486709436646308E-002 ,  -1.0110115465697123     
   9.2575786059026596E-002 ,   6.8517777469615099E-002 , -0.90978775496973741     
  0.12478642365749489      ,  0.10402626193743578      , -0.81368293448099915     
  0.14413318701753022      ,  0.12904874663052246      , -0.72345890814728753     
  0.15296680569210475      ,  0.14550507020936551      , -0.63958917068628618     
  0.15379772874483594      ,  0.15513562773870865      , -0.56230283043951657     
  0.14907098854588391      ,  0.15947093878374241      , -0.49162931722975295     
  0.14104929957771539      ,  0.15982416769303215      , -0.42744079806285401     
  0.13172302928876153      ,  0.15729872395344635      , -0.36949047281843572     
  0.12257319900935654      ,  0.15280484568268940      , -0.31744585488358845     
  0.11429928729705657      ,  0.14708076104513482      , -0.27091679461893292     
  0.10679438530420940      ,  0.14071543813105639      , -0.22947842460269577     
   9.9433044948873672E-002 ,  0.13417102251796589      , -0.19268945063371956     
   9.1564056600081017E-002 ,  0.12780384748378712      , -0.16010633292912446     
   8.3024766494782853E-002 ,  0.12188343978152048      , -0.13129393972555115     
   7.4361677463628137E-002 ,  0.11660929459036382      , -0.10583324203678925     
   6.6592427421946238E-002 ,  0.11212541045637760      ,  -8.3326575815892520E-002
   6.0756919518349412E-002 ,  0.10853270131855734      ,  -6.3400941043187109E-002
   5.7578363839297680E-002 ,  0.10589946947631626      ,  -4.5709745725188280E-002
   5.7299820316456890E-002 ,  0.10427015253733518      ,  -2.9933342086985087E-002
   5.9655509251858141E-002 ,  0.10367256371322282      ,  -1.5778645510833335E-002
   6.3961407094806189E-002 ,  0.10412383785823971      ,  -2.9780755577153233E-003
   6.9317811909915789E-002 ,  0.10563528140448651      ,   8.7119867305855848E-003
   7.4912322399609224E-002 ,  0.10821630655474181      ,   1.9513070123515407E-002
   8.0336320840634162E-002 ,  0.11187761099747581      ,   2.9626691293402192E-002
   8.5756607428910989E-002 ,  0.11663374533339807      ,   3.9236545986113792E-002
   9.1843123986658184E-002 ,  0.12250519210664432      ,   4.8510742915426050E-002
   9.9490623540290993E-002 ,  0.12952006322130361      ,   5.7604029240280456E-002
  0.10948068934710010      ,  0.13771550677706540      ,   6.6659972083182917E-002
  0.12224707155761139      ,  0.14713890001021801      ,   7.5813073027227965E-002
  0.13781495871486824      ,  0.15784889200725963      ,   8.5190802334656729E-002
  0.15586628828782420      ,  0.16991634801598865      ,   9.4915547152699190E-002
  0.17585922841135260      ,  0.18342523629126711      ,  0.10510647354626416     
  0.19716520128674103      ,  0.19847348819084690      ,  0.11588130609579436     
  0.21919751396173356      ,  0.21517385232113451      ,  0.12735803123493067     
  0.24154133952367271      ,  0.23365475348327366      ,  0.13965653162546596     
  0.26410159314833542      ,  0.25406115644904970      ,  0.15290015875808619     
  0.28718829518558942      ,  0.27655542254615456      ,  0.16721724963564050     
  0.31144007258020795      ,  0.30131813284431563      ,  0.18274259076972924     
  0.33764386785789408      ,  0.32854883440907107      ,  0.19961882863850883     
  0.36660235948601144      ,  0.35846664439448767      ,  0.21799781994534886     
  0.39908290906101457      ,  0.39131061915952309      ,  0.23804190709181647     
  0.43574637778185926      ,  0.42733976025768178      ,  0.25992509369566286     
  0.47699669529675465      ,  0.46683248383084736      ,  0.28383408103491098     
  0.52283173481849854      ,  0.51008532201043177      ,  0.30996910807541045     
  0.57282879750353100      ,  0.55741055142552731      ,  0.33854451411498021     
  0.62632528993013248      ,  0.60913235169282998      ,  0.36978891269851522     
  0.68274683865230223      ,  0.66558098285394907      ,  0.40394482676344723     
  0.74194718187265241      ,  0.72708433304494668      ,  0.44126758626840140     
  0.80436992065114721      ,  0.79395602623684047      ,  0.48202322918040019     
  0.87091386358667344      ,  0.86647909879151963      ,  0.52648507335109662     
  0.94262325312301176      ,  0.94488406424180749      ,  0.57492854014299799     
   1.0204832350310622      ,   1.0293200115880103      ,  0.62762371220481183     
   1.1054069573500331      ,   1.1198172657769607      ,  0.68482500244872102     
   1.1981618659887376      ,   1.2162401498838087      ,  0.74675720953346603     
   1.2989818399162392      ,   1.3182286351005581      ,  0.81359715612049432     
   1.4070101652944940      ,   1.4251283035935616      ,  0.88545008151459337     
   1.5200488242083621      ,   1.5359092905780751      ,  0.96232003866968674     
   1.6349519132755161      ,   1.6490769691601981      ,   1.0440737963954980     
   1.7484777041538420      ,   1.7625803520093120      ,   1.1303982621456463     
   1.8579925701718538      ,   1.8737286770511576      ,   1.2207523257973252     
   1.9615130803242593      ,   1.9791323337539792      ,   1.3143153831750887     
   2.0570811766137229      ,   2.0746905761774594      ,   1.4099366878493840     
   2.1419326935881684      ,   2.1556539445227054      ,   1.5060920462594489     
   2.2119608491519047      ,   2.2167915023342668      ,   1.6008569537318578     
   2.2616523921124592      ,   2.2526884218042524      ,   1.6919075042317528     
   2.2844457258122368      ,   2.2581843870692953      ,   1.7765613825387028     
   2.2735213196280779      ,   2.2289354566246842      ,   1.8518697931255470     
   2.2230602877666303      ,   2.1620431645734275      ,   1.9147661847452768     
   2.1297572752834162      ,   2.0566529170936714      ,   1.9622686169821451     
   1.9940479236451780      ,   1.9143940614837531      ,   1.9917204286638490     
   1.8204679068601277      ,   1.7395340488428781      ,   2.0010411052933321     
   1.6169655138813439      ,   1.5387608201874197      ,   1.9889499507456627     
   1.3935916217160194      ,   1.3205875736851553      ,   1.9551235362441517     
   1.1611803654955022      ,   1.0944698721640391      ,   1.9002562817400708     
  0.93027527406533694      ,  0.86980197130440695      ,   1.8260108125278076     
  0.71030526113570158      ,  0.65498696600371087      ,   1.7348662255019947     
  0.50891579203003090      ,  0.45674402410833626      ,   1.6298915649064565     
  0.33098107462579091      ,  0.27974115223213653      ,   1.5144830970439576     
  0.17747499454412788      ,  0.12655500924438956      ,   1.3921050714225933     
   4.5988913237064839E-002 ,  -2.1093609545281568E-003 ,   1.2660659784698975     
  -6.6539218451431806E-002 , -0.10703999294361360      ,   1.1393497488246689     
 -0.16135665915431061      , -0.19008160102014149      ,   1.0145082306768012     
 -0.23785683442858158      , -0.25371953242299472      ,  0.89361081724419855     
 -0.29540891357912685      , -0.30073129688479561      ,  0.77824067797363217     
 -0.33489879559522745      , -0.33392454246025399      ,  0.66952453904332021     
 -0.35869719398091277      , -0.35596005720225277      ,  0.56818335328088643     
 -0.36993014280317571      , -0.36924698732802863      ,  0.47459326396003948     
 -0.37205789097671993      , -0.37589322082260024      ,  0.38884895656509771     
 -0.36852176444496948      , -0.37769423707262845      ,  0.31082411065795684     
 -0.36243058975763859      , -0.37614639022080093      ,  0.24022584882287670     
 -0.35650266435338041      , -0.37247398388673925      ,  0.17664171537082027     
 -0.35279319849778962      , -0.36766269850571237      ,  0.11957883348917736     
 -0.35212924566575265      , -0.36249455027626887      ,   6.8495581330194732E-002
 -0.35401231048650517      , -0.35758150586839088      ,   2.2826506073900316E-002
 -0.35718844374740671      , -0.35339622047587044      ,  -1.7998639778078043E-002
 -0.36041298396492544      , -0.35029923678836039      ,  -5.4540824849171811E-002
 -0.36318728203684003      , -0.34856251030891594      ,  -8.7341759806201569E-002
 -0.36611191169068869      , -0.34838942264384626      , -0.11691723052267909     
 -0.37039692804266922      , -0.34993159229674742      , -0.14375306250130479     
 -0.37701361431755254      , -0.35330285041969134      , -0.16830313786135651     
 -0.38635694101040613      , -0.35859075534454887      , -0.19098898192971681     
 -0.39837622227098618      , -0.36586599856871060      , -0.21220052210168877     
 -0.41272743878682261      , -0.37519002047089617      , -0.23229769598738090     
 -0.42886086861967060      , -0.38662111437854607      , -0.25161264904947012     
 -0.44611778428018195      , -0.40021925684407017      , -0.27045231471455861     
 -0.46394437725843168      , -0.41604986199587363      , -0.28910121329269922     
 -0.48218509478657384      , -0.43418661921318441      , -0.30782434099060302     
 -0.50120600018057415      , -0.45471353602796433      , -0.32687004780146445     
 -0.52175557103001979      , -0.47772627159494169      , -0.34647282392138790     
 -0.54471493670403914      , -0.50333280959024207      , -0.36685592925790400     
 -0.57085677124474465      , -0.53165348217388397      , -0.38823381009042951     
 -0.60068997725282891      , -0.56282031778690689      , -0.41081425140154459     
 -0.63445837020567897      , -0.59697564414214421      , -0.43480021307211597     
 -0.67218396989234752      , -0.63426983296738892      , -0.46039129315319621     
 -0.71362261072756461      , -0.67485802422642949      , -0.48778475182937375     
 -0.75827911418854232      , -0.71889561443919947      , -0.51717601545449898     
 -0.80560629084925384      , -0.76653223684161209      , -0.54875856116675947     
 -0.85526809080033850      , -0.81790390218311593      , -0.58272305918769784     
 -0.90733351056355949      , -0.87312291159351063      , -0.61925562236534037     
 -0.96229999506201214      , -0.93226510369459192      , -0.65853498173058778     
  -1.0208803277230039      , -0.99535396770232754      , -0.70072837453749337     
  -1.0837059943473584      ,  -1.0623411591474730      , -0.74598590049483626     
  -1.1511978088453936      ,  -1.1330830190770358      , -0.79443307761640658     
  -1.2235964575966209      ,  -1.2073128544503686      , -0.84616131890993951     
  -1.3009146070186031      ,  -1.2846090303135032      , -0.90121606603373261     
  -1.3826764233523641      ,  -1.3643594057596606      , -0.95958237131782331     
  -1.4675999208274968      ,  -1.4457233725700702      ,  -1.0211678349887090     
  -1.5535498517812811      ,  -1.5275937779192856      ,  -1.0857830039380234     
  -1.6379299910619849      ,  -1.6085623533591964      ,  -1.1531196477268890     
  -1.7182717257636777      ,  -1.6868938939161400      ,  -1.2227277695525685     
  -1.7925821984104222      ,  -1.7605161903145281      ,  -1.2939927958138346     
  -1.8592203631041924      ,  -1.8270343129837907      ,  -1.3661151039794051     
  -1.9164317248970151      ,  -1.8837787772127064      ,  -1.4380948387112886     
  -1.9619033011325941      ,  -1.9278966816365157      ,  -1.5087257139824952     
  -1.9926287750954059      ,  -1.9564922881605553      ,  -1.5766020145148025     
  -2.0051038436942368      ,  -1.9668179842404507      ,  -1.6401430354681412     
  -1.9957450805006172      ,  -1.9565078935156675      ,  -1.6976384459203631     
  -1.9614730914983745      ,  -1.9238352622592316      ,  -1.7473162883833551     
  -1.9003959458464648      ,  -1.8679631247608479      ,  -1.7874324592804500     
  -1.8124308668338944      ,  -1.7891488963989355      ,  -1.8163767754887499     
  -1.6996405355503430      ,  -1.6888613174542515      ,  -1.8327867172578691     
  -1.5661269946360099      ,  -1.5697756537403367      ,  -1.8356565804305158     
  -1.4175097499737650      ,  -1.4356308657342878      ,  -1.8244281277482193     
  -1.2601885988658246      ,  -1.2909575812169940      ,  -1.7990497282333926     
  -1.1006127774398364      ,  -1.1407118013422741      ,  -1.7599946421626305     
 -0.94466755842612737      , -0.98986866166433762      ,  -1.7082349636031091     
 -0.79717937094371782      , -0.84303727905915227      ,  -1.6451744759519611     
 -0.66153297169026615      , -0.70414998917810345      ,  -1.5725497021054149     
