  0.49918532529965737      ,   2.1229450724483714      ,   1.4655193661558268     
   1.4662523194982948      ,   2.1929852415350255      ,   1.5610585270229873     
   2.0154766001667932      ,   2.2400776937172493      ,   1.6539053462152871     
   2.4348967595964455      ,   2.2589017442634218      ,   1.7415228812149708     
   2.5991825791655416      ,   2.2447042742917840      ,   1.8210630112943438     
   2.3323594489068133      ,   2.1939089102960634      ,   1.8894909061409448     
   1.9196568221848049      ,   2.1047402225179983      ,   1.9437656688917380     
   1.7151095661560287      ,   1.9777454803439807      ,   1.9810672081207392     
   1.5344461624748340      ,   1.8160821072783706      ,   1.9990464820024860     
   1.5395088117802045      ,   1.6254624622894605      ,   1.9960649989817625     
   1.4229277738234809      ,   1.4137129629515430      ,   1.9713841858516696     
   1.3443962985837794      ,   1.1899972664110152      ,   1.9252693066812612     
   1.0999123584250912      ,  0.96384218103004549      ,   1.8589865037522069     
  0.79828933318160866      ,  0.74415591195967179      ,   1.7746919444430655     
  0.50342687738497349      ,  0.53842131673974125      ,   1.6752329415465239     
  0.32629033071123653      ,  0.35218728446955988      ,   1.5638959838847664     
  0.12913348519038056      ,  0.18889565376218667      ,   1.4441420266186100     
   6.4999841143828452E-002 ,   5.0001978019320249E-002 ,   1.3193650556489360     
   2.9271772296608108E-002 ,  -6.4700883798565631E-002 ,   1.1926989228874905     
  -3.8382548551469456E-003 , -0.15666063759309845      ,   1.0668841267543117     
  -3.9796911664429446E-002 , -0.22813426990100699      ,  0.94419438639734021     
 -0.11334292483566138      , -0.28180797976757588      ,  0.82641469034470127     
 -0.21126361887016903      , -0.32049834109380249      ,  0.71485843581946695     
 -0.28652403179115982      , -0.34694074961631782      ,  0.61041059040920653     
 -0.30971632634831403      , -0.36365620077566646      ,  0.51358530372947420     
 -0.33573482564465573      , -0.37288048745330526      ,  0.42458891988492709     
 -0.33746153248800431      , -0.37653861886822665      ,  0.34338204425120999     
 -0.33624422682105265      , -0.37624917459232166      ,  0.26973670639260389     
 -0.32360382891480793      , -0.37334652660465156      ,  0.20328652779630416     
 -0.33420610002080375      , -0.36891220776140959      ,  0.14356912745924336     
 -0.31822733239787832      , -0.36380958762195265      ,   9.0060855130340983E-002
 -0.33240984643547627      , -0.35871823902491112      ,   4.2204439621893741E-002
 -0.33621336249602901      , -0.35416596004674755      ,  -5.6961569239652996E-004
 -0.35155761831452065      , -0.35055746826940914      ,  -3.8826978221081797E-002
 -0.35186767144220654      , -0.34819944144875398      ,  -7.3117879548269940E-002
 -0.36883762025636085      , -0.34732196114584557      , -0.10396913675487859     
 -0.36400592628377076      , -0.34809661831423416      , -0.13187907821838246     
 -0.36806206853726686      , -0.35065163044657438      , -0.15731475324318300     
 -0.36958292382738245      , -0.35508434474769440      , -0.18071090378070817     
 -0.38041568507823698      , -0.36147149037983400      , -0.20247026648446861     
 -0.39236616644357042      , -0.36987751301508459      , -0.22296485238673353     
 -0.41069140990901398      , -0.38036128702789984      , -0.24253791924495635     
 -0.43169932094337693      , -0.39298146021187508      , -0.26150640862046931     
 -0.44564154086696528      , -0.40780064560972051      , -0.28016366693359418     
 -0.47066992079064596      , -0.42488863596647064      , -0.29878230811027573     
 -0.48786672224834354      , -0.44432477860534586      , -0.31761710598075332     
 -0.51625674171814162      , -0.46619961183729980      , -0.33690782818834025     
 -0.54134670653991657      , -0.49061582772856122      , -0.35688194075595159     
 -0.58428271855329006      , -0.51768858938690709      , -0.37775712423213165     
 -0.61528061234390563      , -0.54754519301577265      , -0.39974354894277481     
 -0.66251565165914628      , -0.58032402491292434      , -0.42304585861538374     
 -0.69662630995601404      , -0.61617272046811900      , -0.44786480869756806     
 -0.74129986501373102      , -0.65524538527947807      , -0.47439849813077212     
 -0.77705279265152172      , -0.69769868729453444      , -0.50284312115890861     
 -0.82842841121350164      , -0.74368657348523226      , -0.53339314892254241     
 -0.87700217485933618      , -0.79335330605295495      , -0.56624082914757556     
 -0.93780351089838254      , -0.84682445416439756      , -0.60157486641105617     
  -1.0016885829455240      , -0.90419542278911047      , -0.63957811587315860     
  -1.0704473351524317      , -0.96551705894731876      , -0.68042409129601356     
  -1.1421698660162027      ,  -1.0307778612015503      , -0.72427205599499500     
  -1.2149097751567497      ,  -1.0998823509037625      , -0.77126043706710912     
  -1.2928603661113249      ,  -1.1726252724491224      , -0.82149828508863920     
  -1.3669419470791859      ,  -1.2486615134322572      , -0.87505450283288311     
  -1.4497560263262814      ,  -1.3274720230237296      , -0.93194460068929952     
  -1.5255067093969745      ,  -1.4083266142620134      , -0.99211482113025040     
  -1.6089588200478158      ,  -1.4902454189606513      ,  -1.0554236320282695     
  -1.6835806197921668      ,  -1.5719619618454443      ,  -1.1216208443547895     
  -1.7637803513395620      ,  -1.6518923291820697      ,  -1.1903249890188543     
  -1.8325749699848819      ,  -1.7281166388091584      ,  -1.2610001085055818     
  -1.9032651446884983      ,  -1.7983807511966154      ,  -1.3329337815139992     
  -1.9598482386394627      ,  -1.8601274883067285      ,  -1.4052189689836077     
  -2.0106717636937339      ,  -1.9105669316404634      ,  -1.4767430611370855     
  -2.0435556903599794      ,  -1.9467938643396794      ,  -1.5461881616983577     
  -2.0632990672110525      ,  -1.9659562972366709      ,  -1.6120469374818855     
  -2.0605308866592074      ,  -1.9654717519920386      ,  -1.6726580056065574     
  -2.0378521702444936      ,  -1.9432777608327523      ,  -1.7262635486630262     
  -1.9898056052592854      ,  -1.8980912374186156      ,  -1.7710894706649931     
  -1.9167690141047415      ,  -1.8296406962393050      ,  -1.8054450031124267     
  -1.8174561789809311      ,  -1.7388294866500131      ,  -1.8278346624583925     
  -1.6929851390135604      ,  -1.6277909378168240      ,  -1.8370716452890137     
  -1.5465992931528598      ,  -1.4998095542228083      ,  -1.8323791687938058     
  -1.3821279233126451      ,  -1.3591048903602743      ,  -1.8134659116009328     
  -1.2081408425091087      ,  -1.2105014823689850      ,  -1.7805641330966038     
  -1.0308580558526836      ,  -1.0590317642324893      ,  -1.7344240464755345     
 -0.86159737417119286      , -0.90953204853726333      ,  -1.6762645840380972     
 -0.70586415493492660      , -0.76629045839720311      ,  -1.6076872838821734     
 -0.57168470326452103      , -0.63279111119684861      ,  -1.5305650890616394     
 -0.45862687262268814      , -0.51157614327258938      ,  -1.4469203331926654     
 -0.36766270436624432      , -0.40422348056081997      ,  -1.3588058440310067     
 -0.29320602788916528      , -0.31141976406450217      ,  -1.2682004526181798     
 -0.23290043925682233      , -0.23309778801163680      ,  -1.1769262441082506     
 -0.18202342564676494      , -0.16860623877588951      ,  -1.0865906987991416     
 -0.13949744308309242      , -0.11688420726929609      , -0.99855328422125944     
 -0.10352507604847128      ,  -7.6620826960369842E-002 , -0.91391352682143312     
  -7.4744668288499322E-002 ,  -4.6388750188870759E-002 , -0.83351620498294843     
  -5.2966647385415344E-002 ,  -2.4747247274474339E-002 , -0.75796889974055193     
  -3.8759411971729135E-002 ,  -1.0315729998428632E-002 , -0.68766743138630215     
  -3.1721960629526466E-002 ,  -1.8214478280048640E-003 , -0.62282540323619306     
  -3.1009652695780255E-002 ,   1.8736213420180853E-003 , -0.56350492439458066     
  -3.5278154505864356E-002 ,   1.7615356216361129E-003 , -0.50964642339749555     
  -4.2720637677944998E-002 ,  -1.3118115952818158E-003 , -0.46109619835676158     
  -5.2320758567491465E-002 ,  -6.6396574477651698E-003 , -0.41763093670120399     
  -6.2932954442996583E-002 ,  -1.3643028666461270E-002 , -0.37897887546563841     
  -7.4908538750957876E-002 ,  -2.1857230537399887E-002 , -0.34483757807297111     
  -8.7820152795025974E-002 ,  -3.0917647516997382E-002 , -0.31488850072089442     
 -0.10218693415520333      ,  -4.0545828998756465E-002 , -0.28880863680281205     
 -0.11688362413969997      ,  -5.0536458215814865E-002 , -0.26627958437632082     
 -0.13169712504699471      ,  -6.0745535952676205E-002 , -0.24699439830948178     
 -0.14504815324656262      ,  -7.1079928829461902E-002 , -0.23066257968419340     
 -0.15702541098901016      ,  -8.1488312368645233E-002 , -0.21701353068754367     
 -0.16702928004793455      ,  -9.1953464011745173E-002 , -0.20579877078846398     
 -0.17607508561412288      , -0.10248581711414667      , -0.19679317430099824     
 -0.18436488767036496      , -0.11311816375377477      , -0.18979545356896593     
 -0.19289305730940337      , -0.12390138486828309      , -0.18462807785078555     
 -0.20161668695480303      , -0.13490108585741281      , -0.18113678659492613     
 -0.21074576971760858      , -0.14619502096295234      , -0.17918982768631697     
 -0.21993908948683946      , -0.15787119815256992      , -0.17867702656820605     
 -0.22910085112687648      , -0.17002656630521587      , -0.17950877083502106     
 -0.23832154614170412      , -0.18276619714175962      , -0.18161497674609636     
 -0.24779657632327640      , -0.19620288481528092      , -0.18494408884528565     
 -0.25825051541779320      , -0.21045709584136973      , -0.18946215116338330     
 -0.26994533616444727      , -0.22565721072115474      , -0.19515197798646983     
 -0.28376592377415022      , -0.24194000588268194      , -0.20201244354666020     
 -0.29968263556603836      , -0.25945133017162558      , -0.21005790288735099     
 -0.31844699195886544      , -0.27834693379168085      , -0.21931775023200070     
 -0.33975147628644292      , -0.29879340902458551      , -0.22983611610438576     
 -0.36419181826602925      , -0.32096920087564484      , -0.24167169986552495     
 -0.39126849786040707      , -0.34506564151254326      , -0.25489772989084503     
 -0.42138780215506921      , -0.37128795436713680      , -0.26960203892761031     
 -0.45401710258513650      , -0.39985616123761175      , -0.28588723682235340     
 -0.48950240141550871      , -0.43100580761439661      , -0.30387095630563832     
 -0.52759654816203816      , -0.46498839643186035      , -0.32368613929883611     
 -0.56880637690129554      , -0.50207138687697239      , -0.34548132058916198     
 -0.61333158104346885      , -0.54253757078717313      , -0.36942085189663620     
 -0.66172700098579607      , -0.58668358224765382      , -0.39568499136519159     
 -0.71440451528526050      , -0.63481722373640304      , -0.42446976021377292     
 -0.77162693814081085      , -0.68725320205339335      , -0.45598643837758396     
 -0.83371353363241574      , -0.74430675725310036      , -0.49046053302116105     
 -0.90049094445734645      , -0.80628453708180048      , -0.52813000635325302     
 -0.97214161105832297      , -0.87347191981658512      , -0.56924249093951840     
  -1.0481712803600238      , -0.94611582648685610      , -0.61405115097201413     
  -1.1287151837938774      ,  -1.0244019038421510      , -0.66280876718600912     
  -1.2131403018995623      ,  -1.1084248294944457      , -0.71575953398672687     
  -1.3015699398857783      ,  -1.1981504370039850      , -0.77312796625371349     
  -1.3933081766581645      ,  -1.2933684551491871      , -0.83510423251032928     
  -1.4883127009461801      ,  -1.3936350120537007      , -0.90182518174023896     
  -1.5856378870164227      ,  -1.4982048238685792      , -0.97335034643113805     
  -1.6846611731287753      ,  -1.6059543643073384      ,  -1.0496323335922244     
  -1.7838010571403011      ,  -1.7152995155211928      ,  -1.1304813258783022     
  -1.8814466949173305      ,  -1.8241144286973070      ,  -1.2155239907546520     
  -1.9751644281464869      ,  -1.9296626473165661      ,  -1.3041580287422825     
  -2.0623100080856331      ,  -2.0285567510694142      ,  -1.3955049591156097     
  -2.1396875014109464      ,  -2.1167681279727408      ,  -1.4883655626288721     
  -2.2037823214403947      ,  -2.1897124730225968      ,  -1.5811845732323351     
  -2.2507249728974328      ,  -2.2424368401855683      ,  -1.6720334281675850     
  -2.2762486279843142      ,  -2.2699274515027903      ,  -1.7586215675428791     
  -2.2759862548857135      ,  -2.2675410704442771      ,  -1.8383470568267553     
  -2.2455194299396939      ,  -2.2315354793862863      ,  -1.9083951718011813     
  -2.1811605338011244      ,  -2.1596393728573404      ,  -1.9658881976733313     
  -2.0803390057203321      ,  -2.0515673608482117      ,  -2.0080809159886481     
  -1.9426561702507599      ,  -1.9093654042820782      ,  -2.0325851947350984     
  -1.7701733053517643      ,  -1.7374802521795818      ,  -2.0375963442642169     
  -1.5680075371733242      ,  -1.5424908645419049      ,  -2.0220870557072868     
  -1.3441009931002768      ,  -1.3325138890316865      ,  -1.9859351503616736     
  -1.1092947144640901      ,  -1.1163770895205816      ,  -1.9299604824015189     
 -0.87642556101777491      , -0.90271463970216792      ,  -1.8558625427495614     
 -0.65886611219633084      , -0.69915333805288005      ,  -1.7660691607004873     
 -0.46769274260089500      , -0.51172455627362157      ,  -1.6635226118661581     
 -0.30898190174022150      , -0.34456902251457822      ,  -1.5514380456062040     
 -0.18229898869948269      , -0.19992742058226354      ,  -1.4330689555593126     
  -8.2013152506384954E-002 ,  -7.8353635495356427E-002 ,  -1.3115070018535810     
  -6.4410029735398333E-004 ,   2.0938678205007655E-002 ,  -1.1895322925370455     
   6.7820477249665695E-002 ,   9.9683331970804839E-002 ,  -1.0695188846258392     
  0.12641327823606943      ,  0.16018938887226788      , -0.95339135265482711     
  0.17564446815604204      ,  0.20502955102225520      , -0.84262287340932207     
  0.21464036482839460      ,  0.23680505324691808      , -0.73826321303702513     
  0.24227876526107051      ,  0.25798571518553559      , -0.64098540203572851     
  0.25811384490507516      ,  0.27081406721431378      , -0.55114169936627055     
  0.26305006889378280      ,  0.27725876812910116      , -0.46882179683512121     
  0.25922635815437689      ,  0.27900274777112255      , -0.39390850780487019     
  0.24966306764686594      ,  0.27745373025931797      , -0.32612810965688144     
  0.23765021964720265      ,  0.27376767687771925      , -0.26509396378805872     
  0.22596129656229502      ,  0.26887844999022875      , -0.21034304104239709     
  0.21594068401114480      ,  0.26352928555378896      , -0.16136561312245876     
  0.20741474306202076      ,  0.25830338361003830      , -0.11762872548202521     
  0.19925832286943043      ,  0.25365213339961845      ,  -7.8594230329419618E-002
  0.19043987917648236      ,  0.24992028571985089      ,  -4.3732198406493103E-002
  0.18085105138480712      ,  0.24736787928073103      ,  -1.2530495478973122E-002
  0.17164627209746131      ,  0.24618901419420672      ,   1.5498761649762946E-002
  0.16464842648534353      ,  0.24652771658972086      ,   4.0815242249198726E-002
  0.16142451993067417      ,  0.24849120507191619      ,   6.3848395057936713E-002
  0.16260004735561853      ,  0.25216088680275600      ,   8.4996947291091016E-002
  0.16781154360542661      ,  0.25760140041147883      ,  0.10462953672164868     
  0.17612400976905648      ,  0.26486799812752337      ,  0.12308617297080882     
  0.18666638291883522      ,  0.27401252828755540      ,  0.14068028317307485     
  0.19911554915715537      ,  0.28508824596383264      ,  0.15770114704959190     
  0.21377902268574242      ,  0.29815364605313538      ,  0.17441656789863064     
  0.23134753890340334      ,  0.31327548066923111      ,  0.19107565995241765     
  0.25240757743771680      ,  0.33053109129916319      ,  0.20791165978693618     
  0.27711673116122548      ,  0.35001015569947541      ,  0.22514469075587282     
  0.30512269589210972      ,  0.37181591944846470      ,  0.24298442539145085     
  0.33584304681714644      ,  0.39606595177792658      ,  0.26163260189036275     
  0.36877413329867975      ,  0.42289243397840254      ,  0.28128535757025835     
  0.40381025141165761      ,  0.45244195537173576      ,  0.30213534479742682     
  0.44124658571228537      ,  0.48487475552864823      ,  0.32437359347328226     
  0.48163250095397903      ,  0.52036331095555033      ,  0.34819107871969512     
  0.52550036994477412      ,  0.55909011875466963      ,  0.37377994279216353     
  0.57325721875108337      ,  0.60124447776365575      ,  0.40133430624077332     
  0.62512881242974527      ,  0.64701800872700355      ,  0.43105058462564538     
  0.68123782483475614      ,  0.69659858914627970      ,  0.46312720335904639     
  0.74167479679067960      ,  0.75016230682968776      ,  0.49776357426593426     
  0.80651414511678376      ,  0.80786296208517894      ,  0.53515816326300703     
  0.87574835277570695      ,  0.86981857845954313      ,  0.57550543970562862     
  0.94921809055841688      ,  0.93609432723212493      ,  0.61899145589766924     
   1.0266226913555181      ,   1.0066812497723858      ,  0.66578776291098896     
   1.1075534559867251      ,   1.0814702020791576      ,  0.71604333133576936     
   1.1915889439216469      ,   1.1602205871984252      ,  0.76987412117325282     
   1.2782978500580431      ,   1.2425237379106899      ,  0.82734994640491488     
   1.3672184263714071      ,   1.3277613327337383      ,  0.88847832494687062     
   1.4577114208935329      ,   1.4150600519922343      ,  0.95318511823163443     
   1.5488678396457098      ,   1.5032448850857092      ,   1.0212919774044968     
   1.6394036807612198      ,   1.5907951368249806      ,   1.0924909602993793     
   1.7276829129337976      ,   1.6758092336481305      ,   1.1663171991790231     
   1.8117297832564456      ,   1.7559867539213359      ,   1.2421212063624751     
   1.8893002637968914      ,   1.8286383484215454      ,   1.3190432973004009     
   1.9578989306006247      ,   1.8907357477549998      ,   1.3959936298273332     
   2.0148035958776864      ,   1.9390139414672936      ,   1.4716423658616045     
   2.0570573169436304      ,   1.9701347168167749      ,   1.5444252179966029     
   2.0815178791267859      ,   1.9809139931688384      ,   1.6125698074137198     
   2.0849664268614831      ,   1.9686042965658759      ,   1.6741474332865141     
   2.0643095913215088      ,   1.9312090665239734      ,   1.7271526879999526     
   2.0168766355563301      ,   1.8677898948641325      ,   1.7696097139064220     
   1.9407991444895993      ,   1.7787157727778797      ,   1.7996990584772179     
   1.8354419588272461      ,   1.6658004180897077      ,   1.8158938485468463     
   1.7018165652811250      ,   1.5322841264031259      ,   1.8170896522382194     
   1.5429389990973210      ,   1.3826410816817760      ,   1.8027103842661085     
   1.3640664658803607      ,   1.2222271300857113      ,   1.7727740487535097     
   1.1727562576026320      ,   1.0568173954948450      ,   1.7279072363722550     
  0.97853325796704460      ,  0.89210699497372936      ,   1.6693051785598141     
  0.79190915711335030      ,  0.73325371885859658      ,   1.5986429288824242     
  0.62262666416963552      ,  0.58452759738698601      ,   1.5179506812892458     
  0.47755670093918984      ,  0.44910440619877645      ,   1.4294706036630744     
  0.35917184693176957      ,  0.32900804302432490      ,   1.3355131575457599     
  0.26553123500348602      ,  0.22517975761350253      ,   1.2383281301111788     
  0.19183580229513353      ,  0.13763619500143201      ,   1.1400007631493552     
  0.13262283963622437      ,   6.5674125912785541E-002 ,   1.0423779110055031     
   8.3432334041726619E-002 ,   8.0849226673441309E-003 ,  0.94702432864755492     
   4.1463409579667709E-002 ,  -3.6647959318350160E-002 ,  0.85520570116662220     
   5.4968568179189804E-003 ,  -7.0183985503209742E-002 ,  0.76789306686827385     
  -2.4504990868755117E-002 ,  -9.4198889559875751E-002 ,  0.68578266487044659     
  -4.8000163697575940E-002 , -0.11029539148430681      ,  0.60932557376670549     
  -6.4550080267312099E-002 , -0.11994634888404937      ,  0.53876239312829344     
  -7.4317164123246598E-002 , -0.12446374781749646      ,  0.47415931772987213     
  -7.8261539692081272E-002 , -0.12498684092459350      ,  0.41544303521539272     
  -7.8021523995692399E-002 , -0.12248351306069007      ,  0.36243281295299978     
  -7.5439104530651002E-002 , -0.11776008759970902      ,  0.31486887817539688     
  -7.1900494585998467E-002 , -0.11147595722127562      ,  0.27243673610220331     
  -6.7931597177020658E-002 , -0.10416046098667439      ,  0.23478743889501760     
  -6.3300139613734305E-002 ,  -9.6230268745729916E-002 ,  0.20155404923322520     
  -5.7521643515712609E-002 ,  -8.8006169680094323E-002 ,  0.17236467135236386     
  -5.0462266606607624E-002 ,  -7.9728619465646910E-002 ,  0.14685248014890553     
  -4.2690603936380342E-002 ,  -7.1571715908854167E-002 ,  0.12466318963701144     
  -3.5322183101690038E-002 ,  -6.3655481380319207E-002 ,  0.10546038361411331     
  -2.9464902308628985E-002 ,  -5.6056462123818873E-002 ,   8.8929096525659293E-002
  -2.5660591949258765E-002 ,  -4.8816733180471229E-002 ,   7.4777989758615271E-002
  -2.3667201582917269E-002 ,  -4.1951440676735785E-002 ,   6.2740423449201291E-002
  -2.2649136241576006E-002 ,  -3.5455032936478358E-002 ,   5.2574679744355923E-002
  -2.1626508228359025E-002 ,  -2.9306336777311121E-002 ,   4.4063552248866676E-002
  -1.9921262346243775E-002 ,  -2.3472631137315080E-002 ,   3.7013479116549064E-002
  -1.7389348154413533E-002 ,  -1.7912860613176592E-002 ,   3.1253364298961861E-002
  -1.4373639828762851E-002 ,  -1.2580119031930273E-002 ,   2.6633202873642056E-002
  -1.1445312849090696E-002 ,  -7.4235194168164684E-003 ,   2.3022601941961349E-002
  -9.0871359165538863E-003 ,  -2.3895526643297050E-003 ,   2.0309267999732566E-002
  -7.4731975401929589E-003 ,   2.5769764294678002E-003 ,   1.8397514567913990E-002
  -6.4240277282025925E-003 ,   7.5323600723385788E-003 ,   1.7206829832404586E-002
  -5.5124877215177561E-003 ,   1.2533681512562971E-002 ,   1.6670532691262046E-002
  -4.2388133913141592E-003 ,   1.7638739228033853E-002 ,   1.6734536573687991E-002
  -2.1637768493871319E-003 ,   2.2906157954650883E-002 ,   1.7356233333978746E-002
   1.0464963726800934E-003 ,   2.8395651775810059E-002 ,   1.8503504123173291E-002
   5.6275608111802352E-003 ,   3.4168411947193139E-002 ,   2.0153860122593532E-002
   1.1708157363833243E-002 ,   4.0287598573695890E-002 ,   2.2293713141477826E-002
   1.9280807476210266E-002 ,   4.6818920772964574E-002 ,   2.4917774122068557E-002
   2.8172828893261746E-002 ,   5.3831294641373525E-002 ,   2.8028576376258642E-002
   3.8058406143021618E-002 ,   6.1397572269541886E-002 ,   3.1636119741692989E-002
   4.8540654167479602E-002 ,   6.9595338313741359E-002 ,   3.5757631659391192E-002
   5.9292186119942650E-002 ,   7.8507773281989768E-002 ,   4.0417441327286856E-002
   7.0187340645958343E-002 ,   8.8224584786854909E-002 ,   4.5646963479192816E-002
   8.1364677931627202E-002 ,   9.8843009576148722E-002 ,   5.1484788894276025E-002
   9.3198352333780932E-002 ,  0.11046889017470396      ,   5.7976879384914290E-002
  0.10619538424393918      ,  0.12321783041693192      ,   6.5176865672310277E-002
  0.12086519101055164      ,  0.13721643393795990      ,   7.3146447170941875E-002
  0.13761069892962938      ,  0.15260362868110805      ,   8.1955893190802181E-002
  0.15667511645522572      ,  0.16953207845828508      ,   9.1684645344361937E-002
  0.17813960326765496      ,  0.18816967925929715      ,  0.10242202090719046     
  0.20195590754301013      ,  0.20870113291326453      ,  0.11426801639108988     
  0.22799346065752074      ,  0.23132958326445305      ,  0.12733420946757795     
  0.25610377350330249      ,  0.25627828942655712      ,  0.14174475538966241     
  0.28619662448858163      ,  0.28379229583655963      ,  0.15763747088302618     
  0.31832180647094477      ,  0.31414003829503662      ,  0.17516499368889293     
  0.35273421158555052      ,  0.34761479704822135      ,  0.19449599897351566     
  0.38992132414710817      ,  0.38453586975492132      ,  0.21581644392278115     
  0.43056436031391893      ,  0.42524928569696840      ,  0.23933079802753432     
  0.47543530692575026      ,  0.47012781380497676      ,  0.26526319755009375     
  0.52526038875373493      ,  0.51956992601299135      ,  0.29385843679191381     
  0.58059792017949463      ,  0.57399725820589576      ,  0.32538267396696935     
  0.64176966262363422      ,  0.63384995688781476      ,  0.36012368314484444     
  0.70886769244187764      ,  0.69957910375106158      ,  0.39839042277848546     
  0.78182888647614723      ,  0.77163516659707754      ,  0.44051161226904401     
  0.86053830956902821      ,  0.85045113084173762      ,  0.48683290717601213     
  0.94492075459276004      ,  0.93641862573563228      ,  0.53771213779833738     
   1.0349863617842048      ,   1.0298549921469877      ,  0.59351192318830193     
   1.1308153726451184      ,   1.1309588877514196      ,  0.65458879492291688     
   1.2324741809245472      ,   1.2397517747754763      ,  0.72127777049431474     
   1.3398785255037831      ,   1.3560026313389530      ,  0.79387112490455902     
   1.4526269516385462      ,   1.4791337050455708      ,  0.87258995955215146     
   1.5698440447872226      ,   1.6081064368808913      ,  0.95754712642466444     
   1.6900665378812476      ,   1.7412893019177593      ,   1.0487002384026967     
   1.8112018509195984      ,   1.8763138155898438      ,   1.1457940364240928     
   1.9305578284882836      ,   2.0099318942507094      ,   1.2482924930836636     
   2.0449158200352544      ,   2.1378973961878445      ,   1.3553029398616954     
   2.1505954446245488      ,   2.2549064777318151      ,   1.4654974099608737     
   2.2434704492063462      ,   2.3546433513064033      ,   1.5770403371301229     
   2.3189281175984990      ,   2.4299858367995242      ,   1.6875364451886767     
   2.3718177038116615      ,   2.4734218891438644      ,   1.7940172231606923     
   2.3964826710265257      ,   2.4777056673536721      ,   1.8929871604190438     
   2.3869967384960771      ,   2.4367331707699966      ,   1.9805495722426576     
   2.3377090847838162      ,   2.3465443731214122      ,   2.0526239233744605     
   2.2441290915316978      ,   2.2062768910334571      ,   2.1052507294668348     
   2.1040198705663209      ,   2.0188375363135775      ,   2.1349578202379615     
   1.9183531054362855      ,   1.7910618331619277      ,   2.1391383069182974     
   1.6917528927570553      ,   1.5332228917328097      ,   2.1163745456471621     
   1.4324620782333148      ,   1.2579174386146803      ,   2.0666422782241312     
   1.1522746924019494      ,  0.97854134297999718      ,   1.9913488137310020     
  0.86642658273056161      ,  0.70769136313762082      ,   1.8931943560315410     
  0.59250558523474095      ,  0.45583824664640421      ,   1.7758848688803412     
  0.34752377568777176      ,  0.23050927023430751      ,   1.6437546594339536     
  0.14346022486681725      ,   3.6050505143438528E-002 ,   1.5013681551015559     
  -1.6850564945659469E-002 , -0.12611607209068093      ,   1.3531623917873992     
 -0.14012266577315977      , -0.25691646736808738      ,   1.2031709132144586     
 -0.23795835226365905      , -0.35892099368569275      ,   1.0548452921163320     
 -0.32056158126818801      , -0.43566570606659138      ,  0.91096991287466522     
 -0.39305482320662699      , -0.49109073009665027      ,  0.77365276665340721     
 -0.45580218621314705      , -0.52913030916021508      ,  0.64436993400604248     
 -0.50690009674826031      , -0.55344944453988010      ,  0.52404215255857545     
 -0.54415351421514691      , -0.56730092427670731      ,  0.41312580382037600     
 -0.56664640390090137      , -0.57347008422848955      ,  0.31170564749703555     
 -0.57608579852203068      , -0.57427697668179878      ,  0.21958131569322537     
 -0.57644271254968293      , -0.57161183544461391      ,  0.13634331255018414     
 -0.57246446704231757      , -0.56698665329823184      ,   6.1436906494710515E-002
 -0.56878356816100506      , -0.56159171937918373      ,  -5.7860203865394491E-003
 -0.56901428869516235      , -0.55635054902165548      ,  -6.6026161440253139E-002
 -0.57437142444362155      , -0.55196980285759600      , -0.12000557659049557     
 -0.58336271945467433      , -0.54898280315761561      , -0.16844453580434451     
 -0.59306804791724099      , -0.54778643087851842      , -0.21204493240616626     
 -0.60082012336892998      , -0.54867180518917957      , -0.25147893945101157     
 -0.60563322247190110      , -0.55184942003972071      , -0.28738176978518815     
 -0.60890613142448191      , -0.55746948611134617      , -0.32034758760914694     
 -0.61359988906716423      , -0.56563819546380900      , -0.35092779030212551     
 -0.62238783000842690      , -0.57643054706452279      , -0.37963102752785310     
 -0.63637633224324464      , -0.58990027587016369      , -0.40692444907360542     
 -0.65499582888401853      , -0.60608733244994850      , -0.43323577496980942     
 -0.67671500732470014      , -0.62502327145361625      , -0.45895586375767139     
 -0.70015966996446133      , -0.64673482781757508      , -0.48444152011735980     
 -0.72492759852890942      , -0.67124588940194041      , -0.51001833407320762     
 -0.75165772243547180      , -0.69857801281065290      , -0.53598338297267722     
 -0.78150885987391838      , -0.72874957445346822      , -0.56260765637729260     
 -0.81538265819914413      , -0.76177360083665890      , -0.59013808461061679     
 -0.85336982204317668      , -0.79765428065106081      , -0.61879906548882424     
 -0.89481747449122850      , -0.83638212735544426      , -0.64879339212775489     
 -0.93882478671936287      , -0.87792773658273071      , -0.68030248910997815     
 -0.98475945643930074      , -0.92223407105529098      , -0.71348586628439714     
  -1.0325976333073481      , -0.96920721151846778      , -0.74847970091958682     
  -1.0828895736226150      ,  -1.0187055419305131      , -0.78539446213172392     
  -1.1362601042388798      ,  -1.0705273990196120      , -0.82431149933192061     
  -1.1928632037480165      ,  -1.1243973202013882      , -0.86527853247538133     
  -1.2521920734979100      ,  -1.1799511806106666      , -0.90830401053099619     
  -1.3131802417883769      ,  -1.2367207301277516      , -0.95335035097060483     
  -1.3744823330440132      ,  -1.2941183324021865      ,  -1.0003261428697443     
  -1.4348248870083775      ,  -1.3514230708375985      ,  -1.0490774950421622     
  -1.4931651018362508      ,  -1.4077698097463391      ,  -1.0993788430539364     
  -1.5485811480880791      ,  -1.4621432513207209      ,  -1.1509236968342043     
  -1.6000901970664525      ,  -1.5133794522476787      ,  -1.2033160107705185     
  -1.6465298433863735      ,  -1.5601775654106953      ,  -1.2560630796131806     
  -1.6865396710537379      ,  -1.6011246243680743      ,  -1.3085710842048905     
  -1.7186364094598250      ,  -1.6347358360637099      ,  -1.3601445955361895     
  -1.7413227293897475      ,  -1.6595119318158782      ,  -1.4099914444430315     
  -1.7531611042388675      ,  -1.6740135290221811      ,  -1.4572343171030444     
  -1.7528149182447552      ,  -1.6769501584963395      ,  -1.5009301808173732     
  -1.7390831277872814      ,  -1.6672787674971616      ,  -1.5400981306903612     
  -1.7109748434847292      ,  -1.6443034919369328      ,  -1.5737554593945751     
  -1.6678522515577590      ,  -1.6077659040101648      ,  -1.6009607280829263     
  -1.6096052926052262      ,  -1.5579135285661139      ,  -1.6208614663653091     
  -1.5368111108777069      ,  -1.4955348932514001      ,  -1.6327430334951276     
  -1.4508585054872856      ,  -1.4219521617279289      ,  -1.6360743587605571     
  -1.3539916502359852      ,  -1.3389674036710908      ,  -1.6305459717501778     
  -1.2492372897991495      ,  -1.2487650483012311      ,  -1.6160960912620492     
  -1.1402218015122740      ,  -1.1537797725597216      ,  -1.5929215969596866     
  -1.0308748828399921      ,  -1.0565444878607058      ,  -1.5614723340519292     
 -0.92502149741719730      , -0.95953593668434656      ,  -1.5224291288345679     
 -0.82593075367264468      , -0.86503506073693992      ,  -1.4766677720079291     
 -0.73593926658978959      , -0.77501596540308193      ,  -1.4252127180413876     
 -0.65625279312109353      , -0.69107193118611820      ,  -1.3691851115140485     
 -0.58698803705106672      , -0.61438085835291323      ,  -1.3097498964083438     
 -0.52743487056347194      , -0.54570708471447615      ,  -1.2480662595137457     
 -0.47643539779508348      , -0.48543260907053182      ,  -1.1852446890097597     
 -0.43275673095403189      , -0.43360875900124374      ,  -1.1223127313895014     
 -0.39537192386584491      , -0.39001913247825576      ,  -1.0601903307828902     
 -0.36360307019923321      , -0.35424575937535829      , -0.99967460534226515     
 -0.33712197072476030      , -0.32573229227028422      , -0.94143315192369736     
 -0.31584003984985043      , -0.30384011645547843      , -0.88600449845689855     
 -0.29974367339469199      , -0.28789518263124692      , -0.83380411625177198     
 -0.28874118518952924      , -0.27722489743748402      , -0.78513440532441636     
 -0.28257604656144630      , -0.27118548665555725      , -0.74019720831002611     
 -0.28082713659520231      , -0.26918090226847574      , -0.69910763092864081     
 -0.28297908898449103      , -0.27067465841662991      , -0.66190819981108051     
 -0.28851713148079988      , -0.27519604925744096      , -0.62858263694646577     
 -0.29699351840256388      , -0.28234211350831079      , -0.59906875283833150     
 -0.30803613753863457      , -0.29177653783712260      , -0.57327014725614533     
 -0.32130959342757465      , -0.30322648557970211      , -0.55106655451075470     
 -0.33646677953343135      , -0.31647813139018632      , -0.53232278152552437     
 -0.35313117896029134      , -0.33137149483996187      , -0.51689626622335638     
 -0.37093010176712410      , -0.34779500501769461      , -0.50464333648177084     
 -0.38956446336227923      , -0.36568009573819377      , -0.49542428169247349     
 -0.40887635369152803      , -0.38499602525408183      , -0.48910736481874190     
 -0.42887843158964012      , -0.40574503181382809      , -0.48557190700941305     
 -0.44973194088207796      , -0.42795787285999853      , -0.48471057270616202     
 -0.47168469425418313      , -0.45168974702394493      , -0.48643097339798735     
 -0.49499785825454068      , -0.47701656066061776      , -0.49065669468592232     
 -0.51989117730653001      , -0.50403147131716031      , -0.49732783551610799     
 -0.54652328326000510      , -0.53284161661660823      , -0.50640113126787600     
 -0.57500639177584378      , -0.56356491644376672      , -0.51784971444532857     
 -0.60544171910128008      , -0.59632681739133375      , -0.53166254835454352     
 -0.63795583189880500      , -0.63125682995497168      , -0.54784355050508726     
 -0.67272194378565675      , -0.66848469021474177      , -0.56641040358499717     
 -0.70995984611599161      , -0.70813595849571220      , -0.58739303269851206     
 -0.74991687715673028      , -0.75032684820996909      , -0.61083170811569854     
 -0.79283694002109817      , -0.79515806005460743      , -0.63677471314776146     
 -0.83892505430503050      , -0.84270738243510879      , -0.66527549721122536     
 -0.88831249452921857      , -0.89302081239096343      , -0.69638921528000819     
 -0.94102572099377935      , -0.94610195840523448      , -0.73016853783086644     
 -0.99696280298063067      ,  -1.0018995157737431      , -0.76665860183091661     
  -1.0558804266221971      ,  -1.0602926681694629      , -0.80589096597885568     
  -1.1173929698592202      ,  -1.1210743804092265      , -0.84787643615008990     
  -1.1809820758071932      ,  -1.1839327250420781      , -0.89259664507869874     
  -1.2460115735706860      ,  -1.2484306490633519      , -0.93999431056875693     
  -1.3117397914981646      ,  -1.3139849560736494      , -0.98996216730446873     
  -1.3773225939397777      ,  -1.3798457674096958      ,  -1.0423306780223585     
  -1.4418043614515710      ,  -1.4450783338110693      ,  -1.0968547897873986     
  -1.5040996853337594      ,  -1.5085497731547308      ,  -1.1532002176860552     
  -1.5629733612315353      ,  -1.5689240468697017      ,  -1.2109300134128256     
  -1.6170283903335849      ,  -1.6246691407812124      ,  -1.2694925020919510     
  -1.6647097263874735      ,  -1.6740808026929315      ,  -1.3282120238056812     
  -1.7043279238286213      ,  -1.7153270618634235      ,  -1.3862842519564700     
  -1.7341036018611786      ,  -1.7465168280709595      ,  -1.4427781088534570     
  -1.7522323208678074      ,  -1.7657938748848623      ,  -1.4966463657802502     
  -1.7569704635139549      ,  -1.7714543110066963      ,  -1.5467467920685003     
  -1.7467442568043812      ,  -1.7620813487078815      ,  -1.5918751048897211     
  -1.7202836845494154      ,  -1.7366862849086970      ,  -1.6308099101921392     
  -1.6767790519308456      ,  -1.6948400507549732      ,  -1.6623683407229719     
  -1.6160504677393741      ,  -1.6367767362150747      ,  -1.6854693344275800     
  -1.5387109736501943      ,  -1.5634504866980163      ,  -1.6991997322826975     
  -1.4462954385374771      ,  -1.4765310201841704      ,  -1.7028769857454698     
  -1.3413206109008751      ,  -1.3783307488594123      ,  -1.6961016460448777     
  -1.2272370933710754      ,  -1.2716669436537500      ,  -1.6787932562460715     
  -1.1082345532127045      ,  -1.1596733249467557      ,  -1.6512048610538417     
 -0.98887824990586970      ,  -1.0455842051320325      ,  -1.6139138845134358     
 -0.87360020559604901      , -0.93251858183882830      ,  -1.5677901395865363     
 -0.76613814010795078      , -0.82329035218042435      ,  -1.5139446234270537     
 -0.66907473964540409      , -0.72026464386512257      ,  -1.4536649478973556     
 -0.58362899618914699      , -0.62527101860698397      ,  -1.3883443792293637     
 -0.50976776818593472      , -0.53957446906770634      ,  -1.3194114175192606     
 -0.44657738965802696      , -0.46389691918436793      ,  -1.2482658107355322     
 -0.39274061046203490      , -0.39847670576091254      ,  -1.1762252245048130     
 -0.34695731139394231      , -0.34315158107041943      ,  -1.1044848893203174     
 -0.30821220964021323      , -0.29745160266351045      ,  -1.0340907775608119     
 -0.27586900863327091      , -0.26069089022894731      , -0.96592546022966486     
 -0.24961801873259257      , -0.23205059843253328      , -0.90070485909712150     
 -0.22932757530033779      , -0.21064875873199193      , -0.83898363355433903     
 -0.21486372127540820      , -0.19559537939723376      , -0.78116684156170324     
 -0.20594459754918934      , -0.18603315816078411      , -0.72752567936784129     
 -0.20207881357597660      , -0.18116536963129981      , -0.67821542530855661     
 -0.20260381435010422      , -0.18027307394903186      , -0.63329409850843954     
 -0.20679873234958870      , -0.18272393010137675      , -0.59274072934587274     
 -0.21401132396289096      , -0.18797475401396574      , -0.55647248585787767     
 -0.22373347452202705      , -0.19556967171577358      , -0.52436018980393284     
 -0.23559290173494876      , -0.20513537557731906      , -0.49624198298935779     
 -0.24927957617965460      , -0.21637465526718860      , -0.47193507244194055     
 -0.26446222408662684      , -0.22905907577723930      , -0.45124560031800964     
 -0.28075289869639469      , -0.24302142513539784      , -0.43397676066707219     
 -0.29774511699055772      , -0.25814835544495218      , -0.41993532984433485     
 -0.31510367450573229      , -0.27437348785925458      , -0.40893679872533489     
 -0.33265340815087829      , -0.29167113772052305      , -0.40080929976955437     
 -0.35041836148205563      , -0.31005073261561378      , -0.39539651574186374     
 -0.36859389456339103      , -0.32955193639568431      , -0.39255974355020584     
 -0.38746961294934079      , -0.35024045017466282      , -0.39217926911047751     
 -0.40734168319196429      , -0.37220443197803904      , -0.39415518944159794     
 -0.42845227906836503      , -0.39555145607950276      , -0.39840779768278439     
 -0.45097610951610884      , -0.42040591799337096      , -0.40487762625429907     
 -0.47505014811631613      , -0.44690677909479126      , -0.41352522341094500     
 -0.50082430074360751      , -0.47520553392195697      , -0.42433071913709575     
 -0.52850537601573777      , -0.50546427174952702      , -0.43729321766365337     
 -0.55837494953150324      , -0.53785369066681721      , -0.45243003565478301     
 -0.59077709099524689      , -0.57255090604011283      , -0.46977578700513067     
 -0.62608533591293991      , -0.60973687501055940      , -0.48938129681772835     
 -0.66466326172237078      , -0.64959323398722135      , -0.51131230806695893     
 -0.70682934212425197      , -0.69229831675282183      , -0.53564792425562802     
 -0.75282978392504640      , -0.73802208723464602      , -0.56247870966875946     
 -0.80281878507873150      , -0.78691968457225403      , -0.59190434535887448     
 -0.85684555802444207      , -0.83912324162272045      , -0.62403071376360286     
 -0.91484911070333719      , -0.89473160635231996      , -0.65896625826376010     
 -0.97666221354222715      , -0.95379757650101715      , -0.69681743709137578     
  -1.0420236716385960      ,  -1.0163122633497086      , -0.73768306581018306     
  -1.1105936528476830      ,  -1.0821862475180342      , -0.78164732251353786     
  -1.1819633361865369      ,  -1.1512273020640964      , -0.82877118020333218     
  -1.2556504799845931      ,  -1.2231146665016239      , -0.87908203927150175     
  -1.3310772232838153      ,  -1.2973701971690170      , -0.93256137033902720     
  -1.4075334834584927      ,  -1.3733272361202213      , -0.98913025796572596     
  -1.4841352589368837      ,  -1.4500987710790152      ,  -1.0486328760822481     
  -1.5597889808605394      ,  -1.5265474263521797      ,  -1.1108181454454200     
  -1.6331700456123457      ,  -1.6012610163540415      ,  -1.1753201399794371     
  -1.7027179166972017      ,  -1.6725387318242921      ,  -1.2416382341557344     
  -1.7666451438427164      ,  -1.7383943355206446      ,  -1.3091185144058646     
  -1.8229560388173374      ,  -1.7965837066088675      ,  -1.3769385845074287     
  -1.8694733087014357      ,  -1.8446642303873391      ,  -1.4440985090625240     
  -1.9038765816142083      ,  -1.8800923057294496      ,  -1.5094211411549825     
  -1.9237631708625025      ,  -1.9003620552261886      ,  -1.5715652975031595     
  -1.9267457715565957      ,  -1.9031827982302114      ,  -1.6290549666315841     
  -1.9106012974608833      ,  -1.8866851170226828      ,  -1.6803267568421569     
  -1.8734779470467424      ,  -1.8496363551116888      ,  -1.7237959816215145     
  -1.8141537933961114      ,  -1.7916380410675179      ,  -1.7579391792960299     
  -1.7323225839256433      ,  -1.7132726957006661      ,  -1.7813877595971110     
  -1.6288671453850960      ,  -1.6161684807156373      ,  -1.7930244250309093     
  -1.5060734149416255      ,  -1.5029588695350191      ,  -1.7920717886868647     
  -1.3677354902378294      ,  -1.3771305048812259      ,  -1.7781619623086107     
  -1.2190912581402222      ,  -1.2427725453127778      ,  -1.7513773102249932     
  -1.0665075965376714      ,  -1.1042599496768615      ,  -1.7122560386931081     
 -0.91684184026727300      , -0.96591582889212391      ,  -1.6617612036872165     
 -0.77650134765630185      , -0.83170052098099057      ,  -1.6012170039848961     
 -0.65040663059755888      , -0.70496700230654741      ,  -1.5322206851177955     
 -0.54122413011787840      , -0.58830656487150945      ,  -1.4565410779602899     
 -0.44921027371119027      , -0.48349030064061937      ,  -1.3760153333794944     
 -0.37274236148269257      , -0.39149578312941646      ,  -1.2924539848468182     
 -0.30926398467966248      , -0.31259772590773183      ,  -1.2075617072594529     
 -0.25621011425574192      , -0.24649732083023929      ,  -1.1228778477963137     
 -0.21160214114136774      , -0.19246644036208602      ,  -1.0397377047734631     
 -0.17425519401820019      , -0.14948788969210711      , -0.95925310181428824     
 -0.14369420934502514      , -0.11637925082458615      , -0.88230924416551371     
 -0.11988772230116213      ,  -9.1893903499562668E-002 , -0.80957411805612767     
 -0.10289847712337062      ,  -7.4797586472046762E-002 , -0.74151662997261869     
  -9.2566320967437679E-002 ,  -6.3922072050415557E-002 , -0.67843005825751912     
  -8.8324343476260100E-002 ,  -5.8199293618304448E-002 , -0.62045799615403852     
  -8.9201018111927891E-002 ,  -5.6679925827361408E-002 , -0.56762064194083117     
  -9.4007714162071099E-002 ,  -5.8540348368154201E-002 , -0.51983993214592517     
 -0.10163245708308680      ,  -6.3081452805168317E-002 , -0.47696256091195804     
 -0.11128568805119321      ,  -6.9722116155089525E-002 , -0.43878036149152644     
 -0.12256254275932105      ,  -7.7989515728857151E-002 , -0.40504784664213661     
 -0.13530166218385595      ,  -8.7507878633341765E-002 , -0.37549692761449566     
 -0.14933926251813559      ,  -9.7986779594274140E-002 , -0.34984897538591037     
 -0.16431177410744494      , -0.10920972673848564      , -0.32782447175601614     
 -0.17963005354751738      , -0.12102349597512529      , -0.30915053859972014     
 -0.19463863729322314      , -0.13332847406205278      , -0.29356664452594172     
 -0.20885272152642409      , -0.14607013108359065      , -0.28082877981958682     
 -0.22212749261342171      , -0.15923164952925400      , -0.27071237047079422     
 -0.23467420860794458      , -0.17282767687931797      , -0.26301417569665608     
 -0.24693209793478216      , -0.18689913183338283      , -0.25755338429269542     
 -0.25937506579410174      , -0.20150897378470639      , -0.25417209580375427     
 -0.27235073868098947      , -0.21673883553326737      , -0.25273534436015060     
 -0.28601857279643822      , -0.23268641671678922      , -0.25313079693558804     
 -0.30039808199696316      , -0.24946353727361886      , -0.25526823416466127     
 -0.31548610055843518      , -0.26719475444867991      , -0.25907890083227025     
 -0.33137569251683108      , -0.28601645195124986      , -0.26451479464037853     
 -0.34831992464650091      , -0.30607631475629160      , -0.27154794566341145     
 -0.36672101335578527      , -0.32753310681370912      , -0.28016972472774587     
 -0.38706498956967283      , -0.35055667081892139      , -0.29039020643681313     
 -0.40984316040423097      , -0.37532806847835753      , -0.30223760130804356     
 -0.43549506879227007      , -0.40203977563750370      , -0.31575776104721937     
 -0.46438207038169860      , -0.43089583842782897      , -0.33101375087482215     
 -0.49678002324236425      , -0.46211188333042980      , -0.34808547250654798     
 -0.53287827801128007      , -0.49591485471487706      , -0.36706931029059908     
 -0.57278186235938766      , -0.53254232681396518      , -0.38807776046718501     
 -0.61652241635068694      , -0.57224120193494643      , -0.41123898881699250     
 -0.66408561073453864      , -0.61526556162170254      , -0.43669624430404413     
 -0.71545490099595388      , -0.66187338119341854      , -0.46460703482419996     
 -0.77065756923726692      , -0.71232174967747208      , -0.49514194493394065     
 -0.82979153231058234      , -0.76686015654029704      , -0.52848294357277537     
 -0.89301683684416244      , -0.82572131529877424      , -0.56482099157809673     
 -0.96050995308744269      , -0.88910889631946843      , -0.60435271386681955     
  -1.0323942489566589      , -0.95718144561732144      , -0.64727584989268017     
  -1.1086689332234876      ,  -1.0300316888973573      , -0.69378314002236041     
  -1.1891565490366216      ,  -1.1076603862467747      , -0.74405424852281254     
  -1.2734780088521302      ,  -1.1899439527310121      , -0.79824527282869806     
  -1.3610517567110869      ,  -1.2765952520927344      , -0.85647535524582685     
  -1.4511061468272408      ,  -1.3671173852263221      , -0.91880991527361622     
  -1.5426924848374362      ,  -1.4607510350535038      , -0.98524008462433921     
  -1.6346874748869595      ,  -1.5564171138177354      ,  -1.0556580887928402     
  -1.7257764910064390      ,  -1.6526582029154728      ,  -1.1298286242713289     
  -1.8144142414073410      ,  -1.7475846497656911      ,  -1.2073567810173433     
  -1.8987670492434137      ,  -1.8388341462472721      ,  -1.2876538045436170     
  -1.9766493965249639      ,  -1.9235568958115867      ,  -1.3699030094540989     
  -2.0454744059750465      ,  -1.9984414754470683      ,  -1.4530294256971485     
  -2.1022402904650987      ,  -2.0597981597360326      ,  -1.5356781714554506     
  -2.1435709896823982      ,  -2.1037152903137084      ,  -1.6162078635177315     
  -2.1658233274869580      ,  -2.1262985059202357      ,  -1.6927062008074754     
  -2.1652711174866495      ,  -2.1239908924464261      ,  -1.7630346532475247     
  -2.1383792407873643      ,  -2.0939542405694795      ,  -1.8249073791125396     
  -2.0821792794524638      ,  -2.0344698460352229      ,  -1.8760056647451384     
  -1.9947384370593257      ,  -1.9452969176045305      ,  -1.9141233645507050     
  -1.8756701395479591      ,  -1.8279153874829066      ,  -1.9373317682185185     
  -1.7265936230172194      ,  -1.6855855241203963      ,  -1.9441455890870691     
  -1.5514565930946236      ,  -1.5231832073349167      ,  -1.9336674312105187     
  -1.3566807595530148      ,  -1.3468136481388202      ,  -1.9056880830014979     
  -1.1510665004166012      ,  -1.1632561703974931      ,  -1.8607252165892612     
 -0.94524259444243941      , -0.97933229922058140      ,  -1.7999928104286804     
 -0.75037013542109887      , -0.80130503042066714      ,  -1.7253055011865772     
 -0.57609929287862749      , -0.63440384938197447      ,  -1.6389329214769353     
 -0.42838726042984976      , -0.48253394132337513      ,  -1.5434260887480573     
 -0.30826534378860493      , -0.34818283590830196      ,  -1.4414396800717835     
 -0.21241593360779232      , -0.23249812814134732      ,  -1.3355709038006018     
 -0.13533131546562463      , -0.13548555971593074      ,  -1.2282293332833776     
  -7.1764886346412246E-002 ,  -5.6269906219155272E-002 ,  -1.1215446562215881     
  -1.8214352852310108E-002 ,   6.6318975710786821E-003 ,  -1.0173126590833490     
   2.6872781979161459E-002 ,   5.5061524558877140E-002 , -0.91697499538263172     
   6.3630867767720672E-002 ,   9.1014157251776917E-002 , -0.82162566727776609     
   9.1493412863205101E-002 ,  0.11648438835860699      , -0.73203639435533829     
  0.10994146658318567      ,  0.13336077817771405      , -0.64869359043157415     
  0.11912053975630958      ,  0.14336166147433382      , -0.57184093095123456     
  0.12009639691686153      ,  0.14800295290998974      , -0.50152299788620158     
  0.11477359471892951      ,  0.14858893126008563      , -0.43762692591034791     
  0.10555776093721342      ,  0.14621829166196354      , -0.37992018122204974     
   9.4735198486212757E-002 ,  0.14179943589764171      , -0.32808352909402183     
   8.3791325070242464E-002 ,  0.13607060347492927      , -0.28173890008174274     
   7.3120285819052888E-002 ,  0.12962183015824019      , -0.24047229154001515     
   6.2307729520766277E-002 ,  0.12291679566143585      , -0.20385209363802392     
   5.0782040971313912E-002 ,  0.11631340530896644      , -0.17144335712803233     
   3.8483821183933516E-002 ,  0.11008249150981247      , -0.14281856471464840     
   2.6177819847853327E-002 ,  0.10442437711713656      , -0.11756546009112379     
   1.5192018111181496E-002 ,   9.9483265975480822E-002 ,  -9.5292450698742537E-002
   6.7817145667077175E-003 ,   9.5359557810579046E-002 ,  -7.5632046969053610E-002
   1.5774404863407700E-003 ,   9.2120256097234787E-002 ,  -5.8242741815565935E-002
  -5.8103808220173227E-004 ,   8.9807670522331809E-002 ,  -4.2809675278040152E-002
  -4.1197794681588785E-004 ,   8.8446624947945987E-002 ,  -2.9044373790967137E-002
   1.2623963244214938E-003 ,   8.8050377067792895E-002 ,  -1.6683803224649796E-002
   3.9308367549420820E-003 ,   8.8625443418063860E-002 ,  -5.4889303017962065E-003
   7.5713362911605875E-003 ,   9.0175506903978228E-002 ,   4.7570517042281801E-003
   1.2545767951939523E-002 ,   9.2704565893845861E-002 ,   1.4250710197358178E-002
   1.9301825989048168E-002 ,   9.6219465629758111E-002 ,   2.3170478593267770E-002
   2.8066343730371278E-002 ,  0.10073193503900983      ,   3.1678808289697137E-002
   3.8702138276602412E-002 ,  0.10626023546901686      ,   3.9924315065625528E-002
   5.0777360340677535E-002 ,  0.11283051264599034      ,   4.8043883403733036E-002
   6.3775935136591633E-002 ,  0.12047792935848968      ,   5.6164704860415256E-002
   7.7320266733606799E-002 ,  0.12924764397219127      ,   6.4406236612651963E-002
   9.1283312803333044E-002 ,  0.13919568879702723      ,   7.2882074089193616E-002
  0.10575463036820272      ,  0.15038979239713457      ,   8.1701737491125151E-002
  0.12093881957844187      ,  0.16291018095003260      ,   9.0972376317400280E-002
  0.13707769520608118      ,  0.17685038546522014      ,  0.10080039897459114     
  0.15442432384973789      ,  0.19231807375030874      ,  0.11129303635303416     
  0.17325878205007941      ,  0.20943591808758993      ,  0.12255984902471209     
  0.19390972002721293      ,  0.22834250119983526      ,  0.13471418753482758     
  0.21673260707086270      ,  0.24919325368583059      ,  0.14787461413054032     
  0.24204068117256372      ,  0.27216140501006614      ,  0.16216629213985403     
  0.27003966315469530      ,  0.29743891648856235      ,  0.17772234594660688     
  0.30081413912196875      ,  0.32523734746483168      ,  0.19468518987864572     
  0.33437655588381471      ,  0.35578858369275485      ,  0.21320781800241143     
  0.37075667280285757      ,  0.38934532818804513      ,  0.23345503833546014     
  0.41008808711206451      ,  0.42618121744158366      ,  0.25560462372991749     
  0.45264890655489731      ,  0.46659037743175252      ,  0.27984833683908750     
  0.49884382803473404      ,  0.51088617139247883      ,  0.30639276713294245     
  0.54914830935128256      ,  0.55939881143258230      ,  0.33545989260639347     
  0.60404843709021006      ,  0.61247140525082377      ,  0.36728724609690205     
  0.66399550837837373      ,  0.67045388387585647      ,  0.40212752422049775     
  0.72937213827957792      ,  0.73369410400377422      ,  0.44024742390437027     
  0.80046155796088803      ,  0.80252523878664739      ,  0.48192542541007199     
  0.87741745289893158      ,  0.87724836805713469      ,  0.52744816004763362     
  0.96023427100146264      ,  0.95810896533412482      ,  0.57710490493869326     
   1.0487280109933839      ,   1.0452657805728223      ,  0.63117963775002872     
   1.1425440156266387      ,   1.1387504820354777      ,  0.68993996663175328     
   1.2411887840401534      ,   1.2384164273482181      ,  0.75362213632406572     
   1.3440570383112398      ,   1.3438752066554114      ,  0.82241122208398265     
   1.4504218391489516      ,   1.4544203201472676      ,  0.89641559472431365     
   1.5593701013653891      ,   1.5689387609178072      ,  0.97563482829485038     
   1.6696882999327605      ,   1.6858136658766292      ,   1.0599205065801458     
   1.7797327690772167      ,   1.8028248692118054      ,   1.1489299706560232     
   1.8873324633349884      ,   1.9170593339240956      ,   1.2420740599845279     
   1.9897541792219768      ,   2.0248499264203508      ,   1.3384614507544750     
   2.0837275840987997      ,   2.1217681005363196      ,   1.4368443490931841     
   2.1655041539017126      ,   2.2027020523138305      ,   1.5355729780716709     
   2.2309207246051010      ,   2.2620538223631388      ,   1.6325691829374855     
   2.2754609640785395      ,   2.2940825631095625      ,   1.7253318865775926     
   2.2943482059386189      ,   2.2934025096515773      ,   1.8109879719485740     
   2.2827414671020372      ,   2.2556108582566328      ,   1.8864000927656583     
   2.2361182773933632      ,   2.1779756365249536      ,   1.9483366994347122     
   2.1508880790236331      ,   2.0600674067786091      ,   1.9936988387326597     
   2.0251753161861790      ,   1.9041894755754216      ,   2.0197843039439829     
   1.8595814121508993      ,   1.7154692943814802      ,   2.0245557812127513     
   1.6577087880302828      ,   1.5015302430138926      ,   2.0068705581414674     
   1.4264104701479783      ,   1.2717598040209583      ,   1.9666297015238157     
   1.1758984312147480      ,   1.0362971825751546      ,   1.9048163682796677     
  0.91958210746780833      ,  0.80493991239132967      ,   1.8234138682300103     
  0.67298291494796469      ,  0.58618396610125834      ,   1.7252181534258575     
  0.45112884622989846      ,  0.38656124625243360      ,   1.6135790714816123     
  0.26477873894471987      ,  0.21034630813473335      ,   1.4921143988777912     
  0.11715211531271681      ,   5.9608695163686748E-002 ,   1.3644388805009304     
   3.5732983162288581E-003 ,  -6.5479933137011226E-002 ,   1.2339398472094227     
  -8.5160866337701507E-002 , -0.16620055027530495      ,   1.1036162944159156     
 -0.15797631015599420      , -0.24481000764352695      ,  0.97598429919751772     
 -0.22037672897106150      , -0.30410886996064257      ,  0.85304136147876719     
 -0.27416014477219103      , -0.34709476490187574      ,  0.73627664433751827     
 -0.31883385992709606      , -0.37671289195006802      ,  0.62671257737338548     
 -0.35302047994074898      , -0.39569614814294074      ,  0.52496455981118595     
 -0.37570938889279137      , -0.40647782964416257      ,  0.43130818574931273     
 -0.38738348365308994      , -0.41115746707718875      ,  0.34574645755035577     
 -0.39019101052186922      , -0.41150210621487715      ,  0.26807221390270930     
 -0.38732360643975422      , -0.40896890310199524      ,  0.19792318892810590     
 -0.38242854615036742      , -0.40473875859198022      ,  0.13482868670199558     
 -0.37878360756850638      , -0.39975409662649936      ,   7.8247876867343358E-002
 -0.37810964085149973      , -0.39475651542952789      ,   2.7600314319150377E-002
 -0.38005688330326509      , -0.39032191242298492      ,  -1.7710416716385423E-002
 -0.38287130851824780      , -0.38689192741735651      ,  -5.8278932325788971E-002
 -0.38463906568424483      , -0.38480132170628584      ,  -9.4685166360762144E-002
 -0.38452947535559728      , -0.38430135678688487      , -0.12748546907213734     
 -0.38349908432543756      , -0.38557946906189577      , -0.15720688788408219     
 -0.38383744911274698      , -0.38877563790933228      , -0.18434394603443194     
 -0.38781549911009400      , -0.39399586905819672      , -0.20935734501658584     
 -0.39654303217587916      , -0.40132319833040991      , -0.23267411661505247     
 -0.40968474674199912      , -0.41082658358391927      , -0.25468883757681537     
 -0.42594345777332160      , -0.42256800707019559      , -0.27576559431625691     
 -0.44396201164967442      , -0.43660806267782115      , -0.29624044721241904     
 -0.46309272494035608      , -0.45301025559336150      , -0.31642419513785502     
 -0.48362869623817539      , -0.47184419680003337      , -0.33660528206910106     
 -0.50651090231957352      , -0.49318783156868379      , -0.35705272011539529     
 -0.53273982554613819      , -0.51712879917563415      , -0.37801892807114496     
 -0.56284676367903841      , -0.54376497977004823      , -0.39974240249018106     
 -0.59675189904252279      , -0.57320424278403181      , -0.42245014997122587     
 -0.63399664630392238      , -0.60556336871600913      , -0.44635981535506558     
 -0.67412632771545600      , -0.64096607180850518      , -0.47168144125200534     
 -0.71702817151545895      , -0.67954000459510544      , -0.49861879002709569     
 -0.76302512511412268      , -0.72141257642418488      , -0.52737015029433365     
 -0.81263207358330369      , -0.76670536747726248      , -0.55812853633776005     
 -0.86621306705470891      , -0.81552686917319506      , -0.59108117101442681     
 -0.92382075163074140      , -0.86796323453109814      , -0.62640812116689004     
 -0.98522392003031112      , -0.92406668383501045      , -0.66427993038313904     
  -1.0500519528236874      , -0.98384119101453216      , -0.70485406880495360     
  -1.1179769273080196      ,  -1.0472250883707017      , -0.74826999640014280     
  -1.1887707586525145      ,  -1.1140702913966432      , -0.79464261903395428     
  -1.2621859878324904      ,  -1.1841179882630797      , -0.84405391227026083     
  -1.3377991208912101      ,  -1.2569708943107780      , -0.89654250528706636     
  -1.4149281320954277      ,  -1.3320625811600497      , -0.95209106900782137     
  -1.4926396716652020      ,  -1.4086249955284553      ,  -1.0106114543405447     
  -1.5698166007766099      ,  -1.4856561204709910      ,  -1.0719276969676881     
  -1.6452254109914493      ,  -1.5618908147046162      ,  -1.1357572641826892     
  -1.7175191711507654      ,  -1.6357791596741007      ,  -1.2016912837629112     
  -1.7851754545369285      ,  -1.7054780339848252      ,  -1.2691749722667758     
  -1.8464156227257695      ,  -1.7688628873783263      ,  -1.3374900584707226     
  -1.8991642916857181      ,  -1.8235674200729917      ,  -1.4057416326856329     
  -1.9410838495513678      ,  -1.8670585584756816      ,  -1.4728524544807782     
  -1.9696655514999917      ,  -1.8967521385750084      ,  -1.5375681751794532     
  -1.9823472429416238      ,  -1.9101705150628026      ,  -1.5984769812271005     
  -1.9766562333651976      ,  -1.9051366868038477      ,  -1.6540466183546458     
  -1.9503785449261337      ,  -1.8799909029060546      ,  -1.7026804229180070     
  -1.9017653238290930      ,  -1.8338064567641899      ,  -1.7427917898376235     
  -1.8298013452577033      ,  -1.7665738233804884      ,  -1.7728935811366489     
  -1.7345207039682426      ,  -1.6793193399910480      ,  -1.7916957382361516     
  -1.6173096339417814      ,  -1.5741287994909499      ,  -1.7982014834472844     
  -1.4811329227784096      ,  -1.4540585711738296      ,  -1.7917907942460058     
  -1.3306223970241202      ,  -1.3229355864692047      ,  -1.7722800115972297     
  -1.1719416710359032      ,  -1.1850684983651558      ,  -1.7399488134297523     
  -1.0123231684809628      ,  -1.0449098261764556      ,  -1.6955300711564372     
 -0.85921071611006483      , -0.90671780055009554      ,  -1.6401634518064443     
 -0.71909309811890898      , -0.77426443399857336      ,  -1.5753188259838156     
 -0.59635433034188667      , -0.65062418559314306      ,  -1.5026994293425207     
 -0.49261762831781464      , -0.53805960856055846      ,  -1.4241365517228026     
 -0.40691456995726033      , -0.43800192017994610      ,  -1.3414871510683963     
 -0.33659274522660321      , -0.35111004356225739      ,  -1.2565436330226010     
 -0.27849248258027881      , -0.27738372851379317      ,  -1.1709618668190174     
 -0.22988135770201970      , -0.21630490680726164      ,  -1.0862101432000582     
 -0.18891306172267269      , -0.16698485479310698      ,  -1.0035388660824414     
 -0.15467506770840050      , -0.12830075441590932      , -0.92396866930221366     
 -0.12697700680018562      ,  -9.9011800828282467E-002 , -0.84829344980179178     
 -0.10598795119860348      ,  -7.7850703932708876E-002 , -0.77709439787087953     
  -9.1831963409882339E-002 ,  -6.3590613793592488E-002 , -0.71076127246323817     
  -8.4271208482911766E-002 ,  -5.5090083998159803E-002 , -0.64951768650273467     
  -8.2569282991942869E-002 ,  -5.1319928652182122E-002 , -0.59344783846858606     
  -8.5575247737713980E-002 ,  -5.1376111790610725E-002 , -0.54252281249798806     
  -9.2006063498410673E-002 ,  -5.4482506497482014E-002 , -0.49662518528688282     
 -0.10079514649387998      ,  -5.9986771525834218E-002 , -0.45557118450738321     
 -0.11130945929518779      ,  -6.7351918144290771E-002 , -0.41913003141958882     
 -0.12331722835946496      ,  -7.6145498697450006E-002 , -0.38704037906701927     
 -0.13674708441124206      ,  -8.6027798752510112E-002 , -0.35902394463510756     
 -0.15139501207663011      ,  -9.6739974650656230E-002 , -0.33479655016284376     
 -0.16676179563049454      , -0.10809274326090544      , -0.31407684844854894     
 -0.18212494206260937      , -0.11995598579839001      , -0.29659303637498741     
 -0.19679387024598030      , -0.13224945471734162      , -0.28208785835243927     
 -0.21037940651026701      , -0.14493465480064185      , -0.27032218738771446     
 -0.22292064213012236      , -0.15800789211005009      , -0.26107744707156139     
 -0.23481777096751771      , -0.17149443591142843      , -0.25415710912940392     
 -0.24662818785785087      , -0.18544371031143450      , -0.24938747116086327     
 -0.25883989857437867      , -0.19992541770844602      , -0.24661788975310234     
 -0.27172767737939690      , -0.21502649063002746      , -0.24572061646105828     
 -0.28534228126858857      , -0.23084876878264615      , -0.24659035883437774     
 -0.29961562330056063      , -0.24750730180244249      , -0.24914366600070298     
 -0.31451425500358399      , -0.26512918355277493      , -0.25331821830752771     
 -0.33016108027386337      , -0.28385282959556735      , -0.25907208303752821     
 -0.34687474195200158      , -0.30382761469181757      , -0.26638298299531660     
 -0.36512514465911083      , -0.32521379106320952      , -0.27524761149537930     
 -0.38544396503915845      , -0.34818260996592526      , -0.28568101558953890     
 -0.40834043289048499      , -0.37291656820932029      , -0.29771605884614949     
 -0.43425150652100847      , -0.39960969688581727      , -0.31140296518496530     
 -0.46352267957163407      , -0.42846780097640164      , -0.32680893569513642     
 -0.49640171786775217      , -0.45970854475326928      , -0.34401782048743806     
 -0.53303574626878114      , -0.49356125796539929      , -0.36312981686817919     
 -0.57347497131663672      , -0.53026631045188799      , -0.38426115281641809     
 -0.61769324526175207      , -0.57007386672513005      , -0.40754370016543978     
 -0.66563266928876974      , -0.61324178576453203      , -0.43312444421807728     
 -0.71726432455648848      , -0.66003237338925247      , -0.46116471487057925     
 -0.77264124502551546      , -0.71070762410160104      , -0.49183905773979042     
 -0.83191767081220913      , -0.76552250598750449      , -0.52533359135827784     
 -0.89532153742132947      , -0.82471574748206744      , -0.56184365743896569     
 -0.96308649799759294      , -0.88849748268377926      , -0.60157052509409392     
  -1.0353660404760077      , -0.95703301110356997      , -0.64471685702333670     
  -1.1121576764043186      ,  -1.0304218440011301      , -0.69148058764199649     
  -1.1932567980345286      ,  -1.1086711689674305      , -0.74204680358594444     
  -1.2782443085546618      ,  -1.1916629079707703      , -0.79657716295425818     
  -1.3664989915379575      ,  -1.2791137317463777      , -0.85519635278332806     
  -1.4572203842440645      ,  -1.3705278083744008      , -0.91797508300500474     
  -1.5494480724056598      ,  -1.4651428133852800      , -0.98490917658624821     
  -1.6420649733820381      ,  -1.5618709377351614      ,  -1.0558944769156287     
  -1.7337752008142349      ,  -1.6592384213378226      ,  -1.1306976022292721     
  -1.8230539156320353      ,  -1.7553295920387670      ,  -1.2089230872994532     
  -1.9080760458373374      ,  -1.8477444638281029      ,  -1.2899782167765024     
  -1.9866410692411964      ,  -1.9335823784575716      ,  -1.3730379039287575     
  -2.0561185299962461      ,  -2.0094673378281551      ,  -1.4570132840711101     
  -2.1134385480062967      ,  -2.0716324741702135      ,  -1.5405291632885045     
  -2.1551431018817384      ,  -2.1160799622598705      ,  -1.6219168435451898     
  -2.1775051064982787      ,  -2.1388267571723301      ,  -1.6992297223010837     
  -2.1767211366111292      ,  -2.1362343452227091      ,  -1.7702888766971601     
  -2.1491899812566659      ,  -2.1054020599515408      ,  -1.8327639813947796     
  -2.0918921071215495      ,  -2.0445807668991480      ,  -1.8842909353405151     
  -2.0028662775744435      ,  -1.9535423966589387      ,  -1.9226215166584080     
  -1.8817322285616456      ,  -1.8338290488603362      ,  -1.9457930344686416     
  -1.7301617016950777      ,  -1.6888114028237018      ,  -1.9522989358118306     
  -1.5522068448616568      ,  -1.5235141097589926      ,  -1.9412368422279591     
  -1.3544465547148548      ,  -1.3442120210571691      ,  -1.9124105565793181     
  -1.1458884451525828      ,  -1.1578532144471796      ,  -1.8663681352799042     
 -0.93740268949823891      , -0.97140576902449882      ,  -1.8043683566136113     
 -0.74038114694747870      , -0.79124071353522030      ,  -1.7282803210774276     
 -0.56462206872883158      , -0.62264865754680543      ,  -1.6404321365977033     
 -0.41608042955517582      , -0.46954913069346166      ,  -1.5434317569348321     
 -0.29562256753099980      , -0.33440429339267902      ,  -1.4399846537350298     
 -0.19967663082051990      , -0.21830781663064763      ,  -1.3327295467317848     
 -0.12251334117431736      , -0.12119519779513725      ,  -1.2241066936955947     
  -5.8784498367927068E-002 ,  -4.2115597683410992E-002 ,  -1.1162655197519116     
  -5.0109542203984683E-003 ,   2.0486709436646308E-002 ,  -1.0110115465697123     
   4.0268446011078235E-002 ,   6.8517777469615099E-002 , -0.90978775496973741     
   7.7090003594457487E-002 ,  0.10402626193743578      , -0.81368293448099915     
  0.10482155000757588      ,  0.12904874663052246      , -0.72345890814728753     
  0.12293546624533225      ,  0.14550507020936551      , -0.63958917068628618     
  0.13162967853153734      ,  0.15513562773870865      , -0.56230283043951657     
  0.13206057878714850      ,  0.15947093878374241      , -0.49162931722975295     
  0.12623333604846806      ,  0.15982416769303215      , -0.42744079806285401     
  0.11664174072118047      ,  0.15729872395344635      , -0.36949047281843572     
  0.10562194463617069      ,  0.15280484568268940      , -0.31744585488358845     
   9.4652935354143306E-002 ,  0.14708076104513482      , -0.27091679461893292     
   8.4076872772068420E-002 ,  0.14071543813105639      , -0.22947842460269577     
   7.3414578705163311E-002 ,  0.13417102251796589      , -0.19268945063371956     
   6.2050688692194926E-002 ,  0.12780384748378712      , -0.16010633292912446     
   4.9924860209010588E-002 ,  0.12188343978152048      , -0.13129393972555115     
   3.7841184352949642E-002 ,  0.11660929459036382      , -0.10583324203678925     
   2.7178553336003788E-002 ,  0.11212541045637760      ,  -8.3326575815892520E-002
   1.9222157734312739E-002 ,  0.10853270131855734      ,  -6.3400941043187109E-002
   1.4599309954206293E-002 ,  0.10589946947631626      ,  -4.5709745725188280E-002
   1.3123352861253873E-002 ,  0.10427015253733518      ,  -2.9933342086985087E-002
   1.4047191941791753E-002 ,  0.10367256371322282      ,  -1.5778645510833335E-002
   1.6537138778640360E-002 ,  0.10412383785823971      ,  -2.9780755577153233E-003
   2.0095797890571039E-002 ,  0.10563528140448651      ,   8.7119867305855848E-003
   2.4733719628652409E-002 ,  0.10821630655474181      ,   1.9513070123515407E-002
   3.0848107885429275E-002 ,  0.11187761099747581      ,   2.9626691293402192E-002
   3.8908067781064995E-002 ,  0.11663374533339807      ,   3.9236545986113792E-002
   4.9140560982491116E-002 ,  0.12250519210664432      ,   4.8510742915426050E-002
   6.1393788507218279E-002 ,  0.12952006322130361      ,   5.7604029240280456E-002
   7.5221449966891243E-002 ,  0.13771550677706540      ,   6.6659972083182917E-002
   9.0107599770112581E-002 ,  0.14713890001021801      ,   7.5813073027227965E-002
  0.10569645709494968      ,  0.15784889200725963      ,   8.5190802334656729E-002
  0.12190057545963973      ,  0.16991634801598865      ,   9.4915547152699190E-002
  0.13885498901762922      ,  0.18342523629126711      ,  0.10510647354626416     
  0.15680477382466998      ,  0.19847348819084690      ,  0.11588130609579436     
  0.17602225896780968      ,  0.21517385232113451      ,  0.12735803123493067     
  0.19678102379897336      ,  0.23365475348327366      ,  0.13965653162546596     
  0.21937520918329040      ,  0.25406115644904970      ,  0.15290015875808619     
  0.24414559216306531      ,  0.27655542254615456      ,  0.16721724963564050     
  0.27145958985763136      ,  0.30131813284431563      ,  0.18274259076972924     
  0.30164160777633126      ,  0.32854883440907107      ,  0.19961882863850883     
  0.33490795223171471      ,  0.35846664439448767      ,  0.21799781994534886     
  0.37135513469244125      ,  0.39131061915952309      ,  0.23804190709181647     
  0.41101123479527368      ,  0.42733976025768178      ,  0.25992509369566286     
  0.45392634998186976      ,  0.46683248383084736      ,  0.28383408103491098     
  0.50025685542814746      ,  0.51008532201043177      ,  0.30996910807541045     
  0.55029965776575085      ,  0.55741055142552731      ,  0.33854451411498021     
  0.60446514565769915      ,  0.60913235169282998      ,  0.36978891269851522     
  0.66321202467245777      ,  0.66558098285394907      ,  0.40394482676344723     
  0.72697968359058929      ,  0.72708433304494668      ,  0.44126758626840140     
  0.79613753827185330      ,  0.79395602623684047      ,  0.48202322918040019     
  0.87094752103347362      ,  0.86647909879151963      ,  0.52648507335109662     
  0.95153108461618230      ,  0.94488406424180749      ,  0.57492854014299799     
   1.0378380020871054      ,   1.0293200115880103      ,  0.62762371220481183     
   1.1296162780935657      ,   1.1198172657769607      ,  0.68482500244872102     
   1.2263927632328300      ,   1.2162401498838087      ,  0.74675720953346603     
   1.3274798670768737      ,   1.3182286351005581      ,  0.81359715612049432     
   1.4320025493929389      ,   1.4251283035935616      ,  0.88545008151459337     
   1.5389149183999151      ,   1.5359092905780751      ,  0.96232003866968674     
   1.6469764391035360      ,   1.6490769691601981      ,   1.0440737963954980     
   1.7546764266703447      ,   1.7625803520093120      ,   1.1303982621456463     
   1.8601198877459841      ,   1.8737286770511576      ,   1.2207523257973252     
   1.9609149884923653      ,   1.9791323337539792      ,   1.3143153831750887     
   2.0541084834956509      ,   2.0746905761774594      ,   1.4099366878493840     
   2.1361911133750682      ,   2.1556539445227054      ,   1.5060920462594489     
   2.2031637887555529      ,   2.2167915023342668      ,   1.6008569537318578     
   2.2506431336051054      ,   2.2526884218042524      ,   1.6919075042317528     
   2.2739986803918142      ,   2.2581843870692953      ,   1.7765613825387028     
   2.2685502780616096      ,   2.2289354566246842      ,   1.8518697931255470     
   2.2298889257232308      ,   2.1620431645734275      ,   1.9147661847452768     
   2.1543820276918471      ,   2.0566529170936714      ,   1.9622686169821451     
   2.0398549385097247      ,   1.9143940614837531      ,   1.9917204286638490     
   1.8863196372942217      ,   1.7395340488428781      ,   2.0010411052933321     
   1.6965530987531339      ,   1.5387608201874197      ,   1.9889499507456627     
   1.4764343652386374      ,   1.3205875736851553      ,   1.9551235362441517     
   1.2351168475354397      ,   1.0944698721640391      ,   1.9002562817400708     
  0.98497293484051196      ,  0.86980197130440695      ,   1.8260108125278076     
  0.74078354050702278      ,  0.65498696600371087      ,   1.7348662255019947     
  0.51753695398924060      ,  0.45674402410833626      ,   1.6298915649064565     
  0.32694135302687533      ,  0.27974115223213653      ,   1.5144830970439576     
  0.17400117893528985      ,  0.12655500924438956      ,   1.3921050714225933     
   5.5905916195806787E-002 ,  -2.1093609545281568E-003 ,   1.2660659784698975     
  -3.5503603066935313E-002 , -0.10703999294361360      ,   1.1393497488246689     
 -0.10924617721299315      , -0.19008160102014149      ,   1.0145082306768012     
 -0.17166544865090716      , -0.25371953242299472      ,  0.89361081724419855     
 -0.22549439306005764      , -0.30073129688479561      ,  0.77824067797363217     
 -0.27088603051250415      , -0.33392454246025399      ,  0.66952453904332021     
 -0.30675264443906314      , -0.35596005720225277      ,  0.56818335328088643     
 -0.33193857024754297      , -0.36924698732802863      ,  0.47459326396003948     
 -0.34638025144329404      , -0.37589322082260024      ,  0.38884895656509771     
 -0.35158243231458169      , -0.37769423707262845      ,  0.31082411065795684     
 -0.35023130770501121      , -0.37614639022080093      ,  0.24022584882287670     
 -0.34567183092151826      , -0.37247398388673925      ,  0.17664171537082027     
 -0.34122018715147878      , -0.36766269850571237      ,  0.11957883348917736     
 -0.33903730693498868      , -0.36249455027626887      ,   6.8495581330194732E-002
 -0.33937219039006183      , -0.35758150586839088      ,   2.2826506073900316E-002
 -0.34090523400039779      , -0.35339622047587044      ,  -1.7998639778078043E-002
 -0.34182835083859919      , -0.35029923678836039      ,  -5.4540824849171811E-002
 -0.34106343587584326      , -0.34856251030891594      ,  -8.7341759806201569E-002
 -0.33911987287036682      , -0.34838942264384626      , -0.11691723052267909     
 -0.33795985941958839      , -0.34993159229674742      , -0.14375306250130479     
 -0.33985815523067653      , -0.35330285041969134      , -0.16830313786135651     
 -0.34618752755420723      , -0.35859075534454887      , -0.19098898192971681     
 -0.35692941565666703      , -0.36586599856871060      , -0.21220052210168877     
 -0.37097271153528333      , -0.37519002047089617      , -0.23229769598738090     
 -0.38691705615094413      , -0.38662111437854607      , -0.25161264904947012     
 -0.40389136437591716      , -0.40021925684407017      , -0.27045231471455861     
 -0.42192826410490991      , -0.41604986199587363      , -0.28910121329269922     
 -0.44181037820039776      , -0.43418661921318441      , -0.30782434099060302     
 -0.46456218427707563      , -0.45471353602796433      , -0.32687004780146445     
 -0.49089323814919700      , -0.47772627159494169      , -0.34647282392138790     
 -0.52093498333368438      , -0.50333280959024207      , -0.36685592925790400     
 -0.55435923646329033      , -0.53165348217388397      , -0.38823381009042951     
 -0.59070887393874405      , -0.56282031778690689      , -0.41081425140154459     
 -0.62974945000172233      , -0.59697564414214421      , -0.43480021307211597     
 -0.67164782419511637      , -0.63426983296738892      , -0.46039129315319621     
 -0.71683894575058027      , -0.67485802422642949      , -0.48778475182937375     
 -0.76572527085143205      , -0.71889561443919947      , -0.51717601545449898     
 -0.81849207013276892      , -0.76653223684161209      , -0.54875856116675947     
 -0.87510098237839551      , -0.81790390218311593      , -0.58272305918769784     
 -0.93539593920480268      , -0.87312291159351063      , -0.61925562236534037     
 -0.99925842640352780      , -0.93226510369459192      , -0.65853498173058778     
  -1.0666763167667208      , -0.99535396770232754      , -0.70072837453749337     
  -1.1376428314578948      ,  -1.0623411591474730      , -0.74598590049483626     
  -1.2119914348898335      ,  -1.1330830190770358      , -0.79443307761640658     
  -1.2892957990491127      ,  -1.2073128544503686      , -0.84616131890993951     
  -1.3688670386099555      ,  -1.2846090303135032      , -0.90121606603373261     
  -1.4498236435201666      ,  -1.3643594057596606      , -0.95958237131782331     
  -1.5311776037060094      ,  -1.4457233725700702      ,  -1.0211678349887090     
  -1.6118642010752486      ,  -1.5275937779192856      ,  -1.0857830039380234     
  -1.6906909421308731      ,  -1.6085623533591964      ,  -1.1531196477268890     
  -1.7662418332090670      ,  -1.6868938939161400      ,  -1.2227277695525685     
  -1.8367954379175742      ,  -1.7605161903145281      ,  -1.2939927958138346     
  -1.9003031199136453      ,  -1.8270343129837907      ,  -1.3661151039794051     
  -1.9544233649421392      ,  -1.8837787772127064      ,  -1.4380948387112886     
  -1.9965818162784577      ,  -1.9278966816365157      ,  -1.5087257139824952     
  -2.0240475206288977      ,  -1.9564922881605553      ,  -1.5766020145148025     
  -2.0340275171369431      ,  -1.9668179842404507      ,  -1.6401430354681412     
  -2.0237924704535932      ,  -1.9565078935156675      ,  -1.6976384459203631     
  -1.9908750924896144      ,  -1.9238352622592316      ,  -1.7473162883833551     
  -1.9333645378176940      ,  -1.8679631247608479      ,  -1.7874324592804500     
  -1.8502685838222162      ,  -1.7891488963989355      ,  -1.8163767754887499     
  -1.7418875037219688      ,  -1.6888613174542515      ,  -1.8327867172578691     
  -1.6101374926431724      ,  -1.5697756537403367      ,  -1.8356565804305158     
  -1.4587609227176273      ,  -1.4356308657342878      ,  -1.8244281277482193     
  -1.2933660668612110      ,  -1.2909575812169940      ,  -1.7990497282333926     
  -1.1212109444106426      ,  -1.1407118013422741      ,  -1.7599946421626305     
 -0.95059323144092400      , -0.98986866166433762      ,  -1.7082349636031091     
 -0.78975378673282282      , -0.84303727905915227      ,  -1.6451744759519611     
 -0.64544425281922457      , -0.70414998917810345      ,  -1.5725497021054149     
