   1.2560631298527518      ,   2.1229450724483714      ,   1.4655193661558268     
   2.1591096709111666      ,   2.1929852415350255      ,   1.5610585270229873     
   2.3207903857752368      ,   2.2400776937172493      ,   1.6539053462152871     
   2.3256880126275443      ,   2.2589017442634218      ,   1.7415228812149708     
   2.2366227796645246      ,   2.2447042742917840      ,   1.8210630112943438     
   2.1462020307706595      ,   2.1939089102960634      ,   1.8894909061409448     
   2.0537939146722168      ,   2.1047402225179983      ,   1.9437656688917380     
   1.9563032914705669      ,   1.9777454803439807      ,   1.9810672081207392     
   1.8398901329153945      ,   1.8160821072783706      ,   1.9990464820024860     
   1.6966335359573521      ,   1.6254624622894605      ,   1.9960649989817625     
   1.5211353928090934      ,   1.4137129629515430      ,   1.9713841858516696     
   1.3152368693514340      ,   1.1899972664110152      ,   1.9252693066812612     
   1.0893194402109385      ,  0.96384218103004549      ,   1.8589865037522069     
  0.86246100917951540      ,  0.74415591195967179      ,   1.7746919444430655     
  0.65570487445352899      ,  0.53842131673974125      ,   1.6752329415465239     
  0.48139931722348484      ,  0.35218728446955988      ,   1.5638959838847664     
  0.33862507204544706      ,  0.18889565376218667      ,   1.4441420266186100     
  0.21872182946373767      ,   5.0001978019320249E-002 ,   1.3193650556489360     
  0.11262440446021284      ,  -6.4700883798565631E-002 ,   1.1926989228874905     
   1.4440307607025929E-002 , -0.15666063759309845      ,   1.0668841267543117     
  -7.7916628443161634E-002 , -0.22813426990100699      ,  0.94419438639734021     
 -0.16331355761030258      , -0.28180797976757588      ,  0.82641469034470127     
 -0.23843991808954848      , -0.32049834109380249      ,  0.71485843581946695     
 -0.29899449600087247      , -0.34694074961631782      ,  0.61041059040920653     
 -0.34092009841457616      , -0.36365620077566646      ,  0.51358530372947420     
 -0.36168179391757316      , -0.37288048745330526      ,  0.42458891988492709     
 -0.36151247636288708      , -0.37653861886822665      ,  0.34338204425120999     
 -0.34430510367213257      , -0.37624917459232166      ,  0.26973670639260389     
 -0.31759278784093659      , -0.37334652660465156      ,  0.20328652779630416     
 -0.29113724296881549      , -0.36891220776140959      ,  0.14356912745924336     
 -0.27425846843655699      , -0.36380958762195265      ,   9.0060855130340983E-002
 -0.27289722302398339      , -0.35871823902491112      ,   4.2204439621893741E-002
 -0.28775385937159714      , -0.35416596004674755      ,  -5.6961569239652996E-004
 -0.31433243366388036      , -0.35055746826940914      ,  -3.8826978221081797E-002
 -0.34481630307916306      , -0.34819944144875398      ,  -7.3117879548269940E-002
 -0.37099954435864613      , -0.34732196114584557      , -0.10396913675487859     
 -0.38718465990621415      , -0.34809661831423416      , -0.13187907821838246     
 -0.39203381292496298      , -0.35065163044657438      , -0.15731475324318300     
 -0.38876701589849411      , -0.35508434474769440      , -0.18071090378070817     
 -0.38370483687737422      , -0.36147149037983400      , -0.20247026648446861     
 -0.38378373184125825      , -0.36987751301508459      , -0.22296485238673353     
 -0.39406444422738274      , -0.38036128702789984      , -0.24253791924495635     
 -0.41616504119211239      , -0.39298146021187508      , -0.26150640862046931     
 -0.44806262978592026      , -0.40780064560972051      , -0.28016366693359418     
 -0.48516429373492764      , -0.42488863596647064      , -0.29878230811027573     
 -0.52216133187831704      , -0.44432477860534586      , -0.31761710598075332     
 -0.55497139172285292      , -0.46619961183729980      , -0.33690782818834025     
 -0.58207187787648806      , -0.49061582772856122      , -0.35688194075595159     
 -0.60478237808046109      , -0.51768858938690709      , -0.37775712423213165     
 -0.62649059532322515      , -0.54754519301577265      , -0.39974354894277481     
 -0.65123560117017942      , -0.58032402491292434      , -0.42304585861538374     
 -0.68226390279359772      , -0.61617272046811900      , -0.44786480869756806     
 -0.72108723780107231      , -0.65524538527947807      , -0.47439849813077212     
 -0.76729155172272978      , -0.69769868729453444      , -0.50284312115890861     
 -0.81903981287808070      , -0.74368657348523226      , -0.53339314892254241     
 -0.87398786234158432      , -0.79335330605295495      , -0.56624082914757556     
 -0.93022990738172795      , -0.84682445416439756      , -0.60157486641105617     
 -0.98692284421073884      , -0.90419542278911047      , -0.63957811587315860     
  -1.0444002562687089      , -0.96551705894731876      , -0.68042409129601356     
  -1.1038142264200017      ,  -1.0307778612015503      , -0.72427205599499500     
  -1.1665256770848225      ,  -1.0998823509037625      , -0.77126043706710912     
  -1.2335174541555673      ,  -1.1726252724491224      , -0.82149828508863920     
  -1.3050284327483948      ,  -1.2486615134322572      , -0.87505450283288311     
  -1.3804694008650027      ,  -1.3274720230237296      , -0.93194460068929952     
  -1.4585588884920646      ,  -1.4083266142620134      , -0.99211482113025040     
  -1.5375545431678870      ,  -1.4902454189606513      ,  -1.0554236320282695     
  -1.6154630551111269      ,  -1.5719619618454443      ,  -1.1216208443547895     
  -1.6901714801764902      ,  -1.6518923291820697      ,  -1.1903249890188543     
  -1.7595154212420103      ,  -1.7281166388091584      ,  -1.2610001085055818     
  -1.8213383903861766      ,  -1.7983807511966154      ,  -1.3329337815139992     
  -1.8735788974044612      ,  -1.8601274883067285      ,  -1.4052189689836077     
  -1.9143690876081214      ,  -1.9105669316404634      ,  -1.4767430611370855     
  -1.9420901309958907      ,  -1.9467938643396794      ,  -1.5461881616983577     
  -1.9553366653101483      ,  -1.9659562972366709      ,  -1.6120469374818855     
  -1.9527847154606122      ,  -1.9654717519920386      ,  -1.6726580056065574     
  -1.9330024415751623      ,  -1.9432777608327523      ,  -1.7262635486630262     
  -1.8942732566923608      ,  -1.8980912374186156      ,  -1.7710894706649931     
  -1.8345239169715208      ,  -1.8296406962393050      ,  -1.8054450031124267     
  -1.7514812366951800      ,  -1.7388294866500131      ,  -1.8278346624583925     
  -1.6432145245251790      ,  -1.6277909378168240      ,  -1.8370716452890137     
  -1.5092003606871236      ,  -1.4998095542228083      ,  -1.8323791687938058     
  -1.3518531724194758      ,  -1.3591048903602743      ,  -1.8134659116009328     
  -1.1779848986004191      ,  -1.2105014823689850      ,  -1.7805641330966038     
 -0.99899354581330890      ,  -1.0590317642324893      ,  -1.7344240464755345     
 -0.82843780490834218      , -0.90953204853726333      ,  -1.6762645840380972     
 -0.67731252884689386      , -0.76629045839720311      ,  -1.6076872838821734     
 -0.55019742570806529      , -0.63279111119684861      ,  -1.5305650890616394     
 -0.44526016632583376      , -0.51157614327258938      ,  -1.4469203331926654     
 -0.35721369176152745      , -0.40422348056081997      ,  -1.3588058440310067     
 -0.28039945025695640      , -0.31141976406450217      ,  -1.2682004526181798     
 -0.21061775190621082      , -0.23309778801163680      ,  -1.1769262441082506     
 -0.14579868197505191      , -0.16860623877588951      ,  -1.0865906987991416     
  -8.5915410143187890E-002 , -0.11688420726929609      , -0.99855328422125944     
  -3.2451743760138228E-002 ,  -7.6620826960369842E-002 , -0.91391352682143312     
   1.2331721341400981E-002 ,  -4.6388750188870759E-002 , -0.83351620498294843     
   4.6143005535879161E-002 ,  -2.4747247274474339E-002 , -0.75796889974055193     
   6.7302649711591445E-002 ,  -1.0315729998428632E-002 , -0.68766743138630215     
   7.5237847584546311E-002 ,  -1.8214478280048640E-003 , -0.62282540323619306     
   7.0791883373382353E-002 ,   1.8736213420180853E-003 , -0.56350492439458066     
   5.6286451041884650E-002 ,   1.7615356216361129E-003 , -0.50964642339749555     
   3.5258882385520225E-002 ,  -1.3118115952818158E-003 , -0.46109619835676158     
   1.1846648009544256E-002 ,  -6.6396574477651698E-003 , -0.41763093670120399     
  -1.0081829745950465E-002 ,  -1.3643028666461270E-002 , -0.37897887546563841     
  -2.7807057590949220E-002 ,  -2.1857230537399887E-002 , -0.34483757807297111     
  -4.0345241698791140E-002 ,  -3.0917647516997382E-002 , -0.31488850072089442     
  -4.8521298016265757E-002 ,  -4.0545828998756465E-002 , -0.28880863680281205     
  -5.4499450092114453E-002 ,  -5.0536458215814865E-002 , -0.26627958437632082     
  -6.0943214959844505E-002 ,  -6.0745535952676205E-002 , -0.24699439830948178     
  -7.0095562821485657E-002 ,  -7.1079928829461902E-002 , -0.23066257968419340     
  -8.3074122744195178E-002 ,  -8.1488312368645233E-002 , -0.21701353068754367     
  -9.9585814181589974E-002 ,  -9.1953464011745173E-002 , -0.20579877078846398     
 -0.11812391275095807      , -0.10248581711414667      , -0.19679317430099824     
 -0.13655924350841134      , -0.11311816375377477      , -0.18979545356896593     
 -0.15291299850518569      , -0.12390138486828309      , -0.18462807785078555     
 -0.16604134464970069      , -0.13490108585741281      , -0.18113678659492613     
 -0.17599924774308962      , -0.14619502096295234      , -0.17918982768631697     
 -0.18397331997138600      , -0.15787119815256992      , -0.17867702656820605     
 -0.19183230684423655      , -0.17002656630521587      , -0.17950877083502106     
 -0.20147603782040566      , -0.18276619714175962      , -0.18161497674609636     
 -0.21422125667090638      , -0.19620288481528092      , -0.18494408884528565     
 -0.23043138898125684      , -0.21045709584136973      , -0.18946215116338330     
 -0.24949812835004362      , -0.22565721072115474      , -0.19515197798646983     
 -0.27015684180015059      , -0.24194000588268194      , -0.20201244354666020     
 -0.29100712513534710      , -0.25945133017162558      , -0.21005790288735099     
 -0.31104739072689602      , -0.27834693379168085      , -0.21931775023200070     
 -0.33003734148160302      , -0.29879340902458551      , -0.22983611610438576     
 -0.34857264312919112      , -0.32096920087564484      , -0.24167169986552495     
 -0.36786559286235870      , -0.34506564151254326      , -0.25489772989084503     
 -0.38933170520886407      , -0.37128795436713680      , -0.26960203892761031     
 -0.41414444515986315      , -0.39985616123761175      , -0.28588723682235340     
 -0.44291812000698533      , -0.43100580761439661      , -0.30387095630563832     
 -0.47561915963484069      , -0.46498839643186035      , -0.32368613929883611     
 -0.51171662396339679      , -0.50207138687697239      , -0.34548132058916198     
 -0.55049772279323606      , -0.54253757078717313      , -0.36942085189663620     
 -0.59142138900656027      , -0.58668358224765382      , -0.39568499136519159     
 -0.63437860858610018      , -0.63481722373640304      , -0.42446976021377292     
 -0.67977248400701595      , -0.68725320205339335      , -0.45598643837758396     
 -0.72840596381603429      , -0.74430675725310036      , -0.49046053302116105     
 -0.78123955064117945      , -0.80628453708180048      , -0.52813000635325302     
 -0.83912400873729853      , -0.87347191981658512      , -0.56924249093951840     
 -0.90260850327687159      , -0.94611582648685610      , -0.61405115097201413     
 -0.97187932056041015      ,  -1.0244019038421510      , -0.66280876718600912     
  -1.0468213940478082      ,  -1.1084248294944457      , -0.71575953398672687     
  -1.1271412521327933      ,  -1.1981504370039850      , -0.77312796625371349     
  -1.2124656968891969      ,  -1.2933684551491871      , -0.83510423251032928     
  -1.3023427829471965      ,  -1.3936350120537007      , -0.90182518174023896     
  -1.3961142470514707      ,  -1.4982048238685792      , -0.97335034643113805     
  -1.4926861877148629      ,  -1.6059543643073384      ,  -1.0496323335922244     
  -1.5902809676604805      ,  -1.7152995155211928      ,  -1.1304813258783022     
  -1.6862926006171786      ,  -1.8241144286973070      ,  -1.2155239907546520     
  -1.7773676176421849      ,  -1.9296626473165661      ,  -1.3041580287422825     
  -1.8597621762107710      ,  -2.0285567510694142      ,  -1.3955049591156097     
  -1.9298820321344263      ,  -2.1167681279727408      ,  -1.4883655626288721     
  -1.9847765455594062      ,  -2.1897124730225968      ,  -1.5811845732323351     
  -2.0223557289531535      ,  -2.2424368401855683      ,  -1.6720334281675850     
  -2.0412495435780036      ,  -2.2699274515027903      ,  -1.7586215675428791     
  -2.0404021394477811      ,  -2.2675410704442771      ,  -1.8383470568267553     
  -2.0185720979222239      ,  -2.2315354793862863      ,  -1.9083951718011813     
  -1.9739045126541352      ,  -2.1596393728573404      ,  -1.9658881976733313     
  -1.9037335905554089      ,  -2.0515673608482117      ,  -2.0080809159886481     
  -1.8048207002908869      ,  -1.9093654042820782      ,  -2.0325851947350984     
  -1.6743081185481916      ,  -1.7374802521795818      ,  -2.0375963442642169     
  -1.5116186496729160      ,  -1.5424908645419049      ,  -2.0220870557072868     
  -1.3210895064732577      ,  -1.3325138890316865      ,  -1.9859351503616736     
  -1.1141419457236996      ,  -1.1163770895205816      ,  -1.9299604824015189     
 -0.90856782628594368      , -0.90271463970216792      ,  -1.8558625427495614     
 -0.72264286592721261      , -0.69915333805288005      ,  -1.7660691607004873     
 -0.56644739144941458      , -0.51172455627362157      ,  -1.6635226118661581     
 -0.43841086374074445      , -0.34456902251457822      ,  -1.5514380456062040     
 -0.32988995630235296      , -0.19992742058226354      ,  -1.4330689555593126     
 -0.23163779736048523      ,  -7.8353635495356427E-002 ,  -1.3115070018535810     
 -0.13743597148970577      ,   2.0938678205007655E-002 ,  -1.1895322925370455     
  -4.5044599609840821E-002 ,   9.9683331970804839E-002 ,  -1.0695188846258392     
   4.4260325360925362E-002 ,  0.16018938887226788      , -0.95339135265482711     
  0.12679979404669109      ,  0.20502955102225520      , -0.84262287340932207     
  0.19778117149776869      ,  0.23680505324691808      , -0.73826321303702513     
  0.25248478627985044      ,  0.25798571518553559      , -0.64098540203572851     
  0.28730144738916424      ,  0.27081406721431378      , -0.55114169936627055     
  0.30069410649179645      ,  0.27725876812910116      , -0.46882179683512121     
  0.29404899885112529      ,  0.27900274777112255      , -0.39390850780487019     
  0.27213258022840436      ,  0.27745373025931797      , -0.32612810965688144     
  0.24269590944386810      ,  0.27376767687771925      , -0.26509396378805872     
  0.21491816033172348      ,  0.26887844999022875      , -0.21034304104239709     
  0.19694825687452339      ,  0.26352928555378896      , -0.16136561312245876     
  0.19346158553597245      ,  0.25830338361003830      , -0.11762872548202521     
  0.20431601220523668      ,  0.25365213339961845      ,  -7.8594230329419618E-002
  0.22489216219449171      ,  0.24992028571985089      ,  -4.3732198406493103E-002
  0.24794895346927859      ,  0.24736787928073103      ,  -1.2530495478973122E-002
  0.26626137177552212      ,  0.24618901419420672      ,   1.5498761649762946E-002
  0.27509554725458218      ,  0.24652771658972086      ,   4.0815242249198726E-002
  0.27370386277896480      ,  0.24849120507191619      ,   6.3848395057936713E-002
  0.26538409495513660      ,  0.25216088680275600      ,   8.4996947291091016E-002
  0.25612456504909836      ,  0.25760140041147883      ,  0.10462953672164868     
  0.25235828400951676      ,  0.26486799812752337      ,  0.12308617297080882     
  0.25869168681185550      ,  0.27401252828755540      ,  0.14068028317307485     
  0.27644283868254999      ,  0.28508824596383264      ,  0.15770114704959190     
  0.30343848943957419      ,  0.29815364605313538      ,  0.17441656789863064     
  0.33503112169986426      ,  0.31327548066923111      ,  0.19107565995241765     
  0.36590390468564599      ,  0.33053109129916319      ,  0.20791165978693618     
  0.39199754257718245      ,  0.35001015569947541      ,  0.22514469075587282     
  0.41187216998627452      ,  0.37181591944846470      ,  0.24298442539145085     
  0.42704395666934225      ,  0.39606595177792658      ,  0.26163260189036275     
  0.44123885235412008      ,  0.42289243397840254      ,  0.28128535757025835     
  0.45892226417277465      ,  0.45244195537173576      ,  0.30213534479742682     
  0.48371430649721503      ,  0.48487475552864823      ,  0.32437359347328226     
  0.51727905309847877      ,  0.52036331095555033      ,  0.34819107871969512     
  0.55902558167272720      ,  0.55909011875466963      ,  0.37377994279216353     
  0.60663031800110767      ,  0.60124447776365575      ,  0.40133430624077332     
  0.65711355216331435      ,  0.64701800872700355      ,  0.43105058462564538     
  0.70803704144115498      ,  0.69659858914627970      ,  0.46312720335904639     
  0.75837168194459648      ,  0.75016230682968776      ,  0.49776357426593426     
  0.80873642944044322      ,  0.80786296208517894      ,  0.53515816326300703     
  0.86098498459483741      ,  0.86981857845954313      ,  0.57550543970562862     
  0.91738720140246555      ,  0.93609432723212493      ,  0.61899145589766924     
  0.97978295461034459      ,   1.0066812497723858      ,  0.66578776291098896     
   1.0490297091356799      ,   1.0814702020791576      ,  0.71604333133576936     
   1.1248825141045813      ,   1.1602205871984252      ,  0.76987412117325282     
   1.2062441751310486      ,   1.2425237379106899      ,  0.82734994640491488     
   1.2915869461302130      ,   1.3277613327337383      ,  0.88847832494687062     
   1.3793132274252440      ,   1.4150600519922343      ,  0.95318511823163443     
   1.4678933184901004      ,   1.5032448850857092      ,   1.0212919774044968     
   1.5557591219695681      ,   1.5907951368249806      ,   1.0924909602993793     
   1.6410749713646706      ,   1.6758092336481305      ,   1.1663171991790231     
   1.7215746978942164      ,   1.7559867539213359      ,   1.2421212063624751     
   1.7946080077873166      ,   1.8286383484215454      ,   1.3190432973004009     
   1.8574030526911893      ,   1.8907357477549998      ,   1.3959936298273332     
   1.9074096640627622      ,   1.9390139414672936      ,   1.4716423658616045     
   1.9425365459942843      ,   1.9701347168167749      ,   1.5444252179966029     
   1.9611668436018792      ,   1.9809139931688384      ,   1.6125698074137198     
   1.9619626112465116      ,   1.9686042965658759      ,   1.6741474332865141     
   1.9435578577215713      ,   1.9312090665239734      ,   1.7271526879999526     
   1.9042652491838599      ,   1.8677898948641325      ,   1.7696097139064220     
   1.8419209545346065      ,   1.7787157727778797      ,   1.7996990584772179     
   1.7540089868385240      ,   1.6658004180897077      ,   1.8158938485468463     
   1.6382439442650101      ,   1.5322841264031259      ,   1.8170896522382194     
   1.4937828390168189      ,   1.3826410816817760      ,   1.8027103842661085     
   1.3230327963090043      ,   1.2222271300857113      ,   1.7727740487535097     
   1.1334531351656714      ,   1.0568173954948450      ,   1.7279072363722550     
  0.93787762425558241      ,  0.89210699497372936      ,   1.6693051785598141     
  0.75160131113875517      ,  0.73325371885859658      ,   1.5986429288824242     
  0.58670201240047481      ,  0.58452759738698601      ,   1.5179506812892458     
  0.44784625523034333      ,  0.44910440619877645      ,   1.4294706036630744     
  0.33295043900902915      ,  0.32900804302432490      ,   1.3355131575457599     
  0.23680455257739286      ,  0.22517975761350253      ,   1.2383281301111788     
  0.15420222837888173      ,  0.13763619500143201      ,   1.1400007631493552     
   8.1485350194818451E-002 ,   6.5674125912785541E-002 ,   1.0423779110055031     
   1.6956054834997715E-002 ,   8.0849226673441309E-003 ,  0.94702432864755492     
  -3.9332842211891476E-002 ,  -3.6647959318350160E-002 ,  0.85520570116662220     
  -8.6121029568413679E-002 ,  -7.0183985503209742E-002 ,  0.76789306686827385     
 -0.12164241414017324      ,  -9.4198889559875751E-002 ,  0.68578266487044659     
 -0.14436177863139948      , -0.11029539148430681      ,  0.60932557376670549     
 -0.15365301458695291      , -0.11994634888404937      ,  0.53876239312829344     
 -0.15032272687468445      , -0.12446374781749646      ,  0.47415931772987213     
 -0.13684948060634489      , -0.12498684092459350      ,  0.41544303521539272     
 -0.11719425655894489      , -0.12248351306069007      ,  0.36243281295299978     
  -9.6111335776227394E-002 , -0.11776008759970902      ,  0.31486887817539688     
  -7.8073515513581646E-002 , -0.11147595722127562      ,  0.27243673610220331     
  -6.6140718081149852E-002 , -0.10416046098667439      ,  0.23478743889501760     
  -6.1196083429217153E-002 ,  -9.6230268745729916E-002 ,  0.20155404923322520     
  -6.1858389704504455E-002 ,  -8.8006169680094323E-002 ,  0.17236467135236386     
  -6.5112225000688626E-002 ,  -7.9728619465646910E-002 ,  0.14685248014890553     
  -6.7424006645293383E-002 ,  -7.1571715908854167E-002 ,  0.12466318963701144     
  -6.5951873086077167E-002 ,  -6.3655481380319207E-002 ,  0.10546038361411331     
  -5.9451318676084781E-002 ,  -5.6056462123818873E-002 ,   8.8929096525659293E-002
  -4.8600456213148097E-002 ,  -4.8816733180471229E-002 ,   7.4777989758615271E-002
  -3.5664598037314588E-002 ,  -4.1951440676735785E-002 ,   6.2740423449201291E-002
  -2.3635269589116756E-002 ,  -3.5455032936478358E-002 ,   5.2574679744355923E-002
  -1.5155164716067013E-002 ,  -2.9306336777311121E-002 ,   4.4063552248866676E-002
  -1.1611102473680093E-002 ,  -2.3472631137315080E-002 ,   3.7013479116549064E-002
  -1.2704801838807973E-002 ,  -1.7912860613176592E-002 ,   3.1253364298961861E-002
  -1.6626784080882084E-002 ,  -1.2580119031930273E-002 ,   2.6633202873642056E-002
  -2.0740826191091532E-002 ,  -7.4235194168164684E-003 ,   2.3022601941961349E-002
  -2.2515227522474549E-002 ,  -2.3895526643297050E-003 ,   2.0309267999732566E-002
  -2.0367466757740909E-002 ,   2.5769764294678002E-003 ,   1.8397514567913990E-002
  -1.4138110491422209E-002 ,   7.5323600723385788E-003 ,   1.7206829832404586E-002
  -5.0526462830328168E-003 ,   1.2533681512562971E-002 ,   1.6670532691262046E-002
   4.7886926119856859E-003 ,   1.7638739228033853E-002 ,   1.6734536573687991E-002
   1.3194244901272086E-002 ,   2.2906157954650883E-002 ,   1.7356233333978746E-002
   1.8654113470415751E-002 ,   2.8395651775810059E-002 ,   1.8503504123173291E-002
   2.0837777700282330E-002 ,   3.4168411947193139E-002 ,   2.0153860122593532E-002
   2.0660226439019689E-002 ,   4.0287598573695890E-002 ,   2.2293713141477826E-002
   1.9917544882232463E-002 ,   4.6818920772964574E-002 ,   2.4917774122068557E-002
   2.0640412771654688E-002 ,   5.3831294641373525E-002 ,   2.8028576376258642E-002
   2.4403066023220826E-002 ,   6.1397572269541886E-002 ,   3.1636119741692989E-002
   3.1827764492834761E-002 ,   6.9595338313741359E-002 ,   3.5757631659391192E-002
   4.2444118322759100E-002 ,   7.8507773281989768E-002 ,   4.0417441327286856E-002
   5.4932278404715623E-002 ,   8.8224584786854909E-002 ,   4.5646963479192816E-002
   6.7646502274897172E-002 ,   9.8843009576148722E-002 ,   5.1484788894276025E-002
   7.9225068014524710E-002 ,  0.11046889017470396      ,   5.7976879384914290E-002
   8.9072582585023208E-002 ,  0.12321783041693192      ,   6.5176865672310277E-002
   9.7555511853529703E-002 ,  0.13721643393795990      ,   7.3146447170941875E-002
  0.10585881724488599      ,  0.15260362868110805      ,   8.1955893190802181E-002
  0.11557137703267729      ,  0.16953207845828508      ,   9.1684645344361937E-002
  0.12815844884470259      ,  0.18816967925929715      ,  0.10242202090719046     
  0.14451025143098029      ,  0.20870113291326453      ,  0.11426801639108988     
  0.16471877687132591      ,  0.23132958326445305      ,  0.12733420946757795     
  0.18814756895949217      ,  0.25627828942655712      ,  0.14174475538966241     
  0.21375505745888887      ,  0.28379229583655963      ,  0.15763747088302618     
  0.24054684842759472      ,  0.31414003829503662      ,  0.17516499368889293     
  0.26799331537540405      ,  0.34761479704822135      ,  0.19449599897351566     
  0.29626776137418148      ,  0.38453586975492132      ,  0.21581644392278115     
  0.32622983284054574      ,  0.42524928569696840      ,  0.23933079802753432     
  0.35917334936119572      ,  0.47012781380497676      ,  0.26526319755009375     
  0.39644224701266068      ,  0.51956992601299135      ,  0.29385843679191381     
  0.43906136090598274      ,  0.57399725820589576      ,  0.32538267396696935     
  0.48751540006620675      ,  0.63384995688781476      ,  0.36012368314484444     
  0.54174755048904244      ,  0.69957910375106158      ,  0.39839042277848546     
  0.60136404653943842      ,  0.77163516659707754      ,  0.44051161226904401     
  0.66595410147193224      ,  0.85045113084173762      ,  0.48683290717601213     
  0.73539320466677671      ,  0.93641862573563228      ,  0.53771213779833738     
  0.81000814119646958      ,   1.0298549921469877      ,  0.59351192318830193     
  0.89054134688188125      ,   1.1309588877514196      ,  0.65458879492291688     
  0.97793411646703721      ,   1.2397517747754763      ,  0.72127777049431474     
   1.0730111587864473      ,   1.3560026313389530      ,  0.79387112490455902     
   1.1761589624607738      ,   1.4791337050455708      ,  0.87258995955215146     
   1.2870453593380902      ,   1.6081064368808913      ,  0.95754712642466444     
   1.4043661576384312      ,   1.7412893019177593      ,   1.0487002384026967     
   1.5255915826776330      ,   1.8763138155898438      ,   1.1457940364240928     
   1.6467723184088754      ,   2.0099318942507094      ,   1.2482924930836636     
   1.7626197154465950      ,   2.1378973961878445      ,   1.3553029398616954     
   1.8671155453777737      ,   2.2549064777318151      ,   1.4654974099608737     
   1.9546182547803164      ,   2.3546433513064033      ,   1.5770403371301229     
   2.0209466169699031      ,   2.4299858367995242      ,   1.6875364451886767     
   2.0637939391288591      ,   2.4734218891438644      ,   1.7940172231606923     
   2.0822876472341103      ,   2.4777056673536721      ,   1.8929871604190438     
   2.0760366796668177      ,   2.4367331707699966      ,   1.9805495722426576     
   2.0441359085435109      ,   2.3465443731214122      ,   2.0526239233744605     
   1.9844609615738216      ,   2.2062768910334571      ,   2.1052507294668348     
   1.8934911195674426      ,   2.0188375363135775      ,   2.1349578202379615     
   1.7669510899757104      ,   1.7910618331619277      ,   2.1391383069182974     
   1.6016452251130286      ,   1.5332228917328097      ,   2.1163745456471621     
   1.3986246032248344      ,   1.2579174386146803      ,   2.0666422782241312     
   1.1669167782986325      ,  0.97854134297999718      ,   1.9913488137310020     
  0.92536069388982112      ,  0.70769136313762082      ,   1.8931943560315410     
  0.69818704016325406      ,  0.45583824664640421      ,   1.7758848688803412     
  0.50281615036623450      ,  0.23050927023430751      ,   1.6437546594339536     
  0.34066703741196108      ,   3.6050505143438528E-002 ,   1.5013681551015559     
  0.20178598497375699      , -0.12611607209068093      ,   1.3531623917873992     
   7.5133707912151806E-002 , -0.25691646736808738      ,   1.2031709132144586     
  -4.5916872741627437E-002 , -0.35892099368569275      ,   1.0548452921163320     
 -0.16280376402261859      , -0.43566570606659138      ,  0.91096991287466522     
 -0.27279145120998449      , -0.49109073009665027      ,  0.77365276665340721     
 -0.37041583521650889      , -0.52913030916021508      ,  0.64436993400604248     
 -0.44896717153406973      , -0.55344944453988010      ,  0.52404215255857545     
 -0.50211119409577865      , -0.56730092427670731      ,  0.41312580382037600     
 -0.52587062150079289      , -0.57347008422848955      ,  0.31170564749703555     
 -0.52084364068354372      , -0.57427697668179878      ,  0.21958131569322537     
 -0.49385582398101341      , -0.57161183544461391      ,  0.13634331255018414     
 -0.45770185391037277      , -0.56698665329823184      ,   6.1436906494710515E-002
 -0.42801499182525149      , -0.56159171937918373      ,  -5.7860203865394491E-003
 -0.41803614866269173      , -0.55635054902165548      ,  -6.6026161440253139E-002
 -0.43388132244913991      , -0.55196980285759600      , -0.12000557659049557     
 -0.47273757222814095      , -0.54898280315761561      , -0.16844453580434451     
 -0.52455105331247154      , -0.54778643087851842      , -0.21204493240616626     
 -0.57621370863535937      , -0.54867180518917957      , -0.25147893945101157     
 -0.61654771022318977      , -0.55184942003972071      , -0.28738176978518815     
 -0.64019529582669188      , -0.55746948611134617      , -0.32034758760914694     
 -0.64897568572319841      , -0.56563819546380900      , -0.35092779030212551     
 -0.65036398775093751      , -0.57643054706452279      , -0.37963102752785310     
 -0.65400225006823076      , -0.58990027587016369      , -0.40692444907360542     
 -0.66792740211371393      , -0.60608733244994850      , -0.43323577496980942     
 -0.69604832028611763      , -0.62502327145361625      , -0.45895586375767139     
 -0.73753117652578337      , -0.64673482781757508      , -0.48444152011735980     
 -0.78788383672437179      , -0.67124588940194041      , -0.51001833407320762     
 -0.84107194824945419      , -0.69857801281065290      , -0.53598338297267722     
 -0.89182866594582211      , -0.72874957445346822      , -0.56260765637729260     
 -0.93733349302530455      , -0.76177360083665890      , -0.59013808461061679     
 -0.97772382600678220      , -0.79765428065106081      , -0.61879906548882424     
  -1.0154340634545500      , -0.83638212735544426      , -0.64879339212775489     
  -1.0538496696769128      , -0.87792773658273071      , -0.68030248910997815     
  -1.0959388276842934      , -0.92223407105529098      , -0.71348586628439714     
  -1.1433590084990510      , -0.96920721151846778      , -0.74847970091958682     
  -1.1962182054782815      ,  -1.0187055419305131      , -0.78539446213172392     
  -1.2533926067561485      ,  -1.0705273990196120      , -0.82431149933192061     
  -1.3131444290890328      ,  -1.1243973202013882      , -0.86527853247538133     
  -1.3737460294529320      ,  -1.1799511806106666      , -0.90830401053099619     
  -1.4338812645886740      ,  -1.2367207301277516      , -0.95335035097060483     
  -1.4927321020148936      ,  -1.2941183324021865      ,  -1.0003261428697443     
  -1.5498077697128330      ,  -1.3514230708375985      ,  -1.0490774950421622     
  -1.6046656241762469      ,  -1.4077698097463391      ,  -1.0993788430539364     
  -1.6566753067459243      ,  -1.4621432513207209      ,  -1.1509236968342043     
  -1.7049134133369090      ,  -1.5133794522476787      ,  -1.2033160107705185     
  -1.7481945425766541      ,  -1.5601775654106953      ,  -1.2560630796131806     
  -1.7851867257308871      ,  -1.6011246243680743      ,  -1.3085710842048905     
  -1.8145409912596420      ,  -1.6347358360637099      ,  -1.3601445955361895     
  -1.8349806187575344      ,  -1.6595119318158782      ,  -1.4099914444430315     
  -1.8453276782669292      ,  -1.6740135290221811      ,  -1.4572343171030444     
  -1.8444742230319453      ,  -1.6769501584963395      ,  -1.5009301808173732     
  -1.8313233166323697      ,  -1.6672787674971616      ,  -1.5400981306903612     
  -1.8047321061211459      ,  -1.6443034919369328      ,  -1.5737554593945751     
  -1.7634921944857773      ,  -1.6077659040101648      ,  -1.6009607280829263     
  -1.7063870762351663      ,  -1.5579135285661139      ,  -1.6208614663653091     
  -1.6323716392246110      ,  -1.4955348932514001      ,  -1.6327430334951276     
  -1.5409144830556147      ,  -1.4219521617279289      ,  -1.6360743587605571     
  -1.4325086664241300      ,  -1.3389674036710908      ,  -1.6305459717501778     
  -1.3092642555227214      ,  -1.2487650483012311      ,  -1.6160960912620492     
  -1.1753436373824795      ,  -1.1537797725597216      ,  -1.5929215969596866     
  -1.0368650552378138      ,  -1.0565444878607058      ,  -1.5614723340519292     
 -0.90097709611558707      , -0.95953593668434656      ,  -1.5224291288345679     
 -0.77426527709100079      , -0.86503506073693992      ,  -1.4766677720079291     
 -0.66124044820459049      , -0.77501596540308193      ,  -1.4252127180413876     
 -0.56371058667610940      , -0.69107193118611820      ,  -1.3691851115140485     
 -0.48118484553715424      , -0.61438085835291323      ,  -1.3097498964083438     
 -0.41182480255725296      , -0.54570708471447615      ,  -1.2480662595137457     
 -0.35339327293075268      , -0.48543260907053182      ,  -1.1852446890097597     
 -0.30392570068333030      , -0.43360875900124374      ,  -1.1223127313895014     
 -0.26207859118811250      , -0.39001913247825576      ,  -1.0601903307828902     
 -0.22720497021185695      , -0.35424575937535829      , -0.99967460534226515     
 -0.19923367156144489      , -0.32573229227028422      , -0.94143315192369736     
 -0.17843440435765237      , -0.30384011645547843      , -0.88600449845689855     
 -0.16514493168530009      , -0.28789518263124692      , -0.83380411625177198     
 -0.15952251211785551      , -0.27722489743748402      , -0.78513440532441636     
 -0.16136401992003718      , -0.27118548665555725      , -0.74019720831002611     
 -0.17002251472486921      , -0.26918090226847574      , -0.69910763092864081     
 -0.18443254442846424      , -0.27067465841662991      , -0.66190819981108051     
 -0.20323879066379252      , -0.27519604925744096      , -0.62858263694646577     
 -0.22500107087865889      , -0.28234211350831079      , -0.59906875283833150     
 -0.24842720855543657      , -0.29177653783712260      , -0.57327014725614533     
 -0.27257307623168803      , -0.30322648557970211      , -0.55106655451075470     
 -0.29695498304243068      , -0.31647813139018632      , -0.53232278152552437     
 -0.32154504398225636      , -0.33137149483996187      , -0.51689626622335638     
 -0.34665693081506488      , -0.34779500501769461      , -0.50464333648177084     
 -0.37276328642211681      , -0.36568009573819377      , -0.49542428169247349     
 -0.40030445377181539      , -0.38499602525408183      , -0.48910736481874190     
 -0.42954561307113387      , -0.40574503181382809      , -0.48557190700941305     
 -0.46051879778862154      , -0.42795787285999853      , -0.48471057270616202     
 -0.49305605719196205      , -0.45168974702394493      , -0.48643097339798735     
 -0.52689062526237829      , -0.47701656066061776      , -0.49065669468592232     
 -0.56178352655206598      , -0.50403147131716031      , -0.49732783551610799     
 -0.59762926617275491      , -0.53284161661660823      , -0.50640113126787600     
 -0.63450651547533832      , -0.56356491644376672      , -0.51784971444532857     
 -0.67266269650437449      , -0.59632681739133375      , -0.53166254835454352     
 -0.71244586847048752      , -0.63125682995497168      , -0.54784355050508726     
 -0.75421404059157704      , -0.66848469021474177      , -0.56641040358499717     
 -0.79825556666236108      , -0.70813595849571220      , -0.58739303269851206     
 -0.84474499698589767      , -0.75032684820996909      , -0.61083170811569854     
 -0.89374192947501963      , -0.79515806005460743      , -0.63677471314776146     
 -0.94522332438346490      , -0.84270738243510879      , -0.66527549721122536     
 -0.99912870008404131      , -0.89302081239096343      , -0.69638921528000819     
  -1.0553957163744530      , -0.94610195840523448      , -0.73016853783086644     
  -1.1139701306678516      ,  -1.0018995157737431      , -0.76665860183091661     
  -1.1747851668131235      ,  -1.0602926681694629      , -0.80589096597885568     
  -1.2377160109787209      ,  -1.1210743804092265      , -0.84787643615008990     
  -1.3025216272332489      ,  -1.1839327250420781      , -0.89259664507869874     
  -1.3687872310147380      ,  -1.2484306490633519      , -0.93999431056875693     
  -1.4358781495216610      ,  -1.3139849560736494      , -0.98996216730446873     
  -1.5029123183863229      ,  -1.3798457674096958      ,  -1.0423306780223585     
  -1.5687564861160397      ,  -1.4450783338110693      ,  -1.0968547897873986     
  -1.6320502649505531      ,  -1.5085497731547308      ,  -1.1532002176860552     
  -1.6912601533480547      ,  -1.5689240468697017      ,  -1.2109300134128256     
  -1.7447598568685505      ,  -1.6246691407812124      ,  -1.2694925020919510     
  -1.7909235988025722      ,  -1.6740808026929315      ,  -1.3282120238056812     
  -1.8282099455591583      ,  -1.7153270618634235      ,  -1.3862842519564700     
  -1.8552114751018838      ,  -1.7465168280709595      ,  -1.4427781088534570     
  -1.8706539035127103      ,  -1.7657938748848623      ,  -1.4966463657802502     
  -1.8733443562492904      ,  -1.7714543110066963      ,  -1.5467467920685003     
  -1.8620859485834109      ,  -1.7620813487078815      ,  -1.5918751048897211     
  -1.8355904203311493      ,  -1.7366862849086970      ,  -1.6308099101921392     
  -1.7924330252633640      ,  -1.6948400507549732      ,  -1.6623683407229719     
  -1.7311075263580220      ,  -1.6367767362150747      ,  -1.6854693344275800     
  -1.6502530042094068      ,  -1.5634504866980163      ,  -1.6991997322826975     
  -1.5491235889200636      ,  -1.4765310201841704      ,  -1.7028769857454698     
  -1.4283210955057382      ,  -1.3783307488594123      ,  -1.6961016460448777     
  -1.2906595408713273      ,  -1.2716669436537500      ,  -1.6787932562460715     
  -1.1417685205422328      ,  -1.1596733249467557      ,  -1.6512048610538417     
 -0.98981034763271625      ,  -1.0455842051320325      ,  -1.6139138845134358     
 -0.84386704642815780      , -0.93251858183882830      ,  -1.5677901395865363     
 -0.71145475259602042      , -0.82329035218042435      ,  -1.5139446234270537     
 -0.59659729383218640      , -0.72026464386512257      ,  -1.4536649478973556     
 -0.49959329663293650      , -0.62527101860698397      ,  -1.3883443792293637     
 -0.41821335859329922      , -0.53957446906770634      ,  -1.3194114175192606     
 -0.34926908247161625      , -0.46389691918436793      ,  -1.2482658107355322     
 -0.28981684496015481      , -0.39847670576091254      ,  -1.1762252245048130     
 -0.23781802159185345      , -0.34315158107041943      ,  -1.1044848893203174     
 -0.19233756882497777      , -0.29745160266351045      ,  -1.0340907775608119     
 -0.15341346225937538      , -0.26069089022894731      , -0.96592546022966486     
 -0.12172737840061745      , -0.23205059843253328      , -0.90070485909712150     
  -9.8194930782074766E-002 , -0.21064875873199193      , -0.83898363355433903     
  -8.3570108562603038E-002 , -0.19559537939723376      , -0.78116684156170324     
  -7.8128747164855947E-002 , -0.18603315816078411      , -0.72752567936784129     
  -8.1472052709719356E-002 , -0.18116536963129981      , -0.67821542530855661     
  -9.2477222278767590E-002 , -0.18027307394903186      , -0.63329409850843954     
 -0.10940928008589067      , -0.18272393010137675      , -0.59274072934587274     
 -0.13018402113469973      , -0.18797475401396574      , -0.55647248585787767     
 -0.15273330648396119      , -0.19556967171577358      , -0.52436018980393284     
 -0.17538377930036975      , -0.20513537557731906      , -0.49624198298935779     
 -0.19714163917739494      , -0.21637465526718860      , -0.47193507244194055     
 -0.21779690672770313      , -0.22905907577723930      , -0.45124560031800964     
 -0.23781775385098194      , -0.24302142513539784      , -0.43397676066707219     
 -0.25807561762133985      , -0.25814835544495218      , -0.41993532984433485     
 -0.27949540648074978      , -0.27437348785925458      , -0.40893679872533489     
 -0.30274267409927386      , -0.29167113772052305      , -0.40080929976955437     
 -0.32803887456198466      , -0.31005073261561378      , -0.39539651574186374     
 -0.35514817234182072      , -0.32955193639568431      , -0.39255974355020584     
 -0.38352220318938340      , -0.35024045017466282      , -0.39217926911047751     
 -0.41254019273701675      , -0.37220443197803904      , -0.39415518944159794     
 -0.44175543323408106      , -0.39555145607950276      , -0.39840779768278439     
 -0.47106360142154280      , -0.42040591799337096      , -0.40487762625429907     
 -0.50074200686262815      , -0.44690677909479126      , -0.41352522341094500     
 -0.53135859888759207      , -0.47520553392195697      , -0.42433071913709575     
 -0.56359584719350864      , -0.50546427174952702      , -0.43729321766365337     
 -0.59806003363336480      , -0.53785369066681721      , -0.45243003565478301     
 -0.63514347072645361      , -0.57255090604011283      , -0.46977578700513067     
 -0.67498013773480992      , -0.60973687501055940      , -0.48938129681772835     
 -0.71749704361837019      , -0.64959323398722135      , -0.51131230806695893     
 -0.76252928330040837      , -0.69229831675282183      , -0.53564792425562802     
 -0.80994793801732445      , -0.73802208723464602      , -0.56247870966875946     
 -0.85975173921803438      , -0.78691968457225403      , -0.59190434535887448     
 -0.91209298005133865      , -0.83912324162272045      , -0.62403071376360286     
 -0.96723609207972250      , -0.89473160635231996      , -0.65896625826376010     
  -1.0254714927429898      , -0.95379757650101715      , -0.69681743709137578     
  -1.0870183821841295      ,  -1.0163122633497086      , -0.73768306581018306     
  -1.1519455626547106      ,  -1.0821862475180342      , -0.78164732251353786     
  -1.2201237062568666      ,  -1.1512273020640964      , -0.82877118020333218     
  -1.2912045700497932      ,  -1.2231146665016239      , -0.87908203927150175     
  -1.3646110256669652      ,  -1.2973701971690170      , -0.93256137033902720     
  -1.4395214628945818      ,  -1.3733272361202213      , -0.98913025796572596     
  -1.5148430701857400      ,  -1.4500987710790152      ,  -1.0486328760822481     
  -1.5891855162551889      ,  -1.5265474263521797      ,  -1.1108181454454200     
  -1.6608606285175198      ,  -1.6012610163540415      ,  -1.1753201399794371     
  -1.7279347686544009      ,  -1.6725387318242921      ,  -1.2416382341557344     
  -1.7883429982855221      ,  -1.7383943355206446      ,  -1.3091185144058646     
  -1.8400427774467474      ,  -1.7965837066088675      ,  -1.3769385845074287     
  -1.8811570952685537      ,  -1.8446642303873391      ,  -1.4440985090625240     
  -1.9100521283689342      ,  -1.8800923057294496      ,  -1.5094211411549825     
  -1.9253180463342829      ,  -1.9003620552261886      ,  -1.5715652975031595     
  -1.9256592711068790      ,  -1.9031827982302114      ,  -1.6290549666315841     
  -1.9097329055914276      ,  -1.8866851170226828      ,  -1.6803267568421569     
  -1.8759940996114302      ,  -1.8496363551116888      ,  -1.7237959816215145     
  -1.8226227725213764      ,  -1.7916380410675179      ,  -1.7579391792960299     
  -1.7476285664915738      ,  -1.7132726957006661      ,  -1.7813877595971110     
  -1.6492571683202129      ,  -1.6161684807156373      ,  -1.7930244250309093     
  -1.5268138950203316      ,  -1.5029588695350191      ,  -1.7920717886868647     
  -1.3818955945179010      ,  -1.3771305048812259      ,  -1.7781619623086107     
  -1.2196838730796655      ,  -1.2427725453127778      ,  -1.7513773102249932     
  -1.0494357803059124      ,  -1.1042599496768615      ,  -1.7122560386931081     
 -0.88304787919738370      , -0.96591582889212391      ,  -1.6617612036872165     
 -0.73149159875521608      , -0.83170052098099057      ,  -1.6012170039848961     
 -0.60108859967506623      , -0.70496700230654741      ,  -1.5322206851177955     
 -0.49236289304497938      , -0.58830656487150945      ,  -1.4565410779602899     
 -0.40179413350464555      , -0.48349030064061937      ,  -1.3760153333794944     
 -0.32448618359981979      , -0.39149578312941646      ,  -1.2924539848468182     
 -0.25614520834214288      , -0.31259772590773183      ,  -1.2075617072594529     
 -0.19405492056837198      , -0.24649732083023929      ,  -1.1228778477963137     
 -0.13729071841903923      , -0.19246644036208602      ,  -1.0397377047734631     
  -8.6441371414414298E-002 , -0.14948788969210711      , -0.95925310181428824     
  -4.3057549692997785E-002 , -0.11637925082458615      , -0.88230924416551371     
  -9.0103842402880288E-003 ,  -9.1893903499562668E-002 , -0.80957411805612767     
   1.4107287865044393E-002 ,  -7.4797586472046762E-002 , -0.74151662997261869     
   2.5462772703637986E-002 ,  -6.3922072050415557E-002 , -0.67843005825751912     
   2.5308528413923285E-002 ,  -5.8199293618304448E-002 , -0.62045799615403852     
   1.5110402216124544E-002 ,  -5.6679925827361408E-002 , -0.56762064194083117     
  -2.5697784417500272E-003 ,  -5.8540348368154201E-002 , -0.51983993214592517     
  -2.4464907467727469E-002 ,  -6.3081452805168317E-002 , -0.47696256091195804     
  -4.7222247263748761E-002 ,  -6.9722116155089525E-002 , -0.43878036149152644     
  -6.8106664610489795E-002 ,  -7.7989515728857151E-002 , -0.40504784664213661     
  -8.5572057886082117E-002 ,  -8.7507878633341765E-002 , -0.37549692761449566     
  -9.9503363029672359E-002 ,  -9.7986779594274140E-002 , -0.34984897538591037     
 -0.11104248150801975      , -0.10920972673848564      , -0.32782447175601614     
 -0.12206267626671326      , -0.12102349597512529      , -0.30915053859972014     
 -0.13447604096148172      , -0.13332847406205278      , -0.29356664452594172     
 -0.14960202631776578      , -0.14607013108359065      , -0.28082877981958682     
 -0.16778781549467320      , -0.15923164952925400      , -0.27071237047079422     
 -0.18837906910494054      , -0.17282767687931797      , -0.26301417569665608     
 -0.21002582594661556      , -0.18689913183338283      , -0.25755338429269542     
 -0.23120397041292964      , -0.20150897378470639      , -0.25417209580375427     
 -0.25076658711207450      , -0.21673883553326737      , -0.25273534436015060     
 -0.26833559068765522      , -0.23268641671678922      , -0.25313079693558804     
 -0.28440744968706272      , -0.24946353727361886      , -0.25526823416466127     
 -0.30015469527762451      , -0.26719475444867991      , -0.25907890083227025     
 -0.31701428307098234      , -0.28601645195124986      , -0.26451479464037853     
 -0.33622243916798450      , -0.30607631475629160      , -0.27154794566341145     
 -0.35846084898264757      , -0.32753310681370912      , -0.28016972472774587     
 -0.38372580694776609      , -0.35055667081892139      , -0.29039020643681313     
 -0.41144584920568533      , -0.37532806847835753      , -0.30223760130804356     
 -0.44078668218673578      , -0.40203977563750370      , -0.31575776104721937     
 -0.47102265999107051      , -0.43089583842782897      , -0.33101375087482215     
 -0.50183946975842542      , -0.46211188333042980      , -0.34808547250654798     
 -0.53346678591311036      , -0.49591485471487706      , -0.36706931029059908     
 -0.56660895731344363      , -0.53254232681396518      , -0.38807776046718501     
 -0.60221858575979859      , -0.57224120193494643      , -0.41123898881699250     
 -0.64121145709663896      , -0.61526556162170254      , -0.43669624430404413     
 -0.68423220926872552      , -0.66187338119341854      , -0.46460703482419996     
 -0.73154842224123440      , -0.71232174967747208      , -0.49514194493394065     
 -0.78309372475605210      , -0.76686015654029704      , -0.52848294357277537     
 -0.83862243999460873      , -0.82572131529877424      , -0.56482099157809673     
 -0.89790054057236968      , -0.88910889631946843      , -0.60435271386681955     
 -0.96085200928061831      , -0.95718144561732144      , -0.64727584989268017     
  -1.0276052487299838      ,  -1.0300316888973573      , -0.69378314002236041     
  -1.0984276603178922      ,  -1.1076603862467747      , -0.74405424852281254     
  -1.1735775056986162      ,  -1.1899439527310121      , -0.79824527282869806     
  -1.2531231934269260      ,  -1.2765952520927344      , -0.85647535524582685     
  -1.3367760285167971      ,  -1.3671173852263221      , -0.91880991527361622     
  -1.4237625568726417      ,  -1.4607510350535038      , -0.98524008462433921     
  -1.5127443163360066      ,  -1.5564171138177354      ,  -1.0556580887928402     
  -1.6017903104712705      ,  -1.6526582029154728      ,  -1.1298286242713289     
  -1.6884210719647148      ,  -1.7475846497656911      ,  -1.2073567810173433     
  -1.7697539881246644      ,  -1.8388341462472721      ,  -1.2876538045436170     
  -1.8427596268254458      ,  -1.9235568958115867      ,  -1.3699030094540989     
  -1.9045799922726696      ,  -1.9984414754470683      ,  -1.4530294256971485     
  -1.9527988017251243      ,  -2.0597981597360326      ,  -1.5356781714554506     
  -1.9855494794645754      ,  -2.1037152903137084      ,  -1.6162078635177315     
  -2.0014136947822090      ,  -2.1262985059202357      ,  -1.6927062008074754     
  -1.9991521746734977      ,  -2.1239908924464261      ,  -1.7630346532475247     
  -1.9773648992447830      ,  -2.0939542405694795      ,  -1.8249073791125396     
  -1.9341952729674283      ,  -2.0344698460352229      ,  -1.8760056647451384     
  -1.8672078453567553      ,  -1.9452969176045305      ,  -1.9141233645507050     
  -1.7736122421157272      ,  -1.8279153874829066      ,  -1.9373317682185185     
  -1.6510600757833604      ,  -1.6855855241203963      ,  -1.9441455890870691     
  -1.4991980171430419      ,  -1.5231832073349167      ,  -1.9336674312105187     
  -1.3218182618749181      ,  -1.3468136481388202      ,  -1.9056880830014979     
  -1.1286653487357565      ,  -1.1632561703974931      ,  -1.8607252165892612     
 -0.93499023886226529      , -0.97933229922058140      ,  -1.7999928104286804     
 -0.75707034180717014      , -0.80130503042066714      ,  -1.7253055011865772     
 -0.60529041503559267      , -0.63440384938197447      ,  -1.6389329214769353     
 -0.48055117948057013      , -0.48253394132337513      ,  -1.5434260887480573     
 -0.37685211467463287      , -0.34818283590830196      ,  -1.4414396800717835     
 -0.28630796127011104      , -0.23249812814134732      ,  -1.3355709038006018     
 -0.20263315159498863      , -0.13548555971593074      ,  -1.2282293332833776     
 -0.12251570581098382      ,  -5.6269906219155272E-002 ,  -1.1215446562215881     
  -4.5658660617015213E-002 ,   6.6318975710786821E-003 ,  -1.0173126590833490     
   2.5899510264440435E-002 ,   5.5061524558877140E-002 , -0.91697499538263172     
   8.8786098109379458E-002 ,   9.1014157251776917E-002 , -0.82162566727776609     
  0.13932486714501485      ,  0.11648438835860699      , -0.73203639435533829     
  0.17444101084854130      ,  0.13336077817771405      , -0.64869359043157415     
  0.19241586254053353      ,  0.14336166147433382      , -0.57184093095123456     
  0.19348965103133581      ,  0.14800295290998974      , -0.50152299788620158     
  0.18021786493732248      ,  0.14858893126008563      , -0.43762692591034791     
  0.15737642548962255      ,  0.14621829166196354      , -0.37992018122204974     
  0.13121874814772266      ,  0.14179943589764171      , -0.32808352909402183     
  0.10810153303201483      ,  0.13607060347492927      , -0.28173890008174274     
   9.2847260776429519E-002 ,  0.12962183015824019      , -0.24047229154001515     
   8.7456934190348654E-002 ,  0.12291679566143585      , -0.20385209363802392     
   9.0708599767433326E-002 ,  0.11631340530896644      , -0.17144335712803233     
   9.8809613722420697E-002 ,  0.11008249150981247      , -0.14281856471464840     
  0.10684635184042554      ,  0.10442437711713656      , -0.11756546009112379     
  0.11050159903410123      ,   9.9483265975480822E-002 ,  -9.5292450698742537E-002
  0.10746316056060901      ,   9.5359557810579046E-002 ,  -7.5632046969053610E-002
   9.8091934760358240E-002 ,   9.2120256097234787E-002 ,  -5.8242741815565935E-002
   8.5169758439360713E-002 ,   8.9807670522331809E-002 ,  -4.2809675278040152E-002
   7.2838511904751893E-002 ,   8.8446624947945987E-002 ,  -2.9044373790967137E-002
   6.5112293325561940E-002 ,   8.8050377067792895E-002 ,  -1.6683803224649796E-002
   6.4497419029632824E-002 ,   8.8625443418063860E-002 ,  -5.4889303017962065E-003
   7.1203439536223073E-002 ,   9.0175506903978228E-002 ,   4.7570517042281801E-003
   8.3190893306283709E-002 ,   9.2704565893845861E-002 ,   1.4250710197358178E-002
   9.6992614531083932E-002 ,   9.6219465629758111E-002 ,   2.3170478593267770E-002
  0.10898343152227012      ,  0.10073193503900983      ,   3.1678808289697137E-002
  0.11663769406200350      ,  0.10626023546901686      ,   3.9924315065625528E-002
  0.11934346181076824      ,  0.11283051264599034      ,   4.8043883403733036E-002
  0.11851773852925311      ,  0.12047792935848968      ,   5.6164704860415256E-002
  0.11701929614835599      ,  0.12924764397219127      ,   6.4406236612651963E-002
  0.11809810234916185      ,  0.13919568879702723      ,   7.2882074089193616E-002
  0.12427167714008751      ,  0.15038979239713457      ,   8.1701737491125151E-002
  0.13652314830816364      ,  0.16291018095003260      ,   9.0972376317400280E-002
  0.15407781231865908      ,  0.17685038546522014      ,  0.10080039897459114     
  0.17479967578712408      ,  0.19231807375030874      ,  0.11129303635303416     
  0.19603773949414036      ,  0.20943591808758993      ,  0.12255984902471209     
  0.21560805134211086      ,  0.22834250119983526      ,  0.13471418753482758     
  0.23256448461587181      ,  0.24919325368583059      ,  0.14787461413054032     
  0.24749964872992206      ,  0.27216140501006614      ,  0.16216629213985403     
  0.26229475159387267      ,  0.29743891648856235      ,  0.17772234594660688     
  0.27943773408478140      ,  0.32523734746483168      ,  0.19468518987864572     
  0.30117807328567137      ,  0.35578858369275485      ,  0.21320781800241143     
  0.32882882991478934      ,  0.38934532818804513      ,  0.23345503833546014     
  0.36245177107964821      ,  0.42618121744158366      ,  0.25560462372991749     
  0.40100932294436303      ,  0.46659037743175252      ,  0.27984833683908750     
  0.44289934035099421      ,  0.51088617139247883      ,  0.30639276713294245     
  0.48665962881557323      ,  0.55939881143258230      ,  0.33545989260639347     
  0.53157741733076913      ,  0.61247140525082377      ,  0.36728724609690205     
  0.57798374170411870      ,  0.67045388387585647      ,  0.40212752422049775     
  0.62714181927858970      ,  0.73369410400377422      ,  0.44024742390437027     
  0.68080228908223439      ,  0.80252523878664739      ,  0.48192542541007199     
  0.74062568301663334      ,  0.87724836805713469      ,  0.52744816004763362     
  0.80770732321116312      ,  0.95810896533412482      ,  0.57710490493869326     
  0.88237211984251074      ,   1.0452657805728223      ,  0.63117963775002872     
  0.96427490234229252      ,   1.1387504820354777      ,  0.68993996663175328     
   1.0527060890326685      ,   1.2384164273482181      ,  0.75362213632406572     
   1.1469164636288824      ,   1.3438752066554114      ,  0.82241122208398265     
   1.2462710060632032      ,   1.4544203201472676      ,  0.89641559472431365     
   1.3501218628394622      ,   1.5689387609178072      ,  0.97563482829485038     
   1.4574228186659870      ,   1.6858136658766292      ,   1.0599205065801458     
   1.5662427391893687      ,   1.8028248692118054      ,   1.1489299706560232     
   1.6734291018291587      ,   1.9170593339240956      ,   1.2420740599845279     
   1.7746782070782467      ,   2.0248499264203508      ,   1.3384614507544750     
   1.8651207542615358      ,   2.1217681005363196      ,   1.4368443490931841     
   1.9402262919689066      ,   2.2027020523138305      ,   1.5355729780716709     
   1.9965663290129931      ,   2.2620538223631388      ,   1.6325691829374855     
   2.0320356087086604      ,   2.2940825631095625      ,   1.7253318865775926     
   2.0454863984624527      ,   2.2934025096515773      ,   1.8109879719485740     
   2.0360336193402566      ,   2.2556108582566328      ,   1.8864000927656583     
   2.0023427831772382      ,   2.1779756365249536      ,   1.9483366994347122     
   1.9421371276962685      ,   2.0600674067786091      ,   1.9936988387326597     
   1.8521287795185815      ,   1.9041894755754216      ,   2.0197843039439829     
   1.7286442784302638      ,   1.7154692943814802      ,   2.0245557812127513     
   1.5692745951214517      ,   1.5015302430138926      ,   2.0068705581414674     
   1.3756536152469983      ,   1.2717598040209583      ,   1.9666297015238157     
   1.1566260507045212      ,   1.0362971825751546      ,   1.9048163682796677     
  0.92953093014569332      ,  0.80493991239132967      ,   1.8234138682300103     
  0.71600318961161424      ,  0.58618396610125834      ,   1.7252181534258575     
  0.53183774610119705      ,  0.38656124625243360      ,   1.6135790714816123     
  0.37964751645737560      ,  0.21034630813473335      ,   1.4921143988777912     
  0.25202562623123431      ,   5.9608695163686748E-002 ,   1.3644388805009304     
  0.13943652538317747      ,  -6.5479933137011226E-002 ,   1.2339398472094227     
   3.5082090305901786E-002 , -0.16620055027530495      ,   1.1036162944159156     
  -6.3838655369144751E-002 , -0.24481000764352695      ,  0.97598429919751772     
 -0.15655646889375840      , -0.30410886996064257      ,  0.85304136147876719     
 -0.23977053560894607      , -0.34709476490187574      ,  0.73627664433751827     
 -0.30886723124400511      , -0.37671289195006802      ,  0.62671257737338548     
 -0.35918493618666780      , -0.39569614814294074      ,  0.52496455981118595     
 -0.38734867627693764      , -0.40647782964416257      ,  0.43130818574931273     
 -0.39266026556389716      , -0.41115746707718875      ,  0.34574645755035577     
 -0.37826501860346085      , -0.41150210621487715      ,  0.26807221390270930     
 -0.35148711259787951      , -0.40896890310199524      ,  0.19792318892810590     
 -0.32267636140867390      , -0.40473875859198022      ,  0.13482868670199558     
 -0.30247653801403862      , -0.39975409662649936      ,   7.8247876867343358E-002
 -0.29845096513407610      , -0.39475651542952789      ,   2.7600314319150377E-002
 -0.31262330598506111      , -0.39032191242298492      ,  -1.7710416716385423E-002
 -0.34106613059784696      , -0.38689192741735651      ,  -5.8278932325788971E-002
 -0.37563789475078579      , -0.38480132170628584      ,  -9.4685166360762144E-002
 -0.40710751888369939      , -0.38430135678688487      , -0.12748546907213734     
 -0.42847683624825922      , -0.38557946906189577      , -0.15720688788408219     
 -0.43731320406567825      , -0.38877563790933228      , -0.18434394603443194     
 -0.43630428770164975      , -0.39399586905819672      , -0.20935734501658584     
 -0.43191386101665868      , -0.40132319833040991      , -0.23267411661505247     
 -0.43175194171352116      , -0.41082658358391927      , -0.25468883757681537     
 -0.44177556440630822      , -0.42256800707019559      , -0.27576559431625691     
 -0.46440120436334664      , -0.43660806267782115      , -0.29624044721241904     
 -0.49808358426472177      , -0.45301025559336150      , -0.31642419513785502     
 -0.53829922599895830      , -0.47184419680003337      , -0.33660528206910106     
 -0.57944370524342181      , -0.49318783156868379      , -0.35705272011539529     
 -0.61691833275382113      , -0.51712879917563415      , -0.37801892807114496     
 -0.64865259608451920      , -0.54376497977004823      , -0.39974240249018106     
 -0.67554887990237944      , -0.57320424278403181      , -0.42245014997122587     
 -0.70079437842103220      , -0.60556336871600913      , -0.44635981535506558     
 -0.72844726456117603      , -0.64096607180850518      , -0.47168144125200534     
 -0.76193830002380813      , -0.67954000459510544      , -0.49861879002709569     
 -0.80305003348710591      , -0.72141257642418488      , -0.52737015029433365     
 -0.85164638085628430      , -0.76670536747726248      , -0.55812853633776005     
 -0.90610657868337330      , -0.81552686917319506      , -0.59108117101442681     
 -0.96418915089538637      , -0.86796323453109814      , -0.62640812116689004     
  -1.0239492493792315      , -0.92406668383501045      , -0.66427993038313904     
  -1.0843639897606574      , -0.98384119101453216      , -0.70485406880495360     
  -1.1454760663938472      ,  -1.0472250883707017      , -0.74826999640014280     
  -1.2080847153849381      ,  -1.1140702913966432      , -0.79464261903395428     
  -1.2731887032903275      ,  -1.1841179882630797      , -0.84405391227026083     
  -1.3414380596366038      ,  -1.2569708943107780      , -0.89654250528706636     
  -1.4127817433492351      ,  -1.3320625811600497      , -0.95209106900782137     
  -1.4863736495154691      ,  -1.4086249955284553      ,  -1.0106114543405447     
  -1.5606903455900727      ,  -1.4856561204709910      ,  -1.0719276969676881     
  -1.6337587993251470      ,  -1.5618908147046162      ,  -1.1357572641826892     
  -1.7033950126397370      ,  -1.6357791596741007      ,  -1.2016912837629112     
  -1.7673952465165015      ,  -1.7054780339848252      ,  -1.2691749722667758     
  -1.8236676717659177      ,  -1.7688628873783263      ,  -1.3374900584707226     
  -1.8703150927094696      ,  -1.8235674200729917      ,  -1.4057416326856329     
  -1.9056738151284764      ,  -1.8670585584756816      ,  -1.4728524544807782     
  -1.9282995686649564      ,  -1.8967521385750084      ,  -1.5375681751794532     
  -1.9368908628270660      ,  -1.9101705150628026      ,  -1.5984769812271005     
  -1.9301573116199022      ,  -1.9051366868038477      ,  -1.6540466183546458     
  -1.9066646879734761      ,  -1.8799909029060546      ,  -1.7026804229180070     
  -1.8647117693911432      ,  -1.8338064567641899      ,  -1.7427917898376235     
  -1.8023190159729974      ,  -1.7665738233804884      ,  -1.7728935811366489     
  -1.7174402431943925      ,  -1.6793193399910480      ,  -1.7916957382361516     
  -1.6085318493908440      ,  -1.5741287994909499      ,  -1.7982014834472844     
  -1.4755740218702686      ,  -1.4540585711738296      ,  -1.7917907942460058     
  -1.3214339922278331      ,  -1.3229355864692047      ,  -1.7722800115972297     
  -1.1530187088254955      ,  -1.1850684983651558      ,  -1.7399488134297523     
 -0.98113813008601658      ,  -1.0449098261764556      ,  -1.6955300711564372     
 -0.81807748528299440      , -0.90671780055009554      ,  -1.6401634518064443     
 -0.67348478495776543      , -0.77426443399857336      ,  -1.5753188259838156     
 -0.55133074902914903      , -0.65062418559314306      ,  -1.5026994293425207     
 -0.45009655576679086      , -0.53805960856055846      ,  -1.4241365517228026     
 -0.36526170180697204      , -0.43800192017994610      ,  -1.3414871510683963     
 -0.29187571039360882      , -0.35111004356225739      ,  -1.2565436330226010     
 -0.22614235380103354      , -0.27738372851379317      ,  -1.1709618668190174     
 -0.16605073478091059      , -0.21630490680726164      ,  -1.0862101432000582     
 -0.11135084360947024      , -0.16698485479310698      ,  -1.0035388660824414     
  -6.3126583215784654E-002 , -0.12830075441590932      , -0.92396866930221366     
  -2.3174019516163123E-002 ,  -9.9011800828282467E-002 , -0.84829344980179178     
   6.6477636949875130E-003 ,  -7.7850703932708876E-002 , -0.77709439787087953     
   2.4984179662249500E-002 ,  -6.3590613793592488E-002 , -0.71076127246323817     
   3.1414932074372112E-002 ,  -5.5090083998159803E-002 , -0.64951768650273467     
   2.6708894183849568E-002 ,  -5.1319928652182122E-002 , -0.59344783846858606     
   1.2857484355037365E-002 ,  -5.1376111790610725E-002 , -0.54252281249798806     
  -7.1614343667793338E-003 ,  -5.4482506497482014E-002 , -0.49662518528688282     
  -2.9893765878459048E-002 ,  -5.9986771525834218E-002 , -0.45557118450738321     
  -5.2105196335996980E-002 ,  -6.7351918144290771E-002 , -0.41913003141958882     
  -7.1474513277062293E-002 ,  -7.6145498697450006E-002 , -0.38704037906701927     
  -8.7056463175391188E-002 ,  -8.6027798752510112E-002 , -0.35902394463510756     
  -9.9349099263332324E-002 ,  -9.6739974650656230E-002 , -0.33479655016284376     
 -0.10994223354178559      , -0.10809274326090544      , -0.31407684844854894     
 -0.12087436526164161      , -0.11995598579839001      , -0.29659303637498741     
 -0.13391856810028838      , -0.13224945471734162      , -0.28208785835243927     
 -0.15002491247724725      , -0.14493465480064185      , -0.27032218738771446     
 -0.16908000735348200      , -0.15800789211005009      , -0.26107744707156139     
 -0.19003556243265243      , -0.17149443591142843      , -0.25415710912940392     
 -0.21134113256780027      , -0.18544371031143450      , -0.24938747116086327     
 -0.23152183247627017      , -0.19992541770844602      , -0.24661788975310234     
 -0.24969866122657025      , -0.21502649063002746      , -0.24572061646105828     
 -0.26587576814267455      , -0.23084876878264615      , -0.24659035883437774     
 -0.28090879714669159      , -0.24750730180244249      , -0.24914366600070298     
 -0.29618663785282540      , -0.26512918355277493      , -0.25331821830752771     
 -0.31315848894335768      , -0.28385282959556735      , -0.25907208303752821     
 -0.33288223290577401      , -0.30382761469181757      , -0.26638298299531660     
 -0.35574750203801325      , -0.32521379106320952      , -0.27524761149537930     
 -0.38145323365297507      , -0.34818260996592526      , -0.28568101558953890     
 -0.40922613799538948      , -0.37291656820932029      , -0.29771605884614949     
 -0.43818558707563987      , -0.39960969688581727      , -0.31140296518496530     
 -0.46771677546250112      , -0.42846780097640164      , -0.32680893569513642     
 -0.49772053601587812      , -0.45970854475326928      , -0.34401782048743806     
 -0.52866160990491828      , -0.49356125796539929      , -0.36312981686817919     
 -0.56141652503881234      , -0.53026631045188799      , -0.38426115281641809     
 -0.59699573876853795      , -0.57007386672513005      , -0.40754370016543978     
 -0.63625363491917797      , -0.61324178576453203      , -0.43312444421807728     
 -0.67969193943566508      , -0.66003237338925247      , -0.46116471487057925     
 -0.72741535288780756      , -0.71070762410160104      , -0.49183905773979042     
 -0.77923502158421853      , -0.76552250598750449      , -0.52533359135827784     
 -0.83486098450816493      , -0.82471574748206744      , -0.56184365743896569     
 -0.89409771984670938      , -0.88849748268377926      , -0.60157052509409392     
 -0.95696480812459539      , -0.95703301110356997      , -0.64471685702333670     
  -1.0237014905023551      ,  -1.0304218440011301      , -0.69148058764199649     
  -1.0946617574802693      ,  -1.1086711689674305      , -0.74204680358594444     
  -1.1701436486053653      ,  -1.1916629079707703      , -0.79657716295425818     
  -1.2502078274895279      ,  -1.2791137317463777      , -0.85519635278332806     
  -1.3345262520953165      ,  -1.3705278083744008      , -0.91797508300500474     
  -1.4222758759244711      ,  -1.4651428133852800      , -0.98490917658624821     
  -1.5120740950239571      ,  -1.5618709377351614      ,  -1.0558944769156287     
  -1.6019553902266719      ,  -1.6592384213378226      ,  -1.1306976022292721     
  -1.6894096764337061      ,  -1.7553295920387670      ,  -1.2089230872994532     
  -1.7715196172099923      ,  -1.8477444638281029      ,  -1.2899782167765024     
  -1.8452149270925349      ,  -1.9335823784575716      ,  -1.3730379039287575     
  -1.9075973438709339      ,  -2.0094673378281551      ,  -1.4570132840711101     
  -1.9562214159852018      ,  -2.0716324741702135      ,  -1.5405291632885045     
  -1.9892087300890633      ,  -2.1160799622598705      ,  -1.6219168435451898     
  -2.0051441013766378      ,  -2.1388267571723301      ,  -1.6992297223010837     
  -2.0027971585943547      ,  -2.1362343452227091      ,  -1.7702888766971601     
  -1.9807711205886469      ,  -2.1054020599515408      ,  -1.8327639813947796     
  -1.9371977204707507      ,  -2.0445807668991480      ,  -1.8842909353405151     
  -1.8696114094760159      ,  -1.9535423966589387      ,  -1.9226215166584080     
  -1.7751797832718332      ,  -1.8338290488603362      ,  -1.9457930344686416     
  -1.6515226296245638      ,  -1.6888114028237018      ,  -1.9522989358118306     
  -1.4983054959813042      ,  -1.5235141097589926      ,  -1.9412368422279591     
  -1.3194379583650697      ,  -1.3442120210571691      ,  -1.9124105565793181     
  -1.1248999151918635      ,  -1.1578532144471796      ,  -1.8663681352799042     
 -0.93022975583274436      , -0.97140576902449882      ,  -1.8043683566136113     
 -0.75186728665256031      , -0.79124071353522030      ,  -1.7282803210774276     
 -0.60007826351707227      , -0.62264865754680543      ,  -1.6404321365977033     
 -0.47543860830785478      , -0.46954913069346166      ,  -1.5434317569348321     
 -0.37164720844981874      , -0.33440429339267902      ,  -1.4399846537350298     
 -0.28067613982151257      , -0.21830781663064763      ,  -1.3327295467317848     
 -0.19625144793020263      , -0.12119519779513725      ,  -1.2241066936955947     
 -0.11517492057110257      ,  -4.2115597683410992E-002 ,  -1.1162655197519116     
  -3.7311613285587221E-002 ,   2.0486709436646308E-002 ,  -1.0110115465697123     
   3.5134898049190948E-002 ,   6.8517777469615099E-002 , -0.90978775496973741     
   9.8654573259496517E-002 ,  0.10402626193743578      , -0.81368293448099915     
  0.14947761497039153      ,  0.12904874663052246      , -0.72345890814728753     
  0.18448835704027072      ,  0.14550507020936551      , -0.63958917068628618     
  0.20199103570366683      ,  0.15513562773870865      , -0.56230283043951657     
  0.20232618473358541      ,  0.15947093878374241      , -0.49162931722975295     
  0.18823162829920972      ,  0.15982416769303215      , -0.42744079806285401     
  0.16472564802220802      ,  0.15729872395344635      , -0.36949047281843572     
  0.13830558622561992      ,  0.15280484568268940      , -0.31744585488358845     
  0.11549180986728880      ,  0.14708076104513482      , -0.27091679461893292     
  0.10112191140778182      ,  0.14071543813105639      , -0.22947842460269577     
   9.7046982840448992E-002 ,  0.13417102251796589      , -0.19268945063371956     
  0.10177756893179625      ,  0.12780384748378712      , -0.16010633292912446     
  0.11122724410335445      ,  0.12188343978152048      , -0.13129393972555115     
  0.12026090257305805      ,  0.11660929459036382      , -0.10583324203678925     
  0.12448307956684071      ,  0.11212541045637760      ,  -8.3326575815892520E-002
  0.12166790806632724      ,  0.10853270131855734      ,  -6.3400941043187109E-002
  0.11239363750069513      ,  0.10589946947631626      ,  -4.5709745725188280E-002
   9.9712746822875245E-002 ,  0.10427015253733518      ,  -2.9933342086985087E-002
   8.7994946442186375E-002 ,  0.10367256371322282      ,  -1.5778645510833335E-002
   8.1360504877248760E-002 ,  0.10412383785823971      ,  -2.9780755577153233E-003
   8.2269204506193017E-002 ,  0.10563528140448651      ,   8.7119867305855848E-003
   9.0757726643637487E-002 ,  0.10821630655474181      ,   1.9513070123515407E-002
  0.10455726458524986      ,  0.11187761099747581      ,   2.9626691293402192E-002
  0.12000051218623070      ,  0.11663374533339807      ,   3.9236545986113792E-002
  0.13336276412005213      ,  0.12250519210664432      ,   4.8510742915426050E-002
  0.14215283406305873      ,  0.12952006322130361      ,   5.7604029240280456E-002
  0.14591221361501205      ,  0.13771550677706540      ,   6.6659972083182917E-002
  0.14627323424992167      ,  0.14713890001021801      ,   7.5813073027227965E-002
  0.14629439300294136      ,  0.15784889200725963      ,   8.5190802334656729E-002
  0.14934172088968495      ,  0.16991634801598865      ,   9.4915547152699190E-002
  0.15793255049086646      ,  0.18342523629126711      ,  0.10510647354626416     
  0.17294685851972844      ,  0.19847348819084690      ,  0.11588130609579436     
  0.19345452308704636      ,  0.21517385232113451      ,  0.12735803123493067     
  0.21717887863633675      ,  0.23365475348327366      ,  0.13965653162546596     
  0.24140170839581074      ,  0.25406115644904970      ,  0.15290015875808619     
  0.26397500842094118      ,  0.27655542254615456      ,  0.16721724963564050     
  0.28408168307551096      ,  0.30131813284431563      ,  0.18274259076972924     
  0.30248998498655028      ,  0.32854883440907107      ,  0.19961882863850883     
  0.32123860765314954      ,  0.35846664439448767      ,  0.21799781994534886     
  0.34289881461376204      ,  0.39131061915952309      ,  0.23804190709181647     
  0.36970640492933415      ,  0.42733976025768178      ,  0.25992509369566286     
  0.40288386276436083      ,  0.46683248383084736      ,  0.28383408103491098     
  0.44237918668422688      ,  0.51008532201043177      ,  0.30996910807541045     
  0.48708180647704880      ,  0.55741055142552731      ,  0.33854451411498021     
  0.53540403346837107      ,  0.60913235169282998      ,  0.36978891269851522     
  0.58599311373759166      ,  0.66558098285394907      ,  0.40394482676344723     
  0.63830164796680222      ,  0.72708433304494668      ,  0.44126758626840140     
  0.69280931241614974      ,  0.79395602623684047      ,  0.48202322918040019     
  0.75083655285948980      ,  0.86647909879151963      ,  0.52648507335109662     
  0.81405962897261774      ,  0.94488406424180749      ,  0.57492854014299799     
  0.88394757731579587      ,   1.0293200115880103      ,  0.62762371220481183     
  0.96134497033669786      ,   1.1198172657769607      ,  0.68482500244872102     
   1.0463272965405535      ,   1.2162401498838087      ,  0.74675720953346603     
   1.1383133887941113      ,   1.3182286351005581      ,  0.81359715612049432     
   1.2362986207966038      ,   1.4251283035935616      ,  0.88545008151459337     
   1.3390245314883056      ,   1.5359092905780751      ,  0.96232003866968674     
   1.4449478083767198      ,   1.6490769691601981      ,   1.0440737963954980     
   1.5520016823029106      ,   1.7625803520093120      ,   1.1303982621456463     
   1.6573040796706189      ,   1.8737286770511576      ,   1.2207523257973252     
   1.7570714180729541      ,   1.9791323337539792      ,   1.3143153831750887     
   1.8469420968887593      ,   2.0746905761774594      ,   1.4099366878493840     
   1.9226630773253635      ,   2.1556539445227054      ,   1.5060920462594489     
   1.9807974478619668      ,   2.2167915023342668      ,   1.6008569537318578     
   2.0190509267165035      ,   2.2526884218042524      ,   1.6919075042317528     
   2.0360689759859336      ,   2.2581843870692953      ,   1.7765613825387028     
   2.0308650642704924      ,   2.2289354566246842      ,   1.8518697931255470     
   2.0021591665487213      ,   2.1620431645734275      ,   1.9147661847452768     
   1.9478669332534904      ,   2.0566529170936714      ,   1.9622686169821451     
   1.8649420740069573      ,   1.9143940614837531      ,   1.9917204286638490     
   1.7498195517799493      ,   1.7395340488428781      ,   2.0010411052933321     
   1.5997771644062095      ,   1.5387608201874197      ,   1.9889499507456627     
   1.4153986925621540      ,   1.3205875736851553      ,   1.9551235362441517     
   1.2036547296020859      ,   1.0944698721640391      ,   1.9002562817400708     
  0.97976252848587697      ,  0.86980197130440695      ,   1.8260108125278076     
  0.76451646596891976      ,  0.65498696600371087      ,   1.7348662255019947     
  0.57546394337843476      ,  0.45674402410833626      ,   1.6298915649064565     
  0.41838638562503511      ,  0.27974115223213653      ,   1.5144830970439576     
  0.28800554180077070      ,  0.12655500924438956      ,   1.3921050714225933     
  0.17515846391109385      ,  -2.1093609545281568E-003 ,   1.2660659784698975     
   7.2365704681030665E-002 , -0.10703999294361360      ,   1.1393497488246689     
  -2.4230262597241994E-002 , -0.19008160102014149      ,   1.0145082306768012     
 -0.11492528285038366      , -0.25371953242299472      ,  0.89361081724419855     
 -0.19730291111174431      , -0.30073129688479561      ,  0.77824067797363217     
 -0.26735962732621821      , -0.33392454246025399      ,  0.66952453904332021     
 -0.32070124230463248      , -0.35596005720225277      ,  0.56818335328088643     
 -0.35377709385968187      , -0.36924698732802863      ,  0.47459326396003948     
 -0.36515175787892368      , -0.37589322082260024      ,  0.38884895656509771     
 -0.35664823964735637      , -0.37769423707262845      ,  0.31082411065795684     
 -0.33391405008071190      , -0.37614639022080093      ,  0.24022584882287670     
 -0.30581750363558885      , -0.37247398388673925      ,  0.17664171537082027     
 -0.28239331524869760      , -0.36766269850571237      ,  0.11957883348917736     
 -0.27186356395840461      , -0.36249455027626887      ,   6.8495581330194732E-002
 -0.27799990930961677      , -0.35758150586839088      ,   2.2826506073900316E-002
 -0.29904965757067969      , -0.35339622047587044      ,  -1.7998639778078043E-002
 -0.32866259049440577      , -0.35029923678836039      ,  -5.4540824849171811E-002
 -0.35838356570966801      , -0.34856251030891594      ,  -8.7341759806201569E-002
 -0.38073677840285858      , -0.34838942264384626      , -0.11691723052267909     
 -0.39178925063227271      , -0.34993159229674742      , -0.14375306250130479     
 -0.39231953795257707      , -0.35330285041969134      , -0.16830313786135651     
 -0.38723483233162659      , -0.35859075534454887      , -0.19098898192971681     
 -0.38352682425982393      , -0.36586599856871060      , -0.21220052210168877     
 -0.38762560454570910      , -0.37519002047089617      , -0.23229769598738090     
 -0.40320776675913306      , -0.38662111437854607      , -0.25161264904947012     
 -0.43021060962592028      , -0.40021925684407017      , -0.27045231471455861     
 -0.46524301408239527      , -0.41604986199587363      , -0.28910121329269922     
 -0.50309539558289618      , -0.43418661921318441      , -0.30782434099060302     
 -0.53874236884676996      , -0.45471353602796433      , -0.32687004780146445     
 -0.56910600351528262      , -0.47772627159494169      , -0.34647282392138790     
 -0.59395969267715776      , -0.50333280959024207      , -0.36685592925790400     
 -0.61571015091774084      , -0.53165348217388397      , -0.38823381009042951     
 -0.63825685815212296      , -0.56282031778690689      , -0.41081425140154459     
 -0.66547316140507962      , -0.59697564414214421      , -0.43480021307211597     
 -0.69992467550967796      , -0.63426983296738892      , -0.46039129315319621     
 -0.74224624255518823      , -0.67485802422642949      , -0.48778475182937375     
 -0.79128486899754236      , -0.71889561443919947      , -0.51717601545449898     
 -0.84483616499736347      , -0.76653223684161209      , -0.54875856116675947     
 -0.90062917744350768      , -0.81790390218311593      , -0.58272305918769784     
 -0.95717079463567512      , -0.87312291159351063      , -0.61925562236534037     
  -1.0141552727227516      , -0.93226510369459192      , -0.65853498173058778     
  -1.0723487214013185      , -0.99535396770232754      , -0.70072837453749337     
  -1.1330814409742715      ,  -1.0623411591474730      , -0.74598590049483626     
  -1.1976127758796511      ,  -1.1330830190770358      , -0.79443307761640658     
  -1.2666233276529828      ,  -1.2073128544503686      , -0.84616131890993951     
  -1.3399747012039263      ,  -1.2846090303135032      , -0.90121606603373261     
  -1.4167372360320125      ,  -1.3643594057596606      , -0.95958237131782331     
  -1.4953866604341790      ,  -1.4457233725700702      ,  -1.0211678349887090     
  -1.5740397445265260      ,  -1.5275937779192856      ,  -1.0857830039380234     
  -1.6506335866345914      ,  -1.6085623533591964      ,  -1.1531196477268890     
  -1.7230247332864139      ,  -1.6868938939161400      ,  -1.2227277695525685     
  -1.7890470608281597      ,  -1.7605161903145281      ,  -1.2939927958138346     
  -1.8465812853736574      ,  -1.8270343129837907      ,  -1.3661151039794051     
  -1.8936506453043249      ,  -1.8837787772127064      ,  -1.4380948387112886     
  -1.9285052802852525      ,  -1.9278966816365157      ,  -1.5087257139824952     
  -1.9496385912449454      ,  -1.9564922881605553      ,  -1.5766020145148025     
  -1.9557050493191903      ,  -1.9668179842404507      ,  -1.6401430354681412     
  -1.9453556341066680      ,  -1.9565078935156675      ,  -1.6976384459203631     
  -1.9170455572156524      ,  -1.9238352622592316      ,  -1.7473162883833551     
  -1.8688939035255192      ,  -1.8679631247608479      ,  -1.7874324592804500     
  -1.7987003032645374      ,  -1.7891488963989355      ,  -1.8163767754887499     
  -1.7042588703532302      ,  -1.6888613174542515      ,  -1.8327867172578691     
  -1.5841289857445771      ,  -1.5697756537403367      ,  -1.8356565804305158     
  -1.4389398616155702      ,  -1.4356308657342878      ,  -1.8244281277482193     
  -1.2729892680913217      ,  -1.2909575812169940      ,  -1.7990497282333926     
  -1.0952958720849537      ,  -1.1407118013422741      ,  -1.7599946421626305     
 -0.91870565699968010      , -0.98986866166433762      ,  -1.7082349636031091     
 -0.75619878020125453      , -0.84303727905915227      ,  -1.6451744759519611     
 -0.61608101342974486      , -0.70414998917810345      ,  -1.5725497021054149     
