  0.60185143251501083      ,   2.1229450724483714      ,   1.4655193661558268     
   1.6968202172679909      ,   2.1929852415350255      ,   1.5610585270229873     
   2.1978928332640786      ,   2.2400776937172493      ,   1.6539053462152871     
   2.3853004970177754      ,   2.2589017442634218      ,   1.7415228812149708     
   2.2834866729325740      ,   2.2447042742917840      ,   1.8210630112943438     
   1.9355315675862133      ,   2.1939089102960634      ,   1.8894909061409448     
   1.6440766493241479      ,   2.1047402225179983      ,   1.9437656688917380     
   1.6135312435556801      ,   1.9777454803439807      ,   1.9810672081207392     
   1.5478671648628330      ,   1.8160821072783706      ,   1.9990464820024860     
   1.5484545469740931      ,   1.6254624622894605      ,   1.9960649989817625     
   1.3520499867674884      ,   1.4137129629515430      ,   1.9713841858516696     
   1.1881366389908905      ,   1.1899972664110152      ,   1.9252693066812612     
  0.90758360484474010      ,  0.96384218103004549      ,   1.8589865037522069     
  0.62424795448547898      ,  0.74415591195967179      ,   1.7746919444430655     
  0.42077350502622329      ,  0.53842131673974125      ,   1.6752329415465239     
  0.33360405652472136      ,  0.35218728446955988      ,   1.5638959838847664     
  0.18651592230354636      ,  0.18889565376218667      ,   1.4441420266186100     
  0.13012533909596311      ,   5.0001978019320249E-002 ,   1.3193650556489360     
   5.6828907123550890E-002 ,  -6.4700883798565631E-002 ,   1.1926989228874905     
  -3.6553837962463101E-002 , -0.15666063759309845      ,   1.0668841267543117     
 -0.10252188079406904      , -0.22813426990100699      ,  0.94419438639734021     
 -0.16894604529610435      , -0.28180797976757588      ,  0.82641469034470127     
 -0.22556840039058368      , -0.32049834109380249      ,  0.71485843581946695     
 -0.24705050963563543      , -0.34694074961631782      ,  0.61041059040920653     
 -0.24637434109502701      , -0.36365620077566646      ,  0.51358530372947420     
 -0.26984931027775133      , -0.37288048745330526      ,  0.42458891988492709     
 -0.28544934711251740      , -0.37653861886822665      ,  0.34338204425120999     
 -0.29945081063302625      , -0.37624917459232166      ,  0.26973670639260389     
 -0.30041406483404215      , -0.37334652660465156      ,  0.20328652779630416     
 -0.31501251117300605      , -0.36891220776140959      ,  0.14356912745924336     
 -0.30191648082018252      , -0.36380958762195265      ,   9.0060855130340983E-002
 -0.32009802547898791      , -0.35871823902491112      ,   4.2204439621893741E-002
 -0.33382023302668057      , -0.35416596004674755      ,  -5.6961569239652996E-004
 -0.35342354482101984      , -0.35055746826940914      ,  -3.8826978221081797E-002
 -0.35990599719207589      , -0.34819944144875398      ,  -7.3117879548269940E-002
 -0.38057995212782603      , -0.34732196114584557      , -0.10396913675487859     
 -0.37774796672511984      , -0.34809661831423416      , -0.13187907821838246     
 -0.38690902541834432      , -0.35065163044657438      , -0.15731475324318300     
 -0.39608256914424422      , -0.35508434474769440      , -0.18071090378070817     
 -0.41516252482647953      , -0.36147149037983400      , -0.20247026648446861     
 -0.43234646858671183      , -0.36987751301508459      , -0.22296485238673353     
 -0.45317768500026195      , -0.38036128702789984      , -0.24253791924495635     
 -0.47346486637964125      , -0.39298146021187508      , -0.26150640862046931     
 -0.48749467023648241      , -0.40780064560972051      , -0.28016366693359418     
 -0.51174459439740250      , -0.42488863596647064      , -0.29878230811027573     
 -0.53226144566615485      , -0.44432477860534586      , -0.31761710598075332     
 -0.56194400521992527      , -0.46619961183729980      , -0.33690782818834025     
 -0.58703421727743044      , -0.49061582772856122      , -0.35688194075595159     
 -0.62224321219100298      , -0.51768858938690709      , -0.37775712423213165     
 -0.64205135073936626      , -0.54754519301577265      , -0.39974354894277481     
 -0.67684961555985845      , -0.58032402491292434      , -0.42304585861538374     
 -0.70232715399497370      , -0.61617272046811900      , -0.44786480869756806     
 -0.74395174581425472      , -0.65524538527947807      , -0.47439849813077212     
 -0.78252397783642524      , -0.69769868729453444      , -0.50284312115890861     
 -0.83779967101163944      , -0.74368657348523226      , -0.53339314892254241     
 -0.88781459317699063      , -0.79335330605295495      , -0.56624082914757556     
 -0.94688214519007041      , -0.84682445416439756      , -0.60157486641105617     
  -1.0054325716124268      , -0.90419542278911047      , -0.63957811587315860     
  -1.0689917140698879      , -0.96551705894731876      , -0.68042409129601356     
  -1.1353340465940218      ,  -1.0307778612015503      , -0.72427205599499500     
  -1.2057485987487235      ,  -1.0998823509037625      , -0.77126043706710912     
  -1.2809827582853115      ,  -1.1726252724491224      , -0.82149828508863920     
  -1.3532925068888457      ,  -1.2486615134322572      , -0.87505450283288311     
  -1.4336763690360603      ,  -1.3274720230237296      , -0.93194460068929952     
  -1.5092434154561343      ,  -1.4083266142620134      , -0.99211482113025040     
  -1.5944656748540249      ,  -1.4902454189606513      ,  -1.0554236320282695     
  -1.6743157113844251      ,  -1.5719619618454443      ,  -1.1216208443547895     
  -1.7611349975570680      ,  -1.6518923291820697      ,  -1.1903249890188543     
  -1.8369592457352468      ,  -1.7281166388091584      ,  -1.2610001085055818     
  -1.9127366225480451      ,  -1.7983807511966154      ,  -1.3329337815139992     
  -1.9720501948295956      ,  -1.8601274883067285      ,  -1.4052189689836077     
  -2.0240769019431535      ,  -1.9105669316404634      ,  -1.4767430611370855     
  -2.0571735028498477      ,  -1.9467938643396794      ,  -1.5461881616983577     
  -2.0771305972956906      ,  -1.9659562972366709      ,  -1.6120469374818855     
  -2.0741146236177430      ,  -1.9654717519920386      ,  -1.6726580056065574     
  -2.0506212490788069      ,  -1.9432777608327523      ,  -1.7262635486630262     
  -1.9999710944044937      ,  -1.8980912374186156      ,  -1.7710894706649931     
  -1.9230993755083003      ,  -1.8296406962393050      ,  -1.8054450031124267     
  -1.8188307907204964      ,  -1.7388294866500131      ,  -1.8278346624583925     
  -1.6900917778813409      ,  -1.6277909378168240      ,  -1.8370716452890137     
  -1.5407508967743413      ,  -1.4998095542228083      ,  -1.8323791687938058     
  -1.3760606851061152      ,  -1.3591048903602743      ,  -1.8134659116009328     
  -1.2040681767069534      ,  -1.2105014823689850      ,  -1.7805641330966038     
  -1.0307087899408529      ,  -1.0590317642324893      ,  -1.7344240464755345     
 -0.86548906837899497      , -0.90953204853726333      ,  -1.6762645840380972     
 -0.71277116507485772      , -0.76629045839720311      ,  -1.6076872838821734     
 -0.57917046100560210      , -0.63279111119684861      ,  -1.5305650890616394     
 -0.46399523248024555      , -0.51157614327258938      ,  -1.4469203331926654     
 -0.36853781176838457      , -0.40422348056081997      ,  -1.3588058440310067     
 -0.28835887773592561      , -0.31141976406450217      ,  -1.2682004526181798     
 -0.22268246401964659      , -0.23309778801163680      ,  -1.1769262441082506     
 -0.16803081041673604      , -0.16860623877588951      ,  -1.0865906987991416     
 -0.12433399908983374      , -0.11688420726929609      , -0.99855328422125944     
  -8.9708698326169345E-002 ,  -7.6620826960369842E-002 , -0.91391352682143312     
  -6.4467567398432846E-002 ,  -4.6388750188870759E-002 , -0.83351620498294843     
  -4.7238538750305398E-002 ,  -2.4747247274474339E-002 , -0.75796889974055193     
  -3.7717000426022329E-002 ,  -1.0315729998428632E-002 , -0.68766743138630215     
  -3.4174741273102376E-002 ,  -1.8214478280048640E-003 , -0.62282540323619306     
  -3.5292599809667549E-002 ,   1.8736213420180853E-003 , -0.56350492439458066     
  -3.9116791279584645E-002 ,   1.7615356216361129E-003 , -0.50964642339749555     
  -4.4310131746888831E-002 ,  -1.3118115952818158E-003 , -0.46109619835676158     
  -5.0018973570883571E-002 ,  -6.6396574477651698E-003 , -0.41763093670120399     
  -5.5969350033360628E-002 ,  -1.3643028666461270E-002 , -0.37897887546563841     
  -6.2706047966349571E-002 ,  -2.1857230537399887E-002 , -0.34483757807297111     
  -7.0431760983294595E-002 ,  -3.0917647516997382E-002 , -0.31488850072089442     
  -7.9800308948008145E-002 ,  -4.0545828998756465E-002 , -0.28880863680281205     
  -9.0402023547326571E-002 ,  -5.0536458215814865E-002 , -0.26627958437632082     
 -0.10248279902237177      ,  -6.0745535952676205E-002 , -0.24699439830948178     
 -0.11519632979486732      ,  -7.1079928829461902E-002 , -0.23066257968419340     
 -0.12877346523707339      ,  -8.1488312368645233E-002 , -0.21701353068754367     
 -0.14234483872998874      ,  -9.1953464011745173E-002 , -0.20579877078846398     
 -0.15602532168913946      , -0.10248581711414667      , -0.19679317430099824     
 -0.16881490124470125      , -0.11311816375377477      , -0.18979545356896593     
 -0.18074048110441573      , -0.12390138486828309      , -0.18462807785078555     
 -0.19111554419439758      , -0.13490108585741281      , -0.18113678659492613     
 -0.20037865214454792      , -0.14619502096295234      , -0.17918982768631697     
 -0.20862085985543388      , -0.15787119815256992      , -0.17867702656820605     
 -0.21670974986413827      , -0.17002656630521587      , -0.17950877083502106     
 -0.22516852960174746      , -0.18276619714175962      , -0.18161497674609636     
 -0.23468355854826148      , -0.19620288481528092      , -0.18494408884528565     
 -0.24567333587586335      , -0.21045709584136973      , -0.18946215116338330     
 -0.25829360892058739      , -0.22565721072115474      , -0.19515197798646983     
 -0.27281952081783550      , -0.24194000588268194      , -0.20201244354666020     
 -0.28902620647162519      , -0.25945133017162558      , -0.21005790288735099     
 -0.30717252726916811      , -0.27834693379168085      , -0.21931775023200070     
 -0.32681465659170039      , -0.29879340902458551      , -0.22983611610438576     
 -0.34829727820210765      , -0.32096920087564484      , -0.24167169986552495     
 -0.37121996093476090      , -0.34506564151254326      , -0.25489772989084503     
 -0.39627969310081229      , -0.37128795436713680      , -0.26960203892761031     
 -0.42349229713558589      , -0.39985616123761175      , -0.28588723682235340     
 -0.45396292080568867      , -0.43100580761439661      , -0.30387095630563832     
 -0.48797462515540924      , -0.46498839643186035      , -0.32368613929883611     
 -0.52650574207004697      , -0.50207138687697239      , -0.34548132058916198     
 -0.56957015469788397      , -0.54253757078717313      , -0.36942085189663620     
 -0.61753293152190725      , -0.58668358224765382      , -0.39568499136519159     
 -0.67005608264073602      , -0.63481722373640304      , -0.42446976021377292     
 -0.72704672069222864      , -0.68725320205339335      , -0.45598643837758396     
 -0.78820717184304345      , -0.74430675725310036      , -0.49046053302116105     
 -0.85338486878448006      , -0.80628453708180048      , -0.52813000635325302     
 -0.92266087069558056      , -0.87347191981658512      , -0.56924249093951840     
 -0.99604788157234037      , -0.94611582648685610      , -0.61405115097201413     
  -1.0740901640525664      ,  -1.0244019038421510      , -0.66280876718600912     
  -1.1569371702149993      ,  -1.1084248294944457      , -0.71575953398672687     
  -1.2452518102644474      ,  -1.1981504370039850      , -0.77312796625371349     
  -1.3387719023547324      ,  -1.2933684551491871      , -0.83510423251032928     
  -1.4374394354910178      ,  -1.3936350120537007      , -0.90182518174023896     
  -1.5399010667794679      ,  -1.4982048238685792      , -0.97335034643113805     
  -1.6449386977623459      ,  -1.6059543643073384      ,  -1.0496323335922244     
  -1.7502592473008494      ,  -1.7152995155211928      ,  -1.1304813258783022     
  -1.8539160794999796      ,  -1.8241144286973070      ,  -1.2155239907546520     
  -1.9532587274220845      ,  -1.9296626473165661      ,  -1.3041580287422825     
  -2.0458496642930637      ,  -2.0285567510694142      ,  -1.3955049591156097     
  -2.1284886814406567      ,  -2.1167681279727408      ,  -1.4883655626288721     
  -2.1976260279635000      ,  -2.1897124730225968      ,  -1.5811845732323351     
  -2.2487892329699379      ,  -2.2424368401855683      ,  -1.6720334281675850     
  -2.2769650695922721      ,  -2.2699274515027903      ,  -1.7586215675428791     
  -2.2768144922310229      ,  -2.2675410704442771      ,  -1.8383470568267553     
  -2.2434094747272768      ,  -2.2315354793862863      ,  -1.9083951718011813     
  -2.1731396511361334      ,  -2.1596393728573404      ,  -1.9658881976733313     
  -2.0645289308853552      ,  -2.0515673608482117      ,  -2.0080809159886481     
  -1.9189866937258049      ,  -1.9093654042820782      ,  -2.0325851947350984     
  -1.7407780566643514      ,  -1.7374802521795818      ,  -2.0375963442642169     
  -1.5367996950203717      ,  -1.5424908645419049      ,  -2.0220870557072868     
  -1.3157688512697685      ,  -1.3325138890316865      ,  -1.9859351503616736     
  -1.0877896037428347      ,  -1.1163770895205816      ,  -1.9299604824015189     
 -0.86351878293654549      , -0.90271463970216792      ,  -1.8558625427495614     
 -0.65334957240354996      , -0.69915333805288005      ,  -1.7660691607004873     
 -0.46573874333261855      , -0.51172455627362157      ,  -1.6635226118661581     
 -0.30549748622372791      , -0.34456902251457822      ,  -1.5514380456062040     
 -0.17256608469253990      , -0.19992742058226354      ,  -1.4330689555593126     
  -6.3179598694287381E-002 ,  -7.8353635495356427E-002 ,  -1.3115070018535810     
   2.7372701580113026E-002 ,   2.0938678205007655E-002 ,  -1.1895322925370455     
  0.10226192706678452      ,   9.9683331970804839E-002 ,  -1.0695188846258392     
  0.16266502607878175      ,  0.16018938887226788      , -0.95339135265482711     
  0.20880217611839350      ,  0.20502955102225520      , -0.84262287340932207     
  0.24098877489066683      ,  0.23680505324691808      , -0.73826321303702513     
  0.25998625487999805      ,  0.25798571518553559      , -0.64098540203572851     
  0.26719772050631208      ,  0.27081406721431378      , -0.55114169936627055     
  0.26492120475989833      ,  0.27725876812910116      , -0.46882179683512121     
  0.25613825223626874      ,  0.27900274777112255      , -0.39390850780487019     
  0.24410645859736887      ,  0.27745373025931797      , -0.32612810965688144     
  0.23185287337854241      ,  0.27376767687771925      , -0.26509396378805872     
  0.22157025956938678      ,  0.26887844999022875      , -0.21034304104239709     
  0.21403722292884433      ,  0.26352928555378896      , -0.16136561312245876     
  0.20880599505366013      ,  0.25830338361003830      , -0.11762872548202521     
  0.20482617731463115      ,  0.25365213339961845      ,  -7.8594230329419618E-002
  0.20120437805577857      ,  0.24992028571985089      ,  -4.3732198406493103E-002
  0.19765944654718912      ,  0.24736787928073103      ,  -1.2530495478973122E-002
  0.19466740904095170      ,  0.24618901419420672      ,   1.5498761649762946E-002
  0.19298967143639814      ,  0.24652771658972086      ,   4.0815242249198726E-002
  0.19319836416184683      ,  0.24849120507191619      ,   6.3848395057936713E-002
  0.19553266349443618      ,  0.25216088680275600      ,   8.4996947291091016E-002
  0.20016194901038928      ,  0.25760140041147883      ,  0.10462953672164868     
  0.20738641533494859      ,  0.26486799812752337      ,  0.12308617297080882     
  0.21768053692400052      ,  0.27401252828755540      ,  0.14068028317307485     
  0.23147429977759215      ,  0.28508824596383264      ,  0.15770114704959190     
  0.24888231243514944      ,  0.29815364605313538      ,  0.17441656789863064     
  0.26958063393792592      ,  0.31327548066923111      ,  0.19107565995241765     
  0.29288896722299917      ,  0.33053109129916319      ,  0.20791165978693618     
  0.31806626786421116      ,  0.35001015569947541      ,  0.22514469075587282     
  0.34461364045366949      ,  0.37181591944846470      ,  0.24298442539145085     
  0.37246849126303033      ,  0.39606595177792658      ,  0.26163260189036275     
  0.40191854307783659      ,  0.42289243397840254      ,  0.28128535757025835     
  0.43348899864842710      ,  0.45244195537173576      ,  0.30213534479742682     
  0.46776437304731333      ,  0.48487475552864823      ,  0.32437359347328226     
  0.50533361374892782      ,  0.52036331095555033      ,  0.34819107871969512     
  0.54672695336984867      ,  0.55909011875466963      ,  0.37377994279216353     
  0.59243934274060750      ,  0.60124447776365575      ,  0.40133430624077332     
  0.64279899980400024      ,  0.64701800872700355      ,  0.43105058462564538     
  0.69787158926704784      ,  0.69659858914627970      ,  0.46312720335904639     
  0.75738374436579181      ,  0.75016230682968776      ,  0.49776357426593426     
  0.82081348356296835      ,  0.80786296208517894      ,  0.53515816326300703     
  0.88755695107620991      ,  0.86981857845954313      ,  0.57550543970562862     
  0.95717601880310954      ,  0.93609432723212493      ,  0.61899145589766924     
   1.0295695285153990      ,   1.0066812497723858      ,  0.66578776291098896     
   1.1049923605358216      ,   1.0814702020791576      ,  0.71604333133576936     
   1.1839249220465273      ,   1.1602205871984252      ,  0.76987412117325282     
   1.2667911575506206      ,   1.2425237379106899      ,  0.82734994640491488     
   1.3536598654831273      ,   1.3277613327337383      ,  0.88847832494687062     
   1.4439725135389241      ,   1.4150600519922343      ,  0.95318511823163443     
   1.5364809883349964      ,   1.5032448850857092      ,   1.0212919774044968     
   1.6293102321675981      ,   1.5907951368249806      ,   1.0924909602993793     
   1.7201868977849279      ,   1.6758092336481305      ,   1.1663171991790231     
   1.8066179557481712      ,   1.7559867539213359      ,   1.2421212063624751     
   1.8860485900872150      ,   1.8286383484215454      ,   1.3190432973004009     
   1.9558715209838848      ,   1.8907357477549998      ,   1.3959936298273332     
   2.0133865488905274      ,   1.9390139414672936      ,   1.4716423658616045     
   2.0556752119011161      ,   1.9701347168167749      ,   1.5444252179966029     
   2.0795482218958492      ,   1.9809139931688384      ,   1.6125698074137198     
   2.0815991333707271      ,   1.9686042965658759      ,   1.6741474332865141     
   2.0584845600520048      ,   1.9312090665239734      ,   1.7271526879999526     
   2.0074140933628675      ,   1.8677898948641325      ,   1.7696097139064220     
   1.9267796304375528      ,   1.7787157727778797      ,   1.7996990584772179     
   1.8167205215809950      ,   1.6658004180897077      ,   1.8158938485468463     
   1.6794505492736855      ,   1.5322841264031259      ,   1.8170896522382194     
   1.5192709889997795      ,   1.3826410816817760      ,   1.8027103842661085     
   1.3423305925582327      ,   1.2222271300857113      ,   1.7727740487535097     
   1.1562446582915578      ,   1.0568173954948450      ,   1.7279072363722550     
  0.96956100503381548      ,  0.89210699497372936      ,   1.6693051785598141     
  0.79094727781649199      ,  0.73325371885859658      ,   1.5986429288824242     
  0.62797669680519164      ,  0.58452759738698601      ,   1.5179506812892458     
  0.48572777424886948      ,  0.44910440619877645      ,   1.4294706036630744     
  0.36584565683784098      ,  0.32900804302432490      ,   1.3355131575457599     
  0.26681959662185362      ,  0.22517975761350253      ,   1.2383281301111788     
  0.18543002239282380      ,  0.13763619500143201      ,   1.1400007631493552     
  0.11841330254750201      ,   6.5674125912785541E-002 ,   1.0423779110055031     
   6.3359558689259632E-002 ,   8.0849226673441309E-003 ,  0.94702432864755492     
   1.8736229266900953E-002 ,  -3.6647959318350160E-002 ,  0.85520570116662220     
  -1.6409482232002042E-002 ,  -7.0183985503209742E-002 ,  0.76789306686827385     
  -4.2676191908994396E-002 ,  -9.4198889559875751E-002 ,  0.68578266487044659     
  -6.0592502772379112E-002 , -0.11029539148430681      ,  0.60932557376670549     
  -7.1021466214853696E-002 , -0.11994634888404937      ,  0.53876239312829344     
  -7.5429198882509055E-002 , -0.12446374781749646      ,  0.47415931772987213     
  -7.5834957707227035E-002 , -0.12498684092459350      ,  0.41544303521539272     
  -7.4452962803656028E-002 , -0.12248351306069007      ,  0.36243281295299978     
  -7.3111687312130816E-002 , -0.11776008759970902      ,  0.31486887817539688     
  -7.2736940865775160E-002 , -0.11147595722127562      ,  0.27243673610220331     
  -7.3255326247173735E-002 , -0.10416046098667439      ,  0.23478743889501760     
  -7.3941065237090917E-002 ,  -9.6230268745729916E-002 ,  0.20155404923322520     
  -7.3931878507274312E-002 ,  -8.8006169680094323E-002 ,  0.17236467135236386     
  -7.2645416430734550E-002 ,  -7.9728619465646910E-002 ,  0.14685248014890553     
  -6.9934496170728055E-002 ,  -7.1571715908854167E-002 ,  0.12466318963701144     
  -6.5943202082754060E-002 ,  -6.3655481380319207E-002 ,  0.10546038361411331     
  -6.0863022102657066E-002 ,  -5.6056462123818873E-002 ,   8.8929096525659293E-002
  -5.4845146984951118E-002 ,  -4.8816733180471229E-002 ,   7.4777989758615271E-002
  -4.8111600324744909E-002 ,  -4.1951440676735785E-002 ,   6.2740423449201291E-002
  -4.1094771046537117E-002 ,  -3.5455032936478358E-002 ,   5.2574679744355923E-002
  -3.4444338628520643E-002 ,  -2.9306336777311121E-002 ,   4.4063552248866676E-002
  -2.8849209261453734E-002 ,  -2.3472631137315080E-002 ,   3.7013479116549064E-002
  -2.4777451853347503E-002 ,  -1.7912860613176592E-002 ,   3.1253364298961861E-002
  -2.2292583777867483E-002 ,  -1.2580119031930273E-002 ,   2.6633202873642056E-002
  -2.1037005237212004E-002 ,  -7.4235194168164684E-003 ,   2.3022601941961349E-002
  -2.0371848244416735E-002 ,  -2.3895526643297050E-003 ,   2.0309267999732566E-002
  -1.9598151068647540E-002 ,   2.5769764294678002E-003 ,   1.8397514567913990E-002
  -1.8146471098259846E-002 ,   7.5323600723385788E-003 ,   1.7206829832404586E-002
  -1.5659265049903913E-002 ,   1.2533681512562971E-002 ,   1.6670532691262046E-002
  -1.1979887969827248E-002 ,   1.7638739228033853E-002 ,   1.6734536573687991E-002
  -7.1065490602997671E-003 ,   2.2906157954650883E-002 ,   1.7356233333978746E-002
  -1.1655684472766982E-003 ,   2.8395651775810059E-002 ,   1.8503504123173291E-002
   5.5824686100266908E-003 ,   3.4168411947193139E-002 ,   2.0153860122593532E-002
   1.2743728103590988E-002 ,   4.0287598573695890E-002 ,   2.2293713141477826E-002
   1.9870140822449350E-002 ,   4.6818920772964574E-002 ,   2.4917774122068557E-002
   2.6617524289583132E-002 ,   5.3831294641373525E-002 ,   2.8028576376258642E-002
   3.2918702631266110E-002 ,   6.1397572269541886E-002 ,   3.1636119741692989E-002
   3.9078663073406017E-002 ,   6.9595338313741359E-002 ,   3.5757631659391192E-002
   4.5729273249809112E-002 ,   7.8507773281989768E-002 ,   4.0417441327286856E-002
   5.3642817373490782E-002 ,   8.8224584786854909E-002 ,   4.5646963479192816E-002
   6.3497068474895807E-002 ,   9.8843009576148722E-002 ,   5.1484788894276025E-002
   7.5700716065506407E-002 ,  0.11046889017470396      ,   5.7976879384914290E-002
   9.0335527851399339E-002 ,  0.12321783041693192      ,   6.5176865672310277E-002
  0.10720025756594993      ,  0.13721643393795990      ,   7.3146447170941875E-002
  0.12591272826536826      ,  0.15260362868110805      ,   8.1955893190802181E-002
  0.14602720284570767      ,  0.16953207845828508      ,   9.1684645344361937E-002
  0.16714494350422543      ,  0.18816967925929715      ,  0.10242202090719046     
  0.18901775162137804      ,  0.20870113291326453      ,  0.11426801639108988     
  0.21164634707354277      ,  0.23132958326445305      ,  0.12733420946757795     
  0.23536408120018323      ,  0.25627828942655712      ,  0.14174475538966241     
  0.26086132736545148      ,  0.28379229583655963      ,  0.15763747088302618     
  0.28910492055153453      ,  0.31414003829503662      ,  0.17516499368889293     
  0.32114584845736188      ,  0.34761479704822135      ,  0.19449599897351566     
  0.35787965406766470      ,  0.38453586975492132      ,  0.21581644392278115     
  0.39984658477560320      ,  0.42524928569696840      ,  0.23933079802753432     
  0.44715256682037591      ,  0.47012781380497676      ,  0.26526319755009375     
  0.49953804306926697      ,  0.51956992601299135      ,  0.29385843679191381     
  0.55656609092287535      ,  0.57399725820589576      ,  0.32538267396696935     
  0.61784789064312651      ,  0.63384995688781476      ,  0.36012368314484444     
  0.68322933765902794      ,  0.69957910375106158      ,  0.39839042277848546     
  0.75289805056440673      ,  0.77163516659707754      ,  0.44051161226904401     
  0.82741448300646148      ,  0.85045113084173762      ,  0.48683290717601213     
  0.90766978495135742      ,  0.93641862573563228      ,  0.53771213779833738     
  0.99474487751512930      ,   1.0298549921469877      ,  0.59351192318830193     
   1.0896450991413709      ,   1.1309588877514196      ,  0.65458879492291688     
   1.1929458162600566      ,   1.2397517747754763      ,  0.72127777049431474     
   1.3044656333826548      ,   1.3560026313389530      ,  0.79387112490455902     
   1.4231040565868440      ,   1.4791337050455708      ,  0.87258995955215146     
   1.5469242190433667      ,   1.6081064368808913      ,  0.95754712642466444     
   1.6734376978901928      ,   1.7412893019177593      ,   1.0487002384026967     
   1.7999445122417923      ,   1.8763138155898438      ,   1.1457940364240928     
   1.9237433429609234      ,   2.0099318942507094      ,   1.2482924930836636     
   2.0420949636329131      ,   2.1378973961878445      ,   1.3553029398616954     
   2.1519276406541259      ,   2.2549064777318151      ,   1.4654974099608737     
   2.2493862396090183      ,   2.3546433513064033      ,   1.5770403371301229     
   2.3294124515426455      ,   2.4299858367995242      ,   1.6875364451886767     
   2.3856030882800137      ,   2.4734218891438644      ,   1.7940172231606923     
   2.4105552474692371      ,   2.4777056673536721      ,   1.8929871604190438     
   2.3967649959072079      ,   2.4367331707699966      ,   1.9805495722426576     
   2.3379581466209749      ,   2.3465443731214122      ,   2.0526239233744605     
   2.2305660174579796      ,   2.2062768910334571      ,   2.1052507294668348     
   2.0748960912462127      ,   2.0188375363135775      ,   2.1349578202379615     
   1.8754692467666640      ,   1.7910618331619277      ,   2.1391383069182974     
   1.6403103907989807      ,   1.5332228917328097      ,   2.1163745456471621     
   1.3797230678632111      ,   1.2579174386146803      ,   2.0666422782241312     
   1.1054148555333503      ,  0.97854134297999718      ,   1.9913488137310020     
  0.83014413447706226      ,  0.70769136313762082      ,   1.8931943560315410     
  0.56728312624535682      ,  0.45583824664640421      ,   1.7758848688803412     
  0.32963227918520699      ,  0.23050927023430751      ,   1.6437546594339536     
  0.12670315415183755      ,   3.6050505143438528E-002 ,   1.5013681551015559     
  -3.8973499098972957E-002 , -0.12611607209068093      ,   1.3531623917873992     
 -0.17254166378743338      , -0.25691646736808738      ,   1.2031709132144586     
 -0.28236447258391356      , -0.35892099368569275      ,   1.0548452921163320     
 -0.37450614775403634      , -0.43566570606659138      ,  0.91096991287466522     
 -0.45061725600760738      , -0.49109073009665027      ,  0.77365276665340721     
 -0.50981320706069855      , -0.52913030916021508      ,  0.64436993400604248     
 -0.55155389003378896      , -0.55344944453988010      ,  0.52404215255857545     
 -0.57640683409007043      , -0.56730092427670731      ,  0.41312580382037600     
 -0.58605650724578906      , -0.57347008422848955      ,  0.31170564749703555     
 -0.58399614101299679      , -0.57427697668179878      ,  0.21958131569322537     
 -0.57510403565702417      , -0.57161183544461391      ,  0.13634331255018414     
 -0.56425366576551972      , -0.56698665329823184      ,   6.1436906494710515E-002
 -0.55573564285076082      , -0.56159171937918373      ,  -5.7860203865394491E-003
 -0.55265686764792676      , -0.55635054902165548      ,  -6.6026161440253139E-002
 -0.55582006948177398      , -0.55196980285759600      , -0.12000557659049557     
 -0.56381608869237709      , -0.54898280315761561      , -0.16844453580434451     
 -0.57445154903231876      , -0.54778643087851842      , -0.21204493240616626     
 -0.58590367869991000      , -0.54867180518917957      , -0.25147893945101157     
 -0.59738763686861573      , -0.55184942003972071      , -0.28738176978518815     
 -0.60948856486752012      , -0.55746948611134617      , -0.32034758760914694     
 -0.62343190530191572      , -0.56563819546380900      , -0.35092779030212551     
 -0.63980262285236766      , -0.57643054706452279      , -0.37963102752785310     
 -0.65824390285302359      , -0.58990027587016369      , -0.40692444907360542     
 -0.67807991972115178      , -0.60608733244994850      , -0.43323577496980942     
 -0.69893652314055976      , -0.62502327145361625      , -0.45895586375767139     
 -0.72105983806911900      , -0.64673482781757508      , -0.48444152011735980     
 -0.74513220862243257      , -0.67124588940194041      , -0.51001833407320762     
 -0.77175091555447739      , -0.69857801281065290      , -0.53598338297267722     
 -0.80109015358709001      , -0.72874957445346822      , -0.56260765637729260     
 -0.83288439258349412      , -0.76177360083665890      , -0.59013808461061679     
 -0.86667257112438345      , -0.79765428065106081      , -0.61879906548882424     
 -0.90221283751543346      , -0.83638212735544426      , -0.64879339212775489     
 -0.93969753317769211      , -0.87792773658273071      , -0.68030248910997815     
 -0.97959877146705876      , -0.92223407105529098      , -0.71348586628439714     
  -1.0224304282744019      , -0.96920721151846778      , -0.74847970091958682     
  -1.0685638604648355      ,  -1.0187055419305131      , -0.78539446213172392     
  -1.1180098336097009      ,  -1.0705273990196120      , -0.82431149933192061     
  -1.1703769369129018      ,  -1.1243973202013882      , -0.86527853247538133     
  -1.2250647628101234      ,  -1.1799511806106666      , -0.90830401053099619     
  -1.2813709102265805      ,  -1.2367207301277516      , -0.95335035097060483     
  -1.3384715024499105      ,  -1.2941183324021865      ,  -1.0003261428697443     
  -1.3954211780716259      ,  -1.3514230708375985      ,  -1.0490774950421622     
  -1.4511333381139913      ,  -1.4077698097463391      ,  -1.0993788430539364     
  -1.5043685157803550      ,  -1.4621432513207209      ,  -1.1509236968342043     
  -1.5538331159349077      ,  -1.5133794522476787      ,  -1.2033160107705185     
  -1.5982892469122867      ,  -1.5601775654106953      ,  -1.2560630796131806     
  -1.6365455411665741      ,  -1.6011246243680743      ,  -1.3085710842048905     
  -1.6673503723244349      ,  -1.6347358360637099      ,  -1.3601445955361895     
  -1.6892845487076225      ,  -1.6595119318158782      ,  -1.4099914444430315     
  -1.7007497018283000      ,  -1.6740135290221811      ,  -1.4572343171030444     
  -1.7001237504030136      ,  -1.6769501584963395      ,  -1.5009301808173732     
  -1.6860265686297822      ,  -1.6672787674971616      ,  -1.5400981306903612     
  -1.6575822735699315      ,  -1.6443034919369328      ,  -1.5737554593945751     
  -1.6145886629468742      ,  -1.6077659040101648      ,  -1.6009607280829263     
  -1.5575444128457165      ,  -1.5579135285661139      ,  -1.6208614663653091     
  -1.4875773468905547      ,  -1.4955348932514001      ,  -1.6327430334951276     
  -1.4063710589790681      ,  -1.4219521617279289      ,  -1.6360743587605571     
  -1.3161094329408269      ,  -1.3389674036710908      ,  -1.6305459717501778     
  -1.2194085065629801      ,  -1.2487650483012311      ,  -1.6160960912620492     
  -1.1192091661924570      ,  -1.1537797725597216      ,  -1.5929215969596866     
  -1.0185925542497594      ,  -1.0565444878607058      ,  -1.5614723340519292     
 -0.92051019992133987      , -0.95953593668434656      ,  -1.5224291288345679     
 -0.82749220452032313      , -0.86503506073693992      ,  -1.4766677720079291     
 -0.74141846506473563      , -0.77501596540308193      ,  -1.4252127180413876     
 -0.66341202071123295      , -0.69107193118611820      ,  -1.3691851115140485     
 -0.59388816575429193      , -0.61438085835291323      ,  -1.3097498964083438     
 -0.53273454485925564      , -0.54570708471447615      ,  -1.2480662595137457     
 -0.47953826777625996      , -0.48543260907053182      ,  -1.1852446890097597     
 -0.43377890745279218      , -0.43360875900124374      ,  -1.1223127313895014     
 -0.39494950608769841      , -0.39001913247825576      ,  -1.0601903307828902     
 -0.36259988144408156      , -0.35424575937535829      , -0.99967460534226515     
 -0.33632383369619234      , -0.32573229227028422      , -0.94143315192369736     
 -0.31572104995382816      , -0.30384011645547843      , -0.88600449845689855     
 -0.30035917125278139      , -0.28789518263124692      , -0.83380411625177198     
 -0.28975626660284998      , -0.27722489743748402      , -0.78513440532441636     
 -0.28339599789875930      , -0.27118548665555725      , -0.74019720831002611     
 -0.28077027156382101      , -0.26918090226847574      , -0.69910763092864081     
 -0.28143247253506443      , -0.27067465841662991      , -0.66190819981108051     
 -0.28503941829025775      , -0.27519604925744096      , -0.62858263694646577     
 -0.29136260244484308      , -0.28234211350831079      , -0.59906875283833150     
 -0.30026403072115926      , -0.29177653783712260      , -0.57327014725614533     
 -0.31165134680492812      , -0.30322648557970211      , -0.55106655451075470     
 -0.32543344199204904      , -0.31647813139018632      , -0.53232278152552437     
 -0.34149183197385685      , -0.33137149483996187      , -0.51689626622335638     
 -0.35967313626901642      , -0.34779500501769461      , -0.50464333648177084     
 -0.37979615506239972      , -0.36568009573819377      , -0.49542428169247349     
 -0.40166306686499331      , -0.38499602525408183      , -0.48910736481874190     
 -0.42507086561391555      , -0.40574503181382809      , -0.48557190700941305     
 -0.44982567136492274      , -0.42795787285999853      , -0.48471057270616202     
 -0.47576212210166768      , -0.45168974702394493      , -0.48643097339798735     
 -0.50276747408186129      , -0.47701656066061776      , -0.49065669468592232     
 -0.53080454800840249      , -0.50403147131716031      , -0.49732783551610799     
 -0.55992457176780797      , -0.53284161661660823      , -0.50640113126787600     
 -0.59026393249946540      , -0.56356491644376672      , -0.51784971444532857     
 -0.62202577308039675      , -0.59632681739133375      , -0.53166254835454352     
 -0.65545172156425047      , -0.63125682995497168      , -0.54784355050508726     
 -0.69079172511721043      , -0.66848469021474177      , -0.56641040358499717     
 -0.72827909513354361      , -0.70813595849571220      , -0.58739303269851206     
 -0.76811378522836871      , -0.75032684820996909      , -0.61083170811569854     
 -0.81045291501770000      , -0.79515806005460743      , -0.63677471314776146     
 -0.85540622491098151      , -0.84270738243510879      , -0.66527549721122536     
 -0.90303371115320097      , -0.89302081239096343      , -0.69638921528000819     
 -0.95334349355644488      , -0.94610195840523448      , -0.73016853783086644     
  -1.0062889454329811      ,  -1.0018995157737431      , -0.76665860183091661     
  -1.0617628948259017      ,  -1.0602926681694629      , -0.80589096597885568     
  -1.1195855704129449      ,  -1.1210743804092265      , -0.84787643615008990     
  -1.1794836111983165      ,  -1.1839327250420781      , -0.89259664507869874     
  -1.2410602890464519      ,  -1.2484306490633519      , -0.93999431056875693     
  -1.3037609824103422      ,  -1.3139849560736494      , -0.98996216730446873     
  -1.3668420300978661      ,  -1.3798457674096958      ,  -1.0423306780223585     
  -1.4293512297638686      ,  -1.4450783338110693      ,  -1.0968547897873986     
  -1.4901247468416587      ,  -1.5085497731547308      ,  -1.1532002176860552     
  -1.5477999472735937      ,  -1.5689240468697017      ,  -1.2109300134128256     
  -1.6008400343700595      ,  -1.6246691407812124      ,  -1.2694925020919510     
  -1.6475657810840414      ,  -1.6740808026929315      ,  -1.3282120238056812     
  -1.6861934673698500      ,  -1.7153270618634235      ,  -1.3862842519564700     
  -1.7148833452167340      ,  -1.7465168280709595      ,  -1.4427781088534570     
  -1.7318068476327053      ,  -1.7657938748848623      ,  -1.4966463657802502     
  -1.7352411274879196      ,  -1.7714543110066963      ,  -1.5467467920685003     
  -1.7236952525807767      ,  -1.7620813487078815      ,  -1.5918751048897211     
  -1.6960635622264240      ,  -1.7366862849086970      ,  -1.6308099101921392     
  -1.6517908142017583      ,  -1.6948400507549732      ,  -1.6623683407229719     
  -1.5910243167831413      ,  -1.6367767362150747      ,  -1.6854693344275800     
  -1.5147239244049187      ,  -1.5634504866980163      ,  -1.6991997322826975     
  -1.4247037713511879      ,  -1.4765310201841704      ,  -1.7028769857454698     
  -1.3235878150314755      ,  -1.3783307488594123      ,  -1.6961016460448777     
  -1.2146704112735660      ,  -1.2716669436537500      ,  -1.6787932562460715     
  -1.1016814577445095      ,  -1.1596733249467557      ,  -1.6512048610538417     
 -0.98846758448243899      ,  -1.0455842051320325      ,  -1.6139138845134358     
 -0.87862256595757871      , -0.93251858183882830      ,  -1.5677901395865363     
 -0.77513051547516865      , -0.82329035218042435      ,  -1.5139446234270537     
 -0.68010823905896178      , -0.72026464386512257      ,  -1.4536649478973556     
 -0.59472294920693436      , -0.62527101860698397      ,  -1.3883443792293637     
 -0.51930528709148893      , -0.53957446906770634      ,  -1.3194114175192606     
 -0.45359934055534445      , -0.46389691918436793      ,  -1.2482658107355322     
 -0.39704323564749044      , -0.39847670576091254      ,  -1.1762252245048130     
 -0.34898826921672793      , -0.34315158107041943      ,  -1.1044848893203174     
 -0.30881984515810251      , -0.29745160266351045      ,  -1.0340907775608119     
 -0.27599104060970187      , -0.26069089022894731      , -0.96592546022966486     
 -0.24999653690105336      , -0.23205059843253328      , -0.90070485909712150     
 -0.23031605826701895      , -0.21064875873199193      , -0.83898363355433903     
 -0.21635977234520057      , -0.19559537939723376      , -0.78116684156170324     
 -0.20744819288057267      , -0.18603315816078411      , -0.72752567936784129     
 -0.20284503051757144      , -0.18116536963129981      , -0.67821542530855661     
 -0.20183575046090024      , -0.18027307394903186      , -0.63329409850843954     
 -0.20381963151251747      , -0.18272393010137675      , -0.59274072934587274     
 -0.20837279625480160      , -0.18797475401396574      , -0.55647248585787767     
 -0.21525316012673509      , -0.19556967171577358      , -0.52436018980393284     
 -0.22434906794654325      , -0.20513537557731906      , -0.49624198298935779     
 -0.23560103440697741      , -0.21637465526718860      , -0.47193507244194055     
 -0.24893380595790920      , -0.22905907577723930      , -0.45124560031800964     
 -0.26422272788022166      , -0.24302142513539784      , -0.43397676066707219     
 -0.28129479630685400      , -0.25814835544495218      , -0.41993532984433485     
 -0.29994669686661662      , -0.27437348785925458      , -0.40893679872533489     
 -0.31996129743233526      , -0.29167113772052305      , -0.40080929976955437     
 -0.34111770948697562      , -0.31005073261561378      , -0.39539651574186374     
 -0.36320319188785744      , -0.32955193639568431      , -0.39255974355020584     
 -0.38603628999619388      , -0.35024045017466282      , -0.39217926911047751     
 -0.40950083790718023      , -0.37220443197803904      , -0.39415518944159794     
 -0.43357948875605612      , -0.39555145607950276      , -0.39840779768278439     
 -0.45837192321757364      , -0.42040591799337096      , -0.40487762625429907     
 -0.48408862152829080      , -0.44690677909479126      , -0.41352522341094500     
 -0.51102174892492991      , -0.47520553392195697      , -0.42433071913709575     
 -0.53950414922793222      , -0.50546427174952702      , -0.43729321766365337     
 -0.56987079356938886      , -0.53785369066681721      , -0.45243003565478301     
 -0.60243288698887287      , -0.57255090604011283      , -0.46977578700513067     
 -0.63746657668945694      , -0.60973687501055940      , -0.48938129681772835     
 -0.67521159254472818      , -0.64959323398722135      , -0.51131230806695893     
 -0.71587374551391647      , -0.69229831675282183      , -0.53564792425562802     
 -0.75962811464155722      , -0.73802208723464602      , -0.56247870966875946     
 -0.80662311362117467      , -0.78691968457225403      , -0.59190434535887448     
 -0.85698577390081077      , -0.83912324162272045      , -0.62403071376360286     
 -0.91082519528113570      , -0.89473160635231996      , -0.65896625826376010     
 -0.96822735614078959      , -0.95379757650101715      , -0.69681743709137578     
  -1.0292342953422631      ,  -1.0163122633497086      , -0.73768306581018306     
  -1.0938057288819738      ,  -1.0821862475180342      , -0.78164732251353786     
  -1.1617694261009561      ,  -1.1512273020640964      , -0.82877118020333218     
  -1.2327731001552411      ,  -1.2231146665016239      , -0.87908203927150175     
  -1.3062506486371330      ,  -1.2973701971690170      , -0.93256137033902720     
  -1.3814089197486432      ,  -1.3733272361202213      , -0.98913025796572596     
  -1.4572317690429437      ,  -1.4500987710790152      ,  -1.0486328760822481     
  -1.5324913381054810      ,  -1.5265474263521797      ,  -1.1108181454454200     
  -1.6057555510667720      ,  -1.6012610163540415      ,  -1.1753201399794371     
  -1.6753855928036949      ,  -1.6725387318242921      ,  -1.2416382341557344     
  -1.7395248981030085      ,  -1.7383943355206446      ,  -1.3091185144058646     
  -1.7960890892817585      ,  -1.7965837066088675      ,  -1.3769385845074287     
  -1.8427725877799532      ,  -1.8446642303873391      ,  -1.4440985090625240     
  -1.8770911329392816      ,  -1.8800923057294496      ,  -1.5094211411549825     
  -1.8964785728358855      ,  -1.9003620552261886      ,  -1.5715652975031595     
  -1.8984492678303562      ,  -1.9031827982302114      ,  -1.6290549666315841     
  -1.8808238123543271      ,  -1.8866851170226828      ,  -1.6803267568421569     
  -1.8419978385275160      ,  -1.8496363551116888      ,  -1.7237959816215145     
  -1.7812163858088756      ,  -1.7916380410675179      ,  -1.7579391792960299     
  -1.6988063498933941      ,  -1.7132726957006661      ,  -1.7813877595971110     
  -1.5963227344372732      ,  -1.6161684807156373      ,  -1.7930244250309093     
  -1.4765807061698457      ,  -1.5029588695350191      ,  -1.7920717886868647     
  -1.3435638612129372      ,  -1.3771305048812259      ,  -1.7781619623086107     
  -1.2022039474764590      ,  -1.2427725453127778      ,  -1.7513773102249932     
  -1.0580177860785203      ,  -1.1042599496768615      ,  -1.7122560386931081     
 -0.91658920522966503      , -0.96591582889212391      ,  -1.6617612036872165     
 -0.78292967530582047      , -0.83170052098099057      ,  -1.6012170039848961     
 -0.66084286042730322      , -0.70496700230654741      ,  -1.5322206851177955     
 -0.55250480481449538      , -0.58830656487150945      ,  -1.4565410779602899     
 -0.45845597900188156      , -0.48349030064061937      ,  -1.3760153333794944     
 -0.37802274575116540      , -0.39149578312941646      ,  -1.2924539848468182     
 -0.30994706371775277      , -0.31259772590773183      ,  -1.2075617072594529     
 -0.25291798008723909      , -0.24649732083023929      ,  -1.1228778477963137     
 -0.20583776952428751      , -0.19246644036208602      ,  -1.0397377047734631     
 -0.16785856111219044      , -0.14948788969210711      , -0.95925310181428824     
 -0.13830361810905253      , -0.11637925082458615      , -0.88230924416551371     
 -0.11654030701852280      ,  -9.1893903499562668E-002 , -0.80957411805612767     
 -0.10183651173833703      ,  -7.4797586472046762E-002 , -0.74151662997261869     
  -9.3256032269176864E-002 ,  -6.3922072050415557E-002 , -0.67843005825751912     
  -8.9654934097174455E-002 ,  -5.8199293618304448E-002 , -0.62045799615403852     
  -8.9798619391644713E-002 ,  -5.6679925827361408E-002 , -0.56762064194083117     
  -9.2563678964981383E-002 ,  -5.8540348368154201E-002 , -0.51983993214592517     
  -9.7138122014465922E-002 ,  -6.3081452805168317E-002 , -0.47696256091195804     
 -0.10311697442722115      ,  -6.9722116155089525E-002 , -0.43878036149152644     
 -0.11044436656129705      ,  -7.7989515728857151E-002 , -0.40504784664213661     
 -0.11924394297794394      ,  -8.7507878633341765E-002 , -0.37549692761449566     
 -0.12963175554898193      ,  -9.7986779594274140E-002 , -0.34984897538591037     
 -0.14159709273087900      , -0.10920972673848564      , -0.32782447175601614     
 -0.15498659210413918      , -0.12102349597512529      , -0.30915053859972014     
 -0.16956040211841208      , -0.13332847406205278      , -0.29356664452594172     
 -0.18505096000445850      , -0.14607013108359065      , -0.28082877981958682     
 -0.20118027475706829      , -0.15923164952925400      , -0.27071237047079422     
 -0.21764937902099207      , -0.17282767687931797      , -0.26301417569665608     
 -0.23414348721441794      , -0.18689913183338283      , -0.25755338429269542     
 -0.25038006457453738      , -0.20150897378470639      , -0.25417209580375427     
 -0.26618824442274180      , -0.21673883553326737      , -0.25273534436015060     
 -0.28157995244844952      , -0.23268641671678922      , -0.25313079693558804     
 -0.29677439375528192      , -0.24946353727361886      , -0.25526823416466127     
 -0.31216167433308506      , -0.26719475444867991      , -0.25907890083227025     
 -0.32822083073519548      , -0.28601645195124986      , -0.26451479464037853     
 -0.34542831714696681      , -0.30607631475629160      , -0.27154794566341145     
 -0.36419332515905228      , -0.32753310681370912      , -0.28016972472774587     
 -0.38483540402096106      , -0.35055667081892139      , -0.29039020643681313     
 -0.40759483281896841      , -0.37532806847835753      , -0.30223760130804356     
 -0.43265516917984609      , -0.40203977563750370      , -0.31575776104721937     
 -0.46016341559220175      , -0.43089583842782897      , -0.33101375087482215     
 -0.49024792964828062      , -0.46211188333042980      , -0.34808547250654798     
 -0.52304410781153243      , -0.49591485471487706      , -0.36706931029059908     
 -0.55873264423265045      , -0.53254232681396518      , -0.38807776046718501     
 -0.59757936175186188      , -0.57224120193494643      , -0.41123898881699250     
 -0.63995378702026895      , -0.61526556162170254      , -0.43669624430404413     
 -0.68630590273621339      , -0.66187338119341854      , -0.46460703482419996     
 -0.73709824564904547      , -0.71232174967747208      , -0.49514194493394065     
 -0.79271487083473546      , -0.76686015654029704      , -0.52848294357277537     
 -0.85338264121545737      , -0.82572131529877424      , -0.56482099157809673     
 -0.91913350747703626      , -0.88910889631946843      , -0.60435271386681955     
 -0.98981507820947778      , -0.95718144561732144      , -0.64727584989268017     
  -1.0651351803067128      ,  -1.0300316888973573      , -0.69378314002236041     
  -1.1447152308356388      ,  -1.1076603862467747      , -0.74405424852281254     
  -1.2281298753285816      ,  -1.1899439527310121      , -0.79824527282869806     
  -1.3149202853745885      ,  -1.2765952520927344      , -0.85647535524582685     
  -1.4045759845778543      ,  -1.3671173852263221      , -0.91880991527361622     
  -1.4964813206749232      ,  -1.4607510350535038      , -0.98524008462433921     
  -1.5898235640014136      ,  -1.5564171138177354      ,  -1.0556580887928402     
  -1.6834693998508594      ,  -1.6526582029154728      ,  -1.1298286242713289     
  -1.7758357673156044      ,  -1.7475846497656911      ,  -1.2073567810173433     
  -1.8647956709494502      ,  -1.8388341462472721      ,  -1.2876538045436170     
  -1.9476539951640195      ,  -1.9235568958115867      ,  -1.3699030094540989     
  -2.0212024733071452      ,  -1.9984414754470683      ,  -1.4530294256971485     
  -2.0818343935979549      ,  -2.0597981597360326      ,  -1.5356781714554506     
  -2.1256900841459707      ,  -2.1037152903137084      ,  -1.6162078635177315     
  -2.1488229516700144      ,  -2.1262985059202357      ,  -1.6927062008074754     
  -2.1474108017387739      ,  -2.1239908924464261      ,  -1.7630346532475247     
  -2.1180603370093349      ,  -2.0939542405694795      ,  -1.8249073791125396     
  -2.0582359301574744      ,  -2.0344698460352229      ,  -1.8760056647451384     
  -1.9667774293312703      ,  -1.9452969176045305      ,  -1.9141233645507050     
  -1.8443844486538670      ,  -1.8279153874829066      ,  -1.9373317682185185     
  -1.6939057665712858      ,  -1.6855855241203963      ,  -1.9441455890870691     
  -1.5203391889962485      ,  -1.5231832073349167      ,  -1.9336674312105187     
  -1.3305715059710579      ,  -1.3468136481388202      ,  -1.9056880830014979     
  -1.1329280427395121      ,  -1.1632561703974931      ,  -1.8607252165892612     
 -0.93650991475245615      , -0.97933229922058140      ,  -1.7999928104286804     
 -0.75022093871457252      , -0.80130503042066714      ,  -1.7253055011865772     
 -0.58146860005911005      , -0.63440384938197447      ,  -1.6389329214769353     
 -0.43480235273367673      , -0.48253394132337513      ,  -1.5434260887480573     
 -0.31117240781143535      , -0.34818283590830196      ,  -1.4414396800717835     
 -0.20852350714946544      , -0.23249812814134732      ,  -1.3355709038006018     
 -0.12354083503440255      , -0.13548555971593074      ,  -1.2282293332833776     
  -5.3373440014719054E-002 ,  -5.6269906219155272E-002 ,  -1.1215446562215881     
   3.6787668351224920E-003 ,   6.6318975710786821E-003 ,  -1.0173126590833490     
   4.8485175400090313E-002 ,   5.5061524558877140E-002 , -0.91697499538263172     
   8.1652004524164074E-002 ,   9.1014157251776917E-002 , -0.82162566727776609     
  0.10384998772993467      ,  0.11648438835860699      , -0.73203639435533829     
  0.11604372409453466      ,  0.13336077817771405      , -0.64869359043157415     
  0.11972245719747307      ,  0.14336166147433382      , -0.57184093095123456     
  0.11693698743512902      ,  0.14800295290998974      , -0.50152299788620158     
  0.11009077628824257      ,  0.14858893126008563      , -0.43762692591034791     
  0.10156495338514637      ,  0.14621829166196354      , -0.37992018122204974     
   9.3213281579670432E-002 ,  0.14179943589764171      , -0.32808352909402183     
   8.5944006941176015E-002 ,  0.13607060347492927      , -0.28173890008174274     
   7.9706041394469490E-002 ,  0.12962183015824019      , -0.24047229154001515     
   7.3880213745559781E-002 ,  0.12291679566143585      , -0.20385209363802392     
   6.7798659619023996E-002 ,  0.11631340530896644      , -0.17144335712803233     
   6.1151293288135039E-002 ,  0.11008249150981247      , -0.14281856471464840     
   5.4114863124417295E-002 ,  0.10442437711713656      , -0.11756546009112379     
   4.7157981219854997E-002 ,   9.9483265975480822E-002 ,  -9.5292450698742537E-002
   4.0738826828380849E-002 ,   9.5359557810579046E-002 ,  -7.5632046969053610E-002
   3.5186404968249624E-002 ,   9.2120256097234787E-002 ,  -5.8242741815565935E-002
   3.0795491523474650E-002 ,   8.9807670522331809E-002 ,  -4.2809675278040152E-002
   2.7956008904801172E-002 ,   8.8446624947945987E-002 ,  -2.9044373790967137E-002
   2.7161531993974416E-002 ,   8.8050377067792895E-002 ,  -1.6683803224649796E-002
   2.8860693792482548E-002 ,   8.8625443418063860E-002 ,  -5.4889303017962065E-003
   3.3247219798204289E-002 ,   9.0175506903978228E-002 ,   4.7570517042281801E-003
   4.0131944935925222E-002 ,   9.2704565893845861E-002 ,   1.4250710197358178E-002
   4.8974149746941753E-002 ,   9.6219465629758111E-002 ,   2.3170478593267770E-002
   5.9064476718567210E-002 ,  0.10073193503900983      ,   3.1678808289697137E-002
   6.9774211750636833E-002 ,  0.10626023546901686      ,   3.9924315065625528E-002
   8.0736814753321576E-002 ,  0.11283051264599034      ,   4.8043883403733036E-002
   9.1883927257615280E-002 ,  0.12047792935848968      ,   5.6164704860415256E-002
  0.10337187077762741      ,  0.12924764397219127      ,   6.4406236612651963E-002
  0.11548080946998378      ,  0.13919568879702723      ,   7.2882074089193616E-002
  0.12854481916693533      ,  0.15038979239713457      ,   8.1701737491125151E-002
  0.14293213626570037      ,  0.16291018095003260      ,   9.0972376317400280E-002
  0.15903565939460010      ,  0.17685038546522014      ,  0.10080039897459114     
  0.17721172424292908      ,  0.19231807375030874      ,  0.11129303635303416     
  0.19767020914652939      ,  0.20943591808758993      ,  0.12255984902471209     
  0.22038297141900307      ,  0.22834250119983526      ,  0.13471418753482758     
  0.24507859773412741      ,  0.24919325368583059      ,  0.14787461413054032     
  0.27135542630670106      ,  0.27216140501006614      ,  0.16216629213985403     
  0.29888027488853186      ,  0.29743891648856235      ,  0.17772234594660688     
  0.32757916208580362      ,  0.32523734746483168      ,  0.19468518987864572     
  0.35773347248885207      ,  0.35578858369275485      ,  0.21320781800241143     
  0.38995746020325484      ,  0.38934532818804513      ,  0.23345503833546014     
  0.42508487100516307      ,  0.42618121744158366      ,  0.25560462372991749     
  0.46401329131508323      ,  0.46659037743175252      ,  0.27984833683908750     
  0.50755697467126670      ,  0.51088617139247883      ,  0.30639276713294245     
  0.55633946900519970      ,  0.55939881143258230      ,  0.33545989260639347     
  0.61073283800645128      ,  0.61247140525082377      ,  0.36728724609690205     
  0.67083922563359555      ,  0.67045388387585647      ,  0.40212752422049775     
  0.73651571524359072      ,  0.73369410400377422      ,  0.44024742390437027     
  0.80745323734249286      ,  0.80252523878664739      ,  0.48192542541007199     
  0.88330967556265438      ,  0.87724836805713469      ,  0.52744816004763362     
  0.96386301139264430      ,  0.95810896533412482      ,  0.57710490493869326     
   1.0491294692670112      ,   1.0452657805728223      ,  0.63117963775002872     
   1.1393937252263358      ,   1.1387504820354777      ,  0.68993996663175328     
   1.2351066540369662      ,   1.2384164273482181      ,  0.75362213632406572     
   1.3366372381694678      ,   1.3438752066554114      ,  0.82241122208398265     
   1.4439343575794359      ,   1.4544203201472676      ,  0.89641559472431365     
   1.5562178342657556      ,   1.5689387609178072      ,  0.97563482829485038     
   1.6718207734980766      ,   1.6858136658766292      ,   1.0599205065801458     
   1.7882409537930075      ,   1.8028248692118054      ,   1.1489299706560232     
   1.9023567868795890      ,   1.9170593339240956      ,   1.2420740599845279     
   2.0106805654243036      ,   2.0248499264203508      ,   1.3384614507544750     
   2.1095132226744528      ,   2.1217681005363196      ,   1.4368443490931841     
   2.1949333300428062      ,   2.2027020523138305      ,   1.5355729780716709     
   2.2626525867313920      ,   2.2620538223631388      ,   1.6325691829374855     
   2.3078584509056372      ,   2.2940825631095625      ,   1.7253318865775926     
   2.3252160489219231      ,   2.2934025096515773      ,   1.8109879719485740     
   2.3091985740681844      ,   2.2556108582566328      ,   1.8864000927656583     
   2.2548347046082702      ,   2.1779756365249536      ,   1.9483366994347122     
   2.1587887864700996      ,   2.0600674067786091      ,   1.9936988387326597     
   2.0204615663595757      ,   1.9041894755754216      ,   2.0197843039439829     
   1.8426548315235549      ,   1.7154692943814802      ,   2.0245557812127513     
   1.6314984591355237      ,   1.5015302430138926      ,   2.0068705581414674     
   1.3958124404911874      ,   1.2717598040209583      ,   1.9666297015238157     
   1.1463948519577367      ,   1.0362971825751546      ,   1.9048163682796677     
  0.89543173065167536      ,  0.80493991239132967      ,   1.8234138682300103     
  0.65570373002730387      ,  0.58618396610125834      ,   1.7252181534258575     
  0.43909394276702401      ,  0.38656124625243360      ,   1.6135790714816123     
  0.25404681053395800      ,  0.21034630813473335      ,   1.4921143988777912     
  0.10281555286763971      ,   5.9608695163686748E-002 ,   1.3644388805009304     
  -1.8781333885127996E-002 ,  -6.5479933137011226E-002 ,   1.2339398472094227     
 -0.11784613507966585      , -0.16620055027530495      ,   1.1036162944159156     
 -0.19999897160158853      , -0.24481000764352695      ,  0.97598429919751772     
 -0.26751823339033182      , -0.30410886996064257      ,  0.85304136147876719     
 -0.32054450795629041      , -0.34709476490187574      ,  0.73627664433751827     
 -0.35907786132304859      , -0.37671289195006802      ,  0.62671257737338548     
 -0.38362327946423991      , -0.39569614814294074      ,  0.52496455981118595     
 -0.39528668435635295      , -0.40647782964416257      ,  0.43130818574931273     
 -0.39633061792042468      , -0.41115746707718875      ,  0.34574645755035577     
 -0.39018336406455606      , -0.41150210621487715      ,  0.26807221390270930     
 -0.38074889238955562      , -0.40896890310199524      ,  0.19792318892810590     
 -0.37187773176850103      , -0.40473875859198022      ,  0.13482868670199558     
 -0.36662562167221863      , -0.39975409662649936      ,   7.8247876867343358E-002
 -0.36622791127471221      , -0.39475651542952789      ,   2.7600314319150377E-002
 -0.36997543600699428      , -0.39032191242298492      ,  -1.7710416716385423E-002
 -0.37617044383808862      , -0.38689192741735651      ,  -5.8278932325788971E-002
 -0.38315282558230246      , -0.38480132170628584      ,  -9.4685166360762144E-002
 -0.39002761854869411      , -0.38430135678688487      , -0.12748546907213734     
 -0.39700901103328051      , -0.38557946906189577      , -0.15720688788408219     
 -0.40494450590595860      , -0.38877563790933228      , -0.18434394603443194     
 -0.41439012085366544      , -0.39399586905819672      , -0.20935734501658584     
 -0.42529450443619948      , -0.40132319833040991      , -0.23267411661505247     
 -0.43740054472534062      , -0.41082658358391927      , -0.25468883757681537     
 -0.45073245642922388      , -0.42256800707019559      , -0.27576559431625691     
 -0.46581749225362434      , -0.43660806267782115      , -0.29624044721241904     
 -0.48348023648450222      , -0.45301025559336150      , -0.31642419513785502     
 -0.50436564152780827      , -0.47184419680003337      , -0.33660528206910106     
 -0.52861451204618215      , -0.49318783156868379      , -0.35705272011539529     
 -0.55585662036458383      , -0.51712879917563415      , -0.37801892807114496     
 -0.58546989558895579      , -0.54376497977004823      , -0.39974240249018106     
 -0.61698628044119563      , -0.57320424278403181      , -0.42245014997122587     
 -0.65035352323738549      , -0.60556336871600913      , -0.44635981535506558     
 -0.68588719739922988      , -0.64096607180850518      , -0.47168144125200534     
 -0.72408299347087635      , -0.67954000459510544      , -0.49861879002709569     
 -0.76545570411077257      , -0.72141257642418488      , -0.52737015029433365     
 -0.81041111064551619      , -0.76670536747726248      , -0.55812853633776005     
 -0.85924286503605141      , -0.81552686917319506      , -0.59108117101442681     
 -0.91223843093504842      , -0.86796323453109814      , -0.62640812116689004     
 -0.96965897268854850      , -0.92406668383501045      , -0.66427993038313904     
  -1.0315704416055007      , -0.98384119101453216      , -0.70485406880495360     
  -1.0977029615776981      ,  -1.0472250883707017      , -0.74826999640014280     
  -1.1674124197298901      ,  -1.1140702913966432      , -0.79464261903395428     
  -1.2397771501420176      ,  -1.1841179882630797      , -0.84405391227026083     
  -1.3138369616967813      ,  -1.2569708943107780      , -0.89654250528706636     
  -1.3888185064204028      ,  -1.3320625811600497      , -0.95209106900782137     
  -1.4641787314310735      ,  -1.4086249955284553      ,  -1.0106114543405447     
  -1.5394528974640311      ,  -1.4856561204709910      ,  -1.0719276969676881     
  -1.6139920605055360      ,  -1.5618908147046162      ,  -1.1357572641826892     
  -1.6866934434936725      ,  -1.6357791596741007      ,  -1.2016912837629112     
  -1.7558498110389884      ,  -1.7054780339848252      ,  -1.2691749722667758     
  -1.8191772310784082      ,  -1.7688628873783263      ,  -1.3374900584707226     
  -1.8739884157417368      ,  -1.8235674200729917      ,  -1.4057416326856329     
  -1.9174282580308444      ,  -1.8670585584756816      ,  -1.4728524544807782     
  -1.9466758673909692      ,  -1.8967521385750084      ,  -1.5375681751794532     
  -1.9590803849972049      ,  -1.9101705150628026      ,  -1.5984769812271005     
  -1.9522787234749917      ,  -1.9051366868038477      ,  -1.6540466183546458     
  -1.9243375460563321      ,  -1.8799909029060546      ,  -1.7026804229180070     
  -1.8739411904254961      ,  -1.8338064567641899      ,  -1.7427917898376235     
  -1.8006347548570605      ,  -1.7665738233804884      ,  -1.7728935811366489     
  -1.7050777228376568      ,  -1.6793193399910480      ,  -1.7916957382361516     
  -1.5892339731249387      ,  -1.5741287994909499      ,  -1.7982014834472844     
  -1.4564488603196124      ,  -1.4540585711738296      ,  -1.7917907942460058     
  -1.3113808943322056      ,  -1.3229355864692047      ,  -1.7722800115972297     
  -1.1597446588586213      ,  -1.1850684983651558      ,  -1.7399488134297523     
  -1.0078280979208207      ,  -1.0449098261764556      ,  -1.6955300711564372     
 -0.86178567861632771      , -0.90671780055009554      ,  -1.6401634518064443     
 -0.72679805515013418      , -0.77426443399857336      ,  -1.5753188259838156     
 -0.60632276487315195      , -0.65062418559314306      ,  -1.5026994293425207     
 -0.50174820829980393      , -0.53805960856055846      ,  -1.4241365517228026     
 -0.41265046292313362      , -0.43800192017994610      ,  -1.3414871510683963     
 -0.33753099786431534      , -0.35111004356225739      ,  -1.2565436330226010     
 -0.27463179714794089      , -0.27738372851379317      ,  -1.1709618668190174     
 -0.22245410206608976      , -0.21630490680726164      ,  -1.0862101432000582     
 -0.17989766770414853      , -0.16698485479310698      ,  -1.0035388660824414     
 -0.14617773800513972      , -0.12830075441590932      , -0.92396866930221366     
 -0.12067350941432206      ,  -9.9011800828282467E-002 , -0.84829344980179178     
 -0.10275186013472536      ,  -7.7850703932708876E-002 , -0.77709439787087953     
  -9.1597256067971852E-002 ,  -6.3590613793592488E-002 , -0.71076127246323817     
  -8.6123695294019656E-002 ,  -5.5090083998159803E-002 , -0.64951768650273467     
  -8.5027250911278038E-002 ,  -5.1319928652182122E-002 , -0.59344783846858606     
  -8.6975865149017895E-002 ,  -5.1376111790610725E-002 , -0.54252281249798806     
  -9.0870154555432570E-002 ,  -5.4482506497482014E-002 , -0.49662518528688282     
  -9.6051071309705083E-002 ,  -5.9986771525834218E-002 , -0.45557118450738321     
 -0.10233823010103407      ,  -6.7351918144290771E-002 , -0.41913003141958882     
 -0.10988466775725403      ,  -7.6145498697450006E-002 , -0.38704037906701927     
 -0.11894099447037421      ,  -8.6027798752510112E-002 , -0.35902394463510756     
 -0.12965158880480729      ,  -9.6739974650656230E-002 , -0.33479655016284376     
 -0.14196783525570292      , -0.10809274326090544      , -0.31407684844854894     
 -0.15568565145360408      , -0.11995598579839001      , -0.29659303637498741     
 -0.17053446712736572      , -0.13224945471734162      , -0.28208785835243927     
 -0.18622900463511333      , -0.14493465480064185      , -0.27032218738771446     
 -0.20246076330513318      , -0.15800789211005009      , -0.26107744707156139     
 -0.21887681023448627      , -0.17149443591142843      , -0.25415710912940392     
 -0.23510385004949369      , -0.18544371031143450      , -0.24938747116086327     
 -0.25083198749165042      , -0.19992541770844602      , -0.24661788975310234     
 -0.26592074954184419      , -0.21502649063002746      , -0.24572061646105828     
 -0.28047025571601752      , -0.23084876878264615      , -0.24659035883437774     
 -0.29482033184025874      , -0.24750730180244249      , -0.24914366600070298     
 -0.30947707281219783      , -0.26512918355277493      , -0.25331821830752771     
 -0.32499963824712896      , -0.28385282959556735      , -0.25907208303752821     
 -0.34189644594757090      , -0.30382761469181757      , -0.26638298299531660     
 -0.36056751150302768      , -0.32521379106320952      , -0.27524761149537930     
 -0.38129771913311744      , -0.34818260996592526      , -0.28568101558953890     
 -0.40427995542456652      , -0.37291656820932029      , -0.29771605884614949     
 -0.42964316693486027      , -0.39960969688581727      , -0.31140296518496530     
 -0.45747451973647185      , -0.42846780097640164      , -0.32680893569513642     
 -0.48784418222475845      , -0.45970854475326928      , -0.34401782048743806     
 -0.52084659235489084      , -0.49356125796539929      , -0.36312981686817919     
 -0.55665704470885913      , -0.53026631045188799      , -0.38426115281641809     
 -0.59558092697089604      , -0.57007386672513005      , -0.40754370016543978     
 -0.63806379892641751      , -0.61324178576453203      , -0.43312444421807728     
 -0.68464143167150993      , -0.66003237338925247      , -0.46116471487057925     
 -0.73583819401785244      , -0.71070762410160104      , -0.49183905773979042     
 -0.79205211120459407      , -0.76552250598750449      , -0.52533359135827784     
 -0.85347295936278345      , -0.82471574748206744      , -0.56184365743896569     
 -0.92006092251130622      , -0.88849748268377926      , -0.60157052509409392     
 -0.99158309682311196      , -0.95703301110356997      , -0.64471685702333670     
  -1.0676819645981226      ,  -1.0304218440011301      , -0.69148058764199649     
  -1.1479437016878180      ,  -1.1086711689674305      , -0.74204680358594444     
  -1.2319436137384441      ,  -1.1916629079707703      , -0.79657716295425818     
  -1.3192590339858887      ,  -1.2791137317463777      , -0.85519635278332806     
  -1.4094455187574046      ,  -1.3705278083744008      , -0.91797508300500474     
  -1.5019692752226175      ,  -1.4651428133852800      , -0.98490917658624821     
  -1.5960901669718159      ,  -1.5618709377351614      ,  -1.0558944769156287     
  -1.6907073170099070      ,  -1.6592384213378226      ,  -1.1306976022292721     
  -1.7842079401484088      ,  -1.7553295920387670      ,  -1.2089230872994532     
  -1.8743743226032503      ,  -1.8477444638281029      ,  -1.2899782167765024     
  -1.9583862245351302      ,  -1.9335823784575716      ,  -1.3730379039287575     
  -2.0329144563949870      ,  -2.0094673378281551      ,  -1.4570132840711101     
  -2.0942651886774040      ,  -2.0716324741702135      ,  -1.5405291632885045     
  -2.1385308724504317      ,  -2.1160799622598705      ,  -1.6219168435451898     
  -2.1617379352111068      ,  -2.1388267571723301      ,  -1.6992297223010837     
  -2.1600309081986335      ,  -2.1362343452227091      ,  -1.7702888766971601     
  -2.1299609284305157      ,  -2.1054020599515408      ,  -1.8327639813947796     
  -2.0689232254546068      ,  -2.0445807668991480      ,  -1.8842909353405151     
  -1.9757067911699600      ,  -1.9535423966589387      ,  -1.9226215166584080     
  -1.8510164848273365      ,  -1.8338290488603362      ,  -1.9457930344686416     
  -1.6977837623424552      ,  -1.6888114028237018      ,  -1.9522989358118306     
  -1.5211604195196047      ,  -1.5235141097589926      ,  -1.9412368422279591     
  -1.3282332129493668      ,  -1.3442120210571691      ,  -1.9124105565793181     
  -1.1275446314611468      ,  -1.1578532144471796      ,  -1.8663681352799042     
 -0.92840424618233020      , -0.97140576902449882      ,  -1.8043683566136113     
 -0.73988853001481913      , -0.79124071353522030      ,  -1.7282803210774276     
 -0.56950672138636460      , -0.62264865754680543      ,  -1.6404321365977033     
 -0.42179790175051179      , -0.46954913069346166      ,  -1.5434317569348321     
 -0.29757750524706500      , -0.33440429339267902      ,  -1.4399846537350298     
 -0.19459265300001688      , -0.21830781663064763      ,  -1.3327295467317848     
 -0.10937540050048733      , -0.12119519779513725      ,  -1.2241066936955947     
  -3.9030047290776401E-002 ,  -4.2115597683410992E-002 ,  -1.1162655197519116     
   1.8102855772598271E-002 ,   2.0486709436646308E-002 ,  -1.0110115465697123     
   6.2836018951808098E-002 ,   6.8517777469615099E-002 , -0.90978775496973741     
   9.5748019371132947E-002 ,  0.10402626193743578      , -0.81368293448099915     
  0.11751438245995920      ,  0.12904874663052246      , -0.72345890814728753     
  0.12913518692791984      ,  0.14550507020936551      , -0.63958917068628618     
  0.13216633658202909      ,  0.15513562773870865      , -0.56230283043951657     
  0.12874137012064357      ,  0.15947093878374241      , -0.49162931722975295     
  0.12134315786388326      ,  0.15982416769303215      , -0.42744079806285401     
  0.11241570688381805      ,  0.15729872395344635      , -0.36949047281843572     
  0.10384245410460693      ,  0.15280484568268940      , -0.31744585488358845     
   9.6517804144002323E-002 ,  0.14708076104513482      , -0.27091679461893292     
   9.0347564399426483E-002 ,  0.14071543813105639      , -0.22947842460269577     
   8.4667637814519192E-002 ,  0.13417102251796589      , -0.19268945063371956     
   7.8783844458194599E-002 ,  0.12780384748378712      , -0.16010633292912446     
   7.2388002841120763E-002 ,  0.12188343978152048      , -0.13129393972555115     
   6.5682131268706589E-002 ,  0.11660929459036382      , -0.10583324203678925     
   5.9162481472519513E-002 ,  0.11212541045637760      ,  -8.3326575815892520E-002
   5.3298747821993793E-002 ,  0.10853270131855734      ,  -6.3400941043187109E-002
   4.8416569653120606E-002 ,  0.10589946947631626      ,  -4.5709745725188280E-002
   4.4804871005790149E-002 ,  0.10427015253733518      ,  -2.9933342086985087E-002
   4.2853679111704943E-002 ,  0.10367256371322282      ,  -1.5778645510833335E-002
   4.3062090471264622E-002 ,  0.10412383785823971      ,  -2.9780755577153233E-003
   4.5881856000340185E-002 ,  0.10563528140448651      ,   8.7119867305855848E-003
   5.1499999449855879E-002 ,  0.10821630655474181      ,   1.9513070123515407E-002
   5.9710523050450458E-002 ,  0.11187761099747581      ,   2.9626691293402192E-002
   6.9952572301479526E-002 ,  0.11663374533339807      ,   3.9236545986113792E-002
   8.1504503986032747E-002 ,  0.12250519210664432      ,   4.8510742915426050E-002
   9.3742915505073687E-002 ,  0.12952006322130361      ,   5.7604029240280456E-002
  0.10632527051454477      ,  0.13771550677706540      ,   6.6659972083182917E-002
  0.11921850252315214      ,  0.14713890001021801      ,   7.5813073027227965E-002
  0.13261697125957231      ,  0.15784889200725963      ,   8.5190802334656729E-002
  0.14683649762477322      ,  0.16991634801598865      ,   9.4915547152699190E-002
  0.16224277251522684      ,  0.18342523629126711      ,  0.10510647354626416     
  0.17923296845000364      ,  0.19847348819084690      ,  0.11588130609579436     
  0.19822700682447178      ,  0.21517385232113451      ,  0.12735803123493067     
  0.21960298092517683      ,  0.23365475348327366      ,  0.13965653162546596     
  0.24358312021851702      ,  0.25406115644904970      ,  0.15290015875808619     
  0.27014246738857317      ,  0.27655542254615456      ,  0.16721724963564050     
  0.29900915116074711      ,  0.30131813284431563      ,  0.18274259076972924     
  0.32978625646302506      ,  0.32854883440907107      ,  0.19961882863850883     
  0.36215874254558778      ,  0.35846664439448767      ,  0.21799781994534886     
  0.39608706569004820      ,  0.39131061915952309      ,  0.23804190709181647     
  0.43189988912160282      ,  0.42733976025768178      ,  0.25992509369566286     
  0.47026413041521048      ,  0.46683248383084736      ,  0.28383408103491098     
  0.51206185462244058      ,  0.51008532201043177      ,  0.30996910807541045     
  0.55822319243348806      ,  0.55741055142552731      ,  0.33854451411498021     
  0.60956772737630027      ,  0.60913235169282998      ,  0.36978891269851522     
  0.66668829307319943      ,  0.66558098285394907      ,  0.40394482676344723     
  0.72988694738147730      ,  0.72708433304494668      ,  0.44126758626840140     
  0.79916062353527628      ,  0.79395602623684047      ,  0.48202322918040019     
  0.87423608870760461      ,  0.86647909879151963      ,  0.52648507335109662     
  0.95466067098222041      ,  0.94488406424180749      ,  0.57492854014299799     
   1.0399429621362173      ,   1.0293200115880103      ,  0.62762371220481183     
   1.1297034656577618      ,   1.1198172657769607      ,  0.68482500244872102     
   1.2237762974467281      ,   1.2162401498838087      ,  0.74675720953346603     
   1.3222065882537453      ,   1.3182286351005581      ,  0.81359715612049432     
   1.4250998029206432      ,   1.4251283035935616      ,  0.88545008151459337     
   1.5323215574999709      ,   1.5359092905780751      ,  0.96232003866968674     
   1.6431294449280869      ,   1.6490769691601981      ,   1.0440737963954980     
   1.7558813882188069      ,   1.7625803520093120      ,   1.1303982621456463     
   1.8679454164069011      ,   1.8737286770511576      ,   1.2207523257973252     
   1.9758402922702201      ,   1.9791323337539792      ,   1.3143153831750887     
   2.0755181942590530      ,   2.0746905761774594      ,   1.4099366878493840     
   2.1626353680447461      ,   2.1556539445227054      ,   1.5060920462594489     
   2.2326920826314334      ,   2.2167915023342668      ,   1.6008569537318578     
   2.2810338414855162      ,   2.2526884218042524      ,   1.6919075042317528     
   2.3028222711431736      ,   2.2581843870692953      ,   1.7765613825387028     
   2.2931537389290790      ,   2.2289354566246842      ,   1.8518697931255470     
   2.2474904707344496      ,   2.1620431645734275      ,   1.9147661847452768     
   2.1624501813282837      ,   2.0566529170936714      ,   1.9622686169821451     
   2.0367875486063651      ,   1.9143940614837531      ,   1.9917204286638490     
   1.8721953938482381      ,   1.7395340488428781      ,   2.0010411052933321     
   1.6735596330500633      ,   1.5387608201874197      ,   1.9889499507456627     
   1.4486332561272521      ,   1.3205875736851553      ,   1.9551235362441517     
   1.2074545684057614      ,   1.0944698721640391      ,   1.9002562817400708     
  0.96174596945410640      ,  0.86980197130440695      ,   1.8260108125278076     
  0.72410704398084136      ,  0.65498696600371087      ,   1.7348662255019947     
  0.50660689653338031      ,  0.45674402410833626      ,   1.6298915649064565     
  0.31847156058338805      ,  0.27974115223213653      ,   1.5144830970439576     
  0.16337445659941419      ,  0.12655500924438956      ,   1.3921050714225933     
   3.8548113486998478E-002 ,  -2.1093609545281568E-003 ,   1.2660659784698975     
  -6.2560162765090299E-002 , -0.10703999294361360      ,   1.1393497488246689     
 -0.14600186620557534      , -0.19008160102014149      ,   1.0145082306768012     
 -0.21485271356619629      , -0.25371953242299472      ,  0.89361081724419855     
 -0.26974334996588467      , -0.30073129688479561      ,  0.77824067797363217     
 -0.31073478073283795      , -0.33392454246025399      ,  0.66952453904332021     
 -0.33823626782742244      , -0.35596005720225277      ,  0.56818335328088643     
 -0.35310056376019960      , -0.36924698732802863      ,  0.47459326396003948     
 -0.35709512919643777      , -0.37589322082260024      ,  0.38884895656509771     
 -0.35315729518387462      , -0.37769423707262845      ,  0.31082411065795684     
 -0.34490057856256717      , -0.37614639022080093      ,  0.24022584882287670     
 -0.33607649623439878      , -0.37247398388673925      ,  0.17664171537082027     
 -0.32992450326009021      , -0.36766269850571237      ,  0.11957883348917736     
 -0.32815810723871253      , -0.36249455027626887      ,   6.8495581330194732E-002
 -0.33055180366167658      , -0.35758150586839088      ,   2.2826506073900316E-002
 -0.33564481703075999      , -0.35339622047587044      ,  -1.7998639778078043E-002
 -0.34176157314552996      , -0.35029923678836039      ,  -5.4540824849171811E-002
 -0.34779182680457910      , -0.34856251030891594      ,  -8.7341759806201569E-002
 -0.35364602736281581      , -0.34838942264384626      , -0.11691723052267909     
 -0.36001041147681467      , -0.34993159229674742      , -0.14375306250130479     
 -0.36751505907025001      , -0.35330285041969134      , -0.16830313786135651     
 -0.37625812840085399      , -0.35859075534454887      , -0.19098898192971681     
 -0.38605952714682340      , -0.36586599856871060      , -0.21220052210168877     
 -0.39693217449367296      , -0.37519002047089617      , -0.23229769598738090     
 -0.40935386338749169      , -0.38662111437854607      , -0.25161264904947012     
 -0.42415160568372240      , -0.40021925684407017      , -0.27045231471455861     
 -0.44206217145388277      , -0.41604986199587363      , -0.28910121329269922     
 -0.46335498758586441      , -0.43418661921318441      , -0.30782434099060302     
 -0.48775344684964234      , -0.45471353602796433      , -0.32687004780146445     
 -0.51463362319522998      , -0.47772627159494169      , -0.34647282392138790     
 -0.54340669999189539      , -0.50333280959024207      , -0.36685592925790400     
 -0.57384149821024377      , -0.53165348217388397      , -0.38823381009042951     
 -0.60610631318631591      , -0.56282031778690689      , -0.41081425140154459     
 -0.64061571003068041      , -0.59697564414214421      , -0.43480021307211597     
 -0.67787039287297235      , -0.63426983296738892      , -0.46039129315319621     
 -0.71833232770847877      , -0.67485802422642949      , -0.48778475182937375     
 -0.76239757135298181      , -0.71889561443919947      , -0.51717601545449898     
 -0.81048894405276406      , -0.76653223684161209      , -0.54875856116675947     
 -0.86306403580222990      , -0.81790390218311593      , -0.58272305918769784     
 -0.92044630175144271      , -0.87312291159351063      , -0.61925562236534037     
 -0.98263602312028631      , -0.93226510369459192      , -0.65853498173058778     
  -1.0492232867902525      , -0.99535396770232754      , -0.70072837453749337     
  -1.1194513128205772      ,  -1.0623411591474730      , -0.74598590049483626     
  -1.1924517887740724      ,  -1.1330830190770358      , -0.79443307761640658     
  -1.2675232208034528      ,  -1.2073128544503686      , -0.84616131890993951     
  -1.3442592115578578      ,  -1.2846090303135032      , -0.90121606603373261     
  -1.4224671271563969      ,  -1.3643594057596606      , -0.95958237131782331     
  -1.5019402098801087      ,  -1.4457233725700702      ,  -1.0211678349887090     
  -1.5821695141853673      ,  -1.5275937779192856      ,  -1.0857830039380234     
  -1.6621064186983616      ,  -1.6085623533591964      ,  -1.1531196477268890     
  -1.7400642199322400      ,  -1.6868938939161400      ,  -1.2227277695525685     
  -1.8137719067317912      ,  -1.7605161903145281      ,  -1.2939927958138346     
  -1.8805375619413218      ,  -1.8270343129837907      ,  -1.3661151039794051     
  -1.9374383117395668      ,  -1.8837787772127064      ,  -1.4380948387112886     
  -1.9814704775671259      ,  -1.9278966816365157      ,  -1.5087257139824952     
  -2.0096622580822228      ,  -1.9564922881605553      ,  -1.5766020145148025     
  -2.0191746549156107      ,  -1.9668179842404507      ,  -1.6401430354681412     
  -2.0074188227784493      ,  -1.9565078935156675      ,  -1.6976384459203631     
  -1.9722414542776818      ,  -1.9238352622592316      ,  -1.7473162883833551     
  -1.9122015249803630      ,  -1.8679631247608479      ,  -1.7874324592804500     
  -1.8269030033370752      ,  -1.7891488963989355      ,  -1.8163767754887499     
  -1.7173163266105684      ,  -1.6888613174542515      ,  -1.8327867172578691     
  -1.5860073686219924      ,  -1.5697756537403367      ,  -1.8356565804305158     
  -1.4371934013002554      ,  -1.4356308657342878      ,  -1.8244281277482193     
  -1.2765812390550320      ,  -1.2909575812169940      ,  -1.7990497282333926     
  -1.1109679290655055      ,  -1.1407118013422741      ,  -1.7599946421626305     
 -0.94758426885951186      , -0.98986866166433762      ,  -1.7082349636031091     
 -0.79319829948092069      , -0.84303727905915227      ,  -1.6451744759519611     
 -0.65311527222877619      , -0.70414998917810345      ,  -1.5725497021054149     
