  0.54618537227164576      ,   2.1229450724483714      ,   1.4655193661558268     
   1.5752327157965900      ,   2.1929852415350255      ,   1.5610585270229873     
   2.1119569025108040      ,   2.2400776937172493      ,   1.6539053462152871     
   2.4329394705332277      ,   2.2589017442634218      ,   1.7415228812149708     
   2.4707774825879341      ,   2.2447042742917840      ,   1.8210630112943438     
   2.1496135462401109      ,   2.1939089102960634      ,   1.8894909061409448     
   1.7761590255733264      ,   2.1047402225179983      ,   1.9437656688917380     
   1.6508501658941088      ,   1.9777454803439807      ,   1.9810672081207392     
   1.5341090147653220      ,   1.8160821072783706      ,   1.9990464820024860     
   1.5519163691147433      ,   1.6254624622894605      ,   1.9960649989817625     
   1.4055900203665248      ,   1.4137129629515430      ,   1.9713841858516696     
   1.2813037118130608      ,   1.1899972664110152      ,   1.9252693066812612     
   1.0022350079910862      ,  0.96384218103004549      ,   1.8589865037522069     
  0.69364639200849587      ,  0.74415591195967179      ,   1.7746919444430655     
  0.43552101628033657      ,  0.53842131673974125      ,   1.6752329415465239     
  0.30525013780138316      ,  0.35218728446955988      ,   1.5638959838847664     
  0.14492481682426225      ,  0.18889565376218667      ,   1.4441420266186100     
   9.7163590029753666E-002 ,   5.0001978019320249E-002 ,   1.3193650556489360     
   5.0099363758644766E-002 ,  -6.4700883798565631E-002 ,   1.1926989228874905     
  -1.4611519041254569E-002 , -0.15666063759309845      ,   1.0668841267543117     
  -7.4312284834220449E-002 , -0.22813426990100699      ,  0.94419438639734021     
 -0.15453278241096943      , -0.28180797976757588      ,  0.82641469034470127     
 -0.23556733184090375      , -0.32049834109380249      ,  0.71485843581946695     
 -0.27942191465840954      , -0.34694074961631782      ,  0.61041059040920653     
 -0.28241674537685529      , -0.36365620077566646      ,  0.51358530372947420     
 -0.30070527952313036      , -0.37288048745330526      ,  0.42458891988492709     
 -0.30692794460752243      , -0.37653861886822665      ,  0.34338204425120999     
 -0.31534139115757204      , -0.37624917459232166      ,  0.26973670639260389     
 -0.31321955194555284      , -0.37334652660465156      ,  0.20328652779630416     
 -0.32822227521315195      , -0.36891220776140959      ,  0.14356912745924336     
 -0.31262669484571148      , -0.36380958762195265      ,   9.0060855130340983E-002
 -0.32529508578897404      , -0.35871823902491112      ,   4.2204439621893741E-002
 -0.32976245397956511      , -0.35416596004674755      ,  -5.6961569239652996E-004
 -0.34475730777596730      , -0.35055746826940914      ,  -3.8826978221081797E-002
 -0.34795685973715401      , -0.34819944144875398      ,  -7.3117879548269940E-002
 -0.36820406777513914      , -0.34732196114584557      , -0.10396913675487859     
 -0.36608913229395462      , -0.34809661831423416      , -0.13187907821838246     
 -0.37281507125404839      , -0.35065163044657438      , -0.15731475324318300     
 -0.37659094097571244      , -0.35508434474769440      , -0.18071090378070817     
 -0.38933403841740150      , -0.36147149037983400      , -0.20247026648446861     
 -0.40203935260305690      , -0.36987751301508459      , -0.22296485238673353     
 -0.42071214586209793      , -0.38036128702789984      , -0.24253791924495635     
 -0.44182999690376062      , -0.39298146021187508      , -0.26150640862046931     
 -0.45732253447088700      , -0.40780064560972051      , -0.28016366693359418     
 -0.48355137459167885      , -0.42488863596647064      , -0.29878230811027573     
 -0.50381868869616087      , -0.44432477860534586      , -0.31761710598075332     
 -0.53464272643115707      , -0.46619961183729980      , -0.33690782818834025     
 -0.56211902905053002      , -0.49061582772856122      , -0.35688194075595159     
 -0.60361745113856591      , -0.51768858938690709      , -0.37775712423213165     
 -0.63086006084777413      , -0.54754519301577265      , -0.39974354894277481     
 -0.67226628020402801      , -0.58032402491292434      , -0.42304585861538374     
 -0.70082506168484071      , -0.61617272046811900      , -0.44786480869756806     
 -0.74181729927250117      , -0.65524538527947807      , -0.47439849813077212     
 -0.77735866711724033      , -0.69769868729453444      , -0.50284312115890861     
 -0.83047663445526165      , -0.74368657348523226      , -0.53339314892254241     
 -0.88110406300731725      , -0.79335330605295495      , -0.56624082914757556     
 -0.94302346782753610      , -0.84682445416439756      , -0.60157486641105617     
  -1.0060564596168342      , -0.90419542278911047      , -0.63957811587315860     
  -1.0731167976623297      , -0.96551705894731876      , -0.68042409129601356     
  -1.1422482020829527      ,  -1.0307778612015503      , -0.72427205599499500     
  -1.2135630553560701      ,  -1.0998823509037625      , -0.77126043706710912     
  -1.2901112203821710      ,  -1.1726252724491224      , -0.82149828508863920     
  -1.3634332096926884      ,  -1.2486615134322572      , -0.87505450283288311     
  -1.4448179291492562      ,  -1.3274720230237296      , -0.93194460068929952     
  -1.5195335107309325      ,  -1.4083266142620134      , -0.99211482113025040     
  -1.6021494390141251      ,  -1.4902454189606513      ,  -1.0554236320282695     
  -1.6774167904540338      ,  -1.5719619618454443      ,  -1.1216208443547895     
  -1.7593678087557885      ,  -1.6518923291820697      ,  -1.1903249890188543     
  -1.8311318391998570      ,  -1.7281166388091584      ,  -1.2610001085055818     
  -1.9045805888934324      ,  -1.7983807511966154      ,  -1.3329337815139992     
  -1.9629962364991038      ,  -1.8601274883067285      ,  -1.4052189689836077     
  -2.0144176134352865      ,  -1.9105669316404634      ,  -1.4767430611370855     
  -2.0467642197867715      ,  -1.9467938643396794      ,  -1.5461881616983577     
  -2.0654106659784821      ,  -1.9659562972366709      ,  -1.6120469374818855     
  -2.0612942217557495      ,  -1.9654717519920386      ,  -1.6726580056065574     
  -2.0373633526678732      ,  -1.9432777608327523      ,  -1.7262635486630262     
  -1.9877549645957318      ,  -1.8980912374186156      ,  -1.7710894706649931     
  -1.9129620491393908      ,  -1.8296406962393050      ,  -1.8054450031124267     
  -1.8115499743956522      ,  -1.7388294866500131      ,  -1.8278346624583925     
  -1.6853713521287328      ,  -1.6277909378168240      ,  -1.8370716452890137     
  -1.5379892831701436      ,  -1.4998095542228083      ,  -1.8323791687938058     
  -1.3740073799900467      ,  -1.3591048903602743      ,  -1.8134659116009328     
  -1.2018197838127305      ,  -1.2105014823689850      ,  -1.7805641330966038     
  -1.0274451106108158      ,  -1.0590317642324893      ,  -1.7344240464755345     
 -0.86115903781623537      , -0.90953204853726333      ,  -1.6762645840380972     
 -0.70771929247518384      , -0.76629045839720311      ,  -1.6076872838821734     
 -0.57436778488965190      , -0.63279111119684861      ,  -1.5305650890616394     
 -0.46058659230332982      , -0.51157614327258938      ,  -1.4469203331926654     
 -0.36763751967890490      , -0.40422348056081997      ,  -1.3588058440310067     
 -0.29065813224027104      , -0.31141976406450217      ,  -1.2682004526181798     
 -0.22811721990061051      , -0.23309778801163680      ,  -1.1769262441082506     
 -0.17583388464759830      , -0.16860623877588951      ,  -1.0865906987991416     
 -0.13304552832988314      , -0.11688420726929609      , -0.99855328422125944     
  -9.7727349830674048E-002 ,  -7.6620826960369842E-002 , -0.91391352682143312     
  -7.0241666097409186E-002 ,  -4.6388750188870759E-002 , -0.83351620498294843     
  -4.9838273663115967E-002 ,  -2.4747247274474339E-002 , -0.75796889974055193     
  -3.6800011203562535E-002 ,  -1.0315729998428632E-002 , -0.68766743138630215     
  -3.0292277207742004E-002 ,  -1.8214478280048640E-003 , -0.62282540323619306     
  -2.9445940457682031E-002 ,   1.8736213420180853E-003 , -0.56350492439458066     
  -3.2783383411899278E-002 ,   1.7615356216361129E-003 , -0.50964642339749555     
  -3.8812099872746621E-002 ,  -1.3118115952818158E-003 , -0.46109619835676158     
  -4.6620153659267485E-002 ,  -6.6396574477651698E-003 , -0.41763093670120399     
  -5.5436159344381661E-002 ,  -1.3643028666461270E-002 , -0.37897887546563841     
  -6.5611809117905803E-002 ,  -2.1857230537399887E-002 , -0.34483757807297111     
  -7.6872498346630194E-002 ,  -3.0917647516997382E-002 , -0.31488850072089442     
  -8.9641922356170842E-002 ,  -4.0545828998756465E-002 , -0.28880863680281205     
 -0.10299198491943713      ,  -5.0536458215814865E-002 , -0.26627958437632082     
 -0.11686218193447907      ,  -6.0745535952676205E-002 , -0.24699439830948178     
 -0.13005212706022326      ,  -7.1079928829461902E-002 , -0.23066257968419340     
 -0.14284833203527114      ,  -8.1488312368645233E-002 , -0.21701353068754367     
 -0.15468854467941157      ,  -9.1953464011745173E-002 , -0.20579877078846398     
 -0.16628767857582466      , -0.10248581711414667      , -0.19679317430099824     
 -0.17728354721485637      , -0.11311816375377477      , -0.18979545356896593     
 -0.18809915918289227      , -0.12390138486828309      , -0.18462807785078555     
 -0.19818899268799622      , -0.13490108585741281      , -0.18113678659492613     
 -0.20769555611204626      , -0.14619502096295234      , -0.17918982768631697     
 -0.21638304327381519      , -0.15787119815256992      , -0.17867702656820605     
 -0.22463566113385586      , -0.17002656630521587      , -0.17950877083502106     
 -0.23284955873538793      , -0.18276619714175962      , -0.18161497674609636     
 -0.24159607572170094      , -0.19620288481528092      , -0.18494408884528565     
 -0.25157703600575188      , -0.21045709584136973      , -0.18946215116338330     
 -0.26310602515669068      , -0.22565721072115474      , -0.19515197798646983     
 -0.27685464480329508      , -0.24194000588268194      , -0.20201244354666020     
 -0.29277415776875204      , -0.25945133017162558      , -0.21005790288735099     
 -0.31143415709914452      , -0.27834693379168085      , -0.21931775023200070     
 -0.33246736467076449      , -0.29879340902458551      , -0.22983611610438576     
 -0.35627040944064964      , -0.32096920087564484      , -0.24167169986552495     
 -0.38222147738648649      , -0.34506564151254326      , -0.25489772989084503     
 -0.41064742337165927      , -0.37128795436713680      , -0.26960203892761031     
 -0.44108129287402964      , -0.39985616123761175      , -0.28588723682235340     
 -0.47413666216350431      , -0.43100580761439661      , -0.30387095630563832     
 -0.50985885375252860      , -0.46498839643186035      , -0.32368613929883611     
 -0.54913816481614819      , -0.50207138687697239      , -0.34548132058916198     
 -0.59229122168345638      , -0.54253757078717313      , -0.36942085189663620     
 -0.63996179934110764      , -0.58668358224765382      , -0.39568499136519159     
 -0.69230223691323467      , -0.63481722373640304      , -0.42446976021377292     
 -0.74941488753215568      , -0.68725320205339335      , -0.45598643837758396     
 -0.81126784041800759      , -0.74430675725310036      , -0.49046053302116105     
 -0.87760752690912125      , -0.80628453708180048      , -0.52813000635325302     
 -0.94847321893831615      , -0.87347191981658512      , -0.56924249093951840     
  -1.0235193099829336      , -0.94611582648685610      , -0.61405115097201413     
  -1.1029982513034891      ,  -1.0244019038421510      , -0.66280876718600912     
  -1.1865955492287019      ,  -1.1084248294944457      , -0.71575953398672687     
  -1.2746937739545001      ,  -1.1981504370039850      , -0.77312796625371349     
  -1.3668715884489788      ,  -1.2933684551491871      , -0.83510423251032928     
  -1.4632107704600850      ,  -1.3936350120537007      , -0.90182518174023896     
  -1.5627135854940351      ,  -1.4982048238685792      , -0.97335034643113805     
  -1.6645693311415837      ,  -1.6059543643073384      ,  -1.0496323335922244     
  -1.7668565329193182      ,  -1.7152995155211928      ,  -1.1304813258783022     
  -1.8677044185048259      ,  -1.8241144286973070      ,  -1.2155239907546520     
  -1.9644228130619159      ,  -1.9296626473165661      ,  -1.3041580287422825     
  -2.0543183778135550      ,  -2.0285567510694142      ,  -1.3955049591156097     
  -2.1341122860868440      ,  -2.1167681279727408      ,  -1.4883655626288721     
  -2.2002712775720301      ,  -2.1897124730225968      ,  -1.5811845732323351     
  -2.2487119289542528      ,  -2.2424368401855683      ,  -1.6720334281675850     
  -2.2749171891547908      ,  -2.2699274515027903      ,  -1.7586215675428791     
  -2.2741622187865236      ,  -2.2675410704442771      ,  -1.8383470568267553     
  -2.2418533745025053      ,  -2.2315354793862863      ,  -1.9083951718011813     
  -2.1743656262643487      ,  -2.1596393728573404      ,  -1.9658881976733313     
  -2.0696422179393332      ,  -2.0515673608482117      ,  -2.0080809159886481     
  -1.9281396257900147      ,  -1.9093654042820782      ,  -2.0325851947350984     
  -1.7529817625759221      ,  -1.7374802521795818      ,  -2.0375963442642169     
  -1.5501587908828938      ,  -1.5424908645419049      ,  -2.0220870557072868     
  -1.3279723374536132      ,  -1.3325138890316865      ,  -1.9859351503616736     
  -1.0968314979797604      ,  -1.1163770895205816      ,  -1.9299604824015189     
 -0.86838860023796660      , -0.90271463970216792      ,  -1.8558625427495614     
 -0.65445867852401796      , -0.69915333805288005      ,  -1.7660691607004873     
 -0.46483360674864543      , -0.51172455627362157      ,  -1.6635226118661581     
 -0.30511499025712441      , -0.34456902251457822      ,  -1.5514380456062040     
 -0.17529892275770964      , -0.19992742058226354      ,  -1.4330689555593126     
  -7.0881926712914961E-002 ,  -7.8353635495356427E-002 ,  -1.3115070018535810     
   1.4209122728610163E-002 ,   2.0938678205007655E-002 ,  -1.1895322925370455     
   8.4742515518689707E-002 ,   9.9683331970804839E-002 ,  -1.0695188846258392     
  0.14312276989831091      ,  0.16018938887226788      , -0.95339135265482711     
  0.19003730805126184      ,  0.20502955102225520      , -0.84262287340932207     
  0.22546470831543214      ,  0.23680505324691808      , -0.73826321303702513     
  0.24934514942599353      ,  0.25798571518553559      , -0.64098540203572851     
  0.26208284904132884      ,  0.27081406721431378      , -0.55114169936627055     
  0.26503285410235050      ,  0.27725876812910116      , -0.46882179683512121     
  0.26042207913407744      ,  0.27900274777112255      , -0.39390850780487019     
  0.25106576285979332      ,  0.27745373025931797      , -0.32612810965688144     
  0.23988275528636760      ,  0.27376767687771925      , -0.26509396378805872     
  0.22924910910693491      ,  0.26887844999022875      , -0.21034304104239709     
  0.22024214277328641      ,  0.26352928555378896      , -0.16136561312245876     
  0.21266084787595024      ,  0.25830338361003830      , -0.11762872548202521     
  0.20559865572267871      ,  0.25365213339961845      ,  -7.8594230329419618E-002
  0.19831851680861226      ,  0.24992028571985089      ,  -4.3732198406493103E-002
  0.19083253846520404      ,  0.24736787928073103      ,  -1.2530495478973122E-002
  0.18408961636784005      ,  0.24618901419420672      ,   1.5498761649762946E-002
  0.17941034595298155      ,  0.24652771658972086      ,   4.0815242249198726E-002
  0.17777582391630656      ,  0.24849120507191619      ,   6.3848395057936713E-002
  0.17943883645844982      ,  0.25216088680275600      ,   8.4996947291091016E-002
  0.18411914927872286      ,  0.25760140041147883      ,  0.10462953672164868     
  0.19141702271741229      ,  0.26486799812752337      ,  0.12308617297080882     
  0.20120756048363800      ,  0.27401252828755540      ,  0.14068028317307485     
  0.21373847140144245      ,  0.28508824596383264      ,  0.15770114704959190     
  0.22942352857694737      ,  0.29815364605313538      ,  0.17441656789863064     
  0.24854019276630704      ,  0.31327548066923111      ,  0.19107565995241765     
  0.27097774724596552      ,  0.33053109129916319      ,  0.20791165978693618     
  0.29626709385326749      ,  0.35001015569947541      ,  0.22514469075587282     
  0.32379523909476327      ,  0.37181591944846470      ,  0.24298442539145085     
  0.35314613222950170      ,  0.39606595177792658      ,  0.26163260189036275     
  0.38424388756782774      ,  0.42289243397840254      ,  0.28128535757025835     
  0.41739925638742903      ,  0.45244195537173576      ,  0.30213534479742682     
  0.45312052896758820      ,  0.48487475552864823      ,  0.32437359347328226     
  0.49194746809818346      ,  0.52036331095555033      ,  0.34819107871969512     
  0.53430187622985914      ,  0.55909011875466963      ,  0.37377994279216353     
  0.58054230629257275      ,  0.60124447776365575      ,  0.40133430624077332     
  0.63097353570621384      ,  0.64701800872700355      ,  0.43105058462564538     
  0.68586662751992122      ,  0.69659858914627970      ,  0.46312720335904639     
  0.74538299726977753      ,  0.75016230682968776      ,  0.49776357426593426     
  0.80949751491691868      ,  0.80786296208517894      ,  0.53515816326300703     
  0.87794414658581432      ,  0.86981857845954313      ,  0.57550543970562862     
  0.95029016998174953      ,  0.93609432723212493      ,  0.61899145589766924     
   1.0261067587618213      ,   1.0066812497723858      ,  0.66578776291098896     
   1.1051030889081404      ,   1.0814702020791576      ,  0.71604333133576936     
   1.1871792024471934      ,   1.1602205871984252      ,  0.76987412117325282     
   1.2722932600073973      ,   1.2425237379106899      ,  0.82734994640491488     
   1.3602722642789238      ,   1.3277613327337383      ,  0.88847832494687062     
   1.4505685092081124      ,   1.4150600519922343      ,  0.95318511823163443     
   1.5421701536939598      ,   1.5032448850857092      ,   1.0212919774044968     
   1.6335803369039732      ,   1.5907951368249806      ,   1.0924909602993793     
   1.7229404412174316      ,   1.6758092336481305      ,   1.1663171991790231     
   1.8081026145068873      ,   1.7559867539213359      ,   1.2421212063624751     
   1.8867093422521226      ,   1.8286383484215454      ,   1.3190432973004009     
   1.9561790807388200      ,   1.8907357477549998      ,   1.3959936298273332     
   2.0137034872833204      ,   1.9390139414672936      ,   1.4716423658616045     
   2.0562227270589113      ,   1.9701347168167749      ,   1.5444252179966029     
   2.0804857940241135      ,   1.9809139931688384      ,   1.6125698074137198     
   2.0831804344099711      ,   1.9686042965658759      ,   1.6741474332865141     
   2.0611778990230198      ,   1.9312090665239734      ,   1.7271526879999526     
   2.0118779343341582      ,   1.8677898948641325      ,   1.7696097139064220     
   1.9336399931692239      ,   1.7787157727778797      ,   1.7996990584772179     
   1.8262282410645823      ,   1.6658004180897077      ,   1.8158938485468463     
   1.6911763274643294      ,   1.5322841264031259      ,   1.8170896522382194     
   1.5320111988488812      ,   1.3826410816817760      ,   1.8027103842661085     
   1.3543039988203209      ,   1.2222271300857113      ,   1.7727740487535097     
   1.1655514239375506      ,   1.0568173954948450      ,   1.7279072363722550     
  0.97476789044273482      ,  0.89210699497372936      ,   1.6693051785598141     
  0.79160473925580055      ,  0.73325371885859658      ,   1.5986429288824242     
  0.62487059614527130      ,  0.58452759738698601      ,   1.5179506812892458     
  0.48075721012003308      ,  0.44910440619877645      ,   1.4294706036630744     
  0.36153432700373145      ,  0.32900804302432490      ,   1.3355131575457599     
  0.26558009712660463      ,  0.22517975761350253      ,   1.2383281301111788     
  0.18882220382910669      ,  0.13763619500143201      ,   1.1400007631493552     
  0.12669298608527735      ,   6.5674125912785541E-002 ,   1.0423779110055031     
   7.5491296866349117E-002 ,   8.0849226673441309E-003 ,  0.94702432864755492     
   3.2795258558553537E-002 ,  -3.6647959318350160E-002 ,  0.85520570116662220     
  -2.6787983385712436E-003 ,  -7.0183985503209742E-002 ,  0.76789306686827385     
  -3.1341707227016583E-002 ,  -9.4198889559875751E-002 ,  0.68578266487044659     
  -5.3124429270426397E-002 , -0.11029539148430681      ,  0.60932557376670549     
  -6.8016041527601434E-002 , -0.11994634888404937      ,  0.53876239312829344     
  -7.6507910110850869E-002 , -0.12446374781749646      ,  0.47415931772987213     
  -7.9767239346086705E-002 , -0.12498684092459350      ,  0.41544303521539272     
  -7.9496342689361454E-002 , -0.12248351306069007      ,  0.36243281295299978     
  -7.7461468222718918E-002 , -0.11776008759970902      ,  0.31486887817539688     
  -7.4895102341576189E-002 , -0.11147595722127562      ,  0.27243673610220331     
  -7.2194206129585256E-002 , -0.10416046098667439      ,  0.23478743889501760     
  -6.9096493956259761E-002 ,  -9.6230268745729916E-002 ,  0.20155404923322520     
  -6.5158419606056381E-002 ,  -8.8006169680094323E-002 ,  0.17236467135236386     
  -6.0231960737439014E-002 ,  -7.9728619465646910E-002 ,  0.14685248014890553     
  -5.4680211885933354E-002 ,  -7.1571715908854167E-002 ,  0.12466318963701144     
  -4.9183989492036284E-002 ,  -6.3655481380319207E-002 ,  0.10546038361411331     
  -4.4301514869445842E-002 ,  -5.6056462123818873E-002 ,   8.8929096525659293E-002
  -4.0142620830935033E-002 ,  -4.8816733180471229E-002 ,   7.4777989758615271E-002
  -3.6387496666633129E-002 ,  -4.1951440676735785E-002 ,   6.2740423449201291E-002
  -3.2581923703689758E-002 ,  -3.5455032936478358E-002 ,   5.2574679744355923E-002
  -2.8487071923838137E-002 ,  -2.9306336777311121E-002 ,   4.4063552248866676E-002
  -2.4254322562461468E-002 ,  -2.3472631137315080E-002 ,   3.7013479116549064E-002
  -2.0343753765262842E-002 ,  -1.7912860613176592E-002 ,   3.1253364298961861E-002
  -1.7273085184985937E-002 ,  -1.2580119031930273E-002 ,   2.6633202873642056E-002
  -1.5353838303874334E-002 ,  -7.4235194168164684E-003 ,   2.3022601941961349E-002
  -1.4544318291733634E-002 ,  -2.3895526643297050E-003 ,   2.0309267999732566E-002
  -1.4469861075633358E-002 ,   2.5769764294678002E-003 ,   1.8397514567913990E-002
  -1.4563969190014067E-002 ,   7.5323600723385788E-003 ,   1.7206829832404586E-002
  -1.4232262621519271E-002 ,   1.2533681512562971E-002 ,   1.6670532691262046E-002
  -1.2970663917786195E-002 ,   1.7638739228033853E-002 ,   1.6734536573687991E-002
  -1.0409855916230578E-002 ,   2.2906157954650883E-002 ,   1.7356233333978746E-002
  -6.3170360749770843E-003 ,   2.8395651775810059E-002 ,   1.8503504123173291E-002
  -6.1138239401197381E-004 ,   3.4168411947193139E-002 ,   2.0153860122593532E-002
   6.5835492019416641E-003 ,   4.0287598573695890E-002 ,   2.2293713141477826E-002
   1.4913109899504694E-002 ,   4.6818920772964574E-002 ,   2.4917774122068557E-002
   2.3849962581913773E-002 ,   5.3831294641373525E-002 ,   2.8028576376258642E-002
   3.2852601935853092E-002 ,   6.1397572269541886E-002 ,   3.1636119741692989E-002
   4.1574195215746894E-002 ,   6.9595338313741359E-002 ,   3.5757631659391192E-002
   5.0031379153786741E-002 ,   7.8507773281989768E-002 ,   4.0417441327286856E-002
   5.8636286367546413E-002 ,   8.8224584786854909E-002 ,   4.5646963479192816E-002
   6.8072981794183848E-002 ,   9.8843009576148722E-002 ,   5.1484788894276025E-002
   7.9081888473417170E-002 ,  0.11046889017470396      ,   5.7976879384914290E-002
   9.2250450717202101E-002 ,  0.12321783041693192      ,   6.5176865672310277E-002
  0.10788626881389637      ,  0.13721643393795990      ,   7.3146447170941875E-002
  0.12599901422040341      ,  0.15260362868110805      ,   8.1955893190802181E-002
  0.14636980809823111      ,  0.16953207845828508      ,   9.1684645344361937E-002
  0.16865877321049422      ,  0.18816967925929715      ,  0.10242202090719046     
  0.19251626740747080      ,  0.20870113291326453      ,  0.11426801639108988     
  0.21768294221310444      ,  0.23132958326445305      ,  0.12733420946757795     
  0.24408816738848998      ,  0.25627828942655712      ,  0.14174475538966241     
  0.27193544141881065      ,  0.28379229583655963      ,  0.15763747088302618     
  0.30174605968796797      ,  0.31414003829503662      ,  0.17516499368889293     
  0.33432057546720861      ,  0.34761479704822135      ,  0.19449599897351566     
  0.37061047948842468      ,  0.38453586975492132      ,  0.21581644392278115     
  0.41152198034216941      ,  0.42524928569696840      ,  0.23933079802753432     
  0.45772028031643514      ,  0.47012781380497676      ,  0.26526319755009375     
  0.50950952896339197      ,  0.51956992601299135      ,  0.29385843679191381     
  0.56683919515026793      ,  0.57399725820589576      ,  0.32538267396696935     
  0.62942881932014105      ,  0.63384995688781476      ,  0.36012368314484444     
  0.69696182617891733      ,  0.69957910375106158      ,  0.39839042277848546     
  0.76927643557000691      ,  0.77163516659707754      ,  0.44051161226904401     
  0.84648992974309656      ,  0.85045113084173762      ,  0.48683290717601213     
  0.92902274237168103      ,  0.93641862573563228      ,  0.53771213779833738     
   1.0175145402672936      ,   1.0298549921469877      ,  0.59351192318830193     
   1.1126460329703249      ,   1.1309588877514196      ,  0.65458879492291688     
   1.2148947910667520      ,   1.2397517747754763      ,  0.72127777049431474     
   1.3242819955975680      ,   1.3560026313389530      ,  0.79387112490455902     
   1.4401741807760968      ,   1.4791337050455708      ,  0.87258995955215146     
   1.5612017191970451      ,   1.6081064368808913      ,  0.95754712642466444     
   1.6853136477215840      ,   1.7412893019177593      ,   1.0487002384026967     
   1.8099408371790962      ,   1.8763138155898438      ,   1.1457940364240928     
   1.9321798663275671      ,   2.0099318942507094      ,   1.2482924930836636     
   2.0488940875578341      ,   2.1378973961878445      ,   1.3553029398616954     
   2.1566551023431373      ,   2.2549064777318151      ,   1.4654974099608737     
   2.2515327679710442      ,   2.3546433513064033      ,   1.5770403371301229     
   2.3288332931881017      ,   2.4299858367995242      ,   1.6875364451886767     
   2.3829519439779001      ,   2.4734218891438644      ,   1.7940172231606923     
   2.4075055853337504      ,   2.4777056673536721      ,   1.8929871604190438     
   2.3958480145232035      ,   2.4367331707699966      ,   1.9805495722426576     
   2.3419752270587191      ,   2.3465443731214122      ,   2.0526239233744605     
   2.2417133202186306      ,   2.2062768910334571      ,   2.1052507294668348     
   2.0939128491150352      ,   2.0188375363135775      ,   2.1349578202379615     
   1.9011888837827344      ,   1.7910618331619277      ,   2.1391383069182974     
   1.6698419915071006      ,   1.5332228917328097      ,   2.1163745456471621     
   1.4091877827186230      ,   1.2579174386146803      ,   2.0666422782241312     
   1.1310017705494704      ,  0.97854134297999718      ,   1.9913488137310020     
  0.84926990989164586      ,  0.70769136313762082      ,   1.8931943560315410     
  0.57949709364368984      ,  0.45583824664640421      ,   1.7758848688803412     
  0.33674359046554114      ,  0.23050927023430751      ,   1.6437546594339536     
  0.13209519467036132      ,   3.6050505143438528E-002 ,   1.5013681551015559     
  -3.1316638731220828E-002 , -0.12611607209068093      ,   1.3531623917873992     
 -0.15913050208882037      , -0.25691646736808738      ,   1.2031709132144586     
 -0.26141638993419819      , -0.35892099368569275      ,   1.0548452921163320     
 -0.34673670912660370      , -0.43566570606659138      ,  0.91096991287466522     
 -0.41903266190590938      , -0.49109073009665027      ,  0.77365276665340721     
 -0.47851635046913715      , -0.52913030916021508      ,  0.64436993400604248     
 -0.52429766040667725      , -0.55344944453988010      ,  0.52404215255857545     
 -0.55573075561376306      , -0.56730092427670731      ,  0.41312580382037600     
 -0.57310854860145821      , -0.57347008422848955      ,  0.31170564749703555     
 -0.57869563925440093      , -0.57427697668179878      ,  0.21958131569322537     
 -0.57648177430864622      , -0.57161183544461391      ,  0.13634331255018414     
 -0.57083862565377130      , -0.56698665329823184      ,   6.1436906494710515E-002
 -0.56587315943108207      , -0.56159171937918373      ,  -5.7860203865394491E-003
 -0.56479536965202448      , -0.55635054902165548      ,  -6.6026161440253139E-002
 -0.56867292132283165      , -0.55196980285759600      , -0.12000557659049557     
 -0.57623098975259845      , -0.54898280315761561      , -0.16844453580434451     
 -0.58517041740805031      , -0.54778643087851842      , -0.21204493240616626     
 -0.59356418196117755      , -0.54867180518917957      , -0.25147893945101157     
 -0.60079844391197756      , -0.55184942003972071      , -0.28738176978518815     
 -0.60800766244850080      , -0.55746948611134617      , -0.32034758760914694     
 -0.61730982496160947      , -0.56563819546380900      , -0.35092779030212551     
 -0.63023797217515043      , -0.57643054706452279      , -0.37963102752785310     
 -0.64694184432355795      , -0.58990027587016369      , -0.40692444907360542     
 -0.66653389796727047      , -0.60608733244994850      , -0.43323577496980942     
 -0.68789331995511571      , -0.62502327145361625      , -0.45895586375767139     
 -0.71046742195156809      , -0.64673482781757508      , -0.48444152011735980     
 -0.73456684803001626      , -0.67124588940194041      , -0.51001833407320762     
 -0.76100665586367733      , -0.69857801281065290      , -0.53598338297267722     
 -0.79052808371307204      , -0.72874957445346822      , -0.56260765637729260     
 -0.82336032031565143      , -0.76177360083665890      , -0.59013808461061679     
 -0.85914885163002608      , -0.79765428065106081      , -0.61879906548882424     
 -0.89734027621301826      , -0.83638212735544426      , -0.64879339212775489     
 -0.93764771852115159      , -0.87792773658273071      , -0.68030248910997815     
 -0.98021609521205699      , -0.92223407105529098      , -0.71348586628439714     
  -1.0255305812501843      , -0.96920721151846778      , -0.74847970091958682     
  -1.0741465930422966      ,  -1.0187055419305131      , -0.78539446213172392     
  -1.1262574480997267      ,  -1.0705273990196120      , -0.82431149933192061     
  -1.1814547646659248      ,  -1.1243973202013882      , -0.86527853247538133     
  -1.2388953547530528      ,  -1.1799511806106666      , -0.90830401053099619     
  -1.2975745868184663      ,  -1.2367207301277516      , -0.95335035097060483     
  -1.3565045047641746      ,  -1.2941183324021865      ,  -1.0003261428697443     
  -1.4147997338559608      ,  -1.3514230708375985      ,  -1.0490774950421622     
  -1.4715953350353741      ,  -1.4077698097463391      ,  -1.0993788430539364     
  -1.5258653656456769      ,  -1.4621432513207209      ,  -1.1509236968342043     
  -1.5763660723498041      ,  -1.5133794522476787      ,  -1.2033160107705185     
  -1.6217266480236061      ,  -1.5601775654106953      ,  -1.2560630796131806     
  -1.6605631734221813      ,  -1.6011246243680743      ,  -1.3085710842048905     
  -1.6915348498231169      ,  -1.6347358360637099      ,  -1.3601445955361895     
  -1.7133267564763266      ,  -1.6595119318158782      ,  -1.4099914444430315     
  -1.7245954967914812      ,  -1.6740135290221811      ,  -1.4572343171030444     
  -1.7239717907038909      ,  -1.6769501584963395      ,  -1.5009301808173732     
  -1.7101636817232480      ,  -1.6672787674971616      ,  -1.5400981306903612     
  -1.6821463723337018      ,  -1.6443034919369328      ,  -1.5737554593945751     
  -1.6393842014302502      ,  -1.6077659040101648      ,  -1.6009607280829263     
  -1.5819948496160483      ,  -1.5579135285661139      ,  -1.6208614663653091     
  -1.5108153485378497      ,  -1.4955348932514001      ,  -1.6327430334951276     
  -1.4274063209069412      ,  -1.4219521617279289      ,  -1.6360743587605571     
  -1.3340083116279542      ,  -1.3389674036710908      ,  -1.6305459717501778     
  -1.2334445947396295      ,  -1.2487650483012311      ,  -1.6160960912620492     
  -1.1289750768375308      ,  -1.1537797725597216      ,  -1.5929215969596866     
  -1.0240768327105765      ,  -1.0565444878607058      ,  -1.5614723340519292     
 -0.92212850630258314      , -0.95953593668434656      ,  -1.5224291288345679     
 -0.82604747173947968      , -0.86503506073693992      ,  -1.4766677720079291     
 -0.73797857210200057      , -0.77501596540308193      ,  -1.4252127180413876     
 -0.65912243968272255      , -0.69107193118611820      ,  -1.3691851115140485     
 -0.58976134884563713      , -0.61438085835291323      ,  -1.3097498964083438     
 -0.52947206825648530      , -0.54570708471447615      ,  -1.2480662595137457     
 -0.47743650400633569      , -0.48543260907053182      ,  -1.1852446890097597     
 -0.43274139503532816      , -0.43360875900124374      ,  -1.1223127313895014     
 -0.39459444009841010      , -0.39001913247825576      ,  -1.0601903307828902     
 -0.36242353429048091      , -0.35424575937535829      , -0.99967460534226515     
 -0.33586743741557379      , -0.32573229227028422      , -0.94143315192369736     
 -0.31469565470573885      , -0.30384011645547843      , -0.88600449845689855     
 -0.29870446660275030      , -0.28789518263124692      , -0.83380411625177198     
 -0.28763279895499905      , -0.27722489743748402      , -0.78513440532441636     
 -0.28112774077191077      , -0.27118548665555725      , -0.74019720831002611     
 -0.27876330429952945      , -0.26918090226847574      , -0.69910763092864081     
 -0.28009385994865194      , -0.27067465841662991      , -0.66190819981108051     
 -0.28471120854321080      , -0.27519604925744096      , -0.62858263694646577     
 -0.29227461475784933      , -0.28234211350831079      , -0.59906875283833150     
 -0.30250156721706900      , -0.29177653783712260      , -0.57327014725614533     
 -0.31513355409478666      , -0.30322648557970211      , -0.55106655451075470     
 -0.32990434374443278      , -0.31647813139018632      , -0.53232278152552437     
 -0.34653267748901317      , -0.33137149483996187      , -0.51689626622335638     
 -0.36474521599849258      , -0.34779500501769461      , -0.50464333648177084     
 -0.38431475873077364      , -0.36568009573819377      , -0.49542428169247349     
 -0.40508887926517317      , -0.38499602525408183      , -0.48910736481874190     
 -0.42699354932276856      , -0.40574503181382809      , -0.48557190700941305     
 -0.45001419406499504      , -0.42795787285999853      , -0.48471057270616202     
 -0.47416813250356182      , -0.45168974702394493      , -0.48643097339798735     
 -0.49948564762197123      , -0.47701656066061776      , -0.49065669468592232     
 -0.52600908192535578      , -0.50403147131716031      , -0.49732783551610799     
 -0.55380695505828847      , -0.53284161661660823      , -0.50640113126787600     
 -0.58299227863620084      , -0.56356491644376672      , -0.51784971444532857     
 -0.61373461482617087      , -0.59632681739133375      , -0.53166254835454352     
 -0.64625929639302815      , -0.63125682995497168      , -0.54784355050508726     
 -0.68083344025216985      , -0.66848469021474177      , -0.56641040358499717     
 -0.71774307308467167      , -0.70813595849571220      , -0.58739303269851206     
 -0.75726617944225172      , -0.75032684820996909      , -0.61083170811569854     
 -0.79964472312711432      , -0.79515806005460743      , -0.63677471314776146     
 -0.84505778062333647      , -0.84270738243510879      , -0.66527549721122536     
 -0.89359765638614552      , -0.89302081239096343      , -0.69638921528000819     
 -0.94525169526642716      , -0.94610195840523448      , -0.73016853783086644     
 -0.99989355030266125      ,  -1.0018995157737431      , -0.76665860183091661     
  -1.0572851598900113      ,  -1.0602926681694629      , -0.80589096597885568     
  -1.1170862474166456      ,  -1.1210743804092265      , -0.84787643615008990     
  -1.1788642122504844      ,  -1.1839327250420781      , -0.89259664507869874     
  -1.2420961673135955      ,  -1.2484306490633519      , -0.93999431056875693     
  -1.3061573167764258      ,  -1.3139849560736494      , -0.98996216730446873     
  -1.3702964907591808      ,  -1.3798457674096958      ,  -1.0423306780223585     
  -1.4336058978372628      ,  -1.4450783338110693      ,  -1.0968547897873986     
  -1.4949954110916770      ,  -1.5085497731547308      ,  -1.1532002176860552     
  -1.5531806264984493      ,  -1.5689240468697017      ,  -1.2109300134128256     
  -1.6066897783624527      ,  -1.6246691407812124      ,  -1.2694925020919510     
  -1.6538892366965650      ,  -1.6740808026929315      ,  -1.3282120238056812     
  -1.6930247351165126      ,  -1.7153270618634235      ,  -1.3862842519564700     
  -1.7222763001243724      ,  -1.7465168280709595      ,  -1.4427781088534570     
  -1.7398279484521997      ,  -1.7657938748848623      ,  -1.4966463657802502     
  -1.7439564110928329      ,  -1.7714543110066963      ,  -1.5467467920685003     
  -1.7331437546763797      ,  -1.7620813487078815      ,  -1.5918751048897211     
  -1.7062149604178887      ,  -1.7366862849086970      ,  -1.6308099101921392     
  -1.6624937632063110      ,  -1.6948400507549732      ,  -1.6623683407229719     
  -1.6019606436530842      ,  -1.6367767362150747      ,  -1.6854693344275800     
  -1.5253888640918465      ,  -1.5634504866980163      ,  -1.6991997322826975     
  -1.4344309406210856      ,  -1.4765310201841704      ,  -1.7028769857454698     
  -1.3316287638751167      ,  -1.3783307488594123      ,  -1.6961016460448777     
  -1.2203235670262662      ,  -1.2716669436537500      ,  -1.6787932562460715     
  -1.1044469422308130      ,  -1.1596733249467557      ,  -1.6512048610538417     
 -0.98818784325928821      ,  -1.0455842051320325      ,  -1.6139138845134358     
 -0.87556182202259158      , -0.93251858183882830      ,  -1.5677901395865363     
 -0.76995635871119350      , -0.82329035218042435      ,  -1.5139446234270537     
 -0.67376708588325263      , -0.72026464386512257      ,  -1.4536649478973556     
 -0.58823802800912273      , -0.62527101860698397      ,  -1.3883443792293637     
 -0.51355505810664004      , -0.53957446906770634      ,  -1.3194114175192606     
 -0.44914187698763203      , -0.46389691918436793      ,  -1.2482658107355322     
 -0.39403445161877798      , -0.39847670576091254      ,  -1.1762252245048130     
 -0.34720831589018686      , -0.34315158107041943      ,  -1.1044848893203174     
 -0.30778879186454555      , -0.29745160266351045      ,  -1.0340907775608119     
 -0.27513417759221409      , -0.26069089022894731      , -0.96592546022966486     
 -0.24881351322283804      , -0.23205059843253328      , -0.90070485909712150     
 -0.22851301661621634      , -0.21064875873199193      , -0.83898363355433903     
 -0.21391639160414375      , -0.19559537939723376      , -0.78116684156170324     
 -0.20460985513950852      , -0.18603315816078411      , -0.72752567936784129     
 -0.20005092937145066      , -0.18116536963129981      , -0.67821542530855661     
 -0.19961117574240131      , -0.18027307394903186      , -0.63329409850843954     
 -0.20266772062586494      , -0.18272393010137675      , -0.59274072934587274     
 -0.20869301637209420      , -0.18797475401396574      , -0.55647248585787767     
 -0.21729471027650596      , -0.19556967171577358      , -0.52436018980393284     
 -0.22818960312224348      , -0.20513537557731906      , -0.49624198298935779     
 -0.24113592673364559      , -0.21637465526718860      , -0.47193507244194055     
 -0.25587025022576693      , -0.22905907577723930      , -0.45124560031800964     
 -0.27208791988578784      , -0.24302142513539784      , -0.43397676066707219     
 -0.28947530806936184      , -0.25814835544495218      , -0.41993532984433485     
 -0.30776827567422815      , -0.27437348785925458      , -0.40893679872533489     
 -0.32679734666487376      , -0.29167113772052305      , -0.40080929976955437     
 -0.34649436421409452      , -0.31005073261561378      , -0.39539651574186374     
 -0.36686383758329189      , -0.32955193639568431      , -0.39255974355020584     
 -0.38794324944080877      , -0.35024045017466282      , -0.39217926911047751     
 -0.40977865314253897      , -0.37220443197803904      , -0.39415518944159794     
 -0.43242795958501490      , -0.39555145607950276      , -0.39840779768278439     
 -0.45598602289504186      , -0.42040591799337096      , -0.40487762625429907     
 -0.48061409851996112      , -0.44690677909479126      , -0.41352522341094500     
 -0.50655610445794874      , -0.47520553392195697      , -0.42433071913709575     
 -0.53413312587823714      , -0.50546427174952702      , -0.43729321766365337     
 -0.56371918830136236      , -0.53785369066681721      , -0.45243003565478301     
 -0.59570845589256749      , -0.57255090604011283      , -0.46977578700513067     
 -0.63048368537814514      , -0.60973687501055940      , -0.48938129681772835     
 -0.66839038044404242      , -0.64959323398722135      , -0.51131230806695893     
 -0.70971591475849571      , -0.69229831675282183      , -0.53564792425562802     
 -0.75467194547914396      , -0.73802208723464602      , -0.56247870966875946     
 -0.80338158869008547      , -0.78691968457225403      , -0.59190434535887448     
 -0.85587580067207814      , -0.83912324162272045      , -0.62403071376360286     
 -0.91210203933357548      , -0.89473160635231996      , -0.65896625826376010     
 -0.97194237005018280      , -0.95379757650101715      , -0.69681743709137578     
  -1.0352313842049121      ,  -1.0163122633497086      , -0.73768306581018306     
  -1.1017613124952765      ,  -1.0821862475180342      , -0.78164732251353786     
  -1.1712654158957088      ,  -1.1512273020640964      , -0.82877118020333218     
  -1.2433798558163935      ,  -1.2231146665016239      , -0.87908203927150175     
  -1.3175938049159750      ,  -1.2973701971690170      , -0.93256137033902720     
  -1.3932022782982902      ,  -1.3733272361202213      , -0.98913025796572596     
  -1.4692738449994907      ,  -1.4500987710790152      ,  -1.0486328760822481     
  -1.5446378797524312      ,  -1.5265474263521797      ,  -1.1108181454454200     
  -1.6178878262506231      ,  -1.6012610163540415      ,  -1.1753201399794371     
  -1.6873924561523992      ,  -1.6725387318242921      ,  -1.2416382341557344     
  -1.7513081718732075      ,  -1.7383943355206446      ,  -1.3091185144058646     
  -1.8075909619877688      ,  -1.7965837066088675      ,  -1.3769385845074287     
  -1.8540139862871901      ,  -1.8446642303873391      ,  -1.4440985090625240     
  -1.8882032943300409      ,  -1.8800923057294496      ,  -1.5094211411549825     
  -1.9077078989314724      ,  -1.9003620552261886      ,  -1.5715652975031595     
  -1.9101197930281568      ,  -1.9031827982302114      ,  -1.6290549666315841     
  -1.8932531152552743      ,  -1.8866851170226828      ,  -1.6803267568421569     
  -1.8553789886029393      ,  -1.8496363551116888      ,  -1.7237959816215145     
  -1.7954951288199048      ,  -1.7916380410675179      ,  -1.7579391792960299     
  -1.7135921898456719      ,  -1.7132726957006661      ,  -1.7813877595971110     
  -1.6108699515916436      ,  -1.6161684807156373      ,  -1.7930244250309093     
  -1.4898611740779515      ,  -1.5029588695350191      ,  -1.7920717886868647     
  -1.3544331104011795      ,  -1.3771305048812259      ,  -1.7781619623086107     
  -1.2096395733815242      ,  -1.2427725453127778      ,  -1.7513773102249932     
  -1.0613842387163199      ,  -1.1042599496768615      ,  -1.7122560386931081     
 -0.91585696302409214      , -0.96591582889212391      ,  -1.6617612036872165     
 -0.77876586257821301      , -0.83170052098099057      ,  -1.6012170039848961     
 -0.65451607179174520      , -0.70496700230654741      ,  -1.5322206851177955     
 -0.54560905337397125      , -0.58830656487150945      ,  -1.4565410779602899     
 -0.45252919200603459      , -0.48349030064061937      ,  -1.3760153333794944     
 -0.37417999370461258      , -0.39149578312941646      ,  -1.2924539848468182     
 -0.30864528449718581      , -0.31259772590773183      ,  -1.2075617072594529     
 -0.25391653351832910      , -0.24649732083023929      ,  -1.1228778477963137     
 -0.20834499059352515      , -0.19246644036208602      ,  -1.0397377047734631     
 -0.17079817046836102      , -0.14948788969210711      , -0.95925310181428824     
 -0.14061648710433053      , -0.11637925082458615      , -0.88230924416551371     
 -0.11744705937154079      ,  -9.1893903499562668E-002 , -0.80957411805612767     
 -0.10100737873004120      ,  -7.4797586472046762E-002 , -0.74151662997261869     
  -9.0858948416652319E-002 ,  -6.3922072050415557E-002 , -0.67843005825751912     
  -8.6280650897320274E-002 ,  -5.8199293618304448E-002 , -0.62045799615403852     
  -8.6293081572947350E-002 ,  -5.6679925827361408E-002 , -0.56762064194083117     
  -8.9827235229371763E-002 ,  -5.8540348368154201E-002 , -0.51983993214592517     
  -9.5959401346602913E-002 ,  -6.3081452805168317E-002 , -0.47696256091195804     
 -0.10408124984668635      ,  -6.9722116155089525E-002 , -0.43878036149152644     
 -0.11390746632913745      ,  -7.7989515728857151E-002 , -0.40504784664213661     
 -0.12533008740906582      ,  -8.7507878633341765E-002 , -0.37549692761449566     
 -0.13821871616988796      ,  -9.7986779594274140E-002 , -0.34984897538591037     
 -0.15228689925756267      , -0.10920972673848564      , -0.32782447175601614     
 -0.16709896458775114      , -0.12102349597512529      , -0.30915053859972014     
 -0.18219876762984108      , -0.13332847406205278      , -0.29356664452594172     
 -0.19726001005980073      , -0.14607013108359065      , -0.28082877981958682     
 -0.21215570133635162      , -0.15923164952925400      , -0.27071237047079422     
 -0.22691682935768787      , -0.17282767687931797      , -0.26301417569665608     
 -0.24162757727705614      , -0.18689913183338283      , -0.25755338429269542     
 -0.25633447568299939      , -0.20150897378470639      , -0.25417209580375427     
 -0.27102392008441495      , -0.21673883553326737      , -0.25273534436015060     
 -0.28567198079102407      , -0.23268641671678922      , -0.25313079693558804     
 -0.30032835648463385      , -0.24946353727361886      , -0.25526823416466127     
 -0.31518338312646837      , -0.26719475444867991      , -0.25907890083227025     
 -0.33058296821999433      , -0.28601645195124986      , -0.26451479464037853     
 -0.34698893223178484      , -0.30607631475629160      , -0.27154794566341145     
 -0.36491077744827932      , -0.32753310681370912      , -0.28016972472774587     
 -0.38484207539984822      , -0.35055667081892139      , -0.29039020643681313     
 -0.40722107819045084      , -0.37532806847835753      , -0.30223760130804356     
 -0.43241442583311956      , -0.40203977563750370      , -0.31575776104721937     
 -0.46070969596024863      , -0.43089583842782897      , -0.33101375087482215     
 -0.49230669821866130      , -0.46211188333042980      , -0.34808547250654798     
 -0.52731366713237293      , -0.49591485471487706      , -0.36706931029059908     
 -0.56576405368161597      , -0.53254232681396518      , -0.38807776046718501     
 -0.60766213617853115      , -0.57224120193494643      , -0.41123898881699250     
 -0.65304765533586717      , -0.61526556162170254      , -0.43669624430404413     
 -0.70205292854733914      , -0.66187338119341854      , -0.46460703482419996     
 -0.75492193817174291      , -0.71232174967747208      , -0.49514194493394065     
 -0.81197593694153436      , -0.76686015654029704      , -0.52848294357277537     
 -0.87353598700499546      , -0.82572131529877424      , -0.56482099157809673     
 -0.93983245708165641      , -0.88910889631946843      , -0.60435271386681955     
  -1.0109341599690891      , -0.95718144561732144      , -0.64727584989268017     
  -1.0867165514403958      ,  -1.0300316888973573      , -0.69378314002236041     
  -1.1668681905153946      ,  -1.1076603862467747      , -0.74405424852281254     
  -1.2509190316656618      ,  -1.1899439527310121      , -0.79824527282869806     
  -1.3382699181351658      ,  -1.2765952520927344      , -0.85647535524582685     
  -1.4282078064474946      ,  -1.3671173852263221      , -0.91880991527361622     
  -1.5198985546463506      ,  -1.4607510350535038      , -0.98524008462433921     
  -1.6123532656767654      ,  -1.5564171138177354      ,  -1.0556580887928402     
  -1.7043667760930739      ,  -1.6526582029154728      ,  -1.1298286242713289     
  -1.7944333343523902      ,  -1.7475846497656911      ,  -1.2073567810173433     
  -1.8806554889783484      ,  -1.8388341462472721      ,  -1.2876538045436170     
  -1.9606716400644761      ,  -1.9235568958115867      ,  -1.3699030094540989     
  -2.0316287936402446      ,  -1.9984414754470683      ,  -1.4530294256971485     
  -2.0902177719445012      ,  -2.0597981597360326      ,  -1.5356781714554506     
  -2.1327742618134593      ,  -2.1037152903137084      ,  -1.6162078635177315     
  -2.1554419281964741      ,  -2.1262985059202357      ,  -1.6927062008074754     
  -2.1544001840420242      ,  -2.1239908924464261      ,  -1.7630346532475247     
  -2.1261720841078335      ,  -2.0939542405694795      ,  -1.8249073791125396     
  -2.0680275609810534      ,  -2.0344698460352229      ,  -1.8760056647451384     
  -1.9784644663105753      ,  -1.9452969176045305      ,  -1.9141233645507050     
  -1.8576887040123944      ,  -1.8279153874829066      ,  -1.9373317682185185     
  -1.7079711508173736      ,  -1.6855855241203963      ,  -1.9441455890870691     
  -1.5337913245295451      ,  -1.5231832073349167      ,  -1.9336674312105187     
  -1.3417657641217973      ,  -1.3468136481388202      ,  -1.9056880830014979     
  -1.1403754515468030      ,  -1.1632561703974931      ,  -1.8607252165892612     
 -0.93938600290472274      , -0.97933229922058140      ,  -1.7999928104286804     
 -0.74876333516120719      , -0.80130503042066714      ,  -1.7253055011865772     
 -0.57705459934175796      , -0.63440384938197447      ,  -1.6389329214769353     
 -0.42963641680389897      , -0.48253394132337513      ,  -1.5434260887480573     
 -0.30768570571910070      , -0.34818283590830196      ,  -1.4414396800717835     
 -0.20866937653966469      , -0.23249812814134732      ,  -1.3355709038006018     
 -0.12820833317674560      , -0.13548555971593074      ,  -1.2282293332833776     
  -6.2141419493862003E-002 ,  -5.6269906219155272E-002 ,  -1.1215446562215881     
  -7.6536695531360666E-003 ,   6.6318975710786821E-003 ,  -1.0173126590833490     
   3.6710614189270185E-002 ,   5.5061524558877140E-002 , -0.91697499538263172     
   7.1530186823228425E-002 ,   9.1014157251776917E-002 , -0.82162566727776609     
   9.6966922584964921E-002 ,  0.11648438835860699      , -0.73203639435533829     
  0.11320884946359733      ,  0.13336077817771405      , -0.64869359043157415     
  0.12089854761730495      ,  0.14336166147433382      , -0.57184093095123456     
  0.12133697119921297      ,  0.14800295290998974      , -0.50152299788620158     
  0.11641372766265171      ,  0.14858893126008563      , -0.43762692591034791     
  0.10831646983517632      ,  0.14621829166196354      , -0.37992018122204974     
   9.9007752587465053E-002 ,  0.14179943589764171      , -0.32808352909402183     
   8.9678653733046523E-002 ,  0.13607060347492927      , -0.28173890008174274     
   8.0578862516318073E-002 ,  0.12962183015824019      , -0.24047229154001515     
   7.1336326503481096E-002 ,  0.12291679566143585      , -0.20385209363802392     
   6.1519508990162397E-002 ,  0.11631340530896644      , -0.17144335712803233     
   5.1133420666259144E-002 ,  0.11008249150981247      , -0.14281856471464840     
   4.0790439750728838E-002 ,  0.10442437711713656      , -0.11756546009112379     
   3.1440957675048800E-002 ,   9.9483265975480822E-002 ,  -9.5292450698742537E-002
   2.3880880596429524E-002 ,   9.5359557810579046E-002 ,  -7.5632046969053610E-002
   1.8432352003205893E-002 ,   9.2120256097234787E-002 ,  -5.8242741815565935E-002
   1.4978601385422344E-002 ,   8.9807670522331809E-002 ,  -4.2809675278040152E-002
   1.3242206749146054E-002 ,   8.8446624947945987E-002 ,  -2.9044373790967137E-002
   1.3084070511243637E-002 ,   8.8050377067792895E-002 ,  -1.6683803224649796E-002
   1.4630724209804862E-002 ,   8.8625443418063860E-002 ,  -5.4889303017962065E-003
   1.8178231522701253E-002 ,   9.0175506903978228E-002 ,   4.7570517042281801E-003
   2.3969096962245948E-002 ,   9.2704565893845861E-002 ,   1.4250710197358178E-002
   3.1989039558710915E-002 ,   9.6219465629758111E-002 ,   2.3170478593267770E-002
   4.1904288994653628E-002 ,  0.10073193503900983      ,   3.1678808289697137E-002
   5.3173037949523598E-002 ,  0.10626023546901686      ,   3.9924315065625528E-002
   6.5248838963771996E-002 ,  0.11283051264599034      ,   4.8043883403733036E-002
   7.7753123548256337E-002 ,  0.12047792935848968      ,   5.6164704860415256E-002
   9.0544963219794494E-002 ,  0.12924764397219127      ,   6.4406236612651963E-002
  0.10368408039892385      ,  0.13919568879702723      ,   7.2882074089193616E-002
  0.11734177229673437      ,  0.15038979239713457      ,   8.1701737491125151E-002
  0.13174573524049002      ,  0.16291018095003260      ,   9.0972376317400280E-002
  0.14718825264642910      ,  0.17685038546522014      ,  0.10080039897459114     
  0.16404391229028092      ,  0.19231807375030874      ,  0.11129303635303416     
  0.18274153830394058      ,  0.20943591808758993      ,  0.12255984902471209     
  0.20367991059003615      ,  0.22834250119983526      ,  0.13471418753482758     
  0.22711572822381934      ,  0.24919325368583059      ,  0.14787461413054032     
  0.25309086829891342      ,  0.27216140501006614      ,  0.16216629213985403     
  0.28146398812110668      ,  0.29743891648856235      ,  0.17772234594660688     
  0.31204369375599939      ,  0.32523734746483168      ,  0.19468518987864572     
  0.34475402307554953      ,  0.35578858369275485      ,  0.21320781800241143     
  0.37975208923799503      ,  0.38934532818804513      ,  0.23345503833546014     
  0.41744997166794512      ,  0.42618121744158366      ,  0.25560462372991749     
  0.45844184711947272      ,  0.46659037743175252      ,  0.27984833683908750     
  0.50338338357796564      ,  0.51088617139247883      ,  0.30639276713294245     
  0.55288256972430627      ,  0.55939881143258230      ,  0.33545989260639347     
  0.60743636469832518      ,  0.61247140525082377      ,  0.36728724609690205     
  0.66740831355734587      ,  0.67045388387585647      ,  0.40212752422049775     
  0.73302068847912993      ,  0.73369410400377422      ,  0.44024742390437027     
  0.80434815403511428      ,  0.80252523878664739      ,  0.48192542541007199     
  0.88132395028546784      ,  0.87724836805713469      ,  0.52744816004763362     
  0.96377156564871558      ,  0.95810896533412482      ,  0.57710490493869326     
   1.0514621458654652      ,   1.0452657805728223      ,  0.63117963775002872     
   1.1441788143975857      ,   1.1387504820354777      ,  0.68993996663175328     
   1.2417442782607708      ,   1.2384164273482181      ,  0.75362213632406572     
   1.3439645705594780      ,   1.3438752066554114      ,  0.82241122208398265     
   1.4504793487547614      ,   1.4544203201472676      ,  0.89641559472431365     
   1.5605607755666806      ,   1.5689387609178072      ,  0.97563482829485038     
   1.6729314237175401      ,   1.6858136658766292      ,   1.0599205065801458     
   1.7856669774622911      ,   1.8028248692118054      ,   1.1489299706560232     
   1.8962092330286309      ,   1.9170593339240956      ,   1.2420740599845279     
   2.0014573691972095      ,   2.0248499264203508      ,   1.3384614507544750     
   2.0978700468036258      ,   2.1217681005363196      ,   1.4368443490931841     
   2.1815209306566032      ,   2.2027020523138305      ,   1.5355729780716709     
   2.2480953155755961      ,   2.2620538223631388      ,   1.6325691829374855     
   2.2928748022843588      ,   2.2940825631095625      ,   1.7253318865775926     
   2.3108050714660870      ,   2.2934025096515773      ,   1.8109879719485740     
   2.2967581464883282      ,   2.2556108582566328      ,   1.8864000927656583     
   2.2460699040535519      ,   2.1779756365249536      ,   1.9483366994347122     
   2.1553425692083885      ,   2.0600674067786091      ,   1.9936988387326597     
   2.0233514465451736      ,   1.9041894755754216      ,   2.0197843039439829     
   1.8517535961741374      ,   1.7154692943814802      ,   2.0245557812127513     
   1.6453330360639740      ,   1.5015302430138926      ,   2.0068705581414674     
   1.4118251411815526      ,   1.2717598040209583      ,   1.9666297015238157     
   1.1616288545800417      ,   1.0362971825751546      ,   1.9048163682796677     
  0.90746668238515527      ,  0.80493991239132967      ,   1.8234138682300103     
  0.66350465194549424      ,  0.58618396610125834      ,   1.7252181534258575     
  0.44334955401756831      ,  0.38656124625243360      ,   1.6135790714816123     
  0.25690098962449459      ,  0.21034630813473335      ,   1.4921143988777912     
  0.10727205703153248      ,   5.9608695163686748E-002 ,   1.3644388805009304     
  -9.7045294876655433E-003 ,  -6.5479933137011226E-002 ,   1.2339398472094227     
 -0.10222805462826279      , -0.16620055027530495      ,   1.1036162944159156     
 -0.17792751803962165      , -0.24481000764352695      ,  0.97598429919751772     
 -0.24118196028749039      , -0.30410886996064257      ,  0.85304136147876719     
 -0.29338588829529316      , -0.34709476490187574      ,  0.73627664433751827     
 -0.33457829825954993      , -0.37671289195006802      ,  0.62671257737338548     
 -0.36445818757360054      , -0.39569614814294074      ,  0.52496455981118595     
 -0.38300641538867441      , -0.40647782964416257      ,  0.43130818574931273     
 -0.39130779495316509      , -0.41115746707718875      ,  0.34574645755035577     
 -0.39172517166175219      , -0.41150210621487715      ,  0.26807221390270930     
 -0.38735366511433605      , -0.40896890310199524      ,  0.19792318892810590     
 -0.38157383992451344      , -0.40473875859198022      ,  0.13482868670199558     
 -0.37738064261475646      , -0.39975409662649936      ,   7.8247876867343358E-002
 -0.37630100442508052      , -0.39475651542952789      ,   2.7600314319150377E-002
 -0.37800326177321664      , -0.39032191242298492      ,  -1.7710416716385423E-002
 -0.38104772292158606      , -0.38689192741735651      ,  -5.8278932325788971E-002
 -0.38398490715464867      , -0.38480132170628584      ,  -9.4685166360762144E-002
 -0.38626180657533454      , -0.38430135678688487      , -0.12748546907213734     
 -0.38866536330767454      , -0.38557946906189577      , -0.15720688788408219     
 -0.39282794196753984      , -0.38877563790933228      , -0.18434394603443194     
 -0.40006468299402714      , -0.39399586905819672      , -0.20935734501658584     
 -0.41063308278249422      , -0.40132319833040991      , -0.23267411661505247     
 -0.42387623438872229      , -0.41082658358391927      , -0.25468883757681537     
 -0.43887097591087010      , -0.42256800707019559      , -0.27576559431625691     
 -0.45512824476111480      , -0.43660806267782115      , -0.29624044721241904     
 -0.47290535151664992      , -0.45301025559336150      , -0.31642419513785502     
 -0.49297435273913864      , -0.47184419680003337      , -0.33660528206910106     
 -0.51613636761119264      , -0.49318783156868379      , -0.35705272011539529     
 -0.54280397478667930      , -0.51712879917563415      , -0.37801892807114496     
 -0.57286355629487040      , -0.54376497977004823      , -0.39974240249018106     
 -0.60589811589785525      , -0.57320424278403181      , -0.42245014997122587     
 -0.64155250909041350      , -0.60556336871600913      , -0.44635981535506558     
 -0.67976045173248789      , -0.64096607180850518      , -0.47168144125200534     
 -0.72077592066959850      , -0.67954000459510544      , -0.49861879002709569     
 -0.76503509862055075      , -0.72141257642418488      , -0.52737015029433365     
 -0.81289195971252015      , -0.76670536747726248      , -0.55812853633776005     
 -0.86445799507387944      , -0.81552686917319506      , -0.59108117101442681     
 -0.91969458190432374      , -0.86796323453109814      , -0.62640812116689004     
 -0.97857232339307343      , -0.92406668383501045      , -0.66427993038313904     
  -1.0411282683666838      , -0.98384119101453216      , -0.70485406880495360     
  -1.1074111002309643      ,  -1.0472250883707017      , -0.74826999640014280     
  -1.1773135352481132      ,  -1.1140702913966432      , -0.79464261903395428     
  -1.2503867875085493      ,  -1.1841179882630797      , -0.84405391227026083     
  -1.3258169133832534      ,  -1.2569708943107780      , -0.89654250528706636     
  -1.4025790752134417      ,  -1.3320625811600497      , -0.95209106900782137     
  -1.4796272888625492      ,  -1.4086249955284553      ,  -1.0106114543405447     
  -1.5559886288938185      ,  -1.4856561204709910      ,  -1.0719276969676881     
  -1.6307088803433940      ,  -1.5618908147046162      ,  -1.1357572641826892     
  -1.7026750078139128      ,  -1.6357791596741007      ,  -1.2016912837629112     
  -1.7704263249821399      ,  -1.7054780339848252      ,  -1.2691749722667758     
  -1.8320624688493512      ,  -1.7688628873783263      ,  -1.3374900584707226     
  -1.8852861060382018      ,  -1.8235674200729917      ,  -1.4057416326856329     
  -1.9275459872690117      ,  -1.8670585584756816      ,  -1.4728524544807782     
  -1.9561974079259086      ,  -1.8967521385750084      ,  -1.5375681751794532     
  -1.9686302596323537      ,  -1.9101705150628026      ,  -1.5984769812271005     
  -1.9623921292491908      ,  -1.9051366868038477      ,  -1.6540466183546458     
  -1.9353473572462947      ,  -1.8799909029060546      ,  -1.7026804229180070     
  -1.8858972050083618      ,  -1.8338064567641899      ,  -1.7427917898376235     
  -1.8132684829209531      ,  -1.7665738233804884      ,  -1.7728935811366489     
  -1.7178209994743330      ,  -1.6793193399910480      ,  -1.7916957382361516     
  -1.6012881743442560      ,  -1.5741287994909499      ,  -1.7982014834472844     
  -1.4668920997292632      ,  -1.4540585711738296      ,  -1.7917907942460058     
  -1.3193069647841167      ,  -1.3229355864692047      ,  -1.7722800115972297     
  -1.1644366412596205      ,  -1.1850684983651558      ,  -1.7399488134297523     
  -1.0089543171517654      ,  -1.0449098261764556      ,  -1.6955300711564372     
 -0.85956708060519760      , -0.90671780055009554      ,  -1.6401634518064443     
 -0.72206760529326519      , -0.77426443399857336      ,  -1.5753188259838156     
 -0.60041410138397755      , -0.65062418559314306      ,  -1.5026994293425207     
 -0.49621215822213138      , -0.53805960856055846      ,  -1.4241365517228026     
 -0.40887226693404294      , -0.43800192017994610      ,  -1.3414871510683963     
 -0.33637131927197150      , -0.35111004356225739      ,  -1.2565436330226010     
 -0.27621562232427072      , -0.27738372851379317      ,  -1.1709618668190174     
 -0.22617695902691690      , -0.21630490680726164      ,  -1.0862101432000582     
 -0.18463439619603303      , -0.16698485479310698      ,  -1.0035388660824414     
 -0.15061211684474632      , -0.12830075441590932      , -0.92396866930221366     
 -0.12364554396139671      ,  -9.9011800828282467E-002 , -0.84829344980179178     
 -0.10353469048103051      ,  -7.7850703932708876E-002 , -0.77709439787087953     
  -9.0046245175480558E-002 ,  -6.3590613793592488E-002 , -0.71076127246323817     
  -8.2674150373720126E-002 ,  -5.5090083998159803E-002 , -0.64951768650273467     
  -8.0553240725307479E-002 ,  -5.1319928652182122E-002 , -0.59344783846858606     
  -8.2561404550797746E-002 ,  -5.1376111790610725E-002 , -0.54252281249798806     
  -8.7573237532879281E-002 ,  -5.4482506497482014E-002 , -0.49662518528688282     
  -9.4735289874030862E-002 ,  -5.9986771525834218E-002 , -0.45557118450738321     
 -0.10359884400184749      ,  -6.7351918144290771E-002 , -0.41913003141958882     
 -0.11403876992806729      ,  -7.6145498697450006E-002 , -0.38704037906701927     
 -0.12602746718700975      ,  -8.6027798752510112E-002 , -0.35902394463510756     
 -0.13940855342785918      ,  -9.6739974650656230E-002 , -0.33479655016284376     
 -0.15380381213126260      , -0.10809274326090544      , -0.31407684844854894     
 -0.16870104584093548      , -0.11995598579839001      , -0.29659303637498741     
 -0.18364657994680095      , -0.13224945471734162      , -0.28208785835243927     
 -0.19839775726029679      , -0.14493465480064185      , -0.27032218738771446     
 -0.21293991293291589      , -0.15800789211005009      , -0.26107744707156139     
 -0.22738148476146655      , -0.17149443591142843      , -0.25415710912940392     
 -0.24181617485700727      , -0.18544371031143450      , -0.24938747116086327     
 -0.25624406759983703      , -0.19992541770844602      , -0.24661788975310234     
 -0.27059093442034193      , -0.21502649063002746      , -0.24572061646105828     
 -0.28480095432675961      , -0.23084876878264615      , -0.24659035883437774     
 -0.29894215919662692      , -0.24750730180244249      , -0.24914366600070298     
 -0.31326648614873187      , -0.26512918355277493      , -0.25331821830752771     
 -0.32819829319338428      , -0.28385282959556735      , -0.25907208303752821     
 -0.34426688165962760      , -0.30382761469181757      , -0.26638298299531660     
 -0.36202298320559778      , -0.32521379106320952      , -0.27524761149537930     
 -0.38197473530347537      , -0.34818260996592526      , -0.28568101558953890     
 -0.40455537010815767      , -0.37291656820932029      , -0.29771605884614949     
 -0.43011124579393517      , -0.39960969688581727      , -0.31140296518496530     
 -0.45889126012575648      , -0.42846780097640164      , -0.32680893569513642     
 -0.49103410053185620      , -0.45970854475326928      , -0.34401782048743806     
 -0.52657041919453107      , -0.49356125796539929      , -0.36312981686817919     
 -0.56545940343751877      , -0.53026631045188799      , -0.38426115281641809     
 -0.60766104843817392      , -0.57007386672513005      , -0.40754370016543978     
 -0.65322110247385079      , -0.61324178576453203      , -0.43312444421807728     
 -0.70232949372673237      , -0.66003237338925247      , -0.46116471487057925     
 -0.75531850624734820      , -0.71070762410160104      , -0.49183905773979042     
 -0.81259491231044567      , -0.76552250598750449      , -0.52533359135827784     
 -0.87453256336331608      , -0.82471574748206744      , -0.56184365743896569     
 -0.94136801576289952      , -0.88849748268377926      , -0.60157052509409392     
  -1.0131350212234138      , -0.95703301110356997      , -0.64471685702333670     
  -1.0896513256775868      ,  -1.0304218440011301      , -0.69148058764199649     
  -1.1705467060742039      ,  -1.1086711689674305      , -0.74204680358594444     
  -1.2553078368912909      ,  -1.1916629079707703      , -0.79657716295425818     
  -1.3433166768741891      ,  -1.2791137317463777      , -0.85519635278332806     
  -1.4338682247387442      ,  -1.3705278083744008      , -0.91797508300500474     
  -1.5261604945283449      ,  -1.4651428133852800      , -0.98490917658624821     
  -1.6192514906383249      ,  -1.5618709377351614      ,  -1.0558944769156287     
  -1.7119808974027186      ,  -1.6592384213378226      ,  -1.1306976022292721     
  -1.8028651932187487      ,  -1.7553295920387670      ,  -1.2089230872994532     
  -1.8899901784094497      ,  -1.8477444638281029      ,  -1.2899782167765024     
  -1.9709346018856182      ,  -1.9335823784575716      ,  -1.3730379039287575     
  -2.0427543661180101      ,  -2.0094673378281551      ,  -1.4570132840711101     
  -2.1020390994721039      ,  -2.0716324741702135      ,  -1.5405291632885045     
  -2.1450331960924545      ,  -2.1160799622598705      ,  -1.6219168435451898     
  -2.1678079818907499      ,  -2.1388267571723301      ,  -1.6992297223010837     
  -2.1664861640431337      ,  -2.1362343452227091      ,  -1.7702888766971601     
  -2.1375415664886446      ,  -2.1054020599515408      ,  -1.8327639813947796     
  -2.0782007479353530      ,  -2.0445807668991480      ,  -1.8842909353405151     
  -1.9869356240816074      ,  -1.9535423966589387      ,  -1.9226215166584080     
  -1.8639640956000654      ,  -1.8338290488603362      ,  -1.9457930344686416     
  -1.7116235266191384      ,  -1.6888114028237018      ,  -1.9522989358118306     
  -1.5345171322579447      ,  -1.5235141097589926      ,  -1.9412368422279591     
  -1.3394333370741811      ,  -1.3442120210571691      ,  -1.9124105565793181     
  -1.1350598716492228      ,  -1.1578532144471796      ,  -1.8663681352799042     
 -0.93138453079907768      , -0.97140576902449882      ,  -1.8043683566136113     
 -0.73857532061072750      , -0.79124071353522030      ,  -1.7282803210774276     
 -0.56530738936860658      , -0.62264865754680543      ,  -1.6404321365977033     
 -0.41695610787841875      , -0.46954913069346166      ,  -1.5434317569348321     
 -0.29455374524035405      , -0.33440429339267902      ,  -1.4399846537350298     
 -0.19534341425708249      , -0.21830781663064763      ,  -1.3327295467317848     
 -0.11475557273194840      , -0.12119519779513725      ,  -1.2241066936955947     
  -4.8548827715161114E-002 ,  -4.2115597683410992E-002 ,  -1.1162655197519116     
   6.0675529540386505E-003 ,   2.0486709436646308E-002 ,  -1.0110115465697123     
   5.0480987887080706E-002 ,   6.8517777469615099E-002 , -0.90978775496973741     
   8.5210530659256739E-002 ,  0.10402626193743578      , -0.81368293448099915     
  0.11038755206676040      ,  0.12904874663052246      , -0.72345890814728753     
  0.12620935384169596      ,  0.14550507020936551      , -0.63958917068628618     
  0.13337084863327600      ,  0.15513562773870865      , -0.56230283043951657     
  0.13325190728320649      ,  0.15947093878374241      , -0.49162931722975295     
  0.12782585788542372      ,  0.15982416769303215      , -0.42744079806285401     
  0.11935250023815699      ,  0.15729872395344635      , -0.36949047281843572     
  0.10983434482817951      ,  0.15280484568268940      , -0.31744585488358845     
  0.10045519248593045      ,  0.14708076104513482      , -0.27091679461893292     
   9.1421399904536030E-002 ,  0.14071543813105639      , -0.22947842460269577     
   8.2311111954568875E-002 ,  0.13417102251796589      , -0.19268945063371956     
   7.2662794181362664E-002 ,  0.12780384748378712      , -0.16010633292912446     
   6.2485003587536912E-002 ,  0.12188343978152048      , -0.13129393972555115     
   5.2422373139196579E-002 ,  0.11660929459036382      , -0.10583324203678925     
   4.3461697992777749E-002 ,  0.11212541045637760      ,  -8.3326575815892520E-002
   3.6414701272213704E-002 ,  0.10853270131855734      ,  -6.3400941043187109E-002
   3.1594977005639846E-002 ,  0.10589946947631626      ,  -4.5709745725188280E-002
   2.8866748611766531E-002 ,  0.10427015253733518      ,  -2.9933342086985087E-002
   2.7939827173419352E-002 ,  0.10367256371322282      ,  -1.5778645510833335E-002
   2.8677777349037634E-002 ,  0.10412383785823971      ,  -2.9780755577153233E-003
   3.1222183460031572E-002 ,  0.10563528140448651      ,   8.7119867305855848E-003
   3.5885360968880661E-002 ,  0.10821630655474181      ,   1.9513070123515407E-002
   4.2916665400781769E-002 ,  0.11187761099747581      ,   2.9626691293402192E-002
   5.2295270379252343E-002 ,  0.11663374533339807      ,   3.9236545986113792E-002
   6.3672995337449384E-002 ,  0.12250519210664432      ,   4.8510742915426050E-002
   7.6498289448959964E-002 ,  0.12952006322130361      ,   5.7604029240280456E-002
   9.0230578382663268E-002 ,  0.13771550677706540      ,   6.6659972083182917E-002
  0.10451592583332125      ,  0.14713890001021801      ,   7.5813073027227965E-002
  0.11925240284544554      ,  0.15784889200725963      ,   8.5190802334656729E-002
  0.13454394726925653      ,  0.16991634801598865      ,   9.4915547152699190E-002
  0.15060180220449759      ,  0.18342523629126711      ,  0.10510647354626416     
  0.16768534110496913      ,  0.19847348819084690      ,  0.11588130609579436     
  0.18611171364822751      ,  0.21517385232113451      ,  0.12735803123493067     
  0.20627546419917470      ,  0.23365475348327366      ,  0.13965653162546596     
  0.22862103085555266      ,  0.25406115644904970      ,  0.15290015875808619     
  0.25355847634283529      ,  0.27655542254615456      ,  0.16721724963564050     
  0.28135144653962640      ,  0.30131813284431563      ,  0.18274259076972924     
  0.31204651243496195      ,  0.32854883440907107      ,  0.19961882863850883     
  0.34551035286301679      ,  0.35846664439448767      ,  0.21799781994534886     
  0.38156916611024827      ,  0.39131061915952309      ,  0.23804190709181647     
  0.42017669299059246      ,  0.42733976025768178      ,  0.25992509369566286     
  0.46152856421527655      ,  0.46683248383084736      ,  0.28383408103491098     
  0.50607544841757779      ,  0.51008532201043177      ,  0.30996910807541045     
  0.55443833212591831      ,  0.55741055142552731      ,  0.33854451411498021     
  0.60727682647773829      ,  0.60913235169282998      ,  0.36978891269851522     
  0.66517267949825098      ,  0.66558098285394907      ,  0.40394482676344723     
  0.72856364778393479      ,  0.72708433304494668      ,  0.44126758626840140     
  0.79772146755105622      ,  0.79395602623684047      ,  0.48202322918040019     
  0.87274546212705240      ,  0.86647909879151963      ,  0.52648507335109662     
  0.95355788977579847      ,  0.94488406424180749      ,  0.57492854014299799     
   1.0399115133021932      ,   1.0293200115880103      ,  0.62762371220481183     
   1.1314203566284788      ,   1.1198172657769607      ,  0.68482500244872102     
   1.2276110437551142      ,   1.2162401498838087      ,  0.74675720953346603     
   1.3279731268550345      ,   1.3182286351005581      ,  0.81359715612049432     
   1.4319636441162324      ,   1.4251283035935616      ,  0.88545008151459337     
   1.5389232973983731      ,   1.5359092905780751      ,  0.96232003866968674     
   1.6479062665578526      ,   1.6490769691601981      ,   1.0440737963954980     
   1.7574785404085105      ,   1.7625803520093120      ,   1.1303982621456463     
   1.8655608588827723      ,   1.8737286770511576      ,   1.2207523257973252     
   1.9693755134940201      ,   1.9791323337539792      ,   1.3143153831750887     
   2.0655059242099978      ,   2.0746905761774594      ,   1.4099366878493840     
   2.1500220085356498      ,   2.1556539445227054      ,   1.5060920462594489     
   2.2186054674878042      ,   2.2167915023342668      ,   1.6008569537318578     
   2.2666427743884037      ,   2.2526884218042524      ,   1.6919075042317528     
   2.2893171781857302      ,   2.2581843870692953      ,   1.7765613825387028     
   2.2817910230071052      ,   2.2289354566246842      ,   1.8518697931255470     
   2.2395876867853941      ,   2.1620431645734275      ,   1.9147661847452768     
   2.1592279669550805      ,   2.0566529170936714      ,   1.9622686169821451     
   2.0390410979309279      ,   1.9143940614837531      ,   1.9917204286638490     
   1.8799091917484609      ,   1.7395340488428781      ,   2.0010411052933321     
   1.6856658956669397      ,   1.5387608201874197      ,   1.9889499507456627     
   1.4630842447141983      ,   1.3205875736851553      ,   1.9551235362441517     
   1.2216667876456901      ,   1.0944698721640391      ,   1.9002562817400708     
  0.97335267436417761      ,  0.86980197130440695      ,   1.8260108125278076     
  0.73178608727046113      ,  0.65498696600371087      ,   1.7348662255019947     
  0.51058347388172509      ,  0.45674402410833626      ,   1.6298915649064565     
  0.32045887854912175      ,  0.27974115223213653      ,   1.5144830970439576     
  0.16610715719312766      ,  0.12655500924438956      ,   1.3921050714225933     
   4.5038226188729727E-002 ,  -2.1093609545281568E-003 ,   1.2660659784698975     
  -5.0063556165500289E-002 , -0.10703999294361360      ,   1.1393497488246689     
 -0.12700644921312076      , -0.19008160102014149      ,   1.0145082306768012     
 -0.19095352076027350      , -0.25371953242299472      ,  0.89361081724419855     
 -0.24402694408257150      , -0.30073129688479561      ,  0.77824067797363217     
 -0.28665161285062929      , -0.33392454246025399      ,  0.66952453904332021     
 -0.31865942315074364      , -0.35596005720225277      ,  0.56818335328088643     
 -0.33988129766450559      , -0.36924698732802863      ,  0.47459326396003948     
 -0.35092971555133123      , -0.37589322082260024      ,  0.38884895656509771     
 -0.35362460404887980      , -0.37769423707262845      ,  0.31082411065795684     
 -0.35066345847127978      , -0.37614639022080093      ,  0.24022584882287670     
 -0.34520401576009374      , -0.37247398388673925      ,  0.17664171537082027     
 -0.34030912872083002      , -0.36766269850571237      ,  0.11957883348917736     
 -0.33792178238030912      , -0.36249455027626887      ,   6.8495581330194732E-002
 -0.33822505447124673      , -0.35758150586839088      ,   2.2826506073900316E-002
 -0.34009795299228140      , -0.35339622047587044      ,  -1.7998639778078043E-002
 -0.34212770399082298      , -0.35029923678836039      ,  -5.4540824849171811E-002
 -0.34354401012043162      , -0.34856251030891594      ,  -8.7341759806201569E-002
 -0.34479239632625724      , -0.34838942264384626      , -0.11691723052267909     
 -0.34730009319046978      , -0.34993159229674742      , -0.14375306250130479     
 -0.35246083558998820      , -0.35330285041969134      , -0.16830313786135651     
 -0.36076768312005975      , -0.35859075534454887      , -0.19098898192971681     
 -0.37175577154170802      , -0.36586599856871060      , -0.21220052210168877     
 -0.38454288518199398      , -0.37519002047089617      , -0.23229769598738090     
 -0.39852571507291001      , -0.38662111437854607      , -0.25161264904947012     
 -0.41379839405277558      , -0.40021925684407017      , -0.27045231471455861     
 -0.43104558620002215      , -0.41604986199587363      , -0.28910121329269922     
 -0.45110426788914354      , -0.43418661921318441      , -0.30782434099060302     
 -0.47451991395726484      , -0.45471353602796433      , -0.32687004780146445     
 -0.50132407255191191      , -0.47772627159494169      , -0.34647282392138790     
 -0.53115620709405587      , -0.50333280959024207      , -0.36685592925790400     
 -0.56359828952255575      , -0.53165348217388397      , -0.38823381009042951     
 -0.59844629733303367      , -0.56282031778690689      , -0.41081425140154459     
 -0.63580454163599043      , -0.59697564414214421      , -0.43480021307211597     
 -0.67601375112833384      , -0.63426983296738892      , -0.46039129315319621     
 -0.71943869835511176      , -0.67485802422642949      , -0.48778475182937375     
 -0.76629061941152454      , -0.71889561443919947      , -0.51717601545449898     
 -0.81667030971398258      , -0.76653223684161209      , -0.54875856116675947     
 -0.87071710400920899      , -0.81790390218311593      , -0.58272305918769784     
 -0.92867210308686987      , -0.87312291159351063      , -0.61925562236534037     
 -0.99082102762913804      , -0.93226510369459192      , -0.65853498173058778     
  -1.0573248510812847      , -0.99535396770232754      , -0.70072837453749337     
  -1.1280113878191620      ,  -1.0623411591474730      , -0.74598590049483626     
  -1.2023050860864486      ,  -1.1330830190770358      , -0.79443307761640658     
  -1.2793605738848524      ,  -1.2073128544503686      , -0.84616131890993951     
  -1.3582809738414070      ,  -1.2846090303135032      , -0.90121606603373261     
  -1.4382711721031585      ,  -1.3643594057596606      , -0.95958237131782331     
  -1.5186436925014866      ,  -1.4457233725700702      ,  -1.0211678349887090     
  -1.5986711327874792      ,  -1.5275937779192856      ,  -1.0857830039380234     
  -1.6773702364790593      ,  -1.6085623533591964      ,  -1.1531196477268890     
  -1.7533369784403625      ,  -1.6868938939161400      ,  -1.2227277695525685     
  -1.8246994930643414      ,  -1.7605161903145281      ,  -1.2939927958138346     
  -1.8891843335459386      ,  -1.8270343129837907      ,  -1.3661151039794051     
  -1.9442286693569768      ,  -1.8837787772127064      ,  -1.4380948387112886     
  -1.9870740497606107      ,  -1.9278966816365157      ,  -1.5087257139824952     
  -2.0148441983554548      ,  -1.9564922881605553      ,  -1.5766020145148025     
  -2.0246428549120576      ,  -1.9668179842404507      ,  -1.6401430354681412     
  -2.0137048796125141      ,  -1.9565078935156675      ,  -1.6976384459203631     
  -1.9796367431581536      ,  -1.9238352622592316      ,  -1.7473162883833551     
  -1.9207444243580472      ,  -1.8679631247608479      ,  -1.7874324592804500     
  -1.8363914679412381      ,  -1.7891488963989355      ,  -1.8163767754887499     
  -1.7273155761711769      ,  -1.6888613174542515      ,  -1.8327867172578691     
  -1.5958471583121892      ,  -1.5697756537403367      ,  -1.8356565804305158     
  -1.4459900219684525      ,  -1.4356308657342878      ,  -1.8244281277482193     
  -1.2833411909335923      ,  -1.2909575812169940      ,  -1.7990497282333926     
  -1.1148079686540020      ,  -1.1407118013422741      ,  -1.7599946421626305     
 -0.94803213525296237      , -0.98986866166433762      ,  -1.7082349636031091     
 -0.79045598658211236      , -0.84303727905915227      ,  -1.6451744759519611     
 -0.64814268719203239      , -0.70414998917810345      ,  -1.5725497021054149     
