  0.62724184021555662      ,   2.1229450724483714      ,   1.4655193661558268     
   1.7493267089853057      ,   2.1929852415350255      ,   1.5610585270229873     
   2.2276893737422307      ,   2.2400776937172493      ,   1.6539053462152871     
   2.3519685291111565      ,   2.2589017442634218      ,   1.7415228812149708     
   2.1947101114193956      ,   2.2447042742917840      ,   1.8210630112943438     
   1.8486929855929486      ,   2.1939089102960634      ,   1.8894909061409448     
   1.6019345500006241      ,   2.1047402225179983      ,   1.9437656688917380     
   1.6085601716151132      ,   1.9777454803439807      ,   1.9810672081207392     
   1.5542052964494795      ,   1.8160821072783706      ,   1.9990464820024860     
   1.5384878395934569      ,   1.6254624622894605      ,   1.9960649989817625     
   1.3198527580676271      ,   1.4137129629515430      ,   1.9713841858516696     
   1.1486971322225941      ,   1.1899972664110152      ,   1.9252693066812612     
  0.88106048274209237      ,  0.96384218103004549      ,   1.8589865037522069     
  0.61740092355419152      ,  0.74415591195967179      ,   1.7746919444430655     
  0.43744397986534539      ,  0.53842131673974125      ,   1.6752329415465239     
  0.36233520479249365      ,  0.35218728446955988      ,   1.5638959838847664     
  0.21107740791305163      ,  0.18889565376218667      ,   1.4441420266186100     
  0.14466755692169364      ,   5.0001978019320249E-002 ,   1.3193650556489360     
   5.9921280107374957E-002 ,  -6.4700883798565631E-002 ,   1.1926989228874905     
  -4.0741458456320358E-002 , -0.15666063759309845      ,   1.0668841267543117     
 -0.10461023845082193      , -0.22813426990100699      ,  0.94419438639734021     
 -0.16353452836902829      , -0.28180797976757588      ,  0.82641469034470127     
 -0.21403325553090763      , -0.32049834109380249      ,  0.71485843581946695     
 -0.23400045415561821      , -0.34694074961631782      ,  0.61041059040920653     
 -0.23799118663198177      , -0.36365620077566646      ,  0.51358530372947420     
 -0.26657781859678703      , -0.37288048745330526      ,  0.42458891988492709     
 -0.28595748292361645      , -0.37653861886822665      ,  0.34338204425120999     
 -0.30083526227634899      , -0.37624917459232166      ,  0.26973670639260389     
 -0.30199938053067155      , -0.37334652660465156      ,  0.20328652779630416     
 -0.31668414140365397      , -0.36891220776140959      ,  0.14356912745924336     
 -0.30573108745806227      , -0.36380958762195265      ,   9.0060855130340983E-002
 -0.32679234262834495      , -0.35871823902491112      ,   4.2204439621893741E-002
 -0.34344372201375839      , -0.35416596004674755      ,  -5.6961569239652996E-004
 -0.36265354117149490      , -0.35055746826940914      ,  -3.8826978221081797E-002
 -0.36786730984710064      , -0.34819944144875398      ,  -7.3117879548269940E-002
 -0.38736530876133213      , -0.34732196114584557      , -0.10396913675487859     
 -0.38486951268309150      , -0.34809661831423416      , -0.13187907821838246     
 -0.39729463382039593      , -0.35065163044657438      , -0.15731475324318300     
 -0.41112046818591513      , -0.35508434474769440      , -0.18071090378070817     
 -0.43408663909177153      , -0.36147149037983400      , -0.20247026648446861     
 -0.45298041175333803      , -0.36987751301508459      , -0.22296485238673353     
 -0.47360103426716965      , -0.38036128702789984      , -0.24253791924495635     
 -0.49201916657450406      , -0.39298146021187508      , -0.26150640862046931     
 -0.50406049218049731      , -0.40780064560972051      , -0.28016366693359418     
 -0.52666921719038440      , -0.42488863596647064      , -0.29878230811027573     
 -0.54598850750226058      , -0.44432477860534586      , -0.31761710598075332     
 -0.57326458984063966      , -0.46619961183729980      , -0.33690782818834025     
 -0.59487163245054309      , -0.49061582772856122      , -0.35688194075595159     
 -0.62581006881260082      , -0.51768858938690709      , -0.37775712423213165     
 -0.64226427116980001      , -0.54754519301577265      , -0.39974354894277481     
 -0.67574560183555477      , -0.58032402491292434      , -0.42304585861538374     
 -0.70206820329336483      , -0.61617272046811900      , -0.44786480869756806     
 -0.74553780809956127      , -0.65524538527947807      , -0.47439849813077212     
 -0.78514312311830703      , -0.69769868729453444      , -0.50284312115890861     
 -0.83961728731625762      , -0.74368657348523226      , -0.53339314892254241     
 -0.88683195781537472      , -0.79335330605295495      , -0.56624082914757556     
 -0.94256655435790071      , -0.84682445416439756      , -0.60157486641105617     
 -0.99791092141143845      , -0.90419542278911047      , -0.63957811587315860     
  -1.0594287606469008      , -0.96551705894731876      , -0.68042409129601356     
  -1.1243396244253938      ,  -1.0307778612015503      , -0.72427205599499500     
  -1.1940189489217716      ,  -1.0998823509037625      , -0.77126043706710912     
  -1.2685614538743959      ,  -1.1726252724491224      , -0.82149828508863920     
  -1.3409995664660272      ,  -1.2486615134322572      , -0.87505450283288311     
  -1.4226420456806979      ,  -1.3274720230237296      , -0.93194460068929952     
  -1.5009462005421619      ,  -1.4083266142620134      , -0.99211482113025040     
  -1.5896542793725157      ,  -1.4902454189606513      ,  -1.0554236320282695     
  -1.6727568433798519      ,  -1.5719619618454443      ,  -1.1216208443547895     
  -1.7618053912852458      ,  -1.6518923291820697      ,  -1.1903249890188543     
  -1.8385055428419794      ,  -1.7281166388091584      ,  -1.2610001085055818     
  -1.9145945235786790      ,  -1.7983807511966154      ,  -1.3329337815139992     
  -1.9742425213196468      ,  -1.8601274883067285      ,  -1.4052189689836077     
  -2.0275026754035697      ,  -1.9105669316404634      ,  -1.4767430611370855     
  -2.0624130139314181      ,  -1.9467938643396794      ,  -1.5461881616983577     
  -2.0845460861869998      ,  -1.9659562972366709      ,  -1.6120469374818855     
  -2.0832287089317116      ,  -1.9654717519920386      ,  -1.6726580056065574     
  -2.0607342052335649      ,  -1.9432777608327523      ,  -1.7262635486630262     
  -2.0101041607099890      ,  -1.8980912374186156      ,  -1.7710894706649931     
  -1.9326396921318130      ,  -1.8296406962393050      ,  -1.8054450031124267     
  -1.8273061014672665      ,  -1.7388294866500131      ,  -1.8278346624583925     
  -1.6973788405847612      ,  -1.6277909378168240      ,  -1.8370716452890137     
  -1.5468335145047964      ,  -1.4998095542228083      ,  -1.8323791687938058     
  -1.3811626251261564      ,  -1.3591048903602743      ,  -1.8134659116009328     
  -1.2084370762317180      ,  -1.2105014823689850      ,  -1.7805641330966038     
  -1.0347031502522390      ,  -1.0590317642324893      ,  -1.7344240464755345     
 -0.86932404116604745      , -0.90953204853726333      ,  -1.6762645840380972     
 -0.71649173330654536      , -0.76629045839720311      ,  -1.6076872838821734     
 -0.58250517966504989      , -0.63279111119684861      ,  -1.5305650890616394     
 -0.46642973260549980      , -0.51157614327258938      ,  -1.4469203331926654     
 -0.36948308731287771      , -0.40422348056081997      ,  -1.3588058440310067     
 -0.28734525246877279      , -0.31141976406450217      ,  -1.2682004526181798     
 -0.21964949971902450      , -0.23309778801163680      ,  -1.1769262441082506     
 -0.16332775357672677      , -0.16860623877588951      ,  -1.0865906987991416     
 -0.11872675510820307      , -0.11688420726929609      , -0.99855328422125944     
  -8.4093369244149535E-002 ,  -7.6620826960369842E-002 , -0.91391352682143312     
  -5.9710933790466401E-002 ,  -4.6388750188870759E-002 , -0.83351620498294843     
  -4.3913662187656632E-002 ,  -2.4747247274474339E-002 , -0.75796889974055193     
  -3.6095212960794529E-002 ,  -1.0315729998428632E-002 , -0.68766743138630215     
  -3.4146560574022530E-002 ,  -1.8214478280048640E-003 , -0.62282540323619306     
  -3.6545822199555690E-002 ,   1.8736213420180853E-003 , -0.56350492439458066     
  -4.1153229399995633E-002 ,   1.7615356216361129E-003 , -0.50964642339749555     
  -4.6643361568417779E-002 ,  -1.3118115952818158E-003 , -0.46109619835676158     
  -5.2142071378091848E-002 ,  -6.6396574477651698E-003 , -0.41763093670120399     
  -5.7494753305375124E-002 ,  -1.3643028666461270E-002 , -0.37897887546563841     
  -6.3307009831021055E-002 ,  -2.1857230537399887E-002 , -0.34483757807297111     
  -6.9975990449962402E-002 ,  -3.0917647516997382E-002 , -0.31488850072089442     
  -7.8317598851990064E-002 ,  -4.0545828998756465E-002 , -0.28880863680281205     
  -8.8159770639867935E-002 ,  -5.0536458215814865E-002 , -0.26627958437632082     
  -9.9859197499804889E-002 ,  -6.0745535952676205E-002 , -0.24699439830948178     
 -0.11258269258235737      ,  -7.1079928829461902E-002 , -0.23066257968419340     
 -0.12637885521051440      ,  -8.1488312368645233E-002 , -0.21701353068754367     
 -0.14010065856958118      ,  -9.1953464011745173E-002 , -0.20579877078846398     
 -0.15360728518497380      , -0.10248581711414667      , -0.19679317430099824     
 -0.16578023166621011      , -0.11311816375377477      , -0.18979545356896593     
 -0.17676326754978833      , -0.12390138486828309      , -0.18462807785078555     
 -0.18612566333185851      , -0.13490108585741281      , -0.18113678659492613     
 -0.19466489432579459      , -0.14619502096295234      , -0.17918982768631697     
 -0.20271612841659745      , -0.15787119815256992      , -0.17867702656820605     
 -0.21128768194005690      , -0.17002656630521587      , -0.17950877083502106     
 -0.22079512723631867      , -0.18276619714175962      , -0.18161497674609636     
 -0.23171835929937426      , -0.19620288481528092      , -0.18494408884528565     
 -0.24412324027577426      , -0.21045709584136973      , -0.18946215116338330     
 -0.25787263941389194      , -0.22565721072115474      , -0.19515197798646983     
 -0.27296522906477494      , -0.24194000588268194      , -0.20201244354666020     
 -0.28905870309911658      , -0.25945133017162558      , -0.21005790288735099     
 -0.30639324630141229      , -0.27834693379168085      , -0.21931775023200070     
 -0.32466563870929532      , -0.29879340902458551      , -0.22983611610438576     
 -0.34445963569027616      , -0.32096920087564484      , -0.24167169986552495     
 -0.36568007074243242      , -0.34506564151254326      , -0.25489772989084503     
 -0.38933600640767813      , -0.37128795436713680      , -0.26960203892761031     
 -0.41564807976685858      , -0.39985616123761175      , -0.28588723682235340     
 -0.44581137769501750      , -0.43100580761439661      , -0.30387095630563832     
 -0.47998122999806359      , -0.46498839643186035      , -0.32368613929883611     
 -0.51892740348941280      , -0.50207138687697239      , -0.34548132058916198     
 -0.56233994063827930      , -0.54253757078717313      , -0.36942085189663620     
 -0.61036669791736464      , -0.58668358224765382      , -0.39568499136519159     
 -0.66248789177169354      , -0.63481722373640304      , -0.42446976021377292     
 -0.71863655848512031      , -0.68725320205339335      , -0.45598643837758396     
 -0.77859431785312438      , -0.74430675725310036      , -0.49046053302116105     
 -0.84244047155249480      , -0.80628453708180048      , -0.52813000635325302     
 -0.91047279929620484      , -0.87347191981658512      , -0.56924249093951840     
 -0.98297917882076724      , -0.94611582648685610      , -0.61405115097201413     
  -1.0607062121070181      ,  -1.0244019038421510      , -0.66280876718600912     
  -1.1439486229343785      ,  -1.1084248294944457      , -0.71575953398672687     
  -1.2333478911787039      ,  -1.1981504370039850      , -0.77312796625371349     
  -1.3284474026034774      ,  -1.2933684551491871      , -0.83510423251032928     
  -1.4288634213153670      ,  -1.3936350120537007      , -0.90182518174023896     
  -1.5328784750362001      ,  -1.4982048238685792      , -0.97335034643113805     
  -1.6390605506072766      ,  -1.6059543643073384      ,  -1.0496323335922244     
  -1.7450821332763566      ,  -1.7152995155211928      ,  -1.1304813258783022     
  -1.8492199438408023      ,  -1.8241144286973070      ,  -1.2155239907546520     
  -1.9491114271509467      ,  -1.9296626473165661      ,  -1.3041580287422825     
  -2.0426282078228359      ,  -2.0285567510694142      ,  -1.3955049591156097     
  -2.1266766003222344      ,  -2.1167681279727408      ,  -1.4883655626288721     
  -2.1976399556105806      ,  -2.1897124730225968      ,  -1.5811845732323351     
  -2.2507268420591444      ,  -2.2424368401855683      ,  -1.6720334281675850     
  -2.2805096139958221      ,  -2.2699274515027903      ,  -1.7586215675428791     
  -2.2812106404304968      ,  -2.2675410704442771      ,  -1.8383470568267553     
  -2.2476445898818436      ,  -2.2315354793862863      ,  -1.9083951718011813     
  -2.1761899613149396      ,  -2.1596393728573404      ,  -1.9658881976733313     
  -2.0656604319309517      ,  -2.0515673608482117      ,  -2.0080809159886481     
  -1.9179448150280132      ,  -1.9093654042820782      ,  -2.0325851947350984     
  -1.7378516651631246      ,  -1.7374802521795818      ,  -2.0375963442642169     
  -1.5327266841584619      ,  -1.5424908645419049      ,  -2.0220870557072868     
  -1.3115569396539828      ,  -1.3325138890316865      ,  -1.9859351503616736     
  -1.0844620489359926      ,  -1.1163770895205816      ,  -1.9299604824015189     
 -0.86181840769171691      , -0.90271463970216792      ,  -1.8558625427495614     
 -0.65347319245814728      , -0.69915333805288005      ,  -1.7660691607004873     
 -0.46721734312132757      , -0.51172455627362157      ,  -1.6635226118661581     
 -0.30727949928726705      , -0.34456902251457822      ,  -1.5514380456062040     
 -0.17329201368794506      , -0.19992742058226354      ,  -1.4330689555593126     
  -6.1636329786810225E-002 ,  -7.8353635495356427E-002 ,  -1.3115070018535810     
   3.1799238272723837E-002 ,   2.0938678205007655E-002 ,  -1.1895322925370455     
  0.10935417677585030      ,   9.9683331970804839E-002 ,  -1.0695188846258392     
  0.17149227570816877      ,  0.16018938887226788      , -0.95339135265482711     
  0.21806686768880970      ,  0.20502955102225520      , -0.84262287340932207     
  0.24941787572534060      ,  0.23680505324691808      , -0.73826321303702513     
  0.26662644683232117      ,  0.25798571518553559      , -0.64098540203572851     
  0.27158088426214244      ,  0.27081406721431378      , -0.55114169936627055     
  0.26706147751867271      ,  0.27725876812910116      , -0.46882179683512121     
  0.25640009185033541      ,  0.27900274777112255      , -0.39390850780487019     
  0.24302044647630233      ,  0.27745373025931797      , -0.32612810965688144     
  0.22995815900866590      ,  0.27376767687771925      , -0.26509396378805872     
  0.21932172562732591      ,  0.26887844999022875      , -0.21034304104239709     
  0.21181135718374383      ,  0.26352928555378896      , -0.16136561312245876     
  0.20695019812407545      ,  0.25830338361003830      , -0.11762872548202521     
  0.20366229573002942      ,  0.25365213339961845      ,  -7.8594230329419618E-002
  0.20096184995622765      ,  0.24992028571985089      ,  -4.3732198406493103E-002
  0.19840282569321729      ,  0.24736787928073103      ,  -1.2530495478973122E-002
  0.19627287086977396      ,  0.24618901419420672      ,   1.5498761649762946E-002
  0.19520529633697070      ,  0.24652771658972086      ,   4.0815242249198726E-002
  0.19580655755484805      ,  0.24849120507191619      ,   6.3848395057936713E-002
  0.19854138704602409      ,  0.25216088680275600      ,   8.4996947291091016E-002
  0.20388965449817620      ,  0.25760140041147883      ,  0.10462953672164868     
  0.21235039858539762      ,  0.26486799812752337      ,  0.12308617297080882     
  0.22433189728580386      ,  0.27401252828755540      ,  0.14068028317307485     
  0.23991542999918286      ,  0.28508824596383264      ,  0.15770114704959190     
  0.25873621384613665      ,  0.29815364605313538      ,  0.17441656789863064     
  0.28008121599011143      ,  0.31327548066923111      ,  0.19107565995241765     
  0.30314638878117733      ,  0.33053109129916319      ,  0.20791165978693618     
  0.32736891956726899      ,  0.35001015569947541      ,  0.22514469075587282     
  0.35262204780514983      ,  0.37181591944846470      ,  0.24298442539145085     
  0.37922028086082876      ,  0.39606595177792658      ,  0.26163260189036275     
  0.40769638283738457      ,  0.42289243397840254      ,  0.28128535757025835     
  0.43867365604533559      ,  0.45244195537173576      ,  0.30213534479742682     
  0.47275291740616948      ,  0.48487475552864823      ,  0.32437359347328226     
  0.51051048274759780      ,  0.52036331095555033      ,  0.34819107871969512     
  0.55241971292616077      ,  0.55909011875466963      ,  0.37377994279216353     
  0.59881576372633949      ,  0.60124447776365575      ,  0.40133430624077332     
  0.64973233195071411      ,  0.64701800872700355      ,  0.43105058462564538     
  0.70487666541971716      ,  0.69659858914627970      ,  0.46312720335904639     
  0.76370017073624130      ,  0.75016230682968776      ,  0.49776357426593426     
  0.82563284657869496      ,  0.80786296208517894      ,  0.53515816326300703     
  0.89028120194716853      ,  0.86981857845954313      ,  0.57550543970562862     
  0.95758186969763970      ,  0.93609432723212493      ,  0.61899145589766924     
   1.0278182609127227      ,   1.0066812497723858      ,  0.66578776291098896     
   1.1015440894380919      ,   1.0814702020791576      ,  0.71604333133576936     
   1.1794320638299407      ,   1.1602205871984252      ,  0.76987412117325282     
   1.2619939774935598      ,   1.2425237379106899      ,  0.82734994640491488     
   1.3492488816483192      ,   1.3277613327337383      ,  0.88847832494687062     
   1.4404140362369118      ,   1.4150600519922343      ,  0.95318511823163443     
   1.5338657212521578      ,   1.5032448850857092      ,   1.0212919774044968     
   1.6273221337834454      ,   1.5907951368249806      ,   1.0924909602993793     
   1.7182406147287541      ,   1.6758092336481305      ,   1.1663171991790231     
   1.8041133327832803      ,   1.7559867539213359      ,   1.2421212063624751     
   1.8826207850868582      ,   1.8286383484215454      ,   1.3190432973004009     
   1.9515158596881821      ,   1.8907357477549998      ,   1.3959936298273332     
   2.0084146471491482      ,   1.9390139414672936      ,   1.4716423658616045     
   2.0505381643058618      ,   1.9701347168167749      ,   1.5444252179966029     
   2.0746127518283988      ,   1.9809139931688384      ,   1.6125698074137198     
   2.0769594891925878      ,   1.9686042965658759      ,   1.6741474332865141     
   2.0538885457049068      ,   1.9312090665239734      ,   1.7271526879999526     
   2.0023463392525365      ,   1.8677898948641325      ,   1.7696097139064220     
   1.9206873792984602      ,   1.7787157727778797      ,   1.7996990584772179     
   1.8092923252617208      ,   1.6658004180897077      ,   1.8158938485468463     
   1.6708291217641491      ,   1.5322841264031259      ,   1.8170896522382194     
   1.5101055251646065      ,   1.3826410816817760      ,   1.8027103842661085     
   1.3336466693902369      ,   1.2222271300857113      ,   1.7727740487535097     
   1.1491738226627326      ,   1.0568173954948450      ,   1.7279072363722550     
  0.96500934168923014      ,  0.89210699497372936      ,   1.6693051785598141     
  0.78929387486153102      ,  0.73325371885859658      ,   1.5986429288824242     
  0.62889411280738106      ,  0.58452759738698601      ,   1.5179506812892458     
  0.48820293623295014      ,  0.44910440619877645      ,   1.4294706036630744     
  0.36844066439332601      ,  0.32900804302432490      ,   1.3355131575457599     
  0.26811365851817032      ,  0.22517975761350253      ,   1.2383281301111788     
  0.18446113440287693      ,  0.13763619500143201      ,   1.1400007631493552     
  0.11492264003618911      ,   6.5674125912785541E-002 ,   1.0423779110055031     
   5.7769919368350638E-002 ,   8.0849226673441309E-003 ,  0.94702432864755492     
   1.1946280913936763E-002 ,  -3.6647959318350160E-002 ,  0.85520570116662220     
  -2.3299289921015660E-002 ,  -7.0183985503209742E-002 ,  0.76789306686827385     
  -4.8645008848700565E-002 ,  -9.4198889559875751E-002 ,  0.68578266487044659     
  -6.4945390640576847E-002 , -0.11029539148430681      ,  0.60932557376670549     
  -7.3532070453825010E-002 , -0.11994634888404937      ,  0.53876239312829344     
  -7.6335925464411508E-002 , -0.12446374781749646      ,  0.47415931772987213     
  -7.5706322891647582E-002 , -0.12498684092459350      ,  0.41544303521539272     
  -7.3979931460674497E-002 , -0.12248351306069007      ,  0.36243281295299978     
  -7.2913717874485667E-002 , -0.11776008759970902      ,  0.31486887817539688     
  -7.3262000140254482E-002 , -0.11147595722127562      ,  0.27243673610220331     
  -7.4776725119759427E-002 , -0.10416046098667439      ,  0.23478743889501760     
  -7.6582732753038021E-002 ,  -9.6230268745729916E-002 ,  0.20155404923322520     
  -7.7664392370725172E-002 ,  -8.8006169680094323E-002 ,  0.17236467135236386     
  -7.7255167486587367E-002 ,  -7.9728619465646910E-002 ,  0.14685248014890553     
  -7.5011939071577466E-002 ,  -7.1571715908854167E-002 ,  0.12466318963701144     
  -7.0953384628064178E-002 ,  -6.3655481380319207E-002 ,  0.10546038361411331     
  -6.5326464748102303E-002 ,  -5.6056462123818873E-002 ,   8.8929096525659293E-002
  -5.8563023061611486E-002 ,  -4.8816733180471229E-002 ,   7.4777989758615271E-002
  -5.1297243270678958E-002 ,  -4.1951440676735785E-002 ,   6.2740423449201291E-002
  -4.4306456072827703E-002 ,  -3.5455032936478358E-002 ,   5.2574679744355923E-002
  -3.8330007451849328E-002 ,  -2.9306336777311121E-002 ,   4.4063552248866676E-002
  -3.3828397735037624E-002 ,  -2.3472631137315080E-002 ,   3.7013479116549064E-002
  -3.0820582670494093E-002 ,  -1.7912860613176592E-002 ,   3.1253364298961861E-002
  -2.8890975308828535E-002 ,  -1.2580119031930273E-002 ,   2.6633202873642056E-002
  -2.7353492100366906E-002 ,  -7.4235194168164684E-003 ,   2.3022601941961349E-002
  -2.5491905556859162E-002 ,  -2.3895526643297050E-003 ,   2.0309267999732566E-002
  -2.2781376376218007E-002 ,   2.5769764294678002E-003 ,   1.8397514567913990E-002
  -1.8996103865343547E-002 ,   7.5323600723385788E-003 ,   1.7206829832404586E-002
  -1.4177700714804665E-002 ,   1.2533681512562971E-002 ,   1.6670532691262046E-002
  -8.5305825656872662E-003 ,   1.7638739228033853E-002 ,   1.6734536573687991E-002
  -2.3250075486657617E-003 ,   2.2906157954650883E-002 ,   1.7356233333978746E-002
   4.1535079209261156E-003 ,   2.8395651775810059E-002 ,   1.8503504123173291E-002
   1.0620620711262267E-002 ,   3.4168411947193139E-002 ,   2.0153860122593532E-002
   1.6819686069950386E-002 ,   4.0287598573695890E-002 ,   2.2293713141477826E-002
   2.2601776782333324E-002 ,   4.6818920772964574E-002 ,   2.4917774122068557E-002
   2.8031280673612356E-002 ,   5.3831294641373525E-002 ,   2.8028576376258642E-002
   3.3451429810554226E-002 ,   6.1397572269541886E-002 ,   3.1636119741692989E-002
   3.9447246574046822E-002 ,   6.9595338313741359E-002 ,   3.5757631659391192E-002
   4.6698049156059906E-002 ,   7.8507773281989768E-002 ,   4.0417441327286856E-002
   5.5773877601651582E-002 ,   8.8224584786854909E-002 ,   4.5646963479192816E-002
   6.6982062756893626E-002 ,   9.8843009576148722E-002 ,   5.1484788894276025E-002
   8.0324736657471155E-002 ,  0.11046889017470396      ,   5.7976879384914290E-002
   9.5556917425726681E-002 ,  0.12321783041693192      ,   6.5176865672310277E-002
  0.11229430774529882      ,  0.13721643393795990      ,   7.3146447170941875E-002
  0.13013206841059058      ,  0.15260362868110805      ,   8.1955893190802181E-002
  0.14874922669030291      ,  0.16953207845828508      ,   9.1684645344361937E-002
  0.16799030875265936      ,  0.18816967925929715      ,  0.10242202090719046     
  0.18792883309600608      ,  0.20870113291326453      ,  0.11426801639108988     
  0.20891463224475537      ,  0.23132958326445305      ,  0.12733420946757795     
  0.23158887182768964      ,  0.25627828942655712      ,  0.14174475538966241     
  0.25682315866782351      ,  0.28379229583655963      ,  0.15763747088302618     
  0.28556305236011642      ,  0.31414003829503662      ,  0.17516499368889293     
  0.31861471773012207      ,  0.34761479704822135      ,  0.19449599897351566     
  0.35646535543162500      ,  0.38453586975492132      ,  0.21581644392278115     
  0.39920680660435043      ,  0.42524928569696840      ,  0.23933079802753432     
  0.44659617470272994      ,  0.47012781380497676      ,  0.26526319755009375     
  0.49823020705527171      ,  0.51956992601299135      ,  0.29385843679191381     
  0.55376763051003774      ,  0.57399725820589576      ,  0.32538267396696935     
  0.61310514134725214      ,  0.63384995688781476      ,  0.36012368314484444     
  0.67646002383533710      ,  0.69957910375106158      ,  0.39839042277848546     
  0.74437680583026766      ,  0.77163516659707754      ,  0.44051161226904401     
  0.81770299706279093      ,  0.85045113084173762      ,  0.48683290717601213     
  0.89752167647426395      ,  0.93641862573563228      ,  0.53771213779833738     
  0.98497508163871528      ,   1.0298549921469877      ,  0.59351192318830193     
   1.0809472098290831      ,   1.1309588877514196      ,  0.65458879492291688     
   1.1856880435905039      ,   1.2397517747754763      ,  0.72127777049431474     
   1.2985511559313960      ,   1.3560026313389530      ,  0.79387112490455902     
   1.4179919740337588      ,   1.4791337050455708      ,  0.87258995955215146     
   1.5418444762173542      ,   1.6081064368808913      ,  0.95754712642466444     
   1.6677245393192197      ,   1.7412893019177593      ,   1.0487002384026967     
   1.7933323313722840      ,   1.8763138155898438      ,   1.1457940364240928     
   1.9164837785973541      ,   2.0099318942507094      ,   1.2482924930836636     
   2.0348552230698518      ,   2.1378973961878445      ,   1.3553029398616954     
   2.1455324727752272      ,   2.2549064777318151      ,   1.4654974099608737     
   2.2445009118938604      ,   2.3546433513064033      ,   1.5770403371301229     
   2.3262522319329406      ,   2.4299858367995242      ,   1.6875364451886767     
   2.3837518197036003      ,   2.4734218891438644      ,   1.7940172231606923     
   2.4089742494448751      ,   2.4777056673536721      ,   1.8929871604190438     
   2.3940312375458768      ,   2.4367331707699966      ,   1.9805495722426576     
   2.3326828235256358      ,   2.3465443731214122      ,   2.0526239233744605     
   2.2218552572760828      ,   2.2062768910334571      ,   2.1052507294668348     
   2.0626725862060700      ,   2.0188375363135775      ,   2.1349578202379615     
   1.8605245741659460      ,   1.7910618331619277      ,   2.1391383069182974     
   1.6241067234935211      ,   1.5332228917328097      ,   2.1163745456471621     
   1.3640834565356523      ,   1.2579174386146803      ,   2.0666422782241312     
   1.0921810274334058      ,  0.97854134297999718      ,   1.9913488137310020     
  0.82075630517683107      ,  0.70769136313762082      ,   1.8931943560315410     
  0.56232411003250327      ,  0.45583824664640421      ,   1.7758848688803412     
  0.32855217994722652      ,  0.23050927023430751      ,   1.6437546594339536     
  0.12784303402015817      ,   3.6050505143438528E-002 ,   1.5013681551015559     
  -3.8016549121805757E-002 , -0.12611607209068093      ,   1.3531623917873992     
 -0.17412541105725157      , -0.25691646736808738      ,   1.2031709132144586     
 -0.28787355535733905      , -0.35892099368569275      ,   1.0548452921163320     
 -0.38385861006574051      , -0.43566570606659138      ,  0.91096991287466522     
 -0.46247948854090037      , -0.49109073009665027      ,  0.77365276665340721     
 -0.52229566554399676      , -0.52913030916021508      ,  0.64436993400604248     
 -0.56287771083824167      , -0.55344944453988010      ,  0.52404215255857545     
 -0.58531533288303528      , -0.56730092427670731      ,  0.41312580382037600     
 -0.59202548691553258      , -0.57347008422848955      ,  0.31170564749703555     
 -0.58717493862029713      , -0.57427697668179878      ,  0.21958131569322537     
 -0.57602737313337005      , -0.57161183544461391      ,  0.13634331255018414     
 -0.56358251898885403      , -0.56698665329823184      ,   6.1436906494710515E-002
 -0.55408587198707893      , -0.56159171937918373      ,  -5.7860203865394491E-003
 -0.55046457777166202      , -0.55635054902165548      ,  -6.6026161440253139E-002
 -0.55335127173704346      , -0.55196980285759600      , -0.12000557659049557     
 -0.56132296270091675      , -0.54898280315761561      , -0.16844453580434451     
 -0.57226011331449700      , -0.54778643087851842      , -0.21204493240616626     
 -0.58435231522342479      , -0.54867180518917957      , -0.25147893945101157     
 -0.59673926077443096      , -0.55184942003972071      , -0.28738176978518815     
 -0.60984912695967841      , -0.55746948611134617      , -0.32034758760914694     
 -0.62467238466997232      , -0.56563819546380900      , -0.35092779030212551     
 -0.64162457156289743      , -0.57643054706452279      , -0.37963102752785310     
 -0.66041945085202025      , -0.58990027587016369      , -0.40692444907360542     
 -0.68065642095316414      , -0.60608733244994850      , -0.43323577496980942     
 -0.70222978226115140      , -0.62502327145361625      , -0.45895586375767139     
 -0.72541873945631552      , -0.64673482781757508      , -0.48444152011735980     
 -0.75061837423039968      , -0.67124588940194041      , -0.51001833407320762     
 -0.77798229594748358      , -0.69857801281065290      , -0.53598338297267722     
 -0.80736453783327944      , -0.72874957445346822      , -0.56260765637729260     
 -0.83847828792551737      , -0.76177360083665890      , -0.59013808461061679     
 -0.87112209748623781      , -0.79765428065106081      , -0.61879906548882424     
 -0.90541466827436501      , -0.83638212735544426      , -0.64879339212775489     
 -0.94179397646626173      , -0.87792773658273071      , -0.68030248910997815     
 -0.98077206283249896      , -0.92223407105529098      , -0.71348586628439714     
  -1.0227723954541561      , -0.96920721151846778      , -0.74847970091958682     
  -1.0680711084323780      ,  -1.0187055419305131      , -0.78539446213172392     
  -1.1166479498250608      ,  -1.0705273990196120      , -0.82431149933192061     
  -1.1681344812428354      ,  -1.1243973202013882      , -0.86527853247538133     
  -1.2219335793619355      ,  -1.1799511806106666      , -0.90830401053099619     
  -1.2772794697031855      ,  -1.2367207301277516      , -0.95335035097060483     
  -1.3332689890764551      ,  -1.2941183324021865      ,  -1.0003261428697443     
  -1.3889539111772602      ,  -1.3514230708375985      ,  -1.0490774950421622     
  -1.4433703903145134      ,  -1.4077698097463391      ,  -1.0993788430539364     
  -1.4955009872820955      ,  -1.4621432513207209      ,  -1.1509236968342043     
  -1.5442791466969101      ,  -1.5133794522476787      ,  -1.2033160107705185     
  -1.5885903533356571      ,  -1.5601775654106953      ,  -1.2560630796131806     
  -1.6272071985696022      ,  -1.6011246243680743      ,  -1.3085710842048905     
  -1.6586991237684763      ,  -1.6347358360637099      ,  -1.3601445955361895     
  -1.6813871634954289      ,  -1.6595119318158782      ,  -1.4099914444430315     
  -1.6934165312057607      ,  -1.6740135290221811      ,  -1.4572343171030444     
  -1.6929973931999671      ,  -1.6769501584963395      ,  -1.5009301808173732     
  -1.6787248285677352      ,  -1.6672787674971616      ,  -1.5400981306903612     
  -1.6498432775248453      ,  -1.6443034919369328      ,  -1.5737554593945751     
  -1.6063657743052926      ,  -1.6077659040101648      ,  -1.6009607280829263     
  -1.5490234747007710      ,  -1.5579135285661139      ,  -1.6208614663653091     
  -1.4791275303640952      ,  -1.4955348932514001      ,  -1.6327430334951276     
  -1.3984608381349430      ,  -1.4219521617279289      ,  -1.6360743587605571     
  -1.3092157010186640      ,  -1.3389674036710908      ,  -1.6305459717501778     
  -1.2139356322771460      ,  -1.2487650483012311      ,  -1.6160960912620492     
  -1.1154223472023497      ,  -1.1537797725597216      ,  -1.5929215969596866     
  -1.0165685564454774      ,  -1.0565444878607058      ,  -1.5614723340519292     
 -0.92011802571752510      , -0.95953593668434656      ,  -1.5224291288345679     
 -0.82841579688045197      , -0.86503506073693992      ,  -1.4766677720079291     
 -0.74321849373492466      , -0.77501596540308193      ,  -1.4252127180413876     
 -0.66561121059356154      , -0.69107193118611820      ,  -1.3691851115140485     
 -0.59605970387843732      , -0.61438085835291323      ,  -1.3097498964083438     
 -0.53457216242396510      , -0.54570708471447615      ,  -1.2480662595137457     
 -0.48089269503028603      , -0.48543260907053182      ,  -1.1852446890097597     
 -0.43465699990219647      , -0.43360875900124374      ,  -1.1223127313895014     
 -0.39548172292468498      , -0.39001913247825576      ,  -1.0601903307828902     
 -0.36298771965921134      , -0.35424575937535829      , -0.99967460534226515     
 -0.33678148526649526      , -0.32573229227028422      , -0.94143315192369736     
 -0.31642414231628441      , -0.30384011645547843      , -0.88600449845689855     
 -0.30141059068972803      , -0.28789518263124692      , -0.83380411625177198     
 -0.29117462398521637      , -0.27722489743748402      , -0.78513440532441636     
 -0.28512508069412723      , -0.27118548665555725      , -0.74019720831002611     
 -0.28270141037752139      , -0.26918090226847574      , -0.69910763092864081     
 -0.28343057894865209      , -0.27067465841662991      , -0.66190819981108051     
 -0.28696672110813592      , -0.27519604925744096      , -0.62858263694646577     
 -0.29309871744214056      , -0.28234211350831079      , -0.59906875283833150     
 -0.30172344073860408      , -0.29177653783712260      , -0.57327014725614533     
 -0.31279790133903468      , -0.30322648557970211      , -0.55106655451075470     
 -0.32628791386181033      , -0.31647813139018632      , -0.53232278152552437     
 -0.34212737960612044      , -0.33137149483996187      , -0.51689626622335638     
 -0.36019648280696165      , -0.34779500501769461      , -0.50464333648177084     
 -0.38031868866525065      , -0.36568009573819377      , -0.49542428169247349     
 -0.40227268654015963      , -0.38499602525408183      , -0.48910736481874190     
 -0.42581710295198710      , -0.40574503181382809      , -0.48557190700941305     
 -0.45072482529261743      , -0.42795787285999853      , -0.48471057270616202     
 -0.47681939083841302      , -0.45168974702394493      , -0.48643097339798735     
 -0.50400493330566842      , -0.47701656066061776      , -0.49065669468592232     
 -0.53228137150406241      , -0.50403147131716031      , -0.49732783551610799     
 -0.56173994063144628      , -0.53284161661660823      , -0.50640113126787600     
 -0.59254070311553042      , -0.56356491644376672      , -0.51784971444532857     
 -0.62488008236029569      , -0.59632681739133375      , -0.53166254835454352     
 -0.65895802437684015      , -0.63125682995497168      , -0.54784355050508726     
 -0.69495379205282504      , -0.66848469021474177      , -0.56641040358499717     
 -0.73301529358412743      , -0.70813595849571220      , -0.58739303269851206     
 -0.77326077449668595      , -0.75032684820996909      , -0.61083170811569854     
 -0.81578719025520430      , -0.79515806005460743      , -0.63677471314776146     
 -0.86067870807389413      , -0.84270738243510879      , -0.66527549721122536     
 -0.90800949789343710      , -0.89302081239096343      , -0.69638921528000819     
 -0.95783773270719452      , -0.94610195840523448      , -0.73016853783086644     
  -1.0101906879175411      ,  -1.0018995157737431      , -0.76665860183091661     
  -1.0650415950518008      ,  -1.0602926681694629      , -0.80589096597885568     
  -1.1222793057553140      ,  -1.1210743804092265      , -0.84787643615008990     
  -1.1816730431579425      ,  -1.1839327250420781      , -0.89259664507869874     
  -1.2428366158823811      ,  -1.2484306490633519      , -0.93999431056875693     
  -1.3051981980093816      ,  -1.3139849560736494      , -0.98996216730446873     
  -1.3679822108800872      ,  -1.3798457674096958      ,  -1.0423306780223585     
  -1.4302062005736971      ,  -1.4450783338110693      ,  -1.0968547897873986     
  -1.4906904647345300      ,  -1.5085497731547308      ,  -1.1532002176860552     
  -1.5480745734008639      ,  -1.5689240468697017      ,  -1.2109300134128256     
  -1.6008355985694160      ,  -1.6246691407812124      ,  -1.2694925020919510     
  -1.6473070829039473      ,  -1.6740808026929315      ,  -1.3282120238056812     
  -1.6857044365187568      ,  -1.7153270618634235      ,  -1.3862842519564700     
  -1.7141672803603716      ,  -1.7465168280709595      ,  -1.4427781088534570     
  -1.7308303661064237      ,  -1.7657938748848623      ,  -1.4966463657802502     
  -1.7339312183209690      ,  -1.7714543110066963      ,  -1.5467467920685003     
  -1.7219548336335662      ,  -1.7620813487078815      ,  -1.5918751048897211     
  -1.6938046290342590      ,  -1.7366862849086970      ,  -1.6308099101921392     
  -1.6489775793031172      ,  -1.6948400507549732      ,  -1.6623683407229719     
  -1.5877138589375224      ,  -1.6367767362150747      ,  -1.6854693344275800     
  -1.5110906858726127      ,  -1.5634504866980163      ,  -1.6991997322826975     
  -1.4210372190203708      ,  -1.4765310201841704      ,  -1.7028769857454698     
  -1.3202586355172286      ,  -1.3783307488594123      ,  -1.6961016460448777     
  -1.2120681071776089      ,  -1.2716669436537500      ,  -1.6787932562460715     
  -1.1001341154464830      ,  -1.1596733249467557      ,  -1.6512048610538417     
 -0.98816198872216554      ,  -1.0455842051320325      ,  -1.6139138845134358     
 -0.87954751245823948      , -0.93251858183882830      ,  -1.5677901395865363     
 -0.77706441617158295      , -0.82329035218042435      ,  -1.5139446234270537     
 -0.68266135948337991      , -0.72026464386512257      ,  -1.4536649478973556     
 -0.59742668941168575      , -0.62527101860698397      ,  -1.3883443792293637     
 -0.52172293772035083      , -0.53957446906770634      ,  -1.3194114175192606     
 -0.45542406600235341      , -0.46389691918436793      ,  -1.2482658107355322     
 -0.39815473972174537      , -0.39847670576091254      ,  -1.1762252245048130     
 -0.34945598618814649      , -0.34315158107041943      ,  -1.1044848893203174     
 -0.30885828157502171      , -0.29745160266351045      ,  -1.0340907775608119     
 -0.27588511635228302      , -0.26069089022894731      , -0.96592546022966486     
 -0.25002009801686320      , -0.23205059843253328      , -0.90070485909712150     
 -0.23066593646506259      , -0.21064875873199193      , -0.83898363355433903     
 -0.21712085355035410      , -0.19559537939723376      , -0.78116684156170324     
 -0.20859331698344313      , -0.18603315816078411      , -0.72752567936784129     
 -0.20426163957268195      , -0.18116536963129981      , -0.67821542530855661     
 -0.20336419420075930      , -0.18027307394903186      , -0.63329409850843954     
 -0.20528869936372496      , -0.18272393010137675      , -0.59274072934587274     
 -0.20962527825274849      , -0.18797475401396574      , -0.55647248585787767     
 -0.21616287385208699      , -0.19556967171577358      , -0.52436018980393284     
 -0.22483454744940792      , -0.20513537557731906      , -0.49624198298935779     
 -0.23563781614840090      , -0.21637465526718860      , -0.47193507244194055     
 -0.24856081267600041      , -0.22905907577723930      , -0.45124560031800964     
 -0.26353492045381399      , -0.24302142513539784      , -0.43397676066707219     
 -0.28041804205325127      , -0.25814835544495218      , -0.41993532984433485     
 -0.29900063305095426      , -0.27437348785925458      , -0.40893679872533489     
 -0.31902557389297936      , -0.29167113772052305      , -0.40080929976955437     
 -0.34021871421629285      , -0.31005073261561378      , -0.39539651574186374     
 -0.36232942686539010      , -0.32955193639568431      , -0.39255974355020584     
 -0.38517587168916750      , -0.35024045017466282      , -0.39217926911047751     
 -0.40868305170504382      , -0.37220443197803904      , -0.39415518944159794     
 -0.43290034887394385      , -0.39555145607950276      , -0.39840779768278439     
 -0.45799133330301134      , -0.42040591799337096      , -0.40487762625429907     
 -0.48419892145823801      , -0.44690677909479126      , -0.41352522341094500     
 -0.51179819432534335      , -0.47520553392195697      , -0.42433071913709575     
 -0.54105344142172562      , -0.50546427174952702      , -0.43729321766365337     
 -0.57219317729176489      , -0.53785369066681721      , -0.45243003565478301     
 -0.60540790725959948      , -0.57255090604011283      , -0.46977578700513067     
 -0.64086516952904082      , -0.60973687501055940      , -0.48938129681772835     
 -0.67873061713452387      , -0.64959323398722135      , -0.51131230806695893     
 -0.71918480109126848      , -0.69229831675282183      , -0.53564792425562802     
 -0.76243045215158267      , -0.73802208723464602      , -0.56247870966875946     
 -0.80869002887784236      , -0.78691968457225403      , -0.59190434535887448     
 -0.85819486360230524      , -0.83912324162272045      , -0.62403071376360286     
 -0.91116560312983130      , -0.89473160635231996      , -0.65896625826376010     
 -0.96778196241790893      , -0.95379757650101715      , -0.69681743709137578     
  -1.0281414378741125      ,  -1.0163122633497086      , -0.73768306581018306     
  -1.0922119505255579      ,  -1.0821862475180342      , -0.78164732251353786     
  -1.1597889171844133      ,  -1.1512273020640964      , -0.82877118020333218     
  -1.2304678950556844      ,  -1.2231146665016239      , -0.87908203927150175     
  -1.3036377183991927      ,  -1.2973701971690170      , -0.93256137033902720     
  -1.3784892335662133      ,  -1.3733272361202213      , -0.98913025796572596     
  -1.4540274109951574      ,  -1.4500987710790152      ,  -1.0486328760822481     
  -1.5290740002762624      ,  -1.5265474263521797      ,  -1.1108181454454200     
  -1.6022538487531059      ,  -1.6012610163540415      ,  -1.1753201399794371     
  -1.6719669410051634      ,  -1.6725387318242921      ,  -1.2416382341557344     
  -1.7363563765288375      ,  -1.7383943355206446      ,  -1.3091185144058646     
  -1.7932883474186703      ,  -1.7965837066088675      ,  -1.3769385845074287     
  -1.8403636112819144      ,  -1.8446642303873391      ,  -1.4440985090625240     
  -1.8749800874515985      ,  -1.8800923057294496      ,  -1.5094211411549825     
  -1.8944609244788604      ,  -1.9003620552261886      ,  -1.5715652975031595     
  -1.8962506915536070      ,  -1.9031827982302114      ,  -1.6290549666315841     
  -1.8781664002588423      ,  -1.8866851170226828      ,  -1.6803267568421569     
  -1.8386744389015608      ,  -1.8496363551116888      ,  -1.7237959816215145     
  -1.7771536231825094      ,  -1.7916380410675179      ,  -1.7579391792960299     
  -1.6941016628089922      ,  -1.7132726957006661      ,  -1.7813877595971110     
  -1.5912491754721525      ,  -1.6161684807156373      ,  -1.7930244250309093     
  -1.4715597911881650      ,  -1.5029588695350191      ,  -1.7920717886868647     
  -1.3391080745143475      ,  -1.3771305048812259      ,  -1.7781619623086107     
  -1.1988293908665120      ,  -1.2427725453127778      ,  -1.7513773102249932     
  -1.0561320279930584      ,  -1.1042599496768615      ,  -1.7122560386931081     
 -0.91637439387377884      , -0.96591582889212391      ,  -1.6617612036872165     
 -0.78425855337617290      , -0.83170052098099057      ,  -1.6012170039848961     
 -0.66326923823358197      , -0.70496700230654741      ,  -1.5322206851177955     
 -0.55535075378984011      , -0.58830656487150945      ,  -1.4565410779602899     
 -0.46098011899727992      , -0.48349030064061937      ,  -1.3760153333794944     
 -0.37961510636087004      , -0.39149578312941646      ,  -1.2924539848468182     
 -0.31028062726687905      , -0.31259772590773183      ,  -1.2075617072594529     
 -0.25200758668429590      , -0.24649732083023929      ,  -1.1228778477963137     
 -0.20399849839327769      , -0.19246644036208602      ,  -1.0397377047734631     
 -0.16559009558847732      , -0.14948788969210711      , -0.95925310181428824     
 -0.13614184509347144      , -0.11637925082458615      , -0.88230924416551371     
 -0.11491918904427909      ,  -9.1893903499562668E-002 , -0.80957411805612767     
 -0.10099727123080279      ,  -7.4797586472046762E-002 , -0.74151662997261869     
  -9.3223455098778898E-002 ,  -6.3922072050415557E-002 , -0.67843005825751912     
  -9.0275333140111894E-002 ,  -5.8199293618304448E-002 , -0.62045799615403852     
  -9.0813088351830884E-002 ,  -5.6679925827361408E-002 , -0.56762064194083117     
  -9.3682673727838978E-002 ,  -5.8540348368154201E-002 , -0.51983993214592517     
  -9.8092098712136075E-002 ,  -6.3081452805168317E-002 , -0.47696256091195804     
 -0.10367940661681437      ,  -6.9722116155089525E-002 , -0.43878036149152644     
 -0.11044303595482025      ,  -7.7989515728857151E-002 , -0.40504784664213661     
 -0.11857762156592633      ,  -8.7507878633341765E-002 , -0.37549692761449566     
 -0.12829321705890198      ,  -9.7986779594274140E-002 , -0.34984897538591037     
 -0.13968561917558225      , -0.10920972673848564      , -0.32782447175601614     
 -0.15268790132952387      , -0.12102349597512529      , -0.30915053859972014     
 -0.16708527858341576      , -0.13332847406205278      , -0.29356664452594172     
 -0.18255142707960054      , -0.14607013108359065      , -0.28082877981958682     
 -0.19868527621829712      , -0.15923164952925400      , -0.27071237047079422     
 -0.21505963137077386      , -0.17282767687931797      , -0.26301417569665608     
 -0.23129524364452511      , -0.18689913183338283      , -0.25755338429269542     
 -0.24714944823280943      , -0.20150897378470639      , -0.25417209580375427     
 -0.26258602848448398      , -0.21673883553326737      , -0.25273534436015060     
 -0.27779294466682264      , -0.23268641671678922      , -0.25313079693558804     
 -0.29313640560952819      , -0.24946353727361886      , -0.25526823416466127     
 -0.30906694584743710      , -0.26719475444867991      , -0.25907890083227025     
 -0.32601269085535267      , -0.28601645195124986      , -0.26451479464037853     
 -0.34430085707440844      , -0.30607631475629160      , -0.27154794566341145     
 -0.36413435798748256      , -0.32753310681370912      , -0.28016972472774587     
 -0.38562106612656138      , -0.35055667081892139      , -0.29039020643681313     
 -0.40882977873259774      , -0.37532806847835753      , -0.30223760130804356     
 -0.43384402671775291      , -0.40203977563750370      , -0.31575776104721937     
 -0.46079809662016052      , -0.43089583842782897      , -0.33101375087482215     
 -0.48989630905293691      , -0.46211188333042980      , -0.34808547250654798     
 -0.52142499906935946      , -0.49591485471487706      , -0.36706931029059908     
 -0.55576105765518202      , -0.53254232681396518      , -0.38807776046718501     
 -0.59336823711508568      , -0.57224120193494643      , -0.41123898881699250     
 -0.63476644172708208      , -0.61526556162170254      , -0.43669624430404413     
 -0.68046782658832483      , -0.66187338119341854      , -0.46460703482419996     
 -0.73089350299593747      , -0.71232174967747208      , -0.49514194493394065     
 -0.78630180451629872      , -0.76686015654029704      , -0.52848294357277537     
 -0.84675798569220218      , -0.82572131529877424      , -0.56482099157809673     
 -0.91215526603424346      , -0.88910889631946843      , -0.60435271386681955     
 -0.98227257536524049      , -0.95718144561732144      , -0.64727584989268017     
  -1.0568399118240583      ,  -1.0300316888973573      , -0.69378314002236041     
  -1.1355838315675739      ,  -1.1076603862467747      , -0.74405424852281254     
  -1.2182390537859131      ,  -1.1899439527310121      , -0.79824527282869806     
  -1.3045253410828550      ,  -1.2765952520927344      , -0.85647535524582685     
  -1.3940915800298959      ,  -1.3671173852263221      , -0.91880991527361622     
  -1.4864245523200068      ,  -1.4607510350535038      , -0.98524008462433921     
  -1.5807226367080209      ,  -1.5564171138177354      ,  -1.0556580887928402     
  -1.6757536906964641      ,  -1.6526582029154728      ,  -1.1298286242713289     
  -1.7697401680818938      ,  -1.7475846497656911      ,  -1.2073567810173433     
  -1.8603176432717017      ,  -1.8388341462472721      ,  -1.2876538045436170     
  -1.9445835478978293      ,  -1.9235568958115867      ,  -1.3699030094540989     
  -2.0192098014064355      ,  -1.9984414754470683      ,  -1.4530294256971485     
  -2.0805700121291282      ,  -2.0597981597360326      ,  -1.5356781714554506     
  -2.1248489870956546      ,  -2.1037152903137084      ,  -1.6162078635177315     
  -2.1481500616215099      ,  -2.1262985059202357      ,  -1.6927062008074754     
  -2.1466627829000249      ,  -2.1239908924464261      ,  -1.7630346532475247     
  -2.1169658395999291      ,  -2.0939542405694795      ,  -1.8249073791125396     
  -2.0564978290637992      ,  -2.0344698460352229      ,  -1.8760056647451384     
  -1.9641364118183762      ,  -1.9452969176045305      ,  -1.9141233645507050     
  -1.8407271463039865      ,  -1.8279153874829066      ,  -1.9373317682185185     
  -1.6893727240500656      ,  -1.6855855241203963      ,  -1.9441455890870691     
  -1.5153805712576220      ,  -1.5231832073349167      ,  -1.9336674312105187     
  -1.3259074483052318      ,  -1.3468136481388202      ,  -1.9056880830014979     
  -1.1293902076796118      ,  -1.1632561703974931      ,  -1.8607252165892612     
 -0.93478291320331108      , -0.97933229922058140      ,  -1.7999928104286804     
 -0.75056782591174009      , -0.80130503042066714      ,  -1.7253055011865772     
 -0.58356169230166521      , -0.63440384938197447      ,  -1.6389329214769353     
 -0.43774673707365669      , -0.48253394132337513      ,  -1.5434260887480573     
 -0.31374172719402926      , -0.34818283590830196      ,  -1.4414396800717835     
 -0.20954915435985366      , -0.23249812814134732      ,  -1.3355709038006018     
 -0.12230310165639682      , -0.13548555971593074      ,  -1.2282293332833776     
  -4.9815935594463526E-002 ,  -5.6269906219155272E-002 ,  -1.1215446562215881     
   8.9913587939415701E-003 ,   6.6318975710786821E-003 ,  -1.0173126590833490     
   5.4602073179582822E-002 ,   5.5061524558877140E-002 , -0.91697499538263172     
   8.7534586660517971E-002 ,   9.1014157251776917E-002 , -0.82162566727776609     
  0.10863615118641497      ,  0.11648438835860699      , -0.73203639435533829     
  0.11922411848928735      ,  0.13336077817771405      , -0.64869359043157415     
  0.12119390532544837      ,  0.14336166147433382      , -0.57184093095123456     
  0.11693702212385967      ,  0.14800295290998974      , -0.50152299788620158     
  0.10906112391261047      ,  0.14858893126008563      , -0.43762692591034791     
  0.10000308971964408      ,  0.14621829166196354      , -0.37992018122204974     
   9.1566872126885329E-002 ,  0.14179943589764171      , -0.32808352909402183     
   8.4580123267695817E-002 ,  0.13607060347492927      , -0.28173890008174274     
   7.8929429387485928E-002 ,  0.12962183015824019      , -0.24047229154001515     
   7.3937204485055377E-002 ,  0.12291679566143585      , -0.20385209363802392     
   6.8837019324501703E-002 ,  0.11631340530896644      , -0.17144335712803233     
   6.3163825274397845E-002 ,  0.11008249150981247      , -0.14281856471464840     
   5.6917115796919826E-002 ,  0.10442437711713656      , -0.11756546009112379     
   5.0445093983395278E-002 ,   9.9483265975480822E-002 ,  -9.5292450698742537E-002
   4.4232487896117008E-002 ,   9.5359557810579046E-002 ,  -7.5632046969053610E-002
   3.8810337255954459E-002 ,   9.2120256097234787E-002 ,  -5.8242741815565935E-002
   3.4767006537578866E-002 ,   8.9807670522331809E-002 ,  -4.2809675278040152E-002
   3.2716136929669362E-002 ,   8.8446624947945987E-002 ,  -2.9044373790967137E-002
   3.3161964986718501E-002 ,   8.8050377067792895E-002 ,  -1.6683803224649796E-002
   3.6313849125078526E-002 ,   8.8625443418063860E-002 ,  -5.4889303017962065E-003
   4.1969392360403243E-002 ,   9.0175506903978228E-002 ,   4.7570517042281801E-003
   4.9554371271747631E-002 ,   9.2704565893845861E-002 ,   1.4250710197358178E-002
   5.8310034467243851E-002 ,   9.6219465629758111E-002 ,   2.3170478593267770E-002
   6.7554503794191714E-002 ,  0.10073193503900983      ,   3.1678808289697137E-002
   7.6905682039228124E-002 ,  0.10626023546901686      ,   3.9924315065625528E-002
   8.6353143459277845E-002 ,  0.11283051264599034      ,   4.8043883403733036E-002
   9.6168253693268521E-002 ,  0.12047792935848968      ,   5.6164704860415256E-002
  0.10675306439886582      ,  0.12924764397219127      ,   6.4406236612651963E-002
  0.11852304738861394      ,  0.13919568879702723      ,   7.2882074089193616E-002
  0.13184906167843449      ,  0.15038979239713457      ,   8.1701737491125151E-002
  0.14704146356424488      ,  0.16291018095003260      ,   9.0972376317400280E-002
  0.16432883995544148      ,  0.17685038546522014      ,  0.10080039897459114     
  0.18379471466163824      ,  0.19231807375030874      ,  0.11129303635303416     
  0.20530838597632556      ,  0.20943591808758993      ,  0.12255984902471209     
  0.22852521921367377      ,  0.22834250119983526      ,  0.13471418753482758     
  0.25299289114536661      ,  0.24919325368583059      ,  0.14787461413054032     
  0.27833571683586850      ,  0.27216140501006614      ,  0.16216629213985403     
  0.30443730655046009      ,  0.29743891648856235      ,  0.17772234594660688     
  0.33153863455902383      ,  0.32523734746483168      ,  0.19468518987864572     
  0.36022642732458160      ,  0.35578858369275485      ,  0.21320781800241143     
  0.39134098831961678      ,  0.38934532818804513      ,  0.23345503833546014     
  0.42583781924580510      ,  0.42618121744158366      ,  0.25560462372991749     
  0.46462925876026018      ,  0.46659037743175252      ,  0.27984833683908750     
  0.50843861222609665      ,  0.51088617139247883      ,  0.30639276713294245     
  0.55769697713869049      ,  0.55939881143258230      ,  0.33545989260639347     
  0.61250350872841441      ,  0.61247140525082377      ,  0.36728724609690205     
  0.67266238535266465      ,  0.67045388387585647      ,  0.40212752422049775     
  0.73779783273455390      ,  0.73369410400377422      ,  0.44024742390437027     
  0.80752554631074014      ,  0.80252523878664739      ,  0.48192542541007199     
  0.88162903143851379      ,  0.87724836805713469      ,  0.52744816004763362     
  0.96017947911196055      ,  0.95810896533412482      ,  0.57710490493869326     
   1.0435697850086945      ,   1.0452657805728223      ,  0.63117963775002872     
   1.1324579123369118      ,   1.1387504820354777      ,  0.68993996663175328     
   1.2275933556019172      ,   1.2384164273482181      ,  0.75362213632406572     
   1.3295001674158435      ,   1.3438752066554114      ,  0.82241122208398265     
   1.4380733899298970      ,   1.4544203201472676      ,  0.89641559472431365     
   1.5522466494044391      ,   1.5689387609178072      ,  0.97563482829485038     
   1.6698995830744268      ,   1.6858136658766292      ,   1.0599205065801458     
   1.7880653327502531      ,   1.8028248692118054      ,   1.1489299706560232     
   1.9033263107650846      ,   1.9170593339240956      ,   1.2420740599845279     
   2.0121711081010956      ,   2.0248499264203508      ,   1.3384614507544750     
   2.1111178234906078      ,   2.1217681005363196      ,   1.4368443490931841     
   2.1965591081944993      ,   2.2027020523138305      ,   1.5355729780716709     
   2.2644419620942760      ,   2.2620538223631388      ,   1.6325691829374855     
   2.3099840447242506      ,   2.2940825631095625      ,   1.7253318865775926     
   2.3276441412353934      ,   2.2934025096515773      ,   1.8109879719485740     
   2.3115296395243661      ,   2.2556108582566328      ,   1.8864000927656583     
   2.2563135536271428      ,   2.1779756365249536      ,   1.9483366994347122     
   2.1585160713164675      ,   2.0600674067786091      ,   1.9936988387326597     
   2.0177402666289872      ,   1.9041894755754216      ,   2.0197843039439829     
   1.8373233311206301      ,   1.7154692943814802      ,   2.0245557812127513     
   1.6241003379768153      ,   1.5015302430138926      ,   2.0068705581414674     
   1.3875333995311563      ,   1.2717598040209583      ,   1.9666297015238157     
   1.1387747357796094      ,   1.0362971825751546      ,   1.9048163682796677     
  0.88989946680635224      ,  0.80493991239132967      ,   1.8234138682300103     
  0.65307019172176684      ,  0.58618396610125834      ,   1.7252181534258575     
  0.43922068658499247      ,  0.38656124625243360      ,   1.6135790714816123     
  0.25580478338628637      ,  0.21034630813473335      ,   1.4921143988777912     
  0.10434294320283297      ,   5.9608695163686748E-002 ,   1.3644388805009304     
  -1.9479392721492794E-002 ,  -6.5479933137011226E-002 ,   1.2339398472094227     
 -0.12211305141255296      , -0.16620055027530495      ,   1.1036162944159156     
 -0.20799808000930031      , -0.24481000764352695      ,  0.97598429919751772     
 -0.27826900162113966      , -0.30410886996064257      ,  0.85304136147876719     
 -0.33241905922174120      , -0.34709476490187574      ,  0.73627664433751827     
 -0.37037495613065807      , -0.37671289195006802      ,  0.62671257737338548     
 -0.39297296439092760      , -0.39569614814294074      ,  0.52496455981118595     
 -0.40189241338788195      , -0.40647782964416257      ,  0.43130818574931273     
 -0.40003968203357143      , -0.41115746707718875      ,  0.34574645755035577     
 -0.39136795519205309      , -0.41150210621487715      ,  0.26807221390270930     
 -0.38010303281430180      , -0.40896890310199524      ,  0.19792318892810590     
 -0.37020506278353299      , -0.40473875859198022      ,  0.13482868670199558     
 -0.36463848041046054      , -0.39975409662649936      ,   7.8247876867343358E-002
 -0.36445110591565388      , -0.39475651542952789      ,   2.7600314319150377E-002
 -0.36879334985179824      , -0.39032191242298492      ,  -1.7710416716385423E-002
 -0.37588558967463509      , -0.38689192741735651      ,  -5.8278932325788971E-002
 -0.38395285618435232      , -0.38480132170628584      ,  -9.4685166360762144E-002
 -0.39191830455040261      , -0.38430135678688487      , -0.12748546907213734     
 -0.39977331884140932      , -0.38557946906189577      , -0.15720688788408219     
 -0.40815520166664843      , -0.38877563790933228      , -0.18434394603443194     
 -0.41755950534765796      , -0.39399586905819672      , -0.20935734501658584     
 -0.42815994500604893      , -0.40132319833040991      , -0.23267411661505247     
 -0.44015055174395940      , -0.41082658358391927      , -0.25468883757681537     
 -0.45398018413866770      , -0.42256800707019559      , -0.27576559431625691     
 -0.47029835992670915      , -0.43660806267782115      , -0.29624044721241904     
 -0.48962994486021738      , -0.45301025559336150      , -0.31642419513785502     
 -0.51203669750283543      , -0.47184419680003337      , -0.33660528206910106     
 -0.53709286637260178      , -0.49318783156868379      , -0.35705272011539529     
 -0.56413503127820519      , -0.51712879917563415      , -0.37801892807114496     
 -0.59261179160430077      , -0.54376497977004823      , -0.39974240249018106     
 -0.62239777484887426      , -0.57320424278403181      , -0.42245014997122587     
 -0.65384768720497344      , -0.60556336871600913      , -0.44635981535506558     
 -0.68756867778915554      , -0.64096607180850518      , -0.47168144125200534     
 -0.72419398729166840      , -0.67954000459510544      , -0.49861879002709569     
 -0.76429700718876092      , -0.72141257642418488      , -0.52737015029433365     
 -0.80834168181132038      , -0.76670536747726248      , -0.55812853633776005     
 -0.85668162623955035      , -0.81552686917319506      , -0.59108117101442681     
 -0.90957787698240600      , -0.86796323453109814      , -0.62640812116689004     
 -0.96708839387872092      , -0.92406668383501045      , -0.66427993038313904     
  -1.0289282861077922      , -0.98384119101453216      , -0.70485406880495360     
  -1.0944897659934174      ,  -1.0472250883707017      , -0.74826999640014280     
  -1.1629929931142271      ,  -1.1140702913966432      , -0.79464261903395428     
  -1.2336779752629994      ,  -1.1841179882630797      , -0.84405391227026083     
  -1.3059784872408284      ,  -1.2569708943107780      , -0.89654250528706636     
  -1.3795657482746797      ,  -1.3320625811600497      , -0.95209106900782137     
  -1.4542204380916932      ,  -1.4086249955284553      ,  -1.0106114543405447     
  -1.5296067514938758      ,  -1.4856561204709910      ,  -1.0719276969676881     
  -1.6050164224515024      ,  -1.5618908147046162      ,  -1.1357572641826892     
  -1.6791328077703604      ,  -1.6357791596741007      ,  -1.2016912837629112     
  -1.7499261555804284      ,  -1.7054780339848252      ,  -1.2691749722667758     
  -1.8147513604105168      ,  -1.7688628873783263      ,  -1.3374900584707226     
  -1.8706184514012989      ,  -1.8235674200729917      ,  -1.4057416326856329     
  -1.9145197471272950      ,  -1.8670585584756816      ,  -1.4728524544807782     
  -1.9436702137447948      ,  -1.8967521385750084      ,  -1.5375681751794532     
  -1.9556078468529192      ,  -1.9101705150628026      ,  -1.5984769812271005     
  -1.9482214196387853      ,  -1.9051366868038477      ,  -1.6540466183546458     
  -1.9197915094218783      ,  -1.8799909029060546      ,  -1.7026804229180070     
  -1.8691150925815982      ,  -1.8338064567641899      ,  -1.7427917898376235     
  -1.7957466382552272      ,  -1.7665738233804884      ,  -1.7728935811366489     
  -1.7003000395405388      ,  -1.6793193399910480      ,  -1.7916957382361516     
  -1.5847063909716963      ,  -1.5741287994909499      ,  -1.7982014834472844     
  -1.4523400771170971      ,  -1.4540585711738296      ,  -1.7917907942460058     
  -1.3079466080342730      ,  -1.3229355864692047      ,  -1.7722800115972297     
  -1.1573217100941271      ,  -1.1850684983651558      ,  -1.7399488134297523     
  -1.0067374926258423      ,  -1.0449098261764556      ,  -1.6955300711564372     
 -0.86217509130672154      , -0.90671780055009554      ,  -1.6401634518064443     
 -0.72850322531693823      , -0.77426443399857336      ,  -1.5753188259838156     
 -0.60883221773427165      , -0.65062418559314306      ,  -1.5026994293425207     
 -0.50430977357117768      , -0.53805960856055846      ,  -1.4241365517228026     
 -0.41448737319957074      , -0.43800192017994610      ,  -1.3414871510683963     
 -0.33807981841370893      , -0.35111004356225739      ,  -1.2565436330226010     
 -0.27370445399294541      , -0.27738372851379317      ,  -1.1709618668190174     
 -0.22026700996720749      , -0.21630490680726164      ,  -1.0862101432000582     
 -0.17697375535292439      , -0.16698485479310698      ,  -1.0035388660824414     
 -0.14317282421314476      , -0.12830075441590932      , -0.92396866930221366     
 -0.11819137255855151      ,  -9.9011800828282467E-002 , -0.84829344980179178     
 -0.10120249195212302      ,  -7.7850703932708876E-002 , -0.77709439787087953     
  -9.1130513095236412E-002 ,  -6.3590613793592488E-002 , -0.71076127246323817     
  -8.6642130674514095E-002 ,  -5.5090083998159803E-002 , -0.64951768650273467     
  -8.6256821390911037E-002 ,  -5.1319928652182122E-002 , -0.59344783846858606     
  -8.8559338755857642E-002 ,  -5.1376111790610725E-002 , -0.54252281249798806     
  -9.2447779127489277E-002 ,  -5.4482506497482014E-002 , -0.49662518528688282     
  -9.7308533861078017E-002 ,  -5.9986771525834218E-002 , -0.45557118450738321     
 -0.10302754946727338      ,  -6.7351918144290771E-002 , -0.41913003141958882     
 -0.10983970046327363      ,  -7.6145498697450006E-002 , -0.38704037906701927     
 -0.11810132450184219      ,  -8.6027798752510112E-002 , -0.35902394463510756     
 -0.12808585406642559      ,  -9.6739974650656230E-002 , -0.33479655016284376     
 -0.13987070873080926      , -0.10809274326090544      , -0.31407684844854894     
 -0.15332570855711325      , -0.11995598579839001      , -0.29659303637498741     
 -0.16815605871218897      , -0.13224945471734162      , -0.28208785835243927     
 -0.18394715797938221      , -0.14493465480064185      , -0.27032218738771446     
 -0.20020650476763255      , -0.15800789211005009      , -0.26107744707156139     
 -0.21643123601678216      , -0.17149443591142843      , -0.25415710912940392     
 -0.23221215469566209      , -0.18544371031143450      , -0.24938747116086327     
 -0.24734451196233317      , -0.19992541770844602      , -0.24661788975310234     
 -0.26189516816638436      , -0.21502649063002746      , -0.24572061646105828     
 -0.27619182630629063      , -0.23084876878264615      , -0.24659035883437774     
 -0.29073613429647926      , -0.24750730180244249      , -0.24914366600070298     
 -0.30607236988444736      , -0.26512918355277493      , -0.25331821830752771     
 -0.32266042003387679      , -0.28385282959556735      , -0.25907208303752821     
 -0.34080132534857299      , -0.30382761469181757      , -0.26638298299531660     
 -0.36063683550842585      , -0.32521379106320952      , -0.27524761149537930     
 -0.38220585186983308      , -0.34818260996592526      , -0.28568101558953890     
 -0.40551927656437914      , -0.37291656820932029      , -0.29771605884614949     
 -0.43062100087390381      , -0.39960969688581727      , -0.31140296518496530     
 -0.45762369812225084      , -0.42846780097640164      , -0.32680893569513642     
 -0.48672820789518573      , -0.45970854475326928      , -0.34401782048743806     
 -0.51823957893398997      , -0.49356125796539929      , -0.36312981686817919     
 -0.55257954196619585      , -0.53026631045188799      , -0.38426115281641809     
 -0.59027823154858150      , -0.57007386672513005      , -0.40754370016543978     
 -0.63192543203303297      , -0.61324178576453203      , -0.43312444421807728     
 -0.67807941864913723      , -0.66003237338925247      , -0.46116471487057925     
 -0.72916106871160835      , -0.71070762410160104      , -0.49183905773979042     
 -0.78537788732335634      , -0.76552250598750449      , -0.52533359135827784     
 -0.84671063005055136      , -0.82471574748206744      , -0.56184365743896569     
 -0.91296335154905572      , -0.88849748268377926      , -0.60157052509409392     
 -0.98384859442071326      , -0.95703301110356997      , -0.64471685702333670     
  -1.0590684333701366      ,  -1.0304218440011301      , -0.69148058764199649     
  -1.1383619241538525      ,  -1.1086711689674305      , -0.74204680358594444     
  -1.2215104047441707      ,  -1.1916629079707703      , -0.79657716295425818     
  -1.3083055273175381      ,  -1.2791137317463777      , -0.85519635278332806     
  -1.3984815134153046      ,  -1.3705278083744008      , -0.91797508300500474     
  -1.4916034933553672      ,  -1.4651428133852800      , -0.98490917658624821     
  -1.5869113770301544      ,  -1.5618709377351614      ,  -1.0558944769156287     
  -1.6831505418704458      ,  -1.6592384213378226      ,  -1.1306976022292721     
  -1.7784519404960384      ,  -1.7553295920387670      ,  -1.2089230872994532     
  -1.8703172121338785      ,  -1.8477444638281029      ,  -1.2899782167765024     
  -1.9557140032643494      ,  -1.9335823784575716      ,  -1.3730379039287575     
  -2.0312288003025580      ,  -2.0094673378281551      ,  -1.4570132840711101     
  -2.0932051629581703      ,  -2.0716324741702135      ,  -1.5405291632885045     
  -2.1378307860135131      ,  -2.1160799622598705      ,  -1.6219168435451898     
  -2.1612046982340782      ,  -2.1388267571723301      ,  -1.6992297223010837     
  -2.1594720146950190      ,  -2.1362343452227091      ,  -1.7702888766971601     
  -2.1291213977836403      ,  -2.1054020599515408      ,  -1.8327639813947796     
  -2.0674838572858314      ,  -2.0445807668991480      ,  -1.8842909353405151     
  -1.9733617628220448      ,  -1.9535423966589387      ,  -1.9226215166584080     
  -1.8476043715054953      ,  -1.8338290488603362      ,  -1.9457930344686416     
  -1.6934158295577475      ,  -1.6888114028237018      ,  -1.9522989358118306     
  -1.5162858324535142      ,  -1.5235141097589926      ,  -1.9412368422279591     
  -1.3235956629105852      ,  -1.3442120210571691      ,  -1.9124105565793181     
  -1.1240097460681218      ,  -1.1578532144471796      ,  -1.8663681352799042     
 -0.92668314896617232      , -0.97140576902449882      ,  -1.8043683566136113     
 -0.74025081120478342      , -0.79124071353522030      ,  -1.7282803210774276     
 -0.57160989431962006      , -0.62264865754680543      ,  -1.6404321365977033     
 -0.42471863589593895      , -0.46954913069346166      ,  -1.5434317569348321     
 -0.30005961889156740      , -0.33440429339267902      ,  -1.4399846537350298     
 -0.19545042660556397      , -0.21830781663064763      ,  -1.3327295467317848     
 -0.10789538600920162      , -0.12119519779513725      ,  -1.2241066936955947     
  -3.5185503537278950E-002 ,  -4.2115597683410992E-002 ,  -1.1162655197519116     
   2.3705590133556345E-002 ,   2.0486709436646308E-002 ,  -1.0110115465697123     
   6.9207720801456762E-002 ,   6.8517777469615099E-002 , -0.90978775496973741     
  0.10182513417511523      ,  0.10402626193743578      , -0.81368293448099915     
  0.12242635333382970      ,  0.12904874663052246      , -0.72345890814728753     
  0.13237849861919704      ,  0.14550507020936551      , -0.63958917068628618     
  0.13365231780234541      ,  0.15513562773870865      , -0.56230283043951657     
  0.12872395967585143      ,  0.15947093878374241      , -0.49162931722975295     
  0.12027747567505387      ,  0.15982416769303215      , -0.42744079806285401     
  0.11080748137984320      ,  0.15729872395344635      , -0.36949047281843572     
  0.10214294652482392      ,  0.15280484568268940      , -0.31744585488358845     
   9.5095892263873272E-002 ,  0.14708076104513482      , -0.27091679461893292     
   8.9511003156387131E-002 ,  0.14071543813105639      , -0.22947842460269577     
   8.4667124638917790E-002 ,  0.13417102251796589      , -0.19268945063371956     
   7.9770706219956536E-002 ,  0.12780384748378712      , -0.16010633292912446     
   7.4356229400197676E-002 ,  0.12188343978152048      , -0.13129393972555115     
   6.8446335400211819E-002 ,  0.11660929459036382      , -0.10583324203678925     
   6.2416864033696187E-002 ,  0.11212541045637760      ,  -8.3326575815892520E-002
   5.6767976020655274E-002 ,  0.10853270131855734      ,  -6.3400941043187109E-002
   5.2034600521596766E-002 ,  0.10589946947631626      ,  -4.5709745725188280E-002
   4.8805513716942008E-002 ,  0.10427015253733518      ,  -2.9933342086985087E-002
   4.7694492677361762E-002 ,  0.10367256371322282      ,  -1.5778645510833335E-002
   4.9202775098346266E-002 ,  0.10412383785823971      ,  -2.9780755577153233E-003
   5.3528419954575746E-002 ,  0.10563528140448651      ,   8.7119867305855848E-003
   6.0448683145101177E-002 ,  0.10821630655474181      ,   1.9513070123515407E-002
   6.9366384767371531E-002 ,  0.11187761099747581      ,   2.9626691293402192E-002
   7.9507169304093045E-002 ,  0.11663374533339807      ,   3.9236545986113792E-002
   9.0190045419460949E-002 ,  0.12250519210664432      ,   4.8510742915426050E-002
  0.10105328448754200      ,  0.12952006322130361      ,   5.7604029240280456E-002
  0.11211936342605698      ,  0.13771550677706540      ,   6.6659972083182917E-002
  0.12369382002743416      ,  0.14713890001021801      ,   7.5813073027227965E-002
  0.13620832034711239      ,  0.15784889200725963      ,   8.5190802334656729E-002
  0.15010435439113307      ,  0.16991634801598865      ,   9.4915547152699190E-002
  0.16577796377538054      ,  0.18342523629126711      ,  0.10510647354626416     
  0.18356541268059975      ,  0.19847348819084690      ,  0.11588130609579436     
  0.20371965491662730      ,  0.21517385232113451      ,  0.12735803123493067     
  0.22634106067058712      ,  0.23365475348327366      ,  0.13965653162546596     
  0.25130523594847604      ,  0.25406115644904970      ,  0.15290015875808619     
  0.27826825099242142      ,  0.27655542254615456      ,  0.16721724963564050     
  0.30678276539799265      ,  0.30131813284431563      ,  0.18274259076972924     
  0.33649078736688559      ,  0.32854883440907107      ,  0.19961882863850883     
  0.36730869109807268      ,  0.35846664439448767      ,  0.21799781994534886     
  0.39952161854256601      ,  0.39131061915952309      ,  0.23804190709181647     
  0.43376667351068710      ,  0.42733976025768178      ,  0.25992509369566286     
  0.47093685059904838      ,  0.46683248383084736      ,  0.28383408103491098     
  0.51203693156592711      ,  0.51008532201043177      ,  0.30996910807541045     
  0.55801350917113213      ,  0.55741055142552731      ,  0.33854451411498021     
  0.60959323272223898      ,  0.60913235169282998      ,  0.36978891269851522     
  0.66716661652469089      ,  0.66558098285394907      ,  0.40394482676344723     
  0.73074695908414500      ,  0.72708433304494668      ,  0.44126758626840140     
  0.80002107544216783      ,  0.79395602623684047      ,  0.48202322918040019     
  0.87448619959767870      ,  0.86647909879151963      ,  0.52648507335109662     
  0.95363799919780379      ,  0.94488406424180749      ,  0.57492854014299799     
   1.0371481988821192      ,   1.0293200115880103      ,  0.62762371220481183     
   1.1249695827445376      ,   1.1198172657769607      ,  0.68482500244872102     
   1.2173434535882557      ,   1.2162401498838087      ,  0.74675720953346603     
   1.3147039219812295      ,   1.3182286351005581      ,  0.81359715612049432     
   1.4174478318318597      ,   1.4251283035935616      ,  0.88545008151459337     
   1.5255545255422813      ,   1.5359092905780751      ,  0.96232003866968674     
   1.6381492616586846      ,   1.6490769691601981      ,   1.0440737963954980     
   1.7532072180059957      ,   1.7625803520093120      ,   1.1303982621456463     
   1.8675671960158788      ,   1.8737286770511576      ,   1.2207523257973252     
   1.9772610905093084      ,   1.9791323337539792      ,   1.3143153831750887     
   2.0779741747731757      ,   2.0746905761774594      ,   1.4099366878493840     
   2.1653804671440131      ,   2.1556539445227054      ,   1.5060920462594489     
   2.2352048142155514      ,   2.2167915023342668      ,   1.6008569537318578     
   2.2830606666341242      ,   2.2526884218042524      ,   1.6919075042317528     
   2.3042678582206086      ,   2.2581843870692953      ,   1.7765613825387028     
   2.2939038450323799      ,   2.2289354566246842      ,   1.8518697931255470     
   2.2472786940342115      ,   2.1620431645734275      ,   1.9147661847452768     
   2.1608550936089173      ,   2.0566529170936714      ,   1.9622686169821451     
   2.0333816546099439      ,   1.9143940614837531      ,   1.9917204286638490     
   1.8667870733163578      ,   1.7395340488428781      ,   2.0010411052933321     
   1.6664170476744153      ,   1.5387608201874197      ,   1.9889499507456627     
   1.4405812323292144      ,   1.3205875736851553      ,   1.9551235362441517     
   1.1997674363828765      ,   1.0944698721640391      ,   1.9002562817400708     
  0.95580347437439839      ,  0.86980197130440695      ,   1.8260108125278076     
  0.72089144109915038      ,  0.65498696600371087      ,   1.7348662255019947     
  0.50626726789745469      ,  0.45674402410833626      ,   1.6298915649064565     
  0.32015997326244061      ,  0.27974115223213653      ,   1.5144830970439576     
  0.16541171181251516      ,  0.12655500924438956      ,   1.3921050714225933     
   3.8939740681950864E-002 ,  -2.1093609545281568E-003 ,   1.2660659784698975     
  -6.5367828272218140E-002 , -0.10703999294361360      ,   1.1393497488246689     
 -0.15250777548800229      , -0.19008160102014149      ,   1.0145082306768012     
 -0.22438624201858304      , -0.25371953242299472      ,  0.89361081724419855     
 -0.28084845637093864      , -0.30073129688479561      ,  0.77824067797363217     
 -0.32173201409905100      , -0.33392454246025399      ,  0.66952453904332021     
 -0.34767007937243466      , -0.35596005720225277      ,  0.56818335328088643     
 -0.36002268863708287      , -0.36924698732802863      ,  0.47459326396003948     
 -0.36118823024707458      , -0.37589322082260024      ,  0.38884895656509771     
 -0.35467235067763891      , -0.37769423707262845      ,  0.31082411065795684     
 -0.34447579017909358      , -0.37614639022080093      ,  0.24022584882287670     
 -0.33452285464293180      , -0.37247398388673925      ,  0.17664171537082027     
 -0.32800973374437659      , -0.36766269850571237      ,  0.11957883348917736     
 -0.32647171099572470      , -0.36249455027626887      ,   6.8495581330194732E-002
 -0.32951458517707655      , -0.35758150586839088      ,   2.2826506073900316E-002
 -0.33556874318567970      , -0.35339622047587044      ,  -1.7998639778078043E-002
 -0.34283774864754346      , -0.35029923678836039      ,  -5.4540824849171811E-002
 -0.35002746590728173      , -0.34856251030891594      ,  -8.7341759806201569E-002
 -0.35681909667573342      , -0.34838942264384626      , -0.11691723052267909     
 -0.36367716629291480      , -0.34993159229674742      , -0.14375306250130479     
 -0.37114131723295429      , -0.35330285041969134      , -0.16830313786135651     
 -0.37949576422144637      , -0.35859075534454887      , -0.19098898192971681     
 -0.38900581576020904      , -0.36586599856871060      , -0.21220052210168877     
 -0.40016210069459551      , -0.37519002047089617      , -0.23229769598738090     
 -0.41366234126054757      , -0.38662111437854607      , -0.25161264904947012     
 -0.43012686095256258      , -0.40021925684407017      , -0.27045231471455861     
 -0.44973839101942098      , -0.41604986199587363      , -0.28910121329269922     
 -0.47214284791885919      , -0.43418661921318441      , -0.30782434099060302     
 -0.49665513641945563      , -0.45471353602796433      , -0.32687004780146445     
 -0.52260205339344623      , -0.47772627159494169      , -0.34647282392138790     
 -0.54966914319939719      , -0.50333280959024207      , -0.36685592925790400     
 -0.57804572642239083      , -0.53165348217388397      , -0.38823381009042951     
 -0.60826675145780951      , -0.56282031778690689      , -0.41081425140154459     
 -0.64096771398790586      , -0.59697564414214421      , -0.43480021307211597     
 -0.67676164607081490      , -0.63426983296738892      , -0.46039129315319621     
 -0.71619055290353273      , -0.67485802422642949      , -0.48778475182937375     
 -0.75972135827536402      , -0.71889561443919947      , -0.51717601545449898     
 -0.80777110283104558      , -0.76653223684161209      , -0.54875856116675947     
 -0.86061569117034720      , -0.81790390218311593      , -0.58272305918769784     
 -0.91821302071055799      , -0.87312291159351063      , -0.61925562236534037     
 -0.98014897125730582      , -0.93226510369459192      , -0.65853498173058778     
  -1.0457563141018560      , -0.99535396770232754      , -0.70072837453749337     
  -1.1143265749278222      ,  -1.0623411591474730      , -0.74598590049483626     
  -1.1853374915462636      ,  -1.1330830190770358      , -0.79443307761640658     
  -1.2585708802871349      ,  -1.2073128544503686      , -0.84616131890993951     
  -1.3340448273211201      ,  -1.2846090303135032      , -0.90121606603373261     
  -1.4118187210257569      ,  -1.3643594057596606      , -0.95958237131782331     
  -1.4917479973190395      ,  -1.4457233725700702      ,  -1.0211678349887090     
  -1.5732152645950725      ,  -1.5275937779192856      ,  -1.0857830039380234     
  -1.6549143956480894      ,  -1.6085623533591964      ,  -1.1531196477268890     
  -1.7347908125053022      ,  -1.6868938939161400      ,  -1.2227277695525685     
  -1.8101799713161650      ,  -1.7605161903145281      ,  -1.2939927958138346     
  -1.8780912881493466      ,  -1.8270343129837907      ,  -1.3661151039794051     
  -1.9354966116133436      ,  -1.8837787772127064      ,  -1.4380948387112886     
  -1.9794995448201795      ,  -1.9278966816365157      ,  -1.5087257139824952     
  -2.0073759823609940      ,  -1.9564922881605553      ,  -1.5766020145148025     
  -2.0165483922615932      ,  -1.9668179842404507      ,  -1.6401430354681412     
  -2.0045880739704800      ,  -1.9565078935156675      ,  -1.6976384459203631     
  -1.9693526934969825      ,  -1.9238352622592316      ,  -1.7473162883833551     
  -1.9092971393782765      ,  -1.8679631247608479      ,  -1.7874324592804500     
  -1.8238991346613660      ,  -1.7891488963989355      ,  -1.8163767754887499     
  -1.7140855815007050      ,  -1.6888613174542515      ,  -1.8327867172578691     
  -1.5825230568143636      ,  -1.5697756537403367      ,  -1.8356565804305158     
  -1.4336537887943077      ,  -1.4356308657342878      ,  -1.8244281277482193     
  -1.2734334005617478      ,  -1.2909575812169940      ,  -1.7990497282333926     
  -1.1087922650456772      ,  -1.1407118013422741      ,  -1.7599946421626305     
 -0.94687068556824971      , -0.98986866166433762      ,  -1.7082349636031091     
 -0.79411081544437656      , -0.84303727905915227      ,  -1.6451744759519611     
 -0.65535876032196450      , -0.70414998917810345      ,  -1.5725497021054149     
