   1.2224769765803316      ,   2.1229450724483714      ,   1.4655193661558268     
   2.0991603226286828      ,   2.1929852415350255      ,   1.5610585270229873     
   2.2680740152776737      ,   2.2400776937172493      ,   1.6539053462152871     
   2.2792750668361244      ,   2.2589017442634218      ,   1.7415228812149708     
   2.1908423506728960      ,   2.2447042742917840      ,   1.8210630112943438     
   2.1002811668683337      ,   2.1939089102960634      ,   1.8894909061409448     
   2.0073703824001639      ,   2.1047402225179983      ,   1.9437656688917380     
   1.9097154840829462      ,   1.9777454803439807      ,   1.9810672081207392     
   1.7936634907995666      ,   1.8160821072783706      ,   1.9990464820024860     
   1.6515951000117119      ,   1.6254624622894605      ,   1.9960649989817625     
   1.4785216840423778      ,   1.4137129629515430      ,   1.9713841858516696     
   1.2770143446263362      ,   1.1899972664110152      ,   1.9252693066812612     
   1.0583009179221836      ,  0.96384218103004549      ,   1.8589865037522069     
  0.84177486165577697      ,  0.74415591195967179      ,   1.7746919444430655     
  0.64751389081448052      ,  0.53842131673974125      ,   1.6752329415465239     
  0.48575829937288245      ,  0.35218728446955988      ,   1.5638959838847664     
  0.35355177810422844      ,  0.18889565376218667      ,   1.4441420266186100     
  0.24106348209366149      ,   5.0001978019320249E-002 ,   1.3193650556489360     
  0.13881949478009459      ,  -6.4700883798565631E-002 ,   1.1926989228874905     
   4.1029962638109319E-002 , -0.15666063759309845      ,   1.0668841267543117     
  -5.3882551744270951E-002 , -0.22813426990100699      ,  0.94419438639734021     
 -0.14397436509141254      , -0.28180797976757588      ,  0.82641469034470127     
 -0.22497976604842812      , -0.32049834109380249      ,  0.71485843581946695     
 -0.29164617836809881      , -0.34694074961631782      ,  0.61041059040920653     
 -0.33904055086079699      , -0.36365620077566646      ,  0.51358530372947420     
 -0.36383026520723349      , -0.37288048745330526      ,  0.42458891988492709     
 -0.36553744512782349      , -0.37653861886822665      ,  0.34338204425120999     
 -0.34753515039069027      , -0.37624917459232166      ,  0.26973670639260389     
 -0.31725656533038360      , -0.37334652660465156      ,  0.20328652779630416     
 -0.28503652875516677      , -0.36891220776140959      ,  0.14356912745924336     
 -0.26150612058771755      , -0.36380958762195265      ,   9.0060855130340983E-002
 -0.25438346162849151      , -0.35871823902491112      ,   4.2204439621893741E-002
 -0.26607482630187179      , -0.35416596004674755      ,  -5.6961569239652996E-004
 -0.29313491564082572      , -0.35055746826940914      ,  -3.8826978221081797E-002
 -0.32772895960432691      , -0.34819944144875398      ,  -7.3117879548269940E-002
 -0.36047834999269457      , -0.34732196114584557      , -0.10396913675487859     
 -0.38366380593675309      , -0.34809661831423416      , -0.13187907821838246     
 -0.39370596246989026      , -0.35065163044657438      , -0.15731475324318300     
 -0.39213411501610701      , -0.35508434474769440      , -0.18071090378070817     
 -0.38477230781062710      , -0.36147149037983400      , -0.20247026648446861     
 -0.37948429020264124      , -0.36987751301508459      , -0.22296485238673353     
 -0.38336314400199201      , -0.38036128702789984      , -0.24253791924495635     
 -0.40043621359251924      , -0.39298146021187508      , -0.26150640862046931     
 -0.43063380909361143      , -0.40780064560972051      , -0.28016366693359418     
 -0.47020299772412777      , -0.42488863596647064      , -0.29878230811027573     
 -0.51327791569189274      , -0.44432477860534586      , -0.31761710598075332     
 -0.55401787386010493      , -0.46619961183729980      , -0.33690782818834025     
 -0.58857245062228480      , -0.49061582772856122      , -0.35688194075595159     
 -0.61620368592046315      , -0.51768858938690709      , -0.37775712423213165     
 -0.63922819874549319      , -0.54754519301577265      , -0.39974354894277481     
 -0.66191150528241871      , -0.58032402491292434      , -0.42304585861538374     
 -0.68883501057359708      , -0.61617272046811900      , -0.44786480869756806     
 -0.72338906463177499      , -0.65524538527947807      , -0.47439849813077212     
 -0.76689343728397563      , -0.69769868729453444      , -0.50284312115890861     
 -0.81853541233968019      , -0.74368657348523226      , -0.53339314892254241     
 -0.87601313135025194      , -0.79335330605295495      , -0.56624082914757556     
 -0.93656771581238496      , -0.84682445416439756      , -0.60157486641105617     
 -0.99800178135357964      , -0.90419542278911047      , -0.63957811587315860     
  -1.0593263401357431      , -0.96551705894731876      , -0.68042409129601356     
  -1.1208509106811668      ,  -1.0307778612015503      , -0.72427205599499500     
  -1.1837691667993648      ,  -1.0998823509037625      , -0.77126043706710912     
  -1.2494797496525318      ,  -1.1726252724491224      , -0.82149828508863920     
  -1.3189333918858752      ,  -1.2486615134322572      , -0.87505450283288311     
  -1.3922178629133497      ,  -1.3274720230237296      , -0.93194460068929952     
  -1.4684538641452836      ,  -1.4083266142620134      , -0.99211482113025040     
  -1.5459521408113461      ,  -1.4902454189606513      ,  -1.0554236320282695     
  -1.6225131211617256      ,  -1.5719619618454443      ,  -1.1216208443547895     
  -1.6957423086124845      ,  -1.6518923291820697      ,  -1.1903249890188543     
  -1.7632954071583902      ,  -1.7281166388091584      ,  -1.2610001085055818     
  -1.8230277343941017      ,  -1.7983807511966154      ,  -1.3329337815139992     
  -1.8730654208143132      ,  -1.8601274883067285      ,  -1.4052189689836077     
  -1.9118211097860092      ,  -1.9105669316404634      ,  -1.4767430611370855     
  -1.9379583115905454      ,  -1.9467938643396794      ,  -1.5461881616983577     
  -1.9502963061941645      ,  -1.9659562972366709      ,  -1.6120469374818855     
  -1.9476561351206962      ,  -1.9654717519920386      ,  -1.6726580056065574     
  -1.9286702047351165      ,  -1.9432777608327523      ,  -1.7262635486630262     
  -1.8916026456380486      ,  -1.8980912374186156      ,  -1.7710894706649931     
  -1.8342566729255048      ,  -1.8296406962393050      ,  -1.8054450031124267     
  -1.7540890227942907      ,  -1.7388294866500131      ,  -1.8278346624583925     
  -1.6487066953937850      ,  -1.6277909378168240      ,  -1.8370716452890137     
  -1.5169340621615433      ,  -1.4998095542228083      ,  -1.8323791687938058     
  -1.3604755278472682      ,  -1.3591048903602743      ,  -1.8134659116009328     
  -1.1857000670658624      ,  -1.2105014823689850      ,  -1.7805641330966038     
  -1.0042715159193167      ,  -1.0590317642324893      ,  -1.7344240464755345     
 -0.83090977116694686      , -0.90953204853726333      ,  -1.6762645840380972     
 -0.67811534429247111      , -0.76629045839720311      ,  -1.6076872838821734     
 -0.55131419130609582      , -0.63279111119684861      ,  -1.5305650890616394     
 -0.44844607944063092      , -0.51157614327258938      ,  -1.4469203331926654     
 -0.36332799515789838      , -0.40422348056081997      ,  -1.3588058440310067     
 -0.28928953766227650      , -0.31141976406450217      ,  -1.2682004526181798     
 -0.22131863639923383      , -0.23309778801163680      ,  -1.1769262441082506     
 -0.15686128301535388      , -0.16860623877588951      ,  -1.0865906987991416     
  -9.5762845164272387E-002 , -0.11688420726929609      , -0.99855328422125944     
  -3.9692057779117045E-002 ,  -7.6620826960369842E-002 , -0.91391352682143312     
   8.6837503914643371E-003 ,  -4.6388750188870759E-002 , -0.83351620498294843     
   4.6545910108036104E-002 ,  -2.4747247274474339E-002 , -0.75796889974055193     
   7.1652277769347156E-002 ,  -1.0315729998428632E-002 , -0.68766743138630215     
   8.2894151045138767E-002 ,  -1.8214478280048640E-003 , -0.62282540323619306     
   8.0664205498603175E-002 ,   1.8736213420180853E-003 , -0.56350492439458066     
   6.6989727589863962E-002 ,   1.7615356216361129E-003 , -0.50964642339749555     
   4.5349953745472280E-002 ,  -1.3118115952818158E-003 , -0.46109619835676158     
   2.0119004375576642E-002 ,  -6.6396574477651698E-003 , -0.41763093670120399     
  -4.3123181507040177E-003 ,  -1.3643028666461270E-002 , -0.37897887546563841     
  -2.4522311574779767E-002 ,  -2.1857230537399887E-002 , -0.34483757807297111     
  -3.8832933023990851E-002 ,  -3.0917647516997382E-002 , -0.31488850072089442     
  -4.7592782396716105E-002 ,  -4.0545828998756465E-002 , -0.28880863680281205     
  -5.2863370211861015E-002 ,  -5.0536458215814865E-002 , -0.26627958437632082     
  -5.7621888174808941E-002 ,  -6.0745535952676205E-002 , -0.24699439830948178     
  -6.4752975289326456E-002 ,  -7.1079928829461902E-002 , -0.23066257968419340     
  -7.6149479088566743E-002 ,  -8.1488312368645233E-002 , -0.21701353068754367     
  -9.2183178062249543E-002 ,  -9.1953464011745173E-002 , -0.20579877078846398     
 -0.11168058819813302      , -0.10248581711414667      , -0.19679317430099824     
 -0.13238778943709789      , -0.11311816375377477      , -0.18979545356896593     
 -0.15176327445772908      , -0.12390138486828309      , -0.18462807785078555     
 -0.16783487100321626      , -0.13490108585741281      , -0.18113678659492613     
 -0.17983672656989480      , -0.14619502096295234      , -0.17918982768631697     
 -0.18842237850445073      , -0.15787119815256992      , -0.17867702656820605     
 -0.19540192797492767      , -0.17002656630521587      , -0.17950877083502106     
 -0.20311580944816587      , -0.18276619714175962      , -0.18161497674609636     
 -0.21367397881669864      , -0.19620288481528092      , -0.18494408884528565     
 -0.22831912492460119      , -0.21045709584136973      , -0.18946215116338330     
 -0.24711300990754811      , -0.22565721072115474      , -0.19515197798646983     
 -0.26902668328612162      , -0.24194000588268194      , -0.20201244354666020     
 -0.29238181768881544      , -0.25945133017162558      , -0.21005790288735099     
 -0.31548105733755705      , -0.27834693379168085      , -0.21931775023200070     
 -0.33721053667321138      , -0.29879340902458551      , -0.22983611610438576     
 -0.35741547699701864      , -0.32096920087564484      , -0.24167169986552495     
 -0.37693533096834642      , -0.34506564151254326      , -0.25489772989084503     
 -0.39730768362526170      , -0.37128795436713680      , -0.26960203892761031     
 -0.42026429693577888      , -0.39985616123761175      , -0.28588723682235340     
 -0.44720625855019258      , -0.43100580761439661      , -0.30387095630563832     
 -0.47883767680915951      , -0.46498839643186035      , -0.32368613929883611     
 -0.51506799761640765      , -0.50207138687697239      , -0.34548132058916198     
 -0.55519297912516907      , -0.54253757078717313      , -0.36942085189663620     
 -0.59826981300585247      , -0.58668358224765382      , -0.39568499136519159     
 -0.64354195882145693      , -0.63481722373640304      , -0.42446976021377292     
 -0.69076158360721152      , -0.68725320205339335      , -0.45598643837758396     
 -0.74030416907027974      , -0.74430675725310036      , -0.49046053302116105     
 -0.79305333141679268      , -0.80628453708180048      , -0.52813000635325302     
 -0.85012033613393290      , -0.87347191981658512      , -0.56924249093951840     
 -0.91251622297901269      , -0.94611582648685610      , -0.61405115097201413     
 -0.98089487409568310      ,  -1.0244019038421510      , -0.66280876718600912     
  -1.0554380715197631      ,  -1.1084248294944457      , -0.71575953398672687     
  -1.1358836494995588      ,  -1.1981504370039850      , -0.77312796625371349     
  -1.2216356454458830      ,  -1.2933684551491871      , -0.83510423251032928     
  -1.3118644634843015      ,  -1.3936350120537007      , -0.90182518174023896     
  -1.4055167947241090      ,  -1.4982048238685792      , -0.97335034643113805     
  -1.5012070640497208      ,  -1.6059543643073384      ,  -1.0496323335922244     
  -1.5970382907019531      ,  -1.7152995155211928      ,  -1.1304813258783022     
  -1.6904701512292057      ,  -1.8241144286973070      ,  -1.2155239907546520     
  -1.7783725710708587      ,  -1.9296626473165661      ,  -1.3041580287422825     
  -1.8573337437870974      ,  -2.0285567510694142      ,  -1.3955049591156097     
  -1.9241400137584777      ,  -2.1167681279727408      ,  -1.4883655626288721     
  -1.9762086015770877      ,  -2.1897124730225968      ,  -1.5811845732323351     
  -2.0117569315155919      ,  -2.2424368401855683      ,  -1.6720334281675850     
  -2.0296399120197699      ,  -2.2699274515027903      ,  -1.7586215675428791     
  -2.0289464280616545      ,  -2.2675410704442771      ,  -1.8383470568267553     
  -2.0085104325433933      ,  -2.2315354793862863      ,  -1.9083951718011813     
  -1.9664797283247333      ,  -2.1596393728573404      ,  -1.9658881976733313     
  -1.9000797103734228      ,  -2.0515673608482117      ,  -2.0080809159886481     
  -1.8057690118388190      ,  -1.9093654042820782      ,  -2.0325851947350984     
  -1.6800957074392353      ,  -1.7374802521795818      ,  -2.0375963442642169     
  -1.5215738367986273      ,  -1.5424908645419049      ,  -2.0220870557072868     
  -1.3335027518261560      ,  -1.3325138890316865      ,  -1.9859351503616736     
  -1.1266308533215830      ,  -1.1163770895205816      ,  -1.9299604824015189     
 -0.91915790948570097      , -0.90271463970216792      ,  -1.8558625427495614     
 -0.73111523791957600      , -0.69915333805288005      ,  -1.7660691607004873     
 -0.57454588944765861      , -0.51172455627362157      ,  -1.6635226118661581     
 -0.44846818977420116      , -0.34456902251457822      ,  -1.5514380456062040     
 -0.34339906851378277      , -0.19992742058226354      ,  -1.4330689555593126     
 -0.24876632327356688      ,  -7.8353635495356427E-002 ,  -1.3115070018535810     
 -0.15718359235785812      ,   2.0938678205007655E-002 ,  -1.1895322925370455     
  -6.5644794561271536E-002 ,   9.9683331970804839E-002 ,  -1.0695188846258392     
   2.4857722085780042E-002 ,  0.16018938887226788      , -0.95339135265482711     
  0.11047985738481145      ,  0.20502955102225520      , -0.84262287340932207     
  0.18594056515927998      ,  0.23680505324691808      , -0.73826321303702513     
  0.24585031841549071      ,  0.25798571518553559      , -0.64098540203572851     
  0.28583702615453160      ,  0.27081406721431378      , -0.55114169936627055     
  0.30354383857547368      ,  0.27725876812910116      , -0.46882179683512121     
  0.29953024921604304      ,  0.27900274777112255      , -0.39390850780487019     
  0.27787197275637276      ,  0.27745373025931797      , -0.32612810965688144     
  0.24602325097531175      ,  0.27376767687771925      , -0.26509396378805872     
  0.21353345634246201      ,  0.26887844999022875      , -0.21034304104239709     
  0.18967889173488395      ,  0.26352928555378896      , -0.16136561312245876     
  0.18078503005921698      ,  0.25830338361003830      , -0.11762872548202521     
  0.18837492717297979      ,  0.25365213339961845      ,  -7.8594230329419618E-002
  0.20893099811481136      ,  0.24992028571985089      ,  -4.3732198406493103E-002
  0.23532478491966013      ,  0.24736787928073103      ,  -1.2530495478973122E-002
  0.25934540051377825      ,  0.24618901419420672      ,   1.5498761649762946E-002
  0.27443601055533179      ,  0.24652771658972086      ,   4.0815242249198726E-002
  0.27775297854914205      ,  0.24849120507191619      ,   6.3848395057936713E-002
  0.27093380012840451      ,  0.25216088680275600      ,   8.4996947291091016E-002
  0.25936757040297687      ,  0.25760140041147883      ,  0.10462953672164868     
  0.25023022235421660      ,  0.26486799812752337      ,  0.12308617297080882     
  0.24999397224822792      ,  0.27401252828755540      ,  0.14068028317307485     
  0.26232143179845030      ,  0.28508824596383264      ,  0.15770114704959190     
  0.28704802065101553      ,  0.29815364605313538      ,  0.17441656789863064     
  0.32049612475245554      ,  0.31327548066923111      ,  0.19107565995241765     
  0.35692002668556738      ,  0.33053109129916319      ,  0.20791165978693618     
  0.39055537182277200      ,  0.35001015569947541      ,  0.22514469075587282     
  0.41756851614498269      ,  0.37181591944846470      ,  0.24298442539145085     
  0.43724427831941165      ,  0.39606595177792658      ,  0.26163260189036275     
  0.45203652227854813      ,  0.42289243397840254      ,  0.28128535757025835     
  0.46653047064992875      ,  0.45244195537173576      ,  0.30213534479742682     
  0.48576261050666525      ,  0.48487475552864823      ,  0.32437359347328226     
  0.51355049238683770      ,  0.52036331095555033      ,  0.34819107871969512     
  0.55141274466350476      ,  0.55909011875466963      ,  0.37377994279216353     
  0.59837543296003992      ,  0.60124447776365575      ,  0.40133430624077332     
  0.65162849841885873      ,  0.64701800872700355      ,  0.43105058462564538     
  0.70773135468520409      ,  0.69659858914627970      ,  0.46312720335904639     
  0.76391088603802704      ,  0.75016230682968776      ,  0.49776357426593426     
  0.81898374647001904      ,  0.80786296208517894      ,  0.53515816326300703     
  0.87359670097411057      ,  0.86981857845954313      ,  0.57550543970562862     
  0.92976735780363451      ,  0.93609432723212493      ,  0.61899145589766924     
  0.98998886696586696      ,   1.0066812497723858      ,  0.66578776291098896     
   1.0562959003693206      ,   1.0814702020791576      ,  0.71604333133576936     
   1.1296290395625395      ,   1.1602205871984252      ,  0.76987412117325282     
   1.2096481905583536      ,   1.2425237379106899      ,  0.82734994640491488     
   1.2949447690640534      ,   1.3277613327337383      ,  0.88847832494687062     
   1.3834671143542177      ,   1.4150600519922343      ,  0.95318511823163443     
   1.4729351733877241      ,   1.5032448850857092      ,   1.0212919774044968     
   1.5610800793837447      ,   1.5907951368249806      ,   1.0924909602993793     
   1.6456744469698419      ,   1.6758092336481305      ,   1.1663171991790231     
   1.7244531754555665      ,   1.7559867539213359      ,   1.2421212063624751     
   1.7950782991317962      ,   1.8286383484215454      ,   1.3190432973004009     
   1.8552366573469461      ,   1.8907357477549998      ,   1.3959936298273332     
   1.9028281288843705      ,   1.9390139414672936      ,   1.4716423658616045     
   1.9361130547356558      ,   1.9701347168167749      ,   1.5444252179966029     
   1.9537065693096396      ,   1.9809139931688384      ,   1.6125698074137198     
   1.9544008871478629      ,   1.9686042965658759      ,   1.6741474332865141     
   1.9368816395637354      ,   1.9312090665239734      ,   1.7271526879999526     
   1.8994408812336512      ,   1.8677898948641325      ,   1.7696097139064220     
   1.8398004526834677      ,   1.7787157727778797      ,   1.7996990584772179     
   1.7551870775962015      ,   1.6658004180897077      ,   1.8158938485468463     
   1.6428570099401869      ,   1.5322841264031259      ,   1.8170896522382194     
   1.5012938980057200      ,   1.3826410816817760      ,   1.8027103842661085     
   1.3321365934284655      ,   1.2222271300857113      ,   1.7727740487535097     
   1.1423189749367637      ,   1.0568173954948450      ,   1.7279072363722550     
  0.94488989507886390      ,  0.89210699497372936      ,   1.6693051785598141     
  0.75632600005163431      ,  0.73325371885859658      ,   1.5986429288824242     
  0.59020770044723148      ,  0.58452759738698601      ,   1.5179506812892458     
  0.45191781546110998      ,  0.44910440619877645      ,   1.4294706036630744     
  0.33898484658007277      ,  0.32900804302432490      ,   1.3355131575457599     
  0.24525347262208741      ,  0.22517975761350253      ,   1.2383281301111788     
  0.16458240611464608      ,  0.13763619500143201      ,   1.1400007631493552     
   9.2653895314689677E-002 ,   6.5674125912785541E-002 ,   1.0423779110055031     
   2.7464874316119034E-002 ,   8.0849226673441309E-003 ,  0.94702432864755492     
  -3.0892481974486477E-002 ,  -3.6647959318350160E-002 ,  0.85520570116662220     
  -8.0839235978121080E-002 ,  -7.0183985503209742E-002 ,  0.76789306686827385     
 -0.12010430338772654      ,  -9.4198889559875751E-002 ,  0.68578266487044659     
 -0.14655217958977737      , -0.11029539148430681      ,  0.60932557376670549     
 -0.15893916434079963      , -0.11994634888404937      ,  0.53876239312829344     
 -0.15751559651406033      , -0.12446374781749646      ,  0.47415931772987213     
 -0.14436501212029579      , -0.12498684092459350      ,  0.41544303521539272     
 -0.12333436651079213      , -0.12248351306069007      ,  0.36243281295299978     
  -9.9442973302919846E-002 , -0.11776008759970902      ,  0.31486887817539688     
  -7.7815979181569433E-002 , -0.11147595722127562      ,  0.27243673610220331     
  -6.2423583254678672E-002 , -0.10416046098667439      ,  0.23478743889501760     
  -5.5067074706634182E-002 ,  -9.6230268745729916E-002 ,  0.20155404923322520     
  -5.5002906720290200E-002 ,  -8.8006169680094323E-002 ,  0.17236467135236386     
  -5.9352856088119438E-002 ,  -7.9728619465646910E-002 ,  0.14685248014890553     
  -6.4151956623356543E-002 ,  -7.1571715908854167E-002 ,  0.12466318963701144     
  -6.5672578729002007E-002 ,  -6.3655481380319207E-002 ,  0.10546038361411331     
  -6.1596829760456787E-002 ,  -5.6056462123818873E-002 ,   8.8929096525659293E-002
  -5.1684745358728884E-002 ,  -4.8816733180471229E-002 ,   7.4777989758615271E-002
  -3.7754400681630843E-002 ,  -4.1951440676735785E-002 ,   6.2740423449201291E-002
  -2.3000206041333023E-002 ,  -3.5455032936478358E-002 ,   5.2574679744355923E-002
  -1.0882758349631089E-002 ,  -2.9306336777311121E-002 ,   4.4063552248866676E-002
  -3.9670725932775515E-003 ,  -2.3472631137315080E-002 ,   3.7013479116549064E-002
  -3.0997948294293597E-003 ,  -1.7912860613176592E-002 ,   3.1253364298961861E-002
  -7.1866275073079059E-003 ,  -1.2580119031930273E-002 ,   2.6633202873642056E-002
  -1.3616952514576182E-002 ,  -7.4235194168164684E-003 ,   2.3022601941961349E-002
  -1.9166881979239089E-002 ,  -2.3895526643297050E-003 ,   2.0309267999732566E-002
  -2.1062941871300912E-002 ,   2.5769764294678002E-003 ,   1.8397514567913990E-002
  -1.7850820690061324E-002 ,   7.5323600723385788E-003 ,   1.7206829832404586E-002
  -9.7952929970041239E-003 ,   1.2533681512562971E-002 ,   1.6670532691262046E-002
   1.2972480312222129E-003 ,   1.7638739228033853E-002 ,   1.6734536573687991E-002
   1.2751805669476930E-002 ,   2.2906157954650883E-002 ,   1.7356233333978746E-002
   2.1953705087108377E-002 ,   2.8395651775810059E-002 ,   1.8503504123173291E-002
   2.7217912693244768E-002 ,   3.4168411947193139E-002 ,   2.0153860122593532E-002
   2.8315799140685976E-002 ,   4.0287598573695890E-002 ,   2.2293713141477826E-002
   2.6502392227093836E-002 ,   4.6818920772964574E-002 ,   2.4917774122068557E-002
   2.4057555235209815E-002 ,   5.3831294641373525E-002 ,   2.8028576376258642E-002
   2.3512403827923550E-002 ,   6.1397572269541886E-002 ,   3.1636119741692989E-002
   2.6828616361924899E-002 ,   6.9595338313741359E-002 ,   3.5757631659391192E-002
   3.4802177687959228E-002 ,   7.8507773281989768E-002 ,   4.0417441327286856E-002
   4.6876335249661123E-002 ,   8.8224584786854909E-002 ,   4.5646963479192816E-002
   6.1406426973100711E-002 ,   9.8843009576148722E-002 ,   5.1484788894276025E-002
   7.6271111239420930E-002 ,  0.11046889017470396      ,   5.7976879384914290E-002
   8.9616087683573695E-002 ,  0.12321783041693192      ,   6.5176865672310277E-002
  0.10048101055005260      ,  0.13721643393795990      ,   7.3146447170941875E-002
  0.10910855400667957      ,  0.15260362868110805      ,   8.1955893190802181E-002
  0.11684751556360887      ,  0.16953207845828508      ,   9.1684645344361937E-002
  0.12569929393172474      ,  0.18816967925929715      ,  0.10242202090719046     
  0.13767334387807573      ,  0.20870113291326453      ,  0.11426801639108988     
  0.15417394162211559      ,  0.23132958326445305      ,  0.12733420946757795     
  0.17561983375211154      ,  0.25627828942655712      ,  0.14174475538966241     
  0.20141144289812729      ,  0.28379229583655963      ,  0.15763747088302618     
  0.23024118606792443      ,  0.31414003829503662      ,  0.17516499368889293     
  0.26063070491848600      ,  0.34761479704822135      ,  0.19449599897351566     
  0.29150796483341840      ,  0.38453586975492132      ,  0.21581644392278115     
  0.32262897446825750      ,  0.42524928569696840      ,  0.23933079802753432     
  0.35470665148743075      ,  0.47012781380497676      ,  0.26526319755009375     
  0.38921417017051158      ,  0.51956992601299135      ,  0.29385843679191381     
  0.42794531038423872      ,  0.57399725820589576      ,  0.32538267396696935     
  0.47249765811772998      ,  0.63384995688781476      ,  0.36012368314484444     
  0.52386479874986180      ,  0.69957910375106158      ,  0.39839042277848546     
  0.58227523654464897      ,  0.77163516659707754      ,  0.44051161226904401     
  0.64732001953520624      ,  0.85045113084173762      ,  0.48683290717601213     
  0.71830373997725427      ,  0.93641862573563228      ,  0.53771213779833738     
  0.79467117784578156      ,   1.0298549921469877      ,  0.59351192318830193     
  0.87633368645714871      ,   1.1309588877514196      ,  0.65458879492291688     
  0.96375897003695765      ,   1.2397517747754763      ,  0.72127777049431474     
   1.0577804772619410      ,   1.3560026313389530      ,  0.79387112490455902     
   1.1591834173302562      ,   1.4791337050455708      ,  0.87258995955215146     
   1.2681823820956855      ,   1.6081064368808913      ,  0.95754712642466444     
   1.3839045147654401      ,   1.7412893019177593      ,   1.0487002384026967     
   1.5039730859739608      ,   1.8763138155898438      ,   1.1457940364240928     
   1.6243150563617168      ,   2.0099318942507094      ,   1.2482924930836636     
   1.7393899070664618      ,   2.1378973961878445      ,   1.3553029398616954     
   1.8430021141025343      ,   2.2549064777318151      ,   1.4654974099608737     
   1.9295387572190910      ,   2.3546433513064033      ,   1.5770403371301229     
   1.9950419187561539      ,   2.4299858367995242      ,   1.6875364451886767     
   2.0375120953978487      ,   2.4734218891438644      ,   1.7940172231606923     
   2.0563598479593228      ,   2.4777056673536721      ,   1.8929871604190438     
   2.0514048528498985      ,   2.4367331707699966      ,   1.9805495722426576     
   2.0218764149974513      ,   2.3465443731214122      ,   2.0526239233744605     
   1.9657041206993444      ,   2.2062768910334571      ,   2.1052507294668348     
   1.8793016943141991      ,   2.0188375363135775      ,   2.1349578202379615     
   1.7581345081910527      ,   1.7910618331619277      ,   2.1391383069182974     
   1.5984954390347805      ,   1.5332228917328097      ,   2.1163745456471621     
   1.4007129415559905      ,   1.2579174386146803      ,   2.0666422782241312     
   1.1730882694947733      ,  0.97854134297999718      ,   1.9913488137310020     
  0.93418762792231447      ,  0.70769136313762082      ,   1.8931943560315410     
  0.70900023650505806      ,  0.45583824664640421      ,   1.7758848688803412     
  0.51638032740154216      ,  0.23050927023430751      ,   1.6437546594339536     
  0.35829769047246718      ,   3.6050505143438528E-002 ,   1.5013681551015559     
  0.22396962533028494      , -0.12611607209068093      ,   1.3531623917873992     
  0.10105839247444663      , -0.25691646736808738      ,   1.2031709132144586     
  -1.8093875497391401E-002 , -0.35892099368569275      ,   1.0548452921163320     
 -0.13543469992511459      , -0.43566570606659138      ,  0.91096991287466522     
 -0.24818806610689326      , -0.49109073009665027      ,  0.77365276665340721     
 -0.35042807569483858      , -0.52913030916021508      ,  0.64436993400604248     
 -0.43474159166051124      , -0.55344944453988010      ,  0.52404215255857545     
 -0.49394041466413086      , -0.56730092427670731      ,  0.41312580382037600     
 -0.52300939041646122      , -0.57347008422848955      ,  0.31170564749703555     
 -0.52128913745869776      , -0.57427697668179878      ,  0.21958131569322537     
 -0.49431309552443109      , -0.57161183544461391      ,  0.13634331255018414     
 -0.45409556212311364      , -0.56698665329823184      ,   6.1436906494710515E-002
 -0.41669241712659694      , -0.56159171937918373      ,  -5.7860203865394491E-003
 -0.39723942910942511      , -0.55635054902165548      ,  -6.6026161440253139E-002
 -0.40471777643924778      , -0.55196980285759600      , -0.12000557659049557     
 -0.43913926393263342      , -0.54898280315761561      , -0.16844453580434451     
 -0.49218798670671549      , -0.54778643087851842      , -0.21204493240616626     
 -0.55067285945320965      , -0.54867180518917957      , -0.25147893945101157     
 -0.60139048442748066      , -0.55184942003972071      , -0.28738176978518815     
 -0.63565937241027204      , -0.55746948611134617      , -0.32034758760914694     
 -0.65190289571964788      , -0.56563819546380900      , -0.35092779030212551     
 -0.65544465279816566      , -0.57643054706452279      , -0.37963102752785310     
 -0.65582717657361322      , -0.58990027587016369      , -0.40692444907360542     
 -0.66295668636203642      , -0.60608733244994850      , -0.43323577496980942     
 -0.68372323530600598      , -0.62502327145361625      , -0.45895586375767139     
 -0.72024370435667739      , -0.64673482781757508      , -0.48444152011735980     
 -0.76996745588870297      , -0.67124588940194041      , -0.51001833407320762     
 -0.82722568212360459      , -0.69857801281065290      , -0.53598338297267722     
 -0.88552516636960477      , -0.72874957445346822      , -0.56260765637729260     
 -0.93978016141263732      , -0.76177360083665890      , -0.59013808461061679     
 -0.98773299006580118      , -0.79765428065106081      , -0.61879906548882424     
  -1.0301546916213595      , -0.83638212735544426      , -0.64879339212775489     
  -1.0699526574241274      , -0.87792773658273071      , -0.68030248910997815     
  -1.1107359709997731      , -0.92223407105529098      , -0.71348586628439714     
  -1.1554757530050757      , -0.96920721151846778      , -0.74847970091958682     
  -1.2056892240030630      ,  -1.0187055419305131      , -0.78539446213172392     
  -1.2612715065704418      ,  -1.0705273990196120      , -0.82431149933192061     
  -1.3208566029962616      ,  -1.1243973202013882      , -0.86527853247538133     
  -1.3824569288896345      ,  -1.1799511806106666      , -0.90830401053099619     
  -1.4441005264403970      ,  -1.2367207301277516      , -0.95335035097060483     
  -1.5042452566596693      ,  -1.2941183324021865      ,  -1.0003261428697443     
  -1.5618798925371300      ,  -1.3514230708375985      ,  -1.0490774950421622     
  -1.6163685829717689      ,  -1.4077698097463391      ,  -1.0993788430539364     
  -1.6671866405750233      ,  -1.4621432513207209      ,  -1.1509236968342043     
  -1.7136967556258029      ,  -1.5133794522476787      ,  -1.2033160107705185     
  -1.7550481654853509      ,  -1.5601775654106953      ,  -1.2560630796131806     
  -1.7901992336928199      ,  -1.6011246243680743      ,  -1.3085710842048905     
  -1.8180088408017017      ,  -1.6347358360637099      ,  -1.3601445955361895     
  -1.8373293300521358      ,  -1.6595119318158782      ,  -1.4099914444430315     
  -1.8470546829781613      ,  -1.6740135290221811      ,  -1.4572343171030444     
  -1.8461113222046961      ,  -1.6769501584963395      ,  -1.5009301808173732     
  -1.8334069560655202      ,  -1.6672787674971616      ,  -1.5400981306903612     
  -1.8077682949011629      ,  -1.6443034919369328      ,  -1.5737554593945751     
  -1.7679054103810119      ,  -1.6077659040101648      ,  -1.6009607280829263     
  -1.7124466466001429      ,  -1.5579135285661139      ,  -1.6208614663653091     
  -1.6400964546161272      ,  -1.4955348932514001      ,  -1.6327430334951276     
  -1.5499716446581129      ,  -1.4219521617279289      ,  -1.6360743587605571     
  -1.4421462976713191      ,  -1.3389674036710908      ,  -1.6305459717501778     
  -1.3183460911424079      ,  -1.2487650483012311      ,  -1.6160960912620492     
  -1.1825566357540318      ,  -1.1537797725597216      ,  -1.5929215969596866     
  -1.0411074016750237      ,  -1.0565444878607058      ,  -1.5614723340519292     
 -0.90178782766436072      , -0.95953593668434656      ,  -1.5224291288345679     
 -0.77203460853901440      , -0.86503506073693992      ,  -1.4766677720079291     
 -0.65703282564328536      , -0.77501596540308193      ,  -1.4252127180413876     
 -0.55881534382955689      , -0.69107193118611820      ,  -1.3691851115140485     
 -0.47667157630429147      , -0.61438085835291323      ,  -1.3097498964083438     
 -0.40828436595787815      , -0.54570708471447615      ,  -1.2480662595137457     
 -0.35088028183416381      , -0.48543260907053182      ,  -1.1852446890097597     
 -0.30204212385582307      , -0.43360875900124374      ,  -1.1223127313895014     
 -0.26013397695016738      , -0.39001913247825576      ,  -1.0601903307828902     
 -0.22440204585885323      , -0.35424575937535829      , -0.99967460534226515     
 -0.19484035198410915      , -0.32573229227028422      , -0.94143315192369736     
 -0.17191583285671155      , -0.30384011645547843      , -0.88600449845689855     
 -0.15624261065485806      , -0.28789518263124692      , -0.83380411625177198     
 -0.14827879668673197      , -0.27722489743748402      , -0.78513440532441636     
 -0.14809690914977480      , -0.27118548665555725      , -0.74019720831002611     
 -0.15525877122174983      , -0.26918090226847574      , -0.69910763092864081     
 -0.16880980835468890      , -0.27067465841662991      , -0.66190819981108051     
 -0.18739180726389973      , -0.27519604925744096      , -0.62858263694646577     
 -0.20945275478811459      , -0.28234211350831079      , -0.59906875283833150     
 -0.23350848160255114      , -0.29177653783712260      , -0.57327014725614533     
 -0.25839211850986199      , -0.30322648557970211      , -0.55106655451075470     
 -0.28342518337884731      , -0.31647813139018632      , -0.53232278152552437     
 -0.30846430225072541      , -0.33137149483996187      , -0.51689626622335638     
 -0.33381508522898301      , -0.34779500501769461      , -0.50464333648177084     
 -0.36004550303442290      , -0.36568009573819377      , -0.49542428169247349     
 -0.38775981167393758      , -0.38499602525408183      , -0.48910736481874190     
 -0.41740127484663636      , -0.40574503181382809      , -0.48557190700941305     
 -0.44913726624433625      , -0.42795787285999853      , -0.48471057270616202     
 -0.48285067699864859      , -0.45168974702394493      , -0.48643097339798735     
 -0.51822725192067010      , -0.47701656066061776      , -0.49065669468592232     
 -0.55490002345847833      , -0.50403147131716031      , -0.49732783551610799     
 -0.59259769434454745      , -0.53284161661660823      , -0.50640113126787600     
 -0.63124764099761577      , -0.56356491644376672      , -0.51784971444532857     
 -0.67100419157479307      , -0.59632681739133375      , -0.53166254835454352     
 -0.71220112871522323      , -0.63125682995497168      , -0.54784355050508726     
 -0.75525314259210807      , -0.66848469021474177      , -0.56641040358499717     
 -0.80054499257445810      , -0.70813595849571220      , -0.58739303269851206     
 -0.84834562183303197      , -0.75032684820996909      , -0.61083170811569854     
 -0.89877000658520101      , -0.79515806005460743      , -0.63677471314776146     
 -0.95179114473895887      , -0.84270738243510879      , -0.66527549721122536     
  -1.0072863701002588      , -0.89302081239096343      , -0.69638921528000819     
  -1.0650921693652644      , -0.94610195840523448      , -0.73016853783086644     
  -1.1250421633252241      ,  -1.0018995157737431      , -0.76665860183091661     
  -1.1869721660487811      ,  -1.0602926681694629      , -0.80589096597885568     
  -1.2506896575787363      ,  -1.1210743804092265      , -0.84787643615008990     
  -1.3159172484279820      ,  -1.1839327250420781      , -0.89259664507869874     
  -1.3822269441174675      ,  -1.2484306490633519      , -0.93999431056875693     
  -1.4489832141444570      ,  -1.3139849560736494      , -0.98996216730446873     
  -1.5153095059139208      ,  -1.3798457674096958      ,  -1.0423306780223585     
  -1.5800873012905061      ,  -1.4450783338110693      ,  -1.0968547897873986     
  -1.6419906644338957      ,  -1.5085497731547308      ,  -1.1532002176860552     
  -1.6995526067043889      ,  -1.5689240468697017      ,  -1.2109300134128256     
  -1.7512521522962026      ,  -1.6246691407812124      ,  -1.2694925020919510     
  -1.7956037133090865      ,  -1.6740808026929315      ,  -1.3282120238056812     
  -1.8312263466061005      ,  -1.7153270618634235      ,  -1.3862842519564700     
  -1.8568730492066010      ,  -1.7465168280709595      ,  -1.4427781088534570     
  -1.8714100260098014      ,  -1.7657938748848623      ,  -1.4966463657802502     
  -1.8737495453608231      ,  -1.7714543110066963      ,  -1.5467467920685003     
  -1.8627531454662836      ,  -1.7620813487078815      ,  -1.5918751048897211     
  -1.8371329402940300      ,  -1.7366862849086970      ,  -1.6308099101921392     
  -1.7953902144453298      ,  -1.6948400507549732      ,  -1.6623683407229719     
  -1.7358468558975306      ,  -1.6367767362150747      ,  -1.6854693344275800     
  -1.6568468804673151      ,  -1.5634504866980163      ,  -1.6991997322826975     
  -1.5572189118533097      ,  -1.4765310201841704      ,  -1.7028769857454698     
  -1.4370566676426713      ,  -1.3783307488594123      ,  -1.6961016460448777     
  -1.2987284237730767      ,  -1.2716669436537500      ,  -1.6787932562460715     
  -1.1477252487215761      ,  -1.1596733249467557      ,  -1.6512048610538417     
 -0.99261348607149669      ,  -1.0455842051320325      ,  -1.6139138845134358     
 -0.84340858715589939      , -0.93251858183882830      ,  -1.5677901395865363     
 -0.70867585129144017      , -0.82329035218042435      ,  -1.5139446234270537     
 -0.59304828081793282      , -0.72026464386512257      ,  -1.4536649478973556     
 -0.49676261601720462      , -0.62527101860698397      ,  -1.3883443792293637     
 -0.41703962582482490      , -0.53957446906770634      ,  -1.3194114175192606     
 -0.34997133687280402      , -0.46389691918436793      ,  -1.2482658107355322     
 -0.29196383884349619      , -0.39847670576091254      ,  -1.1762252245048130     
 -0.24052638802582024      , -0.34315158107041943      ,  -1.1044848893203174     
 -0.19451857626255298      , -0.29745160266351045      ,  -1.0340907775608119     
 -0.15401105453278346      , -0.26069089022894731      , -0.96592546022966486     
 -0.11990765896739539      , -0.23205059843253328      , -0.90070485909712150     
  -9.3467021787086796E-002 , -0.21064875873199193      , -0.83898363355433903     
  -7.5836671299819719E-002 , -0.19559537939723376      , -0.78116684156170324     
  -6.7674551766859881E-002 , -0.18603315816078411      , -0.72752567936784129     
  -6.8900140390254924E-002 , -0.18116536963129981      , -0.67821542530855661     
  -7.8600315151677272E-002 , -0.18027307394903186      , -0.63329409850843954     
  -9.5106254291533562E-002 , -0.18272393010137675      , -0.59274072934587274     
 -0.11624032755231020      , -0.18797475401396574      , -0.55647248585787767     
 -0.13969639889254182      , -0.19556967171577358      , -0.52436018980393284     
 -0.16347114252730446      , -0.20513537557731906      , -0.49624198298935779     
 -0.18623185762724498      , -0.21637465526718860      , -0.47193507244194055     
 -0.20751229446887035      , -0.22905907577723930      , -0.45124560031800964     
 -0.22767799809337397      , -0.24302142513539784      , -0.43397676066707219     
 -0.24767766933908750      , -0.25814835544495218      , -0.41993532984433485     
 -0.26866524276873349      , -0.27437348785925458      , -0.40893679872533489     
 -0.29161282657248017      , -0.29167113772052305      , -0.40080929976955437     
 -0.31702841416631278      , -0.31005073261561378      , -0.39539651574186374     
 -0.34485179515538411      , -0.32955193639568431      , -0.39255974355020584     
 -0.37454350279942766      , -0.35024045017466282      , -0.39217926911047751     
 -0.40532266432328029      , -0.37220443197803904      , -0.39415518944159794     
 -0.43646647880048400      , -0.39555145607950276      , -0.39840779768278439     
 -0.46756955185063670      , -0.42040591799337096      , -0.40487762625429907     
 -0.49868079115132868      , -0.44690677909479126      , -0.41352522341094500     
 -0.53028250150633061      , -0.47520553392195697      , -0.42433071913709575     
 -0.56313301743768795      , -0.50546427174952702      , -0.43729321766365337     
 -0.59803904575888067      , -0.53785369066681721      , -0.45243003565478301     
 -0.63564108412713394      , -0.57255090604011283      , -0.46977578700513067     
 -0.67628134656724403      , -0.60973687501055940      , -0.48938129681772835     
 -0.71998724742245290      , -0.64959323398722135      , -0.51131230806695893     
 -0.76656012806881890      , -0.69229831675282183      , -0.53564792425562802     
 -0.81572412123399030      , -0.73802208723464602      , -0.56247870966875946     
 -0.86727463309967567      , -0.78691968457225403      , -0.59190434535887448     
 -0.92117326479079953      , -0.83912324162272045      , -0.62403071376360286     
 -0.97756128812155185      , -0.89473160635231996      , -0.65896625826376010     
  -1.0366957526971834      , -0.95379757650101715      , -0.69681743709137578     
  -1.0988377941758696      ,  -1.0163122633497086      , -0.73768306581018306     
  -1.1641326235511504      ,  -1.0821862475180342      , -0.78164732251353786     
  -1.2325137528480332      ,  -1.1512273020640964      , -0.82877118020333218     
  -1.3036464461549711      ,  -1.2231146665016239      , -0.87908203927150175     
  -1.3769069201436182      ,  -1.2973701971690170      , -0.93256137033902720     
  -1.4513830760255344      ,  -1.3733272361202213      , -0.98913025796572596     
  -1.5258836691735014      ,  -1.4500987710790152      ,  -1.0486328760822481     
  -1.5989539224701699      ,  -1.5265474263521797      ,  -1.1108181454454200     
  -1.6689089626388485      ,  -1.6012610163540415      ,  -1.1753201399794371     
  -1.7339013976359978      ,  -1.6725387318242921      ,  -1.2416382341557344     
  -1.7920283462855144      ,  -1.7383943355206446      ,  -1.3091185144058646     
  -1.8414592781150978      ,  -1.7965837066088675      ,  -1.3769385845074287     
  -1.8805440854077724      ,  -1.8446642303873391      ,  -1.4440985090625240     
  -1.9078578317008583      ,  -1.8800923057294496      ,  -1.5094211411549825     
  -1.9221586742213761      ,  -1.9003620552261886      ,  -1.5715652975031595     
  -1.9222662503875207      ,  -1.9031827982302114      ,  -1.6290549666315841     
  -1.9068936721241265      ,  -1.8866851170226828      ,  -1.6803267568421569     
  -1.8744828645308937      ,  -1.8496363551116888      ,  -1.7237959816215145     
  -1.8231092721220514      ,  -1.7916380410675179      ,  -1.7579391792960299     
  -1.7505504120623512      ,  -1.7132726957006661      ,  -1.7813877595971110     
  -1.6546536244717371      ,  -1.6161684807156373      ,  -1.7930244250309093     
  -1.5341566140203344      ,  -1.5029588695350191      ,  -1.7920717886868647     
  -1.3900163589219208      ,  -1.3771305048812259      ,  -1.7781619623086107     
  -1.2269577555971953      ,  -1.2427725453127778      ,  -1.7513773102249932     
  -1.0543396310735869      ,  -1.1042599496768615      ,  -1.7122560386931081     
 -0.88495220962137000      , -0.96591582889212391      ,  -1.6617612036872165     
 -0.73113268730044867      , -0.83170052098099057      ,  -1.6012170039848961     
 -0.60021025379493032      , -0.70496700230654741      ,  -1.5322206851177955     
 -0.49279556344420006      , -0.58830656487150945      ,  -1.4565410779602899     
 -0.40470141082645028      , -0.48349030064061937      ,  -1.3760153333794944     
 -0.33009891518961343      , -0.39149578312941646      ,  -1.2924539848468182     
 -0.26385426248977950      , -0.31259772590773183      ,  -1.2075617072594529     
 -0.20267591653445466      , -0.24649732083023929      ,  -1.1228778477963137     
 -0.14538744650415092      , -0.19246644036208602      ,  -1.0397377047734631     
  -9.2634161940778087E-002 , -0.14948788969210711      , -0.95925310181428824     
  -4.6264034704441258E-002 , -0.11637925082458615      , -0.88230924416551371     
  -8.5944068973762208E-003 ,  -9.1893903499562668E-002 , -0.80957411805612767     
   1.8273906814954256E-002 ,  -7.4797586472046762E-002 , -0.74151662997261869     
   3.3007769450003312E-002 ,  -6.3922072050415557E-002 , -0.67843005825751912     
   3.5423932074968793E-002 ,  -5.8199293618304448E-002 , -0.62045799615403852     
   2.6674856941890489E-002 ,  -5.6679925827361408E-002 , -0.56762064194083117     
   9.1925159726459309E-003 ,  -5.8540348368154201E-002 , -0.51983993214592517     
  -1.3652789349431723E-002 ,  -6.3081452805168317E-002 , -0.47696256091195804     
  -3.8164097394290171E-002 ,  -6.9722116155089525E-002 , -0.43878036149152644     
  -6.1080856159310158E-002 ,  -7.7989515728857151E-002 , -0.40504784664213661     
  -8.0278612643794170E-002 ,  -8.7507878633341765E-002 , -0.37549692761449566     
  -9.5173987361068219E-002 ,  -9.7986779594274140E-002 , -0.34984897538591037     
 -0.10669296902539993      , -0.10920972673848564      , -0.32782447175601614     
 -0.11681521162739059      , -0.12102349597512529      , -0.30915053859972014     
 -0.12785218396129941      , -0.13332847406205278      , -0.29356664452594172     
 -0.14169418350305238      , -0.14607013108359065      , -0.28082877981958682     
 -0.15925295591665983      , -0.15923164952925400      , -0.27071237047079422     
 -0.18025115121585483      , -0.17282767687931797      , -0.26301417569665608     
 -0.20339956720312680      , -0.18689913183338283      , -0.25755338429269542     
 -0.22688775480975193      , -0.20150897378470639      , -0.25417209580375427     
 -0.24901983644177464      , -0.21673883553326737      , -0.25273534436015060     
 -0.26878374130984917      , -0.23268641671678922      , -0.25313079693558804     
 -0.28616883041152819      , -0.24946353727361886      , -0.25526823416466127     
 -0.30213869073261646      , -0.26719475444867991      , -0.25907890083227025     
 -0.31828841686825848      , -0.28601645195124986      , -0.26451479464037853     
 -0.33632180402879125      , -0.30607631475629160      , -0.27154794566341145     
 -0.35753526736698843      , -0.32753310681370912      , -0.28016972472774587     
 -0.38247807176662840      , -0.35055667081892139      , -0.29039020643681313     
 -0.41088613352823561      , -0.37532806847835753      , -0.30223760130804356     
 -0.44188971813271594      , -0.40203977563750370      , -0.31575776104721937     
 -0.47440630699605291      , -0.43089583842782897      , -0.33101375087482215     
 -0.50757472406570947      , -0.46211188333042980      , -0.34808547250654798     
 -0.54108139839325076      , -0.49591485471487706      , -0.36706931029059908     
 -0.57527594803218085      , -0.53254232681396518      , -0.38807776046718501     
 -0.61105421385590664      , -0.57224120193494643      , -0.41123898881699250     
 -0.64957111094071518      , -0.61526556162170254      , -0.43669624430404413     
 -0.69190042311452538      , -0.66187338119341854      , -0.46460703482419996     
 -0.73876486903612049      , -0.71232174967747208      , -0.49514194493394065     
 -0.79042002740171824      , -0.76686015654029704      , -0.52848294357277537     
 -0.84671044862707656      , -0.82572131529877424      , -0.56482099157809673     
 -0.90725214114334651      , -0.88910889631946843      , -0.60435271386681955     
 -0.97165472783043350      , -0.95718144561732144      , -0.64727584989268017     
  -1.0396907263703969      ,  -1.0300316888973573      , -0.69378314002236041     
  -1.1113476022492714      ,  -1.1076603862467747      , -0.74405424852281254     
  -1.1867467267605170      ,  -1.1899439527310121      , -0.79824527282869806     
  -1.2659608056736351      ,  -1.2765952520927344      , -0.85647535524582685     
  -1.3487892969607045      ,  -1.3671173852263221      , -0.91880991527361622     
  -1.4345541846388477      ,  -1.4607510350535038      , -0.98524008462433921     
  -1.5219648114384241      ,  -1.5564171138177354      ,  -1.0556580887928402     
  -1.6090841638837794      ,  -1.6526582029154728      ,  -1.1298286242713289     
  -1.6934162799785835      ,  -1.7475846497656911      ,  -1.2073567810173433     
  -1.7721174430995925      ,  -1.8388341462472721      ,  -1.2876538045436170     
  -1.8422995314167028      ,  -1.9235568958115867      ,  -1.3699030094540989     
  -1.9013464011695500      ,  -1.9984414754470683      ,  -1.4530294256971485     
  -1.9471358217316233      ,  -2.0597981597360326      ,  -1.5356781714554506     
  -1.9780837354131695      ,  -2.1037152903137084      ,  -1.6162078635177315     
  -1.9929964595574694      ,  -2.1262985059202357      ,  -1.6927062008074754     
  -1.9907836955752998      ,  -2.1239908924464261      ,  -1.7630346532475247     
  -1.9701175198856302      ,  -2.0939542405694795      ,  -1.8249073791125396     
  -1.9291297214782626      ,  -2.0344698460352229      ,  -1.8760056647451384     
  -1.8652574004865985      ,  -1.9452969176045305      ,  -1.9141233645507050     
  -1.7754039197402425      ,  -1.8279153874829066      ,  -1.9373317682185185     
  -1.6566673856422369      ,  -1.6855855241203963      ,  -1.9441455890870691     
  -1.5078943157825260      ,  -1.5231832073349167      ,  -1.9336674312105187     
  -1.3320118449370812      ,  -1.3468136481388202      ,  -1.9056880830014979     
  -1.1382734785986071      ,  -1.1632561703974931      ,  -1.8607252165892612     
 -0.94238953706372808      , -0.97933229922058140      ,  -1.7999928104286804     
 -0.76219047361685877      , -0.80130503042066714      ,  -1.7253055011865772     
 -0.60976314979845536      , -0.63440384938197447      ,  -1.6389329214769353     
 -0.48658712831815409      , -0.48253394132337513      ,  -1.5434260887480573     
 -0.38599038911910732      , -0.34818283590830196      ,  -1.4414396800717835     
 -0.29890864345804136      , -0.23249812814134732      ,  -1.3355709038006018     
 -0.21796160447757540      , -0.13548555971593074      ,  -1.2282293332833776     
 -0.13907670835708780      ,  -5.6269906219155272E-002 ,  -1.1215446562215881     
  -6.1615355231123874E-002 ,   6.6318975710786821E-003 ,  -1.0173126590833490     
   1.2318690854352068E-002 ,   5.5061524558877140E-002 , -0.91697499538263172     
   7.8971332389231486E-002 ,   9.1014157251776917E-002 , -0.82162566727776609     
  0.13409366823769725      ,  0.11648438835860699      , -0.73203639435533829     
  0.17395076309666568      ,  0.13336077817771405      , -0.64869359043157415     
  0.19614027285065641      ,  0.14336166147433382      , -0.57184093095123456     
  0.20024642592725006      ,  0.14800295290998974      , -0.50152299788620158     
  0.18827990362207797      ,  0.14858893126008563      , -0.43762692591034791     
  0.16472165613146975      ,  0.14621829166196354      , -0.37992018122204974     
  0.13594024544875194      ,  0.14179943589764171      , -0.32808352909402183     
  0.10890678831459946      ,  0.13607060347492927      , -0.28173890008174274     
   8.9478071454278635E-002 ,  0.12962183015824019      , -0.24047229154001515     
   8.0841027399835397E-002 ,  0.12291679566143585      , -0.20385209363802392     
   8.2739201768867288E-002 ,  0.11631340530896644      , -0.17144335712803233     
   9.1790830755767994E-002 ,  0.11008249150981247      , -0.14281856471464840     
  0.10277038337929356      ,  0.10442437711713656      , -0.11756546009112379     
  0.11038987811542675      ,   9.9483265975480822E-002 ,  -9.5292450698742537E-002
  0.11098944317290713      ,   9.5359557810579046E-002 ,  -7.5632046969053610E-002
  0.10362611794816327      ,   9.2120256097234787E-002 ,  -5.8242741815565935E-002
   9.0261814116400274E-002 ,   8.9807670522331809E-002 ,  -4.2809675278040152E-002
   7.5018277231835406E-002 ,   8.8446624947945987E-002 ,  -2.9044373790967137E-002
   6.2748747481715356E-002 ,   8.8050377067792895E-002 ,  -1.6683803224649796E-002
   5.7410096592141246E-002 ,   8.8625443418063860E-002 ,  -5.4889303017962065E-003
   6.0792815773837931E-002 ,   9.0175506903978228E-002 ,   4.7570517042281801E-003
   7.2022807950716333E-002 ,   9.2704565893845861E-002 ,   1.4250710197358178E-002
   8.7963082472770598E-002 ,   9.6219465629758111E-002 ,   2.3170478593267770E-002
  0.10434125871923712      ,  0.10073193503900983      ,   3.1678808289697137E-002
  0.11720179898147681      ,  0.10626023546901686      ,   3.9924315065625528E-002
  0.12419224199452300      ,  0.11283051264599034      ,   4.8043883403733036E-002
  0.12526957388492227      ,  0.12047792935848968      ,   5.6164704860415256E-002
  0.12262162620333318      ,  0.12924764397219127      ,   6.4406236612651963E-002
  0.11986132147466511      ,  0.13919568879702723      ,   7.2882074089193616E-002
  0.12078913540179449      ,  0.15038979239713457      ,   8.1701737491125151E-002
  0.12815508137182208      ,  0.16291018095003260      ,   9.0972376317400280E-002
  0.14283155647289886      ,  0.17685038546522014      ,  0.10080039897459114     
  0.16364620199741503      ,  0.19231807375030874      ,  0.11129303635303416     
  0.18789483993487535      ,  0.20943591808758993      ,  0.12255984902471209     
  0.21233720481331922      ,  0.22834250119983526      ,  0.13471418753482758     
  0.23432983373646896      ,  0.24919325368583059      ,  0.14787461413054032     
  0.25271504963637459      ,  0.27216140501006614      ,  0.16216629213985403     
  0.26817825515670951      ,  0.29743891648856235      ,  0.17772234594660688     
  0.28297559155389901      ,  0.32523734746483168      ,  0.19468518987864572     
  0.30015308855704770      ,  0.35578858369275485      ,  0.21320781800241143     
  0.32254980141825668      ,  0.38934532818804513      ,  0.23345503833546014     
  0.35193761208853219      ,  0.42618121744158366      ,  0.25560462372991749     
  0.38858019831459450      ,  0.46659037743175252      ,  0.27984833683908750     
  0.43133205422600546      ,  0.51088617139247883      ,  0.30639276713294245     
  0.47821205264671784      ,  0.55939881143258230      ,  0.33545989260639347     
  0.52723182860564455      ,  0.61247140525082377      ,  0.36728724609690205     
  0.57717880423707046      ,  0.67045388387585647      ,  0.40212752422049775     
  0.62807622488473991      ,  0.73369410400377422      ,  0.44024742390437027     
  0.68116936651980942      ,  0.80252523878664739      ,  0.48192542541007199     
  0.73847427847490243      ,  0.87724836805713469      ,  0.52744816004763362     
  0.80209342667670080      ,  0.95810896533412482      ,  0.57710490493869326     
  0.87357489397620280      ,   1.0452657805728223      ,  0.63117963775002872     
  0.95354016973717126      ,   1.1387504820354777      ,  0.68993996663175328     
   1.0416646727516294      ,   1.2384164273482181      ,  0.75362213632406572     
   1.1369344098467498      ,   1.3438752066554114      ,  0.82241122208398265     
   1.2379871568005978      ,   1.4544203201472676      ,  0.89641559472431365     
   1.3433208585609782      ,   1.5689387609178072      ,  0.97563482829485038     
   1.4512318444471313      ,   1.6858136658766292      ,   1.0599205065801458     
   1.5595105808390757      ,   1.8028248692118054      ,   1.1489299706560232     
   1.6651074426494512      ,   1.9170593339240956      ,   1.2420740599845279     
   1.7640774501056771      ,   2.0248499264203508      ,   1.3384614507544750     
   1.8520049386743125      ,   2.1217681005363196      ,   1.4368443490931841     
   1.9247861161244961      ,   2.2027020523138305      ,   1.5355729780716709     
   1.9793357458499725      ,   2.2620538223631388      ,   1.6325691829374855     
   2.0138018418391588      ,   2.2940825631095625      ,   1.7253318865775926     
   2.0272142414871448      ,   2.2934025096515773      ,   1.8109879719485740     
   2.0188050105640842      ,   2.2556108582566328      ,   1.8864000927656583     
   1.9873008794826605      ,   2.1779756365249536      ,   1.9483366994347122     
   1.9304106367124281      ,   2.0600674067786091      ,   1.9936988387326597     
   1.8446997115426640      ,   1.9041894755754216      ,   2.0197843039439829     
   1.7261297267469489      ,   1.7154692943814802      ,   2.0245557812127513     
   1.5716467816565074      ,   1.5015302430138926      ,   2.0068705581414674     
   1.3820247805397399      ,   1.2717598040209583      ,   1.9666297015238157     
   1.1653337563556572      ,   1.0362971825751546      ,   1.9048163682796677     
  0.93880880549207080      ,  0.80493991239132967      ,   1.8234138682300103     
  0.72518672898817216      ,  0.58618396610125834      ,   1.7252181534258575     
  0.54197501083952049      ,  0.38656124625243360      ,   1.6135790714816123     
  0.39249316912724980      ,  0.21034630813473335      ,   1.4921143988777912     
  0.26859438976431083      ,   5.9608695163686748E-002 ,   1.3644388805009304     
  0.15946242983373504      ,  -6.5479933137011226E-002 ,   1.2339398472094227     
   5.7219400876790533E-002 , -0.16620055027530495      ,   1.1036162944159156     
  -4.1558335571130270E-002 , -0.24481000764352695      ,  0.97598429919751772     
 -0.13622017025341696      , -0.30410886996064257      ,  0.85304136147876719     
 -0.22315289756201565      , -0.34709476490187574      ,  0.73627664433751827     
 -0.29714278330779881      , -0.37671289195006802      ,  0.62671257737338548     
 -0.35276782993450223      , -0.39569614814294074      ,  0.52496455981118595     
 -0.38578937759418530      , -0.40647782964416257      ,  0.43130818574931273     
 -0.39456422476874986      , -0.41115746707718875      ,  0.34574645755035577     
 -0.38130542000702317      , -0.41150210621487715      ,  0.26807221390270930     
 -0.35267918716125668      , -0.40896890310199524      ,  0.19792318892810590     
 -0.31904191613807487      , -0.40473875859198022      ,  0.13482868670199558     
 -0.29199255559319359      , -0.39975409662649936      ,   7.8247876867343358E-002
 -0.28089957474550853      , -0.39475651542952789      ,   2.7600314319150377E-002
 -0.28991555052621659      , -0.39032191242298492      ,  -1.7710416716385423E-002
 -0.31683402061353166      , -0.38689192741735651      ,  -5.8278932325788971E-002
 -0.35417860432893949      , -0.38480132170628584      ,  -9.4685166360762144E-002
 -0.39200282749600901      , -0.38430135678688487      , -0.12748546907213734     
 -0.42135898151438994      , -0.38557946906189577      , -0.15720688788408219     
 -0.43723938149740726      , -0.38877563790933228      , -0.18434394603443194     
 -0.44002409497550066      , -0.39399586905819672      , -0.20935734501658584     
 -0.43500427074581111      , -0.40132319833040991      , -0.23267411661505247     
 -0.43022462608564044      , -0.41082658358391927      , -0.25468883757681537     
 -0.43352222981396604      , -0.42256800707019559      , -0.27576559431625691     
 -0.44992515780037839      , -0.43660806267782115      , -0.29624044721241904     
 -0.48029719716534935      , -0.45301025559336150      , -0.31642419513785502     
 -0.52150561209390722      , -0.47184419680003337      , -0.33660528206910106     
 -0.56786170212313958      , -0.49318783156868379      , -0.35705272011539529     
 -0.61326005123167160      , -0.51712879917563415      , -0.37801892807114496     
 -0.65326850110829093      , -0.54376497977004823      , -0.39974240249018106     
 -0.68645152917098662      , -0.57320424278403181      , -0.42245014997122587     
 -0.71451574018752184      , -0.60556336871600913      , -0.44635981535506558     
 -0.74134784654921537      , -0.64096607180850518      , -0.47168144125200534     
 -0.77143883869981777      , -0.67954000459510544      , -0.49861879002709569     
 -0.80835262982547462      , -0.72141257642418488      , -0.52737015029433365     
 -0.85376310159235036      , -0.76670536747726248      , -0.55812853633776005     
 -0.90727690857865140      , -0.81552686917319506      , -0.59108117101442681     
 -0.96695498112883227      , -0.86796323453109814      , -0.62640812116689004     
  -1.0302408864371002      , -0.92406668383501045      , -0.66427993038313904     
  -1.0949176940669838      , -0.98384119101453216      , -0.70485406880495360     
  -1.1597509131242809      ,  -1.0472250883707017      , -0.74826999640014280     
  -1.2246298737734365      ,  -1.1140702913966432      , -0.79464261903395428     
  -1.2902386362415754      ,  -1.1841179882630797      , -0.84405391227026083     
  -1.3574657716360297      ,  -1.2569708943107780      , -0.89654250528706636     
  -1.4268186219904773      ,  -1.3320625811600497      , -0.95209106900782137     
  -1.4980427648355890      ,  -1.4086249955284553      ,  -1.0106114543405447     
  -1.5700254878376456      ,  -1.4856561204709910      ,  -1.0719276969676881     
  -1.6409491908984035      ,  -1.5618908147046162      ,  -1.1357572641826892     
  -1.7085910306697449      ,  -1.6357791596741007      ,  -1.2016912837629112     
  -1.7706467433785160      ,  -1.7054780339848252      ,  -1.2691749722667758     
  -1.8249827134080379      ,  -1.7688628873783263      ,  -1.3374900584707226     
  -1.8697709325590806      ,  -1.8235674200729917      ,  -1.4057416326856329     
  -1.9035083661932581      ,  -1.8670585584756816      ,  -1.4728524544807782     
  -1.9249464989176142      ,  -1.8967521385750084      ,  -1.5375681751794532     
  -1.9329602928296634      ,  -1.9101705150628026      ,  -1.5984769812271005     
  -1.9263826643612543      ,  -1.9051366868038477      ,  -1.6540466183546458     
  -1.9038325669425902      ,  -1.8799909029060546      ,  -1.7026804229180070     
  -1.8635771154594674      ,  -1.8338064567641899      ,  -1.7427917898376235     
  -1.8034945261892490      ,  -1.7665738233804884      ,  -1.7728935811366489     
  -1.7212470797681958      ,  -1.6793193399910480      ,  -1.7916957382361516     
  -1.6148184206695215      ,  -1.5741287994909499      ,  -1.7982014834472844     
  -1.4835600709109689      ,  -1.4540585711738296      ,  -1.7917907942460058     
  -1.3297094436759127      ,  -1.3229355864692047      ,  -1.7722800115972297     
  -1.1598661459466237      ,  -1.1850684983651558      ,  -1.7399488134297523     
 -0.98523671868117035      ,  -1.0449098261764556      ,  -1.6955300711564372     
 -0.81927867127820631      , -0.90671780055009554      ,  -1.6401634518064443     
 -0.67300203619623211      , -0.77426443399857336      ,  -1.5753188259838156     
 -0.55106861250775030      , -0.65062418559314306      ,  -1.5026994293425207     
 -0.45169682978421377      , -0.53805960856055846      ,  -1.4241365517228026     
 -0.36952902118536424      , -0.43800192017994610      ,  -1.3414871510683963     
 -0.29868005735868414      , -0.35111004356225739      ,  -1.2565436330226010     
 -0.23460145216347422      , -0.27738372851379317      ,  -1.1709618668190174     
 -0.17483187463806857      , -0.21630490680726164      ,  -1.0862101432000582     
 -0.11899904384336005      , -0.16698485479310698      ,  -1.0035388660824414     
  -6.8353365887475315E-002 , -0.12830075441590932      , -0.92396866930221366     
  -2.5064024781634990E-002 ,  -9.9011800828282467E-002 , -0.84829344980179178     
   8.5239591552078234E-003 ,  -7.7850703932708876E-002 , -0.77709439787087953     
   3.0538172105574378E-002 ,  -6.3590613793592488E-002 , -0.71076127246323817     
   4.0072012122636225E-002 ,  -5.5090083998159803E-002 , -0.64951768650273467     
   3.7496451232456679E-002 ,  -5.1319928652182122E-002 , -0.59344783846858606     
   2.4554591351575762E-002 ,  -5.1376111790610725E-002 , -0.54252281249798806     
   4.1869144272893254E-003 ,  -5.4482506497482014E-002 , -0.49662518528688282     
  -1.9941058003112553E-002 ,  -5.9986771525834218E-002 , -0.45557118450738321     
  -4.4152844420471016E-002 ,  -6.7351918144290771E-002 , -0.41913003141958882     
  -6.5546959314705014E-002 ,  -7.6145498697450006E-002 , -0.38704037906701927     
  -8.2612597579457783E-002 ,  -8.6027798752510112E-002 , -0.35902394463510756     
  -9.5463060452337031E-002 ,  -9.6739974650656230E-002 , -0.33479655016284376     
 -0.10560464178204217      , -0.10809274326090544      , -0.31407684844854894     
 -0.11532372153644495      , -0.11995598579839001      , -0.29659303637498741     
 -0.12689950074352360      , -0.13224945471734162      , -0.28208785835243927     
 -0.14189101807661367      , -0.14493465480064185      , -0.27032218738771446     
 -0.16070496635192905      , -0.15800789211005009      , -0.26107744707156139     
 -0.18255360908207965      , -0.17149443591142843      , -0.25415710912940392     
 -0.20579309457337958      , -0.18544371031143450      , -0.24938747116086327     
 -0.22851975980550035      , -0.19992541770844602      , -0.24661788975310234     
 -0.24922380596120686      , -0.21502649063002746      , -0.24572061646105828     
 -0.26728424576569926      , -0.23084876878264615      , -0.24659035883437774     
 -0.28314795909690332      , -0.24750730180244249      , -0.24914366600070298     
 -0.29814972308977306      , -0.26512918355277493      , -0.25331821830752771     
 -0.31405528188815013      , -0.28385282959556735      , -0.25907208303752821     
 -0.33249860683096050      , -0.30382761469181757      , -0.26638298299531660     
 -0.35450739201886133      , -0.32521379106320952      , -0.27524761149537930     
 -0.38026572324105756      , -0.34818260996592526      , -0.28568101558953890     
 -0.40917307102942774      , -0.37291656820932029      , -0.29771605884614949     
 -0.44015821509519931      , -0.39960969688581727      , -0.31140296518496530     
 -0.47212653876369948      , -0.42846780097640164      , -0.32680893569513642     
 -0.50438224284969946      , -0.45970854475326928      , -0.34401782048743806     
 -0.53688464155776261      , -0.49356125796539929      , -0.36312981686817919     
 -0.57026384076578751      , -0.53026631045188799      , -0.38426115281641809     
 -0.60561106181849989      , -0.57007386672513005      , -0.40754370016543978     
 -0.64413761870846775      , -0.61324178576453203      , -0.43312444421807728     
 -0.68683418932277862      , -0.66003237338925247      , -0.46116471487057925     
 -0.73424749466986383      , -0.71070762410160104      , -0.49183905773979042     
 -0.78643606004179001      , -0.76552250598750449      , -0.52533359135827784     
 -0.84309571405581973      , -0.82471574748206744      , -0.56184365743896569     
 -0.90378569890577876      , -0.88849748268377926      , -0.60157052509409392     
 -0.96815699861153126      , -0.95703301110356997      , -0.64471685702333670     
  -1.0360932217469025      ,  -1.0304218440011301      , -0.69148058764199649     
  -1.1077148670027626      ,  -1.1086711689674305      , -0.74204680358594444     
  -1.1832514972394312      ,  -1.1916629079707703      , -0.79657716295425818     
  -1.2628300256969189      ,  -1.2791137317463777      , -0.85519635278332806     
  -1.3462451267791933      ,  -1.3705278083744008      , -0.91797508300500474     
  -1.4327696744739702      ,  -1.4651428133852800      , -0.98490917658624821     
  -1.5210427716946469      ,  -1.5618709377351614      ,  -1.0558944769156287     
  -1.6090563319173989      ,  -1.6592384213378226      ,  -1.1306976022292721     
  -1.6942534421786100      ,  -1.7553295920387670      ,  -1.2089230872994532     
  -1.7737417112068272      ,  -1.8477444638281029      ,  -1.2899782167765024     
  -1.8445952559409515      ,  -1.9335823784575716      ,  -1.3730379039287575     
  -1.9041710758446808      ,  -2.0094673378281551      ,  -1.4570132840711101     
  -1.9503327993072346      ,  -2.0716324741702135      ,  -1.5405291632885045     
  -1.9814954029140055      ,  -2.1160799622598705      ,  -1.6219168435451898     
  -1.9964737580419176      ,  -2.1388267571723301      ,  -1.6992297223010837     
  -1.9941880449087499      ,  -2.1362343452227091      ,  -1.7702888766971601     
  -1.9733135573673437      ,  -2.1054020599515408      ,  -1.8327639813947796     
  -1.9319700695217878      ,  -2.0445807668991480      ,  -1.8842909353405151     
  -1.8675636423619988      ,  -1.9535423966589387      ,  -1.9226215166584080     
  -1.7769523514780374      ,  -1.8338290488603362      ,  -1.9457930344686416     
  -1.6571947315641322      ,  -1.6888114028237018      ,  -1.9522989358118306     
  -1.5071434733910427      ,  -1.5235141097589926      ,  -1.9412368422279591     
  -1.3298290766346377      ,  -1.3442120210571691      ,  -1.9124105565793181     
  -1.1347339454248901      ,  -1.1578532144471796      ,  -1.8663681352799042     
 -0.93786854881439563      , -0.97140576902449882      ,  -1.8043683566136113     
 -0.75725525703019692      , -0.79124071353522030      ,  -1.7282803210774276     
 -0.60487640885547755      , -0.62264865754680543      ,  -1.6404321365977033     
 -0.48186768380451428      , -0.46954913069346166      ,  -1.5434317569348321     
 -0.38122833691335167      , -0.33440429339267902      ,  -1.4399846537350298     
 -0.29373576490481551      , -0.21830781663064763      ,  -1.3327295467317848     
 -0.21201783262124307      , -0.12119519779513725      ,  -1.2241066936955947     
 -0.13212028761395123      ,  -4.2115597683410992E-002 ,  -1.1162655197519116     
  -5.3576993808955850E-002 ,   2.0486709436646308E-002 ,  -1.0110115465697123     
   2.1329643389857392E-002 ,   6.8517777469615099E-002 , -0.90978775496973741     
   8.8695113116527446E-002 ,  0.10402626193743578      , -0.81368293448099915     
  0.14416620263957036      ,  0.12904874663052246      , -0.72345890814728753     
  0.18395766171686695      ,  0.14550507020936551      , -0.63958917068628618     
  0.20567963713478060      ,  0.15513562773870865      , -0.56230283043951657     
  0.20900495208879982      ,  0.15947093878374241      , -0.49162931722975295     
  0.19611763492529163      ,  0.15982416769303215      , -0.42744079806285401     
  0.17174300363561823      ,  0.15729872395344635      , -0.36949047281843572     
  0.14251470890640197      ,  0.15280484568268940      , -0.31744585488358845     
  0.11560859055939132      ,  0.14708076104513482      , -0.27091679461893292     
   9.6946671808472315E-002 ,  0.14071543813105639      , -0.22947842460269577     
   8.9606701344427608E-002 ,  0.13417102251796589      , -0.19268945063371956     
   9.3078899187510111E-002 ,  0.12780384748378712      , -0.16010633292912446     
  0.10366694585899150      ,  0.12188343978152048      , -0.13129393972555115     
  0.11587171081790841      ,  0.11660929459036382      , -0.10583324203678925     
  0.12425814945514234      ,  0.11212541045637760      ,  -8.3326575815892520E-002
  0.12518860648338404      ,  0.10853270131855734      ,  -6.3400941043187109E-002
  0.11790050400878463      ,  0.10589946947631626      ,  -4.5709745725188280E-002
  0.10463318905697459      ,  0.10427015253733518      ,  -2.9933342086985087E-002
   8.9789386246252254E-002 ,  0.10367256371322282      ,  -1.5778645510833335E-002
   7.8411820444215338E-002 ,  0.10412383785823971      ,  -2.9780755577153233E-003
   7.4494348628828477E-002 ,  0.10563528140448651      ,   8.7119867305855848E-003
   7.9707395194402189E-002 ,  0.10821630655474181      ,   1.9513070123515407E-002
   9.2949667934768596E-002 ,  0.11187761099747581      ,   2.9626691293402192E-002
  0.11083297754538687      ,  0.11663374533339807      ,   3.9236545986113792E-002
  0.12889703953991719      ,  0.12250519210664432      ,   4.8510742915426050E-002
  0.14312498726525452      ,  0.12952006322130361      ,   5.7604029240280456E-002
  0.15124878139945677      ,  0.13771550677706540      ,   6.6659972083182917E-002
  0.15342498421081932      ,  0.14713890001021801      ,   7.5813073027227965E-002
  0.15208657089895683      ,  0.15784889200725963      ,   8.5190802334656729E-002
  0.15105326187455717      ,  0.16991634801598865      ,   9.4915547152699190E-002
  0.15422694843917800      ,  0.18342523629126711      ,  0.10510647354626416     
  0.16432851637524662      ,  0.19847348819084690      ,  0.11588130609579436     
  0.18209449842063996      ,  0.21517385232113451      ,  0.12735803123493067     
  0.20617056780434198      ,  0.23365475348327366      ,  0.13965653162546596     
  0.23369860692841035      ,  0.25406115644904970      ,  0.15290015875808619     
  0.26137450884277674      ,  0.27655542254615456      ,  0.16721724963564050     
  0.28660988946948335      ,  0.30131813284431563      ,  0.18274259076972924     
  0.30840573879308841      ,  0.32854883440907107      ,  0.19961882863850883     
  0.32765434409021083      ,  0.35846664439448767      ,  0.21799781994534886     
  0.34679164109125754      ,  0.39131061915952309      ,  0.23804190709181647     
  0.36895170175054548      ,  0.42733976025768178      ,  0.25992509369566286     
  0.39694422242549038      ,  0.46683248383084736      ,  0.28383408103491098     
  0.43241956980504348      ,  0.51008532201043177      ,  0.30996910807541045     
  0.47549332216160461      ,  0.55741055142552731      ,  0.33854451411498021     
  0.52492384592506103      ,  0.60913235169282998      ,  0.36978891269851522     
  0.57874452241195984      ,  0.66558098285394907      ,  0.40394482676344723     
  0.63510359978887954      ,  0.72708433304494668      ,  0.44126758626840140     
  0.69300009401651530      ,  0.79395602623684047      ,  0.48202322918040019     
  0.75265093176548581      ,  0.86647909879151963      ,  0.52648507335109662     
  0.81537561144435466      ,  0.94488406424180749      ,  0.57492854014299799     
  0.88308120552706282      ,   1.0293200115880103      ,  0.62762371220481183     
  0.95758094885752953      ,   1.1198172657769607      ,  0.68482500244872102     
   1.0400126375805545      ,   1.2162401498838087      ,  0.74675720953346603     
   1.1305335412246575      ,   1.3182286351005581      ,  0.81359715612049432     
   1.2283154254466457      ,   1.4251283035935616      ,  0.88545008151459337     
   1.3317263167610371      ,   1.5359092905780751      ,  0.96232003866968674     
   1.4385262397953891      ,   1.6490769691601981      ,   1.0440737963954980     
   1.5459505342043769      ,   1.7625803520093120      ,   1.1303982621456463     
   1.6506904584507449      ,   1.8737286770511576      ,   1.2207523257973252     
   1.7489276692816553      ,   1.9791323337539792      ,   1.3143153831750887     
   1.8366068632231629      ,   2.0746905761774594      ,   1.4099366878493840     
   1.9099598697680602      ,   2.1556539445227054      ,   1.5060920462594489     
   1.9660385598475938      ,   2.2167915023342668      ,   1.6008569537318578     
   2.0029329952336039      ,   2.2526884218042524      ,   1.6919075042317528     
   2.0195426111926804      ,   2.2581843870692953      ,   1.7765613825387028     
   2.0150270861419020      ,   2.2289354566246842      ,   1.8518697931255470     
   1.9881724879657536      ,   2.1620431645734275      ,   1.9147661847452768     
   1.9368819016336767      ,   2.0566529170936714      ,   1.9622686169821451     
   1.8579763073921873      ,   1.9143940614837531      ,   1.9917204286638490     
   1.7475576523233431      ,   1.7395340488428781      ,   2.0010411052933321     
   1.6022970718501186      ,   1.5387608201874197      ,   1.9889499507456627     
   1.4219288831852235      ,   1.3205875736851553      ,   1.9551235362441517     
   1.2125841132078130      ,   1.0944698721640391      ,   1.9002562817400708     
  0.98919511049556830      ,  0.86980197130440695      ,   1.8260108125278076     
  0.77343613148565249      ,  0.65498696600371087      ,   1.7348662255019947     
  0.58460368839469534      ,  0.45674402410833626      ,   1.6298915649064565     
  0.42954609877833183      ,  0.27974115223213653      ,   1.5144830970439576     
  0.30254277625119641      ,  0.12655500924438956      ,   1.3921050714225933     
  0.19320514361918428      ,  -2.1093609545281568E-003 ,   1.2660659784698975     
   9.2894880263939536E-002 , -0.10703999294361360      ,   1.1393497488246689     
  -2.9954434009008962E-003 , -0.19008160102014149      ,   1.0145082306768012     
  -9.5020293764245423E-002 , -0.25371953242299472      ,  0.89361081724419855     
 -0.18057146228312804      , -0.30073129688479561      ,  0.77824067797363217     
 -0.25512741820430690      , -0.33392454246025399      ,  0.66952453904332021     
 -0.31358582017119030      , -0.35596005720225277      ,  0.56818335328088643     
 -0.35158045488733164      , -0.36924698732802863      ,  0.47459326396003948     
 -0.36678774170675249      , -0.37589322082260024      ,  0.38884895656509771     
 -0.36013673095053816      , -0.37769423707262845      ,  0.31082411065795684     
 -0.33656786840972541      , -0.37614639022080093      ,  0.24022584882287670     
 -0.30475563920253607      , -0.37247398388673925      ,  0.17664171537082027     
 -0.27535713695770353      , -0.36766269850571237      ,  0.11957883348917736     
 -0.25806056692880797      , -0.36249455027626887      ,   6.8495581330194732E-002
 -0.25857835137445789      , -0.35758150586839088      ,   2.2826506073900316E-002
 -0.27693807520768171      , -0.35339622047587044      ,  -1.7998639778078043E-002
 -0.30776663525570902      , -0.35029923678836039      ,  -5.4540824849171811E-002
 -0.34237260392377189      , -0.34856251030891594      ,  -8.7341759806201569E-002
 -0.37181841477412364      , -0.34838942264384626      , -0.11691723052267909     
 -0.38990834661268770      , -0.34993159229674742      , -0.14375306250130479     
 -0.39510552879301930      , -0.35330285041969134      , -0.16830313786135651     
 -0.39078471202118220      , -0.35859075534454887      , -0.19098898192971681     
 -0.38379092465941556      , -0.36586599856871060      , -0.21220052210168877     
 -0.38187803112037638      , -0.37519002047089617      , -0.23229769598738090     
 -0.39102970134351178      , -0.38662111437854607      , -0.25161264904947012     
 -0.41364114719718259      , -0.40021925684407017      , -0.27045231471455861     
 -0.44808082756251522      , -0.41604986199587363      , -0.28910121329269922     
 -0.48960517783926666      , -0.43418661921318441      , -0.30782434099060302     
 -0.53220664853291555      , -0.45471353602796433      , -0.32687004780146445     
 -0.57073541316544019      , -0.47772627159494169      , -0.34647282392138790     
 -0.60256317152445094      , -0.50333280959024207      , -0.36685592925790400     
 -0.62823533684626387      , -0.53165348217388397      , -0.38823381009042951     
 -0.65096147726925158      , -0.56282031778690689      , -0.41081425140154459     
 -0.67524839632932032      , -0.59697564414214421      , -0.43480021307211597     
 -0.70527424108641690      , -0.63426983296738892      , -0.46039129315319621     
 -0.74361375533726326      , -0.67485802422642949      , -0.48778475182937375     
 -0.79069275812031570      , -0.71889561443919947      , -0.51717601545449898     
 -0.84503130110874536      , -0.76653223684161209      , -0.54875856116675947     
 -0.90407123428842429      , -0.81790390218311593      , -0.58272305918769784     
 -0.96522903956083761      , -0.87312291159351063      , -0.61925562236534037     
  -1.0267808249905177      , -0.93226510369459192      , -0.65853498173058778     
  -1.0882842309743701      , -0.99535396770232754      , -0.70072837453749337     
  -1.1504485435104310      ,  -1.0623411591474730      , -0.74598590049483626     
  -1.2145904662724574      ,  -1.1330830190770358      , -0.79443307761640658     
  -1.2819478331406966      ,  -1.2073128544503686      , -0.84616131890993951     
  -1.3531166137896922      ,  -1.2846090303135032      , -0.90121606603373261     
  -1.4277658590157765      ,  -1.3643594057596606      , -0.95958237131782331     
  -1.5046493281835744      ,  -1.4457233725700702      ,  -1.0211678349887090     
  -1.5818313749304156      ,  -1.5275937779192856      ,  -1.0857830039380234     
  -1.6570015846212123      ,  -1.6085623533591964      ,  -1.1531196477268890     
  -1.7277660089774967      ,  -1.6868938939161400      ,  -1.2227277695525685     
  -1.7918539166786089      ,  -1.7605161903145281      ,  -1.2939927958138346     
  -1.8472342092470697      ,  -1.8270343129837907      ,  -1.3661151039794051     
  -1.8921627958503049      ,  -1.8837787772127064      ,  -1.4380948387112886     
  -1.9251756231690793      ,  -1.9278966816365157      ,  -1.5087257139824952     
  -1.9450250705940317      ,  -1.9564922881605553      ,  -1.5766020145148025     
  -1.9505549259549009      ,  -1.9668179842404507      ,  -1.6401430354681412     
  -1.9405247741758391      ,  -1.9565078935156675      ,  -1.6976384459203631     
  -1.9134175989818403      ,  -1.9238352622592316      ,  -1.7473162883833551     
  -1.8672895485853707      ,  -1.8679631247608479      ,  -1.7874324592804500     
  -1.7997554686953470      ,  -1.7891488963989355      ,  -1.8163767754887499     
  -1.7082552760437140      ,  -1.6888613174542515      ,  -1.8327867172578691     
  -1.5907929189435375      ,  -1.5697756537403367      ,  -1.8356565804305158     
  -1.4472924881771057      ,  -1.4356308657342878      ,  -1.8244281277482193     
  -1.2814146644693878      ,  -1.2909575812169940      ,  -1.7990497282333926     
  -1.1020113133369716      ,  -1.1407118013422741      ,  -1.7599946421626305     
 -0.92262066601438031      , -0.98986866166433762      ,  -1.7082349636031091     
 -0.75765749974548169      , -0.84303727905915227      ,  -1.6451744759519611     
 -0.61673874001019802      , -0.70414998917810345      ,  -1.5725497021054149     
