  0.56211847243882718      ,   2.1229450724483714      ,   1.4655193661558268     
   1.6109496421549510      ,   2.1929852415350255      ,   1.5610585270229873     
   2.1397800805910681      ,   2.2400776937172493      ,   1.6539053462152871     
   2.4240141778800544      ,   2.2589017442634218      ,   1.7415228812149708     
   2.4201467312077298      ,   2.2447042742917840      ,   1.8210630112943438     
   2.0868358141960837      ,   2.1939089102960634      ,   1.8894909061409448     
   1.7334164543400912      ,   2.1047402225179983      ,   1.9437656688917380     
   1.6360094118010418      ,   1.9777454803439807      ,   1.9810672081207392     
   1.5371822429291073      ,   1.8160821072783706      ,   1.9990464820024860     
   1.5533712623996447      ,   1.6254624622894605      ,   1.9960649989817625     
   1.3935200502767426      ,   1.4137129629515430      ,   1.9713841858516696     
   1.2552326435677592      ,   1.1899972664110152      ,   1.9252693066812612     
  0.97108126197047584      ,  0.96384218103004549      ,   1.8589865037522069     
  0.66632492917273345      ,  0.74415591195967179      ,   1.7746919444430655     
  0.42324747031062804      ,  0.53842131673974125      ,   1.6752329415465239     
  0.30712379560212777      ,  0.35218728446955988      ,   1.5638959838847664     
  0.15397038420876100      ,  0.18889565376218667      ,   1.4441420266186100     
  0.10642676717728317      ,   5.0001978019320249E-002 ,   1.3193650556489360     
   5.2615949884981923E-002 ,  -6.4700883798565631E-002 ,   1.1926989228874905     
  -2.1656206395962142E-002 , -0.15666063759309845      ,   1.0668841267543117     
  -8.5212661354549121E-002 , -0.22813426990100699      ,  0.94419438639734021     
 -0.16291389006697143      , -0.28180797976757588      ,  0.82641469034470127     
 -0.23638686485742072      , -0.32049834109380249      ,  0.71485843581946695     
 -0.27158119790825630      , -0.34694074961631782      ,  0.61041059040920653     
 -0.27143846809229644      , -0.36365620077566646      ,  0.51358530372947420     
 -0.29005810634707146      , -0.37288048745330526      ,  0.42458891988492709     
 -0.29892582579100313      , -0.37653861886822665      ,  0.34338204425120999     
 -0.30959296709164358      , -0.37624917459232166      ,  0.26973670639260389     
 -0.30902673892154575      , -0.37334652660465156      ,  0.20328652779630416     
 -0.32399718533664013      , -0.36891220776140959      ,  0.14356912745924336     
 -0.30863868576269604      , -0.36380958762195265      ,   9.0060855130340983E-002
 -0.32224783297774628      , -0.35871823902491112      ,   4.2204439621893741E-002
 -0.32901921845339560      , -0.35416596004674755      ,  -5.6961569239652996E-004
 -0.34546725385133359      , -0.35055746826940914      ,  -3.8826978221081797E-002
 -0.35013819415820002      , -0.34819944144875398      ,  -7.3117879548269940E-002
 -0.37097215925776289      , -0.34732196114584557      , -0.10396913675487859     
 -0.36874802649282484      , -0.34809661831423416      , -0.13187907821838246     
 -0.37575136724616787      , -0.35065163044657438      , -0.15731475324318300     
 -0.38040651186892943      , -0.35508434474769440      , -0.18071090378070817     
 -0.39443536567257037      , -0.36147149037983400      , -0.20247026648446861     
 -0.40819790929352451      , -0.36987751301508459      , -0.22296485238673353     
 -0.42755339724124575      , -0.38036128702789984      , -0.24253791924495635     
 -0.44870219778861070      , -0.39298146021187508      , -0.26150640862046931     
 -0.46410830537099895      , -0.40780064560972051      , -0.28016366693359418     
 -0.48994910075365561      , -0.42488863596647064      , -0.29878230811027573     
 -0.51056258779680830      , -0.44432477860534586      , -0.31761710598075332     
 -0.54155225890501080      , -0.46619961183729980      , -0.33690782818834025     
 -0.56913473681943427      , -0.49061582772856122      , -0.35688194075595159     
 -0.60953959239300626      , -0.51768858938690709      , -0.37775712423213165     
 -0.63508909128061808      , -0.54754519301577265      , -0.39974354894277481     
 -0.67449614847542838      , -0.58032402491292434      , -0.42304585861538374     
 -0.70164871708315502      , -0.61617272046811900      , -0.44786480869756806     
 -0.74218501844370133      , -0.65524538527947807      , -0.47439849813077212     
 -0.77830699108158463      , -0.69769868729453444      , -0.50284312115890861     
 -0.83218426192048367      , -0.74368657348523226      , -0.53339314892254241     
 -0.88313316347237303      , -0.79335330605295495      , -0.56624082914757556     
 -0.94476875017098649      , -0.84682445416439756      , -0.60157486641105617     
  -1.0068825286530514      , -0.90419542278911047      , -0.63957811587315860     
  -1.0730693616813729      , -0.96551705894731876      , -0.68042409129601356     
  -1.1413891529348434      ,  -1.0307778612015503      , -0.72427205599499500     
  -1.2124775645385943      ,  -1.0998823509037625      , -0.77126043706710912     
  -1.2887265652087807      ,  -1.1726252724491224      , -0.82149828508863920     
  -1.3618024102851694      ,  -1.2486615134322572      , -0.87505450283288311     
  -1.4426958991662684      ,  -1.3274720230237296      , -0.93194460068929952     
  -1.5172048777014895      ,  -1.4083266142620134      , -0.99211482113025040     
  -1.5999400939334392      ,  -1.4902454189606513      ,  -1.0554236320282695     
  -1.6760042554461898      ,  -1.5719619618454443      ,  -1.1216208443547895     
  -1.7590808388204764      ,  -1.6518923291820697      ,  -1.1903249890188543     
  -1.8320805280533934      ,  -1.7281166388091584      ,  -1.2610001085055818     
  -1.9063787108138310      ,  -1.7983807511966154      ,  -1.3329337815139992     
  -1.9651752800124962      ,  -1.8601274883067285      ,  -1.4052189689836077     
  -2.0166615570481317      ,  -1.9105669316404634      ,  -1.4767430611370855     
  -2.0489311309012339      ,  -1.9467938643396794      ,  -1.5461881616983577     
  -2.0675757782875110      ,  -1.9659562972366709      ,  -1.6120469374818855     
  -2.0634745403862094      ,  -1.9654717519920386      ,  -1.6726580056065574     
  -2.0395083510429211      ,  -1.9432777608327523      ,  -1.7262635486630262     
  -1.9895636614536356      ,  -1.8980912374186156      ,  -1.7710894706649931     
  -1.9141926297306571      ,  -1.8296406962393050      ,  -1.8054450031124267     
  -1.8119870341425250      ,  -1.7388294866500131      ,  -1.8278346624583925     
  -1.6851242239374231      ,  -1.6277909378168240      ,  -1.8370716452890137     
  -1.5372822710933804      ,  -1.4998095542228083      ,  -1.8323791687938058     
  -1.3732944384476762      ,  -1.3591048903602743      ,  -1.8134659116009328     
  -1.2014350338527018      ,  -1.2105014823689850      ,  -1.7805641330966038     
  -1.0276526407760400      ,  -1.0590317642324893      ,  -1.7344240464755345     
 -0.86191981517525729      , -0.90953204853726333      ,  -1.6762645840380972     
 -0.70884007387720616      , -0.76629045839720311      ,  -1.6076872838821734     
 -0.57546888511911853      , -0.63279111119684861      ,  -1.5305650890616394     
 -0.46129155084314499      , -0.51157614327258938      ,  -1.4469203331926654     
 -0.36763979718137035      , -0.40422348056081997      ,  -1.3588058440310067     
 -0.28982372414594804      , -0.31141976406450217      ,  -1.2682004526181798     
 -0.22653033131926581      , -0.23309778801163680      ,  -1.1769262441082506     
 -0.17373981618232626      , -0.16860623877588951      ,  -1.0865906987991416     
 -0.13083083107567406      , -0.11688420726929609      , -0.99855328422125944     
  -9.5765289880863746E-002 ,  -7.6620826960369842E-002 , -0.91391352682143312     
  -6.8875474195752434E-002 ,  -4.6388750188870759E-002 , -0.83351620498294843     
  -4.9240269135168227E-002 ,  -2.4747247274474339E-002 , -0.75796889974055193     
  -3.7011918587198503E-002 ,  -1.0315729998428632E-002 , -0.68766743138630215     
  -3.1129390396792075E-002 ,  -1.8214478280048640E-003 , -0.62282540323619306     
  -3.0627210788822426E-002 ,   1.8736213420180853E-003 , -0.56350492439458066     
  -3.3903565224465360E-002 ,   1.7615356216361129E-003 , -0.50964642339749555     
  -3.9530334465861509E-002 ,  -1.3118115952818158E-003 , -0.46109619835676158     
  -4.6619554028633214E-002 ,  -6.6396574477651698E-003 , -0.41763093670120399     
  -5.4556706786313788E-002 ,  -1.3643028666461270E-002 , -0.37897887546563841     
  -6.3743621762783670E-002 ,  -2.1857230537399887E-002 , -0.34483757807297111     
  -7.4031751865601472E-002 ,  -3.0917647516997382E-002 , -0.31488850072089442     
  -8.5880390610456284E-002 ,  -4.0545828998756465E-002 , -0.28880863680281205     
  -9.8485948104670026E-002 ,  -5.0536458215814865E-002 , -0.26627958437632082     
 -0.11185989658584458      ,  -6.0745535952676205E-002 , -0.24699439830948178     
 -0.12491810538677470      ,  -7.1079928829461902E-002 , -0.23066257968419340     
 -0.13796598751933828      ,  -8.1488312368645233E-002 , -0.21701353068754367     
 -0.15039877150163133      ,  -9.1953464011745173E-002 , -0.20579877078846398     
 -0.16278609584600298      , -0.10248581711414667      , -0.19679317430099824     
 -0.17457188166586479      , -0.11311816375377477      , -0.18979545356896593     
 -0.18601779581860262      , -0.12390138486828309      , -0.18462807785078555     
 -0.19646482774183083      , -0.13490108585741281      , -0.18113678659492613     
 -0.20607821545003305      , -0.14619502096295234      , -0.17918982768631697     
 -0.21467532174910997      , -0.15787119815256992      , -0.17867702656820605     
 -0.22278152014881292      , -0.17002656630521587      , -0.17950877083502106     
 -0.23085363857903848      , -0.18276619714175962      , -0.18161497674609636     
 -0.23954624432624169      , -0.19620288481528092      , -0.18494408884528565     
 -0.24952645220471967      , -0.21045709584136973      , -0.18946215116338330     
 -0.26111724635258776      , -0.22565721072115474      , -0.19515197798646983     
 -0.27491567937982320      , -0.24194000588268194      , -0.20201244354666020     
 -0.29085927051456667      , -0.25945133017162558      , -0.21005790288735099     
 -0.30943623072667187      , -0.27834693379168085      , -0.21931775023200070     
 -0.33024415553939668      , -0.29879340902458551      , -0.22983611610438576     
 -0.35361557856131054      , -0.32096920087564484      , -0.24167169986552495     
 -0.37892893789419485      , -0.34506564151254326      , -0.25489772989084503     
 -0.40655143676405542      , -0.37128795436713680      , -0.26960203892761031     
 -0.43611391139469330      , -0.39985616123761175      , -0.28588723682235340     
 -0.46836612325917992      , -0.43100580761439661      , -0.30387095630563832     
 -0.50345187454985962      , -0.46498839643186035      , -0.32368613929883611     
 -0.54233999795940213      , -0.50207138687697239      , -0.34548132058916198     
 -0.58531022346541384      , -0.54253757078717313      , -0.36942085189663620     
 -0.63296399520487445      , -0.58668358224765382      , -0.39568499136519159     
 -0.68532228548127017      , -0.63481722373640304      , -0.42446976021377292     
 -0.74242705237220108      , -0.68725320205339335      , -0.45598643837758396     
 -0.80414711098463332      , -0.74430675725310036      , -0.49046053302116105     
 -0.87023604764492124      , -0.80628453708180048      , -0.52813000635325302     
 -0.94071496862903248      , -0.87347191981658512      , -0.56924249093951840     
  -1.0153181934040796      , -0.94611582648685610      , -0.61405115097201413     
  -1.0943582527700118      ,  -1.0244019038421510      , -0.66280876718600912     
  -1.1776479331718470      ,  -1.1084248294944457      , -0.71575953398672687     
  -1.2656600845871000      ,  -1.1981504370039850      , -0.77312796625371349     
  -1.3580543998532002      ,  -1.2933684551491871      , -0.83510423251032928     
  -1.4549187535314743      ,  -1.3936350120537007      , -0.90182518174023896     
  -1.5551969626468105      ,  -1.4982048238685792      , -0.97335034643113805     
  -1.6579817952600311      ,  -1.6059543643073384      ,  -1.0496323335922244     
  -1.7612339041723957      ,  -1.7152995155211928      ,  -1.1304813258783022     
  -1.8630236473344648      ,  -1.8241144286973070      ,  -1.2155239907546520     
  -1.9606239243151453      ,  -1.9296626473165661      ,  -1.3041580287422825     
  -2.0513754223879532      ,  -2.0285567510694142      ,  -1.3955049591156097     
  -2.1320000938346801      ,  -2.1167681279727408      ,  -1.4883655626288721     
  -2.1989612331017319      ,  -2.1897124730225968      ,  -1.5811845732323351     
  -2.2480801642171904      ,  -2.2424368401855683      ,  -1.6720334281675850     
  -2.2747252574612098      ,  -2.2699274515027903      ,  -1.7586215675428791     
  -2.2740229123258127      ,  -2.2675410704442771      ,  -1.8383470568267553     
  -2.2413077292376986      ,  -2.2315354793862863      ,  -1.9083951718011813     
  -2.1729727254872322      ,  -2.1596393728573404      ,  -1.9658881976733313     
  -2.0671355281762174      ,  -2.0515673608482117      ,  -2.0080809159886481     
  -1.9245291762728975      ,  -1.9093654042820782      ,  -2.0325851947350984     
  -1.7486079576465738      ,  -1.7374802521795818      ,  -2.0375963442642169     
  -1.5456169817880681      ,  -1.5424908645419049      ,  -2.0220870557072868     
  -1.3239536463673853      ,  -1.3325138890316865      ,  -1.9859351503616736     
  -1.0938909809398805      ,  -1.1163770895205816      ,  -1.9299604824015189     
 -0.86673531712534335      , -0.90271463970216792      ,  -1.8558625427495614     
 -0.65385159922409386      , -0.69915333805288005      ,  -1.7660691607004873     
 -0.46465697423033575      , -0.51172455627362157      ,  -1.6635226118661581     
 -0.30459747288117361      , -0.34456902251457822      ,  -1.5514380456062040     
 -0.17375889682582343      , -0.19992742058226354      ,  -1.4330689555593126     
  -6.7934077901168510E-002 ,  -7.8353635495356427E-002 ,  -1.3115070018535810     
   1.8539377411184551E-002 ,   2.0938678205007655E-002 ,  -1.1895322925370455     
   9.0016741576398079E-002 ,   9.9683331970804839E-002 ,  -1.0695188846258392     
  0.14863334559635252      ,  0.16018938887226788      , -0.95339135265482711     
  0.19503226741205548      ,  0.20502955102225520      , -0.84262287340932207     
  0.22936270458939628      ,  0.23680505324691808      , -0.73826321303702513     
  0.25183563649137652      ,  0.25798571518553559      , -0.64098540203572851     
  0.26312605213334955      ,  0.27081406721431378      , -0.55114169936627055     
  0.26480810667280991      ,  0.27725876812910116      , -0.46882179683512121     
  0.25926731306135931      ,  0.27900274777112255      , -0.39390850780487019     
  0.24939896302662454      ,  0.27745373025931797      , -0.32612810965688144     
  0.23812373223427502      ,  0.27376767687771925      , -0.26509396378805872     
  0.22775202381433038      ,  0.26887844999022875      , -0.21034304104239709     
  0.21926978508704659      ,  0.26352928555378896      , -0.16136561312245876     
  0.21240339106751127      ,  0.25830338361003830      , -0.11762872548202521     
  0.20621490695708344      ,  0.25365213339961845      ,  -7.8594230329419618E-002
  0.19994866141475262      ,  0.24992028571985089      ,  -4.3732198406493103E-002
  0.19356537099091409      ,  0.24736787928073103      ,  -1.2530495478973122E-002
  0.18790386124591191      ,  0.24618901419420672      ,   1.5498761649762946E-002
  0.18412980513828833      ,  0.24652771658972086      ,   4.0815242249198726E-002
  0.18308199566059313      ,  0.24849120507191619      ,   6.3848395057936713E-002
  0.18495732993519109      ,  0.25216088680275600      ,   8.4996947291091016E-002
  0.18955210222484001      ,  0.25760140041147883      ,  0.10462953672164868     
  0.19664748182003070      ,  0.26486799812752337      ,  0.12308617297080882     
  0.20632221223871466      ,  0.27401252828755540      ,  0.14068028317307485     
  0.21894940325740145      ,  0.28508824596383264      ,  0.15770114704959190     
  0.23493663896349387      ,  0.29815364605313538      ,  0.17441656789863064     
  0.25443654454261272      ,  0.31327548066923111      ,  0.19107565995241765     
  0.27717331171821796      ,  0.33053109129916319      ,  0.20791165978693618     
  0.30255766357703973      ,  0.35001015569947541      ,  0.22514469075587282     
  0.32995401852281897      ,  0.37181591944846470      ,  0.24298442539145085     
  0.35900667401294117      ,  0.39606595177792658      ,  0.26163260189036275     
  0.38972749486367142      ,  0.42289243397840254      ,  0.28128535757025835     
  0.42248555397479676      ,  0.45244195537173576      ,  0.30213534479742682     
  0.45780351125122681      ,  0.48487475552864823      ,  0.32437359347328226     
  0.49621720340485903      ,  0.52036331095555033      ,  0.34819107871969512     
  0.53816301856598414      ,  0.55909011875466963      ,  0.37377994279216353     
  0.58404649005631781      ,  0.60124447776365575      ,  0.40133430624077332     
  0.63422461579031353      ,  0.64701800872700355      ,  0.43105058462564538     
  0.68898162152814557      ,  0.69659858914627970      ,  0.46312720335904639     
  0.74842018084202333      ,  0.75016230682968776      ,  0.49776357426593426     
  0.81239907328280780      ,  0.80786296208517894      ,  0.53515816326300703     
  0.88052906153896482      ,  0.86981857845954313      ,  0.57550543970562862     
  0.95231380784793751      ,  0.93609432723212493      ,  0.61899145589766924     
   1.0273541277954685      ,   1.0066812497723858      ,  0.66578776291098896     
   1.1054750560103401      ,   1.0814702020791576      ,  0.71604333133576936     
   1.1867295976621617      ,   1.1602205871984252      ,  0.76987412117325282     
   1.2712117802955161      ,   1.2425237379106899      ,  0.82734994640491488     
   1.3588255183316569      ,   1.3277613327337383      ,  0.88847832494687062     
   1.4490330304731980      ,   1.4150600519922343      ,  0.95318511823163443     
   1.5407799337543051      ,   1.5032448850857092      ,   1.0212919774044968     
   1.6324999097162334      ,   1.5907951368249806      ,   1.0924909602993793     
   1.7222574218525812      ,   1.6758092336481305      ,   1.1663171991790231     
   1.8078313188112043      ,   1.7559867539213359      ,   1.2421212063624751     
   1.8868013734263542      ,   1.8286383484215454      ,   1.3190432973004009     
   1.9565396147857743      ,   1.8907357477549998      ,   1.3959936298273332     
   2.0142124245834059      ,   1.9390139414672936      ,   1.4716423658616045     
   2.0567510909626856      ,   1.9701347168167749      ,   1.5444252179966029     
   2.0809008933860751      ,   1.9809139931688384      ,   1.6125698074137198     
   2.0833374306454133      ,   1.9686042965658759      ,   1.6741474332865141     
   2.0609132532414360      ,   1.9312090665239734      ,   1.7271526879999526     
   2.0110231652691035      ,   1.8677898948641325      ,   1.7696097139064220     
   1.9320696351966573      ,   1.7787157727778797      ,   1.7996990584772179     
   1.8239295229526564      ,   1.6658004180897077      ,   1.8158938485468463     
   1.6883097980714286      ,   1.5322841264031259      ,   1.8170896522382194     
   1.5289225627691123      ,   1.3826410816817760      ,   1.8027103842661085     
   1.3514658749188124      ,   1.2222271300857113      ,   1.7727740487535097     
   1.1634397003108994      ,   1.0568173954948450      ,   1.7279072363722550     
  0.97370928153381786      ,  0.89210699497372936      ,   1.6693051785598141     
  0.79165158211531517      ,  0.73325371885859658      ,   1.5986429288824242     
  0.62575803687586595      ,  0.58452759738698601      ,   1.5179506812892458     
  0.48196341079370209      ,  0.44910440619877645      ,   1.4294706036630744     
  0.36242310904815073      ,  0.32900804302432490      ,   1.3355131575457599     
  0.26558314831091978      ,  0.22517975761350253      ,   1.2383281301111788     
  0.18760706439531757      ,  0.13763619500143201      ,   1.1400007631493552     
  0.12425744675633663      ,   6.5674125912785541E-002 ,   1.0423779110055031     
   7.2145605546555955E-002 ,   8.0849226673441309E-003 ,  0.94702432864755492     
   2.9047755881675841E-002 ,  -3.6647959318350160E-002 ,  0.85520570116662220     
  -6.2711429259014254E-003 ,  -7.0183985503209742E-002 ,  0.76789306686827385     
  -3.4296715717786350E-002 ,  -9.4198889559875751E-002 ,  0.68578266487044659     
  -5.5113855056002491E-002 , -0.11029539148430681      ,  0.60932557376670549     
  -6.8912087519689372E-002 , -0.11994634888404937      ,  0.53876239312829344     
  -7.6403113285609836E-002 , -0.12446374781749646      ,  0.47415931772987213     
  -7.8955162564963960E-002 , -0.12498684092459350      ,  0.41544303521539272     
  -7.8403581448164880E-002 , -0.12248351306069007      ,  0.36243281295299978     
  -7.6545675073705188E-002 , -0.11776008759970902      ,  0.31486887817539688     
  -7.4550840982406164E-002 , -0.11147595722127562      ,  0.27243673610220331     
  -7.2703614149914220E-002 , -0.10416046098667439      ,  0.23478743889501760     
  -7.0626972084102846E-002 ,  -9.6230268745729916E-002 ,  0.20155404923322520     
  -6.7776367040160046E-002 ,  -8.8006169680094323E-002 ,  0.17236467135236386     
  -6.3900405133054658E-002 ,  -7.9728619465646910E-002 ,  0.14685248014890553     
  -5.9232246164084512E-002 ,  -7.1571715908854167E-002 ,  0.12466318963701144     
  -5.4296314701112666E-002 ,  -6.3655481380319207E-002 ,  0.10546038361411331     
  -4.9509741979532500E-002 ,  -5.6056462123818873E-002 ,   8.8929096525659293E-002
  -4.4924894555438855E-002 ,  -4.8816733180471229E-002 ,   7.4777989758615271E-002
  -4.0299650924615925E-002 ,  -4.1951440676735785E-002 ,   6.2740423449201291E-002
  -3.5388613332393536E-002 ,  -3.5455032936478358E-002 ,   5.2574679744355923E-002
  -3.0226861370866852E-002 ,  -2.9306336777311121E-002 ,   4.4063552248866676E-002
  -2.5205557452124647E-002 ,  -2.3472631137315080E-002 ,   3.7013479116549064E-002
  -2.0907077802080055E-002 ,  -1.7912860613176592E-002 ,   3.1253364298961861E-002
  -1.7825310381240050E-002 ,  -1.2580119031930273E-002 ,   2.6633202873642056E-002
  -1.6135281605473287E-002 ,  -7.4235194168164684E-003 ,   2.3022601941961349E-002
  -1.5616676430946212E-002 ,  -2.3895526643297050E-003 ,   2.0309267999732566E-002
  -1.5744457413974962E-002 ,   2.5769764294678002E-003 ,   1.8397514567913990E-002
  -1.5869095403405673E-002 ,   7.5323600723385788E-003 ,   1.7206829832404586E-002
  -1.5380540176763350E-002 ,   1.2533681512562971E-002 ,   1.6670532691262046E-002
  -1.3802864947776109E-002 ,   1.7638739228033853E-002 ,   1.6734536573687991E-002
  -1.0817930800886708E-002 ,   2.2906157954650883E-002 ,   1.7356233333978746E-002
  -6.2628014658581031E-003 ,   2.8395651775810059E-002 ,   1.8503504123173291E-002
  -1.5048313202312299E-004 ,   3.4168411947193139E-002 ,   2.0153860122593532E-002
   7.2829683651171942E-003 ,   4.0287598573695890E-002 ,   2.2293713141477826E-002
   1.5580174614919440E-002 ,   4.6818920772964574E-002 ,   2.4917774122068557E-002
   2.4165115988795106E-002 ,   5.3831294641373525E-002 ,   2.8028576376258642E-002
   3.2537781807796450E-002 ,   6.1397572269541886E-002 ,   3.1636119741692989E-002
   4.0485784169551953E-002 ,   6.9595338313741359E-002 ,   3.5757631659391192E-002
   4.8213578285211812E-002 ,   7.8507773281989768E-002 ,   4.0417441327286856E-002
   5.6307697740692490E-002 ,   8.8224584786854909E-002 ,   4.5646963479192816E-002
   6.5551761311053169E-002 ,   9.8843009576148722E-002 ,   5.1484788894276025E-002
   7.6682950040178263E-002 ,  0.11046889017470396      ,   5.7976879384914290E-002
   9.0196459617535696E-002 ,  0.12321783041693192      ,   6.5176865672310277E-002
  0.10625928087655151      ,  0.13721643393795990      ,   7.3146447170941875E-002
  0.12473654616645299      ,  0.15260362868110805      ,   8.1955893190802181E-002
  0.14529147164513231      ,  0.16953207845828508      ,   9.1684645344361937E-002
  0.16750771974963799      ,  0.18816967925929715      ,  0.10242202090719046     
  0.19100716302099349      ,  0.20870113291326453      ,  0.11426801639108988     
  0.21555639203302732      ,  0.23132958326445305      ,  0.12733420946757795     
  0.24117033473875707      ,  0.25627828942655712      ,  0.14174475538966241     
  0.26819225161871957      ,  0.28379229583655963      ,  0.15763747088302618     
  0.29731040755916227      ,  0.31414003829503662      ,  0.17516499368889293     
  0.32947132683839619      ,  0.34761479704822135      ,  0.19449599897351566     
  0.36569856238989140      ,  0.38453586975492132      ,  0.21581644392278115     
  0.40686391487346613      ,  0.42524928569696840      ,  0.23933079802753432     
  0.45349750318636406      ,  0.47012781380497676      ,  0.26526319755009375     
  0.50571152610713521      ,  0.51956992601299135      ,  0.29385843679191381     
  0.56327087957815636      ,  0.57399725820589576      ,  0.32538267396696935     
  0.62577578667109290      ,  0.63384995688781476      ,  0.36012368314484444     
  0.69288626890700922      ,  0.69957910375106158      ,  0.39839042277848546     
  0.76451097742330809      ,  0.77163516659707754      ,  0.44051161226904401     
  0.84090773220807224      ,  0.85045113084173762      ,  0.48683290717601213     
  0.92267514272165374      ,  0.93641862573563228      ,  0.53771213779833738     
   1.0106332430863776      ,   1.0298549921469877      ,  0.59351192318830193     
   1.1056059098899036      ,   1.1309588877514196      ,  0.65458879492291688     
   1.2081379455914252      ,   1.2397517747754763      ,  0.72127777049431474     
   1.3182165417732736      ,   1.3560026313389530      ,  0.79387112490455902     
   1.4350775448551591      ,   1.4791337050455708      ,  0.87258995955215146     
   1.5571652839270991      ,   1.6081064368808913      ,  0.95754712642466444     
   1.6822549966225964      ,   1.7412893019177593      ,   1.0487002384026967     
   1.8076816192438143      ,   1.8763138155898438      ,   1.1457940364240928     
   1.9305550767358637      ,   2.0099318942507094      ,   1.2482924930836636     
   2.0478404148193610      ,   2.1378973961878445      ,   1.3553029398616954     
   2.1562316425849151      ,   2.2549064777318151      ,   1.4654974099608737     
   2.2518551070888497      ,   2.3546433513064033      ,   1.5770403371301229     
   2.3299413335135473      ,   2.4299858367995242      ,   1.6875364451886767     
   2.3846685412126853      ,   2.4734218891438644      ,   1.7940172231606923     
   2.4093575544642052      ,   2.4777056673536721      ,   1.8929871604190438     
   2.3971036809711626      ,   2.4367331707699966      ,   1.9805495722426576     
   2.3418096169019100      ,   2.3465443731214122      ,   2.0526239233744605     
   2.2394608784762604      ,   2.2062768910334571      ,   2.1052507294668348     
   2.0893213365536338      ,   2.0188375363135775      ,   2.1349578202379615     
   1.8945653871523875      ,   1.7910618331619277      ,   2.1391383069182974     
   1.6620118155375334      ,   1.5332228917328097      ,   2.1163745456471621     
   1.4012683586594006      ,   1.2579174386146803      ,   2.0666422782241312     
   1.1240610650378613      ,  0.97854134297999718      ,   1.9913488137310020     
  0.84396336363551883      ,  0.70769136313762082      ,   1.8931943560315410     
  0.57582085957250806      ,  0.45583824664640421      ,   1.7758848688803412     
  0.33406537733270936      ,  0.23050927023430751      ,   1.6437546594339536     
  0.12945100357954842      ,   3.6050505143438528E-002 ,   1.5013681551015559     
  -3.4886017877614930E-002 , -0.12611607209068093      ,   1.3531623917873992     
 -0.16432511605079142      , -0.25691646736808738      ,   1.2031709132144586     
 -0.26846340199369662      , -0.35892099368569275      ,   1.0548452921163320     
 -0.35526580265132862      , -0.43566570606659138      ,  0.91096991287466522     
 -0.42815717300520734      , -0.49109073009665027      ,  0.77365276665340721     
 -0.48714249128702991      , -0.52913030916021508      ,  0.64436993400604248     
 -0.53150928936494224      , -0.55344944453988010      ,  0.52404215255857545     
 -0.56099996525524709      , -0.56730092427670731      ,  0.41312580382037600     
 -0.57627353806457304      , -0.57347008422848955      ,  0.31170564749703555     
 -0.57986257752001147      , -0.57427697668179878      ,  0.21958131569322537     
 -0.57593376140302699      , -0.57161183544461391      ,  0.13634331255018414     
 -0.56894523443922107      , -0.56698665329823184      ,   6.1436906494710515E-002
 -0.56302303705180234      , -0.56159171937918373      ,  -5.7860203865394491E-003
 -0.56135178045308509      , -0.55635054902165548      ,  -6.6026161440253139E-002
 -0.56494795579165358      , -0.55196980285759600      , -0.12000557659049557     
 -0.57251890807109596      , -0.54898280315761561      , -0.16844453580434451     
 -0.58182379550124452      , -0.54778643087851842      , -0.21204493240616626     
 -0.59101167060160120      , -0.54867180518917957      , -0.25147893945101157     
 -0.59946042020017631      , -0.55184942003972071      , -0.28738176978518815     
 -0.60816449409356244      , -0.55746948611134617      , -0.32034758760914694     
 -0.61898235515880129      , -0.56563819546380900      , -0.35092779030212551     
 -0.63313844888232373      , -0.57643054706452279      , -0.37963102752785310     
 -0.65055909639761267      , -0.58990027587016369      , -0.40692444907360542     
 -0.67032870896443020      , -0.60608733244994850      , -0.43323577496980942     
 -0.69148739197370046      , -0.62502327145361625      , -0.45895586375767139     
 -0.71372379963055566      , -0.64673482781757508      , -0.48444152011735980     
 -0.73752956851709084      , -0.67124588940194041      , -0.51001833407320762     
 -0.76374892184579302      , -0.69857801281065290      , -0.53598338297267722     
 -0.79301664394047089      , -0.72874957445346822      , -0.56260765637729260     
 -0.82542229320429761      , -0.76177360083665890      , -0.59013808461061679     
 -0.86054907968985872      , -0.79765428065106081      , -0.61879906548882424     
 -0.89790506699349459      , -0.83638212735544426      , -0.64879339212775489     
 -0.93734464719577504      , -0.87792773658273071      , -0.68030248910997815     
 -0.97913679189141911      , -0.92223407105529098      , -0.71348586628439714     
  -1.0237989528981770      , -0.96920721151846778      , -0.74847970091958682     
  -1.0718239172452078      ,  -1.0187055419305131      , -0.78539446213172392     
  -1.1233069660261861      ,  -1.0705273990196120      , -0.82431149933192061     
  -1.1777862635772069      ,  -1.1243973202013882      , -0.86527853247538133     
  -1.2344546251715263      ,  -1.1799511806106666      , -0.90830401053099619     
  -1.2924081360734274      ,  -1.2367207301277516      , -0.95335035097060483     
  -1.3507545216735242      ,  -1.2941183324021865      ,  -1.0003261428697443     
  -1.4086382846227079      ,  -1.3514230708375985      ,  -1.0490774950421622     
  -1.4651443341063775      ,  -1.4077698097463391      ,  -1.0993788430539364     
  -1.5191562989611163      ,  -1.4621432513207209      ,  -1.1509236968342043     
  -1.5693644639507849      ,  -1.5133794522476787      ,  -1.2033160107705185     
  -1.6143970877102227      ,  -1.5601775654106953      ,  -1.2560630796131806     
  -1.6529232615293004      ,  -1.6011246243680743      ,  -1.3085710842048905     
  -1.6836619493926333      ,  -1.6347358360637099      ,  -1.3601445955361895     
  -1.7053195298929547      ,  -1.6595119318158782      ,  -1.4099914444430315     
  -1.7165233057909643      ,  -1.6740135290221811      ,  -1.4572343171030444     
  -1.7158516583254297      ,  -1.6769501584963395      ,  -1.5009301808173732     
  -1.7019827953873248      ,  -1.6672787674971616      ,  -1.5400981306903612     
  -1.6739159453706625      ,  -1.6443034919369328      ,  -1.5737554593945751     
  -1.6311914735808375      ,  -1.6077659040101648      ,  -1.6009607280829263     
  -1.5740234663466584      ,  -1.5579135285661139      ,  -1.6208614663653091     
  -1.5033252612628132      ,  -1.4955348932514001      ,  -1.6327430334951276     
  -1.4206858788433994      ,  -1.4219521617279289      ,  -1.6360743587605571     
  -1.3283192223295452      ,  -1.3389674036710908      ,  -1.6305459717501778     
  -1.2289760170552542      ,  -1.2487650483012311      ,  -1.6160960912620492     
  -1.1258135101250868      ,  -1.1537797725597216      ,  -1.5929215969596866     
  -1.0221911667319832      ,  -1.0565444878607058      ,  -1.5614723340519292     
 -0.92136963388018733      , -0.95953593668434656      ,  -1.5224291288345679     
 -0.82616520499916957      , -0.86503506073693992      ,  -1.4766677720079291     
 -0.73865748988411761      , -0.77501596540308193      ,  -1.4252127180413876     
 -0.66003272619117248      , -0.69107193118611820      ,  -1.3691851115140485     
 -0.59061493969593937      , -0.61438085835291323      ,  -1.3097498964083438     
 -0.53007057172766237      , -0.54570708471447615      ,  -1.2480662595137457     
 -0.47769740658205212      , -0.48543260907053182      ,  -1.1852446890097597     
 -0.43269477315833643      , -0.43360875900124374      ,  -1.1223127313895014     
 -0.39435160503365113      , -0.39001913247825576      ,  -1.0601903307828902     
 -0.36212796494856114      , -0.35424575937535829      , -0.99967460534226515     
 -0.33564395728368562      , -0.32573229227028422      , -0.94143315192369736     
 -0.31461316923875426      , -0.30384011645547843      , -0.88600449845689855     
 -0.29876084684159815      , -0.28789518263124692      , -0.83380411625177198     
 -0.28776175845990554      , -0.27722489743748402      , -0.78513440532441636     
 -0.28122093534318554      , -0.27118548665555725      , -0.74019720831002611     
 -0.27869807114979561      , -0.26918090226847574      , -0.69910763092864081     
 -0.27975818173422651      , -0.27067465841662991      , -0.66190819981108051     
 -0.28402137485715873      , -0.27519604925744096      , -0.62858263694646577     
 -0.29118543656966084      , -0.28234211350831079      , -0.59906875283833150     
 -0.30101173310084872      , -0.29177653783712260      , -0.57327014725614533     
 -0.31328883284296349      , -0.30322648557970211      , -0.55106655451075470     
 -0.32779906082044558      , -0.31647813139018632      , -0.53232278152552437     
 -0.34430703556235426      , -0.33137149483996187      , -0.51689626622335638     
 -0.36257487097091023      , -0.34779500501769461      , -0.50464333648177084     
 -0.38239090660098179      , -0.36568009573819377      , -0.49542428169247349     
 -0.40359124187898138      , -0.38499602525408183      , -0.48910736481874190     
 -0.42606272633256775      , -0.40574503181382809      , -0.48557190700941305     
 -0.44973130832893704      , -0.42795787285999853      , -0.48471057270616202     
 -0.47454766862239739      , -0.45168974702394493      , -0.48643097339798735     
 -0.50048286136175313      , -0.47701656066061776      , -0.49065669468592232     
 -0.52753838232718631      , -0.50403147131716031      , -0.49732783551610799     
 -0.55576442767905621      , -0.53284161661660823      , -0.50640113126787600     
 -0.58527528338982637      , -0.56356491644376672      , -0.51784971444532857     
 -0.61625376388651787      , -0.59632681739133375      , -0.53166254835454352     
 -0.64894153649240249      , -0.63125682995497168      , -0.54784355050508726     
 -0.68361791073257527      , -0.66848469021474177      , -0.56641040358499717     
 -0.72057294800252458      , -0.70813595849571220      , -0.58739303269851206     
 -0.76007983323806838      , -0.75032684820996909      , -0.61083170811569854     
 -0.80236891526506326      , -0.79515806005460743      , -0.63677471314776146     
 -0.84760482361497080      , -0.84270738243510879      , -0.66527549721122536     
 -0.89586782270356935      , -0.89302081239096343      , -0.69638921528000819     
 -0.94714122726253180      , -0.94610195840523448      , -0.73016853783086644     
  -1.0013072779739500      ,  -1.0018995157737431      , -0.76665860183091661     
  -1.0581510820077134      ,  -1.0602926681694629      , -0.80589096597885568     
  -1.1173681348257154      ,  -1.1210743804092265      , -0.84787643615008990     
  -1.1785681702605844      ,  -1.1839327250420781      , -0.89259664507869874     
  -1.2412685304222115      ,  -1.2484306490633519      , -0.93999431056875693     
  -1.3048739365181641      ,  -1.3139849560736494      , -0.98996216730446873     
  -1.3686463771654309      ,  -1.3798457674096958      ,  -1.0423306780223585     
  -1.4316739897206396      ,  -1.4450783338110693      ,  -1.0968547897873986     
  -1.4928491633279517      ,  -1.5085497731547308      ,  -1.1532002176860552     
  -1.5508632224313657      ,  -1.5689240468697017      ,  -1.2109300134128256     
  -1.6042200984759649      ,  -1.6246691407812124      ,  -1.2694925020919510     
  -1.6512665589112474      ,  -1.6740808026929315      ,  -1.3282120238056812     
  -1.6902354464335276      ,  -1.7153270618634235      ,  -1.3862842519564700     
  -1.7193006745335220      ,  -1.7465168280709595      ,  -1.4427781088534570     
  -1.7366465962860946      ,  -1.7657938748848623      ,  -1.4966463657802502     
  -1.7405573372856973      ,  -1.7714543110066963      ,  -1.5467467920685003     
  -1.7295313140592188      ,  -1.7620813487078815      ,  -1.5918751048897211     
  -1.7024210678599021      ,  -1.7366862849086970      ,  -1.6308099101921392     
  -1.6585898187472869      ,  -1.6948400507549732      ,  -1.6623683407229719     
  -1.5980665107878460      ,  -1.6367767362150747      ,  -1.6854693344275800     
  -1.5216738954678983      ,  -1.5634504866980163      ,  -1.6991997322826975     
  -1.4311023682581623      ,  -1.4765310201841704      ,  -1.7028769857454698     
  -1.3289052309236733      ,  -1.3783307488594123      ,  -1.6961016460448777     
  -1.2183960022237776      ,  -1.2716669436537500      ,  -1.6787932562460715     
  -1.1034344647073404      ,  -1.1596733249467557      ,  -1.6512048610538417     
 -0.98810107061607877      ,  -1.0455842051320325      ,  -1.6139138845134358     
 -0.87628713784387491      , -0.93251858183882830      ,  -1.5677901395865363     
 -0.77127017903286033      , -0.82329035218042435      ,  -1.5139446234270537     
 -0.67537948496946687      , -0.72026464386512257      ,  -1.4536649478973556     
 -0.58985424880679738      , -0.62527101860698397      ,  -1.3883443792293637     
 -0.51493666968394047      , -0.53957446906770634      ,  -1.3194114175192606     
 -0.45014978257772736      , -0.46389691918436793      ,  -1.2482658107355322     
 -0.39464297868161013      , -0.39847670576091254      ,  -1.1762252245048130     
 -0.34748962406677053      , -0.34315158107041943      ,  -1.1044848893203174     
 -0.30787546048264447      , -0.29745160266351045      ,  -1.0340907775608119     
 -0.27517234210397035      , -0.26069089022894731      , -0.96592546022966486     
 -0.24891906455479212      , -0.23205059843253328      , -0.90070485909712150     
 -0.22874054882858780      , -0.21064875873199193      , -0.83898363355433903     
 -0.21424641828099028      , -0.19559537939723376      , -0.78116684156170324     
 -0.20495535078998839      , -0.18603315816078411      , -0.72752567936784129     
 -0.20027979671430302      , -0.18116536963129981      , -0.67821542530855661     
 -0.19957725420707390      , -0.18027307394903186      , -0.63329409850843954     
 -0.20224097103638122      , -0.18272393010137675      , -0.59274072934587274     
 -0.20778122977969196      , -0.18797475401396574      , -0.55647248585787767     
 -0.21585410725626322      , -0.19556967171577358      , -0.52436018980393284     
 -0.22622707977861778      , -0.20513537557731906      , -0.49624198298935779     
 -0.23870811819956728      , -0.21637465526718860      , -0.47193507244194055     
 -0.25308271811366828      , -0.22905907577723930      , -0.45124560031800964     
 -0.26909321982010148      , -0.24302142513539784      , -0.43397676066707219     
 -0.28646500420767146      , -0.25814835544495218      , -0.41993532984433485     
 -0.30495432368627334      , -0.27437348785925458      , -0.40893679872533489     
 -0.32438307013019285      , -0.29167113772052305      , -0.40080929976955437     
 -0.34464164503074485      , -0.31005073261561378      , -0.39539651574186374     
 -0.36566699961291488      , -0.32955193639568431      , -0.39255974355020584     
 -0.38741881660605126      , -0.35024045017466282      , -0.39217926911047751     
 -0.40987416830413759      , -0.37220443197803904      , -0.39415518944159794     
 -0.43304549988248836      , -0.39555145607950276      , -0.39840779768278439     
 -0.45701079537585726      , -0.42040591799337096      , -0.40487762625429907     
 -0.48193790660180391      , -0.44690677909479126      , -0.41352522341094500     
 -0.50808928859158531      , -0.47520553392195697      , -0.42433071913709575     
 -0.53580438081717485      , -0.50546427174952702      , -0.43729321766365337     
 -0.56546736211689574      , -0.53785369066681721      , -0.45243003565478301     
 -0.59747203483849276      , -0.57255090604011283      , -0.46977578700513067     
 -0.63219226012666829      , -0.60973687501055940      , -0.48938129681772835     
 -0.66995983724370356      , -0.64959323398722135      , -0.51131230806695893     
 -0.71104746928760654      , -0.69229831675282183      , -0.53564792425562802     
 -0.75565512712342997      , -0.73802208723464602      , -0.56247870966875946     
 -0.80390189670212864      , -0.78691968457225403      , -0.59190434535887448     
 -0.85582745647880798      , -0.83912324162272045      , -0.62403071376360286     
 -0.91140441009378115      , -0.89473160635231996      , -0.65896625826376010     
 -0.97055605843793058      , -0.95379757650101715      , -0.69681743709137578     
  -1.0331684190808790      ,  -1.0163122633497086      , -0.73768306581018306     
  -1.0990848178114241      ,  -1.0821862475180342      , -0.78164732251353786     
  -1.1680776699105186      ,  -1.1512273020640964      , -0.82877118020333218     
  -1.2398021944466464      ,  -1.2231146665016239      , -0.87908203927150175     
  -1.3137450027155650      ,  -1.2973701971690170      , -0.93256137033902720     
  -1.3891821709824554      ,  -1.3733272361202213      , -0.98913025796572596     
  -1.4651560709307776      ,  -1.4500987710790152      ,  -1.0486328760822481     
  -1.5404713774761190      ,  -1.5265474263521797      ,  -1.1108181454454200     
  -1.6137033326641637      ,  -1.6012610163540415      ,  -1.1753201399794371     
  -1.6832091282704829      ,  -1.6725387318242921      ,  -1.2416382341557344     
  -1.7471366366044498      ,  -1.7383943355206446      ,  -1.3091185144058646     
  -1.8034315958630831      ,  -1.7965837066088675      ,  -1.3769385845074287     
  -1.8498518832525277      ,  -1.8446642303873391      ,  -1.4440985090625240     
  -1.8840034251280464      ,  -1.8800923057294496      ,  -1.5094211411549825     
  -1.9034149928387500      ,  -1.9003620552261886      ,  -1.5715652975031595     
  -1.9056671330625246      ,  -1.9031827982302114      ,  -1.6290549666315841     
  -1.8885823649132198      ,  -1.8866851170226828      ,  -1.6803267568421569     
  -1.8504693249214794      ,  -1.8496363551116888      ,  -1.7237959816215145     
  -1.7903951450153268      ,  -1.7916380410675179      ,  -1.7579391792960299     
  -1.7084440325198664      ,  -1.7132726957006661      ,  -1.7813877595971110     
  -1.6059140822614504      ,  -1.6161684807156373      ,  -1.7930244250309093     
  -1.4854131999831757      ,  -1.5029588695350191      ,  -1.7920717886868647     
  -1.3508308848610506      ,  -1.3771305048812259      ,  -1.7781619623086107     
  -1.2071678553286038      ,  -1.2427725453127778      ,  -1.7513773102249932     
  -1.0601942442863748      ,  -1.1042599496768615      ,  -1.7122560386931081     
 -0.91590638528197810      , -0.96591582889212391      ,  -1.6617612036872165     
 -0.77980533151268161      , -0.83170052098099057      ,  -1.6012170039848961     
 -0.65613510257229835      , -0.70496700230654741      ,  -1.5322206851177955     
 -0.54733165182849119      , -0.58830656487150945      ,  -1.4565410779602899     
 -0.45392880057258189      , -0.48349030064061937      ,  -1.3760153333794944     
 -0.37497630686031497      , -0.39149578312941646      ,  -1.2924539848468182     
 -0.30875385512726122      , -0.31259772590773183      ,  -1.2075617072594529     
 -0.25344083008953489      , -0.24649732083023929      ,  -1.1228778477963137     
 -0.20752074146021340      , -0.19246644036208602      ,  -1.0397377047734631     
 -0.16991283247103711      , -0.14948788969210711      , -0.95925310181428824     
 -0.13992877757577221      , -0.11637925082458615      , -0.88230924416551371     
 -0.11712515880828392      ,  -9.1893903499562668E-002 , -0.80957411805612767     
 -0.10109520268865356      ,  -7.4797586472046762E-002 , -0.74151662997261869     
  -9.1272752800478113E-002 ,  -6.3922072050415557E-002 , -0.67843005825751912     
  -8.6834028632106611E-002 ,  -5.8199293618304448E-002 , -0.62045799615403852     
  -8.6743553157188402E-002 ,  -5.6679925827361408E-002 , -0.56762064194083117     
  -8.9930652494096583E-002 ,  -5.8540348368154201E-002 , -0.51983993214592517     
  -9.5514724285497288E-002 ,  -6.3081452805168317E-002 , -0.47696256091195804     
 -0.10295392834974361      ,  -6.9722116155089525E-002 , -0.43878036149152644     
 -0.11203231826343973      ,  -7.7989515728857151E-002 , -0.40504784664213661     
 -0.12270518939253940      ,  -8.7507878633341765E-002 , -0.37549692761449566     
 -0.13490319694114816      ,  -9.7986779594274140E-002 , -0.34984897538591037     
 -0.14840706595249253      , -0.10920972673848564      , -0.32782447175601614     
 -0.16285476145686081      , -0.12102349597512529      , -0.30915053859972014     
 -0.17785538787199562      , -0.13332847406205278      , -0.29356664452594172     
 -0.19311400349051563      , -0.14607013108359065      , -0.28082877981958682     
 -0.20847921302905778      , -0.15923164952925400      , -0.27071237047079422     
 -0.22389839190229124      , -0.17282767687931797      , -0.26301417569665608     
 -0.23933345714986515      , -0.18689913183338283      , -0.25755338429269542     
 -0.25470710100440280      , -0.20150897378470639      , -0.25417209580375427     
 -0.26991741506004846      , -0.21673883553326737      , -0.25273534436015060     
 -0.28490853059627053      , -0.23268641671678922      , -0.25313079693558804     
 -0.29975165493545936      , -0.24946353727361886      , -0.25526823416466127     
 -0.31468982088776482      , -0.26719475444867991      , -0.25907890083227025     
 -0.33012397302309565      , -0.28601645195124986      , -0.26451479464037853     
 -0.34655150886682495      , -0.30607631475629160      , -0.27154794566341145     
 -0.36449064008956683      , -0.32753310681370912      , -0.28016972472774587     
 -0.38442190919043223      , -0.35055667081892139      , -0.29039020643681313     
 -0.40675853742860318      , -0.37532806847835753      , -0.30223760130804356     
 -0.43183733386882089      , -0.40203977563750370      , -0.31575776104721937     
 -0.45991466218399585      , -0.43089583842782897      , -0.33101375087482215     
 -0.49116133711332993      , -0.46211188333042980      , -0.34808547250654798     
 -0.52566664841629007      , -0.49591485471487706      , -0.36706931029059908     
 -0.56346666618542518      , -0.53254232681396518      , -0.38807776046718501     
 -0.60459929477229046      , -0.57224120193494643      , -0.41123898881699250     
 -0.64916883736159636      , -0.61526556162170254      , -0.43669624430404413     
 -0.69738975147325710      , -0.66187338119341854      , -0.46460703482419996     
 -0.74958261998410869      , -0.71232174967747208      , -0.49514194493394065     
 -0.80611664432727881      , -0.76686015654029704      , -0.52848294357277537     
 -0.86731962839735377      , -0.82572131529877424      , -0.56482099157809673     
 -0.93339076400700238      , -0.88910889631946843      , -0.60435271386681955     
  -1.0043463123856415      , -0.95718144561732144      , -0.64727584989268017     
  -1.0800093327071503      ,  -1.0300316888973573      , -0.69378314002236041     
  -1.1600338396301502      ,  -1.1076603862467747      , -0.74405424852281254     
  -1.2439420870031475      ,  -1.1899439527310121      , -0.79824527282869806     
  -1.3311544395607331      ,  -1.2765952520927344      , -0.85647535524582685     
  -1.4209990000408721      ,  -1.3671173852263221      , -0.91880991527361622     
  -1.5126948500956083      ,  -1.4607510350535038      , -0.98524008462433921     
  -1.6053053468554201      ,  -1.5564171138177354      ,  -1.0556580887928402     
  -1.6976607580348788      ,  -1.6526582029154728      ,  -1.1298286242713289     
  -1.7882586130066460      ,  -1.7475846497656911      ,  -1.2073567810173433     
  -1.8751637527766865      ,  -1.8388341462472721      ,  -1.2876538045436170     
  -1.9559388163275706      ,  -1.9235568958115867      ,  -1.3699030094540989     
  -2.0276321345566393      ,  -1.9984414754470683      ,  -1.4530294256971485     
  -2.0868346541566059      ,  -2.0597981597360326      ,  -1.5356781714554506     
  -2.1298009138887357      ,  -2.1037152903137084      ,  -1.6162078635177315     
  -2.1526247144932462      ,  -2.1262985059202357      ,  -1.6927062008074754     
  -2.1514725779346691      ,  -2.1239908924464261      ,  -1.7630346532475247     
  -2.1228954043273909      ,  -2.0939542405694795      ,  -1.8249073791125396     
  -2.0642371951142153      ,  -2.0344698460352229      ,  -1.8760056647451384     
  -1.9741201478281403      ,  -1.9452969176045305      ,  -1.9141233645507050     
  -1.8529173913560282      ,  -1.8279153874829066      ,  -1.9373317682185185     
  -1.7030814115431137      ,  -1.6855855241203963      ,  -1.9441455890870691     
  -1.5292379193805323      ,  -1.5231832073349167      ,  -1.9336674312105187     
  -1.3380548791962017      ,  -1.3468136481388202      ,  -1.9056880830014979     
  -1.1379215822143496      ,  -1.1632561703974931      ,  -1.8607252165892612     
 -0.93835928323819418      , -0.97933229922058140      ,  -1.7999928104286804     
 -0.74899218058926731      , -0.80130503042066714      ,  -1.7253055011865772     
 -0.57804280099942629      , -0.63440384938197447      ,  -1.6389329214769353     
 -0.43069953613244560      , -0.48253394132337513      ,  -1.5434260887480573     
 -0.30815146519825293      , -0.34818283590830196      ,  -1.4414396800717835     
 -0.20807026288678299      , -0.23249812814134732      ,  -1.3355709038006018     
 -0.12640869280808975      , -0.13548555971593074      ,  -1.2282293332833776     
  -5.9360127493791014E-002 ,  -5.6269906219155272E-002 ,  -1.1215446562215881     
  -4.3748502588460206E-003 ,   6.6318975710786821E-003 ,  -1.0173126590833490     
   3.9901379984246539E-002 ,   5.5061524558877140E-002 , -0.91697499538263172     
   7.4114690969374064E-002 ,   9.1014157251776917E-002 , -0.82162566727776609     
   9.8606976221920384E-002 ,  0.11648438835860699      , -0.73203639435533829     
  0.11378666783192280      ,  0.13336077817771405      , -0.64869359043157415     
  0.12050698918622266      ,  0.14336166147433382      , -0.57184093095123456     
  0.12024068880132310      ,  0.14800295290998974      , -0.50152299788620158     
  0.11498634540121715      ,  0.14858893126008563      , -0.43762692591034791     
  0.10696069573521216      ,  0.14621829166196354      , -0.37992018122204974     
   9.8080268709082902E-002 ,  0.14179943589764171      , -0.32808352909402183     
   8.9446872194660534E-002 ,  0.13607060347492927      , -0.28173890008174274     
   8.1220236992032263E-002 ,  0.12962183015824019      , -0.24047229154001515     
   7.2962609963731592E-002 ,  0.12291679566143585      , -0.20385209363802392     
   6.4192542421579388E-002 ,  0.11631340530896644      , -0.17144335712803233     
   5.4850656652747673E-002 ,  0.11008249150981247      , -0.14281856471464840     
   4.5447222004091882E-002 ,  0.10442437711713656      , -0.11756546009112379     
   3.6800950253673574E-002 ,   9.9483265975480822E-002 ,  -9.5292450698742537E-002
   2.9591029259082587E-002 ,   9.5359557810579046E-002 ,  -7.5632046969053610E-002
   2.4098009575727185E-002 ,   9.2120256097234787E-002 ,  -5.8242741815565935E-002
   2.0276492083465228E-002 ,   8.9807670522331809E-002 ,  -4.2809675278040152E-002
   1.8019661644317980E-002 ,   8.8446624947945987E-002 ,  -2.9044373790967137E-002
   1.7394162332168724E-002 ,   8.8050377067792895E-002 ,  -1.6683803224649796E-002
   1.8684327723922041E-002 ,   8.8625443418063860E-002 ,  -5.4889303017962065E-003
   2.2236916978338742E-002 ,   9.0175506903978228E-002 ,   4.7570517042281801E-003
   2.8231805237708060E-002 ,   9.2704565893845861E-002 ,   1.4250710197358178E-002
   3.6524289767890655E-002 ,   9.6219465629758111E-002 ,   2.3170478593267770E-002
   4.6651326968772118E-002 ,  0.10073193503900983      ,   3.1678808289697137E-002
   5.7997627864391776E-002 ,  0.10626023546901686      ,   3.9924315065625528E-002
   7.0013696146746324E-002 ,  0.11283051264599034      ,   4.8043883403733036E-002
   8.2363811990681282E-002 ,  0.12047792935848968      ,   5.6164704860415256E-002
   9.4957608507026947E-002 ,  0.12924764397219127      ,   6.4406236612651963E-002
  0.10789097222432990      ,  0.13919568879702723      ,   7.2882074089193616E-002
  0.12136148771683722      ,  0.15038979239713457      ,   8.1701737491125151E-002
  0.13563048107730774      ,  0.16291018095003260      ,   9.0972376317400280E-002
  0.15103769086082625      ,  0.17685038546522014      ,  0.10080039897459114     
  0.16800189838241789      ,  0.19231807375030874      ,  0.11129303635303416     
  0.18695986989320434      ,  0.20943591808758993      ,  0.12255984902471209     
  0.20825614586121430      ,  0.22834250119983526      ,  0.13471418753482758     
  0.23203455055436814      ,  0.24919325368583059      ,  0.14787461413054032     
  0.25820329943848491      ,  0.27216140501006614      ,  0.16216629213985403     
  0.28652033900087165      ,  0.29743891648856235      ,  0.17772234594660688     
  0.31676665651845576      ,  0.32523734746483168      ,  0.19468518987864572     
  0.34891817852152729      ,  0.35578858369275485      ,  0.21320781800241143     
  0.38323712706837992      ,  0.38934532818804513      ,  0.23345503833546014     
  0.42025286530803457      ,  0.42618121744158366      ,  0.25560462372991749     
  0.46065458107871859      ,  0.46659037743175252      ,  0.27984833683908750     
  0.50515479347389747      ,  0.51088617139247883      ,  0.30639276713294245     
  0.55438044308077261      ,  0.55939881143258230      ,  0.33545989260639347     
  0.60881495339688552      ,  0.61247140525082377      ,  0.36728724609690205     
  0.66877834496289079      ,  0.67045388387585647      ,  0.40212752422049775     
  0.73442077199655154      ,  0.73369410400377422      ,  0.44024742390437027     
  0.80572539496992746      ,  0.80252523878664739      ,  0.48192542541007199     
  0.88253833136253657      ,  0.87724836805713469      ,  0.52744816004763362     
  0.96463501437431998      ,  0.95810896533412482      ,  0.57710490493869326     
   1.0518084157278627      ,   1.0452657805728223      ,  0.63117963775002872     
   1.1439421539174524      ,   1.1387504820354777      ,  0.68993996663175328     
   1.2410146305765111      ,   1.2384164273482181      ,  0.75362213632406572     
   1.3429923658154523      ,   1.3438752066554114      ,  0.82241122208398265     
   1.4496232743669355      ,   1.4544203201472676      ,  0.89641559472431365     
   1.5601977323330676      ,   1.5689387609178072      ,  0.97563482829485038     
   1.6733650506980056      ,   1.6858136658766292      ,   1.0599205065801458     
   1.7870695838583943      ,   1.8028248692118054      ,   1.1489299706560232     
   1.8986129450163944      ,   1.9170593339240956      ,   1.2420740599845279     
   2.0047853799279585      ,   2.0248499264203508      ,   1.3384614507544750     
   2.1019817804468608      ,   2.1217681005363196      ,   1.4368443490931841     
   2.1862430114224942      ,   2.2027020523138305      ,   1.5355729780716709     
   2.2532219996646101      ,   2.2620538223631388      ,   1.6325691829374855     
   2.2981402836201514      ,   2.2940825631095625      ,   1.7253318865775926     
   2.3158484573689240      ,   2.2934025096515773      ,   1.8109879719485740     
   2.3011134545073220      ,   2.2556108582566328      ,   1.8864000927656583     
   2.2492119789220557      ,   2.1779756365249536      ,   1.9483366994347122     
   2.1568003202868806      ,   2.0600674067786091      ,   1.9936988387326597     
   2.0228633083349665      ,   1.9041894755754216      ,   2.0197843039439829     
   1.8494017387397079      ,   1.7154692943814802      ,   2.0245557812127513     
   1.6415818678675302      ,   1.5015302430138926      ,   2.0068705581414674     
   1.4074236185901503      ,   1.2717598040209583      ,   1.9666297015238157     
   1.1573924791899970      ,   1.0362971825751546      ,   1.9048163682796677     
  0.90400414063246048      ,  0.80493991239132967      ,   1.8234138682300103     
  0.66100031525431202      ,  0.58618396610125834      ,   1.7252181534258575     
  0.44152290967159308      ,  0.38656124625243360      ,   1.6135790714816123     
  0.25515134193972305      ,  0.21034630813473335      ,   1.4921143988777912     
  0.10488364234748859      ,   5.9608695163686748E-002 ,   1.3644388805009304     
  -1.3363114478709474E-002 ,  -6.5479933137011226E-002 ,   1.2339398472094227     
 -0.10748412215020481      , -0.16620055027530495      ,   1.1036162944159156     
 -0.18462490221014261      , -0.24481000764352695      ,  0.97598429919751772     
 -0.24867722448227231      , -0.30410886996064257      ,  0.85304136147876719     
 -0.30076995441449039      , -0.34709476490187574      ,  0.73627664433751827     
 -0.34099900516381793      , -0.37671289195006802      ,  0.62671257737338548     
 -0.36933112122881651      , -0.39569614814294074      ,  0.52496455981118595     
 -0.38605040264456669      , -0.40647782964416257      ,  0.43130818574931273     
 -0.39250910317869958      , -0.41115746707718875      ,  0.34574645755035577     
 -0.39129246373052023      , -0.41150210621487715      ,  0.26807221390270930     
 -0.38565833808276340      , -0.40896890310199524      ,  0.19792318892810590     
 -0.37908246483872399      , -0.40473875859198022      ,  0.13482868670199558     
 -0.37457772474163503      , -0.39975409662649936      ,   7.8247876867343358E-002
 -0.37361400181725474      , -0.39475651542952789      ,   2.7600314319150377E-002
 -0.37578087589975845      , -0.39032191242298492      ,  -1.7710416716385423E-002
 -0.37959700705296023      , -0.38689192741735651      ,  -5.8278932325788971E-002
 -0.38359594010161890      , -0.38480132170628584      ,  -9.4685166360762144E-002
 -0.38716998667603625      , -0.38430135678688487      , -0.12748546907213734     
 -0.39096900261152934      , -0.38557946906189577      , -0.15720688788408219     
 -0.39640195481303953      , -0.38877563790933228      , -0.18434394603443194     
 -0.40452688848545515      , -0.39399586905819672      , -0.20935734501658584     
 -0.41542498070539058      , -0.40132319833040991      , -0.23267411661505247     
 -0.42844747718125065      , -0.41082658358391927      , -0.25468883757681537     
 -0.44287111240704818      , -0.42256800707019559      , -0.27576559431625691     
 -0.45850385136454258      , -0.43660806267782115      , -0.29624044721241904     
 -0.47585369805741007      , -0.45301025559336150      , -0.31642419513785502     
 -0.49578443175843601      , -0.47184419680003337      , -0.33660528206910106     
 -0.51901388355280431      , -0.49318783156868379      , -0.35705272011539529     
 -0.54577399112645819      , -0.51712879917563415      , -0.37801892807114496     
 -0.57578558581269224      , -0.54376497977004823      , -0.39974240249018106     
 -0.60856149517417557      , -0.57320424278403181      , -0.42245014997122587     
 -0.64377797273977078      , -0.60556336871600913      , -0.44635981535506558     
 -0.68144253624264606      , -0.64096607180850518      , -0.47168144125200534     
 -0.72185650671450219      , -0.67954000459510544      , -0.49861879002709569     
 -0.76545295006340064      , -0.72141257642418488      , -0.52737015029433365     
 -0.81256323333941782      , -0.76670536747726248      , -0.55812853633776005     
 -0.86331354723297882      , -0.81552686917319506      , -0.59108117101442681     
 -0.91775035973591357      , -0.86796323453109814      , -0.62640812116689004     
 -0.97597249289422272      , -0.92406668383501045      , -0.66427993038313904     
  -1.0381160558659863      , -0.98384119101453216      , -0.70485406880495360     
  -1.1042345375666680      ,  -1.0472250883707017      , -0.74826999640014280     
  -1.1741185067881248      ,  -1.1140702913966432      , -0.79464261903395428     
  -1.2471624038081057      ,  -1.1841179882630797      , -0.84405391227026083     
  -1.3224280757023710      ,  -1.2569708943107780      , -0.89654250528706636     
  -1.3988645202693644      ,  -1.3320625811600497      , -0.95209106900782137     
  -1.4755025772508232      ,  -1.4086249955284553      ,  -1.0106114543405447     
  -1.5514991474979818      ,  -1.4856561204709910      ,  -1.0719276969676881     
  -1.6260140479527212      ,  -1.5618908147046162      ,  -1.1357572641826892     
  -1.6979828604334866      ,  -1.6357791596741007      ,  -1.2016912837629112     
  -1.7659190348081479      ,  -1.7054780339848252      ,  -1.2691749722667758     
  -1.8278476803798629      ,  -1.7688628873783263      ,  -1.3374900584707226     
  -1.8813849649716607      ,  -1.8235674200729917      ,  -1.4057416326856329     
  -1.9239071514351711      ,  -1.8670585584756816      ,  -1.4728524544807782     
  -1.9527196192413938      ,  -1.8967521385750084      ,  -1.5375681751794532     
  -1.9651840130029832      ,  -1.9101705150628026      ,  -1.5984769812271005     
  -1.9588428852399167      ,  -1.9051366868038477      ,  -1.6540466183546458     
  -1.9315858018750658      ,  -1.8799909029060546      ,  -1.7026804229180070     
  -1.8818758726076306      ,  -1.8338064567641899      ,  -1.7427917898376235     
  -1.8090355614922045      ,  -1.7665738233804884      ,  -1.7728935811366489     
  -1.7135371152085117      ,  -1.6793193399910480      ,  -1.7916957382361516     
  -1.5972146999476025      ,  -1.5741287994909499      ,  -1.7982014834472844     
  -1.4633487282127693      ,  -1.4540585711738296      ,  -1.7917907942460058     
  -1.3166054165524934      ,  -1.3229355864692047      ,  -1.7722800115972297     
  -1.1628033942693832      ,  -1.1850684983651558      ,  -1.7399488134297523     
  -1.0084606990241853      ,  -1.0449098261764556      ,  -1.6955300711564372     
 -0.86008947161216842      , -0.90671780055009554      ,  -1.6401634518064443     
 -0.72329734389697609      , -0.77426443399857336      ,  -1.5753188259838156     
 -0.60192151649723935      , -0.65062418559314306      ,  -1.5026994293425207     
 -0.49754832887920253      , -0.53805960856055846      ,  -1.4241365517228026     
 -0.40967747344962369      , -0.43800192017994610      ,  -1.3414871510683963     
 -0.33645709684875491      , -0.35111004356225739      ,  -1.2565436330226010     
 -0.27559687559211271      , -0.27738372851379317      ,  -1.1709618668190174     
 -0.22504783149168781      , -0.21630490680726164      ,  -1.0862101432000582     
 -0.18330013502770695      , -0.16698485479310698      ,  -1.0035388660824414     
 -0.14940101325493327      , -0.12830075441590932      , -0.92396866930221366     
 -0.12282581686087626      ,  -9.9011800828282467E-002 , -0.84829344980179178     
 -0.10325380865231004      ,  -7.7850703932708876E-002 , -0.77709439787087953     
  -9.0301541616698858E-002 ,  -6.3590613793592488E-002 , -0.71076127246323817     
  -8.3318068225338354E-002 ,  -5.5090083998159803E-002 , -0.64951768650273467     
  -8.1331712342175927E-002 ,  -5.1319928652182122E-002 , -0.59344783846858606     
  -8.3175180959420780E-002 ,  -5.1376111790610725E-002 , -0.54252281249798806     
  -8.7742260239527081E-002 ,  -5.4482506497482014E-002 , -0.49662518528688282     
  -9.4244830938550059E-002 ,  -5.9986771525834218E-002 , -0.45557118450738321     
 -0.10231743646019882      ,  -6.7351918144290771E-002 , -0.41913003141958882     
 -0.11191452972834513      ,  -7.6145498697450006E-002 , -0.38704037906701927     
 -0.12307942048264912      ,  -8.6027798752510112E-002 , -0.35902394463510756     
 -0.13572670760177552      ,  -9.6739974650656230E-002 , -0.33479655016284376     
 -0.14955835899691577      , -0.10809274326090544      , -0.31407684844854894     
 -0.16414649219420852      , -0.11995598579839001      , -0.29659303637498741     
 -0.17910209912519126      , -0.13224945471734162      , -0.28208785835243927     
 -0.19419576463538790      , -0.14493465480064185      , -0.27032218738771446     
 -0.20935457264441784      , -0.15800789211005009      , -0.26107744707156139     
 -0.22456431398880269      , -0.17149443591142843      , -0.25415710912940392     
 -0.23976678355006492      , -0.18544371031143450      , -0.24938747116086327     
 -0.25482923324078316      , -0.19992541770844602      , -0.24661788975310234     
 -0.26960305875071233      , -0.21502649063002746      , -0.24572061646105828     
 -0.28402998848256417      , -0.23084876878264615      , -0.24659035883437774     
 -0.29823202980637603      , -0.24750730180244249      , -0.24914366600070298     
 -0.31253795495400455      , -0.26512918355277493      , -0.25331821830752771     
 -0.32743778470088614      , -0.28385282959556735      , -0.25907208303752821     
 -0.34349528775736293      , -0.30382761469181757      , -0.26638298299531660     
 -0.36126263229696631      , -0.32521379106320952      , -0.27524761149537930     
 -0.38122618237078115      , -0.34818260996592526      , -0.28568101558953890     
 -0.40378509307906574      , -0.37291656820932029      , -0.29771605884614949     
 -0.42924536153631432      , -0.39960969688581727      , -0.31140296518496530     
 -0.45781249478380937      , -0.42846780097640164      , -0.32680893569513642     
 -0.48958546648529760      , -0.45970854475326928      , -0.34401782048743806     
 -0.52457217482468232      , -0.49356125796539929      , -0.36312981686817919     
 -0.56274190829945880      , -0.53026631045188799      , -0.38426115281641809     
 -0.60410682862620013      , -0.57007386672513005      , -0.40754370016543978     
 -0.64880083941024891      , -0.61324178576453203      , -0.43312444421807728     
 -0.69711522301224460      , -0.66003237338925247      , -0.46116471487057925     
 -0.74946557866237051      , -0.71070762410160104      , -0.49183905773979042     
 -0.80629821885815167      , -0.76552250598750449      , -0.52533359135827784     
 -0.86797412201286472      , -0.82471574748206744      , -0.56184365743896569     
 -0.93467578433516196      , -0.88849748268377926      , -0.60157052509409392     
  -1.0063660123974636      , -0.95703301110356997      , -0.64471685702333670     
  -1.0828006041913731      ,  -1.0304218440011301      , -0.69148058764199649     
  -1.1635744411080999      ,  -1.1086711689674305      , -0.74204680358594444     
  -1.2481733900724188      ,  -1.1916629079707703      , -0.79657716295425818     
  -1.3360108354899234      ,  -1.2791137317463777      , -0.85519635278332806     
  -1.4264379718311491      ,  -1.3705278083744008      , -0.91797508300500474     
  -1.5187218260637834      ,  -1.4651428133852800      , -0.98490917658624821     
  -1.6119852554772902      ,  -1.5618709377351614      ,  -1.0558944769156287     
  -1.7051079726952558      ,  -1.6592384213378226      ,  -1.1306976022292721     
  -1.7966032211047367      ,  -1.7553295920387670      ,  -1.2089230872994532     
  -1.8845027835069441      ,  -1.8477444638281029      ,  -1.2899782167765024     
  -1.9662896943109047      ,  -1.9335823784575716      ,  -1.3730379039287575     
  -2.0389056976711912      ,  -2.0094673378281551      ,  -1.4570132840711101     
  -2.0988351738137863      ,  -2.0716324741702135      ,  -1.5405291632885045     
  -2.1422462632381745      ,  -2.1160799622598705      ,  -1.6219168435451898     
  -2.1651706567875078      ,  -2.1388267571723301      ,  -1.6992297223010837     
  -2.1637270828999600      ,  -2.1362343452227091      ,  -1.7702888766971601     
  -2.1344204834985900      ,  -2.1054020599515408      ,  -1.8327639813947796     
  -2.0745493220183517      ,  -2.0445807668991480      ,  -1.8842909353405151     
  -1.9827061446620013      ,  -1.9535423966589387      ,  -1.9226215166584080     
  -1.8592752759057971      ,  -1.8338290488603362      ,  -1.9457930344686416     
  -1.7067797144997556      ,  -1.6888114028237018      ,  -1.9522989358118306     
  -1.5299759919662588      ,  -1.5235141097589926      ,  -1.9412368422279591     
  -1.3357100820596854      ,  -1.3442120210571691      ,  -1.9124105565793181     
  -1.1325791196551751      ,  -1.1578532144471796      ,  -1.8663681352799042     
 -0.93032121341464613      , -0.97140576902449882      ,  -1.8043683566136113     
 -0.73875384828162216      , -0.79124071353522030      ,  -1.7282803210774276     
 -0.56622106409404172      , -0.62264865754680543      ,  -1.6404321365977033     
 -0.41790974639206230      , -0.46954913069346166      ,  -1.5434317569348321     
 -0.29486984468920868      , -0.33440429339267902      ,  -1.4399846537350298     
 -0.19455817187076010      , -0.21830781663064763      ,  -1.3327295467317848     
 -0.11274708649844316      , -0.12119519779513725      ,  -1.2241066936955947     
  -4.5557721018368254E-002 ,  -4.2115597683410992E-002 ,  -1.1162655197519116     
   9.5332221093984287E-003 ,   2.0486709436646308E-002 ,  -1.0110115465697123     
   5.3817095754529400E-002 ,   6.8517777469615099E-002 , -0.90978775496973741     
   8.7890805919361881E-002 ,  0.10402626193743578      , -0.81368293448099915     
  0.11207596476242282      ,  0.12904874663052246      , -0.72345890814728753     
  0.12679654280781177      ,  0.14550507020936551      , -0.63958917068628618     
  0.13296033658385045      ,  0.15513562773870865      , -0.56230283043951657     
  0.13211856049916845      ,  0.15947093878374241      , -0.49162931722975295     
  0.12635136693131457      ,  0.15982416769303215      , -0.42744079806285401     
  0.11794467447154930      ,  0.15729872395344635      , -0.36949047281843572     
  0.10885216258303210      ,  0.15280484568268940      , -0.31744585488358845     
  0.10016674971435327      ,  0.14708076104513482      , -0.27091679461893292     
   9.2005208857173795E-002 ,  0.14071543813105639      , -0.22947842460269577     
   8.3882023288239960E-002 ,  0.13417102251796589      , -0.19268945063371956     
   7.5287792943071724E-002 ,  0.12780384748378712      , -0.16010633292912446     
   6.6167073131538495E-002 ,  0.12188343978152048      , -0.13129393972555115     
   5.7060708022393804E-002 ,  0.11660929459036382      , -0.10583324203678925     
   4.8820943285780530E-002 ,  0.11212541045637760      ,  -8.3326575815892520E-002
   4.2140452962534783E-002 ,  0.10853270131855734      ,  -6.3400941043187109E-002
   3.7291224544203236E-002 ,  0.10589946947631626      ,  -4.5709745725188280E-002
   3.4211579369705085E-002 ,  0.10427015253733518      ,  -2.9933342086985087E-002
   3.2785780813115409E-002 ,  0.10367256371322282      ,  -1.5778645510833335E-002
   3.3085347679214339E-002 ,  0.10412383785823971      ,  -2.9780755577153233E-003
   3.5408096533267049E-002 ,  0.10563528140448651      ,   8.7119867305855848E-003
   4.0111573808323968E-002 ,  0.10821630655474181      ,   1.9513070123515407E-002
   4.7375308515935598E-002 ,  0.11187761099747581      ,   2.9626691293402192E-002
   5.7042375121884675E-002 ,  0.11663374533339807      ,   3.9236545986113792E-002
   6.8633673903547007E-002 ,  0.12250519210664432      ,   4.8510742915426050E-002
   8.1526905282072543E-002 ,  0.12952006322130361      ,   5.7604029240280456E-002
   9.5183545248149662E-002 ,  0.13771550677706540      ,   6.6659972083182917E-002
  0.10929690933124764      ,  0.14713890001021801      ,   7.5813073027227965E-002
  0.12381727518854230      ,  0.15784889200725963      ,   8.5190802334656729E-002
  0.13888374591647673      ,  0.16991634801598865      ,   9.4915547152699190E-002
  0.15473195342058627      ,  0.18342523629126711      ,  0.10510647354626416     
  0.17165392436702243      ,  0.19847348819084690      ,  0.11588130609579436     
  0.19001477759538479      ,  0.21517385232113451      ,  0.12735803123493067     
  0.21025430081129101      ,  0.23365475348327366      ,  0.13965653162546596     
  0.23282491061970803      ,  0.25406115644904970      ,  0.15290015875808619     
  0.25808069442538772      ,  0.27655542254615456      ,  0.16721724963564050     
  0.28616971615929193      ,  0.30131813284431563      ,  0.18274259076972924     
  0.31700311532699188      ,  0.32854883440907107      ,  0.19961882863850883     
  0.35034769482860212      ,  0.35846664439448767      ,  0.21799781994534886     
  0.38600572436879288      ,  0.39131061915952309      ,  0.23804190709181647     
  0.42398812034427547      ,  0.42733976025768178      ,  0.25992509369566286     
  0.46460064728778644      ,  0.46683248383084736      ,  0.28383408103491098     
  0.50841460381056869      ,  0.51008532201043177      ,  0.30996910807541045     
  0.55614718723601064      ,  0.55741055142552731      ,  0.33854451411498021     
  0.60851426906144479      ,  0.60913235169282998      ,  0.36978891269851522     
  0.66611486255450425      ,  0.66558098285394907      ,  0.40394482676344723     
  0.72937108425084218      ,  0.72708433304494668      ,  0.44126758626840140     
  0.79850938522343329      ,  0.79395602623684047      ,  0.48202322918040019     
  0.87355673046619020      ,  0.86647909879151963      ,  0.52648507335109662     
  0.95434680158060958      ,  0.94488406424180749      ,  0.57492854014299799     
   1.0405528826379746      ,   1.0293200115880103      ,  0.62762371220481183     
   1.1317536259827774      ,   1.1198172657769607      ,  0.68482500244872102     
   1.2275131259613463      ,   1.2162401498838087      ,  0.74675720953346603     
   1.3274350884978818      ,   1.3182286351005581      ,  0.81359715612049432     
   1.4311370900941207      ,   1.4251283035935616      ,  0.88545008151459337     
   1.5381103484259699      ,   1.5359092905780751      ,  0.96232003866968674     
   1.6474908414870875      ,   1.6490769691601981      ,   1.0440737963954980     
   1.7578244571850061      ,   1.7625803520093120      ,   1.1303982621456463     
   1.8669178335547170      ,   1.8737286770511576      ,   1.2207523257973252     
   1.9718276851180672      ,   1.9791323337539792      ,   1.3143153831750887     
   2.0689733013485103      ,   2.0746905761774594      ,   1.4099366878493840     
   2.1542986279624485      ,   2.1556539445227054      ,   1.5060920462594489     
   2.2234046565367680      ,   2.2167915023342668      ,   1.6008569537318578     
   2.2716254571298582      ,   2.2526884218042524      ,   1.6919075042317528     
   2.2940982106817605      ,   2.2581843870692953      ,   1.7765613825387028     
   2.2859398778933109      ,   2.2289354566246842      ,   1.8518697931255470     
   2.2426519777846812      ,   2.1620431645734275      ,   1.9147661847452768     
   2.1608025691962593      ,   2.0566529170936714      ,   1.9622686169821451     
   2.0388795995780091      ,   1.9143940614837531      ,   1.9917204286638490     
   1.8780381640589254      ,   1.7395340488428781      ,   2.0010411052933321     
   1.6824403158916945      ,   1.5387608201874197      ,   1.9889499507456627     
   1.4591361459775622      ,   1.3205875736851553      ,   1.9551235362441517     
   1.2177412757646224      ,   1.0944698721640391      ,   1.9002562817400708     
  0.97007125276406425      ,  0.86980197130440695      ,   1.8260108125278076     
  0.72942451057022994      ,  0.65498696600371087      ,   1.7348662255019947     
  0.50898071702260428      ,  0.45674402410833626      ,   1.6298915649064565     
  0.31910458758729759      ,  0.27974115223213653      ,   1.5144830970439576     
  0.16432203443474533      ,  0.12655500924438956      ,   1.3921050714225933     
   4.2165533904514871E-002 ,  -2.1093609545281568E-003 ,   1.2660659784698975     
  -5.4445079160679276E-002 , -0.10703999294361360      ,   1.1393497488246689     
 -0.13288508933875820      , -0.19008160102014149      ,   1.0145082306768012     
 -0.19782823862630550      , -0.25371953242299472      ,  0.89361081724419855     
 -0.25106840114044987      , -0.30073129688479561      ,  0.77824067797363217     
 -0.29300064902426864      , -0.33392454246025399      ,  0.66952453904332021     
 -0.32366711543616145      , -0.35596005720225277      ,  0.56818335328088643     
 -0.34318544426504827      , -0.36924698732802863      ,  0.47459326396003948     
 -0.35243874761937533      , -0.37589322082260024      ,  0.38884895656509771     
 -0.35348483597993718      , -0.37769423707262845      ,  0.31082411065795684     
 -0.34921079548089540      , -0.37614639022080093      ,  0.24022584882287670     
 -0.34289888921439182      , -0.37247398388673925      ,  0.17664171537082027     
 -0.33765566601685953      , -0.36766269850571237      ,  0.11957883348917736     
 -0.33538109188734344      , -0.36249455027626887      ,   6.8495581330194732E-002
 -0.33617058895868890      , -0.35758150586839088      ,   2.2826506073900316E-002
 -0.33883615646115173      , -0.35339622047587044      ,  -1.7998639778078043E-002
 -0.34192961957297136      , -0.35029923678836039      ,  -5.4540824849171811E-002
 -0.34462741584412193      , -0.34856251030891594      ,  -8.7341759806201569E-002
 -0.34725417599650710      , -0.34838942264384626      , -0.11691723052267909     
 -0.35103386867387409      , -0.34993159229674742      , -0.14375306250130479     
 -0.35711184409997754      , -0.35330285041969134      , -0.16830313786135651     
 -0.36578847508179191      , -0.35859075534454887      , -0.19098898192971681     
 -0.37657236443504422      , -0.36586599856871060      , -0.21220052210168877     
 -0.38875249021851488      , -0.37519002047089617      , -0.23229769598738090     
 -0.40202156628884000      , -0.38662111437854607      , -0.25161264904947012     
 -0.41675756430942895      , -0.40021925684407017      , -0.27045231471455861     
 -0.43378937278555302      , -0.41604986199587363      , -0.28910121329269922     
 -0.45391407194953731      , -0.43418661921318441      , -0.30782434099060302     
 -0.47750779025932610      , -0.45471353602796433      , -0.32687004780146445     
 -0.50441097303834803      , -0.47772627159494169      , -0.34647282392138790     
 -0.53414523830252703      , -0.50333280959024207      , -0.36685592925790400     
 -0.56628008792514417      , -0.53165348217388397      , -0.38823381009042951     
 -0.60066578572516116      , -0.56282031778690689      , -0.41081425140154459     
 -0.63746057130016565      , -0.59697564414214421      , -0.43480021307211597     
 -0.67702063766996623      , -0.63426983296738892      , -0.46039129315319621     
 -0.71970255313900244      , -0.67485802422642949      , -0.48778475182937375     
 -0.76573463267328579      , -0.71889561443919947      , -0.51717601545449898     
 -0.81529837859332721      , -0.76653223684161209      , -0.54875856116675947     
 -0.86866304926665761      , -0.81790390218311593      , -0.58272305918769784     
 -0.92618308649445558      , -0.87312291159351063      , -0.61925562236534037     
 -0.98816921871663999      , -0.93226510369459192      , -0.65853498173058778     
  -1.0546914451120850      , -0.99535396770232754      , -0.70072837453749337     
  -1.1254102051733701      ,  -1.0623411591474730      , -0.74598590049483626     
  -1.1995932709895301      ,  -1.1330830190770358      , -0.79443307761640658     
  -1.2763299200844913      ,  -1.2073128544503686      , -0.84616131890993951     
  -1.3547754002376089      ,  -1.2846090303135032      , -0.90121606603373261     
  -1.4342687318969760      ,  -1.3643594057596606      , -0.95958237131782331     
  -1.5142710471769913      ,  -1.4457233725700702      ,  -1.0211678349887090     
  -1.5941570196782291      ,  -1.5275937779192856      ,  -1.0857830039380234     
  -1.6729711828914933      ,  -1.6085623533591964      ,  -1.1531196477268890     
  -1.7492714485550052      ,  -1.6868938939161400      ,  -1.2227277695525685     
  -1.8211089919862991      ,  -1.7605161903145281      ,  -1.2939927958138346     
  -1.8861199258253296      ,  -1.8270343129837907      ,  -1.3661151039794051     
  -1.9416523210187140      ,  -1.8837787772127064      ,  -1.4380948387112886     
  -1.9848676676652166      ,  -1.9278966816365157      ,  -1.5087257139824952     
  -2.0128277551732601      ,  -1.9564922881605553      ,  -1.5766020145148025     
  -2.0226054259289841      ,  -1.9668179842404507      ,  -1.6401430354681412     
  -2.0114468992796977      ,  -1.9565078935156675      ,  -1.6976384459203631     
  -1.9770151586309064      ,  -1.9238352622592316      ,  -1.7473162883833551     
  -1.9177096008306291      ,  -1.8679631247608479      ,  -1.7874324592804500     
  -1.8330071688517566      ,  -1.7891488963989355      ,  -1.8163767754887499     
  -1.7237589346915412      ,  -1.6888613174542515      ,  -1.8327867172578691     
  -1.5923890760875130      ,  -1.5697756537403367      ,  -1.8356565804305158     
  -1.4429557064466039      ,  -1.4356308657342878      ,  -1.8244281277482193     
  -1.2810496249769752      ,  -1.2909575812169940      ,  -1.7990497282333926     
  -1.1134939227160046      ,  -1.1407118013422741      ,  -1.7599946421626305     
 -0.94776749260523618      , -0.98986866166433762      ,  -1.7082349636031091     
 -0.79110125259606079      , -0.84303727905915227      ,  -1.6451744759519611     
 -0.64935806515086214      , -0.70414998917810345      ,  -1.5725497021054149     
