   1.2464544764976540      ,   2.1229450724483714      ,   1.4655193661558268     
   2.1421876694227211      ,   2.1929852415350255      ,   1.5610585270229873     
   2.3057904221325147      ,   2.2400776937172493      ,   1.6539053462152871     
   2.3123017227379026      ,   2.2589017442634218      ,   1.7415228812149708     
   2.2232605191611041      ,   2.2447042742917840      ,   1.8210630112943438     
   2.1327214939789476      ,   2.1939089102960634      ,   1.8894909061409448     
   2.0401773502081078      ,   2.1047402225179983      ,   1.9437656688917380     
   1.9426928327884410      ,   1.9777454803439807      ,   1.9810672081207392     
   1.8264632263723182      ,   1.8160821072783706      ,   1.9990464820024860     
   1.6836384937925193      ,   1.6254624622894605      ,   1.9960649989817625     
   1.5089267346486519      ,   1.4137129629515430      ,   1.9713841858516696     
   1.3043570803755651      ,   1.1899972664110152      ,   1.9252693066812612     
   1.0805260906405909      ,  0.96384218103004549      ,   1.8589865037522069     
  0.85658272200359908      ,  0.74415591195967179      ,   1.7746919444430655     
  0.65330411659202181      ,  0.53842131673974125      ,   1.6752329415465239     
  0.48247308790206983      ,  0.35218728446955988      ,   1.5638959838847664     
  0.34262417824673158      ,  0.18889565376218667      ,   1.4441420266186100     
  0.22477939310812867      ,   5.0001978019320249E-002 ,   1.3193650556489360     
  0.11975832526445281      ,  -6.4700883798565631E-002 ,   1.1926989228874905     
   2.1692859361954961E-002 , -0.15666063759309845      ,   1.0668841267543117     
  -7.1364217938970825E-002 , -0.22813426990100699      ,  0.94419438639734021     
 -0.15805396291343674      , -0.28180797976757588      ,  0.82641469034470127     
 -0.23479652518045979      , -0.32049834109380249      ,  0.71485843581946695     
 -0.29702046371151597      , -0.34694074961631782      ,  0.61041059040920653     
 -0.34041964732000102      , -0.36365620077566646      ,  0.51358530372947420     
 -0.36223576363815402      , -0.37288048745330526      ,  0.42458891988492709     
 -0.36251043524338700      , -0.37653861886822665      ,  0.34338204425120999     
 -0.34500906736378717      , -0.37624917459232166      ,  0.26973670639260389     
 -0.31726224480109189      , -0.37334652660465156      ,  0.20328652779630416     
 -0.28921461240309804      , -0.36891220776140959      ,  0.14356912745924336     
 -0.27055883251081952      , -0.36380958762195265      ,   9.0060855130340983E-002
 -0.26771384750968941      , -0.35871823902491112      ,   4.2204439621893741E-002
 -0.28181628014849341      , -0.35416596004674755      ,  -5.6961569239652996E-004
 -0.30861367954976893      , -0.35055746826940914      ,  -3.8826978221081797E-002
 -0.34024189880509775      , -0.34819944144875398      ,  -7.3117879548269940E-002
 -0.36814955646409592      , -0.34732196114584557      , -0.10396913675487859     
 -0.38609183056968399      , -0.34809661831423416      , -0.13187907821838246     
 -0.39215797041061395      , -0.35065163044657438      , -0.15731475324318300     
 -0.38917251269960335      , -0.35508434474769440      , -0.18071090378070817     
 -0.38339241442297822      , -0.36147149037983400      , -0.20247026648446861     
 -0.38205589544262125      , -0.36987751301508459      , -0.22296485238673353     
 -0.39078161750583862      , -0.38036128702789984      , -0.24253791924495635     
 -0.41179906051219761      , -0.39298146021187508      , -0.26150640862046931     
 -0.44353646327953861      , -0.40780064560972051      , -0.28016366693359418     
 -0.48153751604771006      , -0.42488863596647064      , -0.29878230811027573     
 -0.52026901495263778      , -0.44432477860534586      , -0.31761710598075332     
 -0.55514432376344558      , -0.46619961183729980      , -0.33690782818834025     
 -0.58404199710074156      , -0.49061582772856122      , -0.35688194075595159     
 -0.60780707156253422      , -0.51768858938690709      , -0.37775712423213165     
 -0.62964093686706424      , -0.54754519301577265      , -0.39974354894277481     
 -0.65372956098445711      , -0.58032402491292434      , -0.42304585861538374     
 -0.68371736929886928      , -0.61617272046811900      , -0.44786480869756806     
 -0.72160178714401224      , -0.65524538527947807      , -0.47439849813077212     
 -0.76736712464541157      , -0.69769868729453444      , -0.50284312115890861     
 -0.81936068376811988      , -0.74368657348523226      , -0.53339314892254241     
 -0.87516705762832592      , -0.79335330605295495      , -0.56624082914757556     
 -0.93260544624826414      , -0.84682445416439756      , -0.60157486641105617     
 -0.99047455851290844      , -0.90419542278911047      , -0.63957811587315860     
  -1.0488037394842964      , -0.96551705894731876      , -0.68042409129601356     
  -1.1085913819968667      ,  -1.0307778612015503      , -0.72427205599499500     
  -1.1712181036870202      ,  -1.0998823509037625      , -0.77126043706710912     
  -1.2378130642557852      ,  -1.1726252724491224      , -0.82149828508863920     
  -1.3088040903883824      ,  -1.2486615134322572      , -0.87505450283288311     
  -1.3837524941780099      ,  -1.3274720230237296      , -0.93194460068929952     
  -1.4614413771324255      ,  -1.4083266142620134      , -0.99211482113025040     
  -1.5401052741921388      ,  -1.4902454189606513      ,  -1.0554236320282695     
  -1.6176763099368896      ,  -1.5719619618454443      ,  -1.1216208443547895     
  -1.6919669640331383      ,  -1.6518923291820697      ,  -1.1903249890188543     
  -1.7607790215502193      ,  -1.7281166388091584      ,  -1.2610001085055818     
  -1.8219772257159728      ,  -1.7983807511966154      ,  -1.3329337815139992     
  -1.8735647756778135      ,  -1.8601274883067285      ,  -1.4052189689836077     
  -1.9137572488592998      ,  -1.9105669316404634      ,  -1.4767430611370855     
  -1.9410147419809720      ,  -1.9467938643396794      ,  -1.5461881616983577     
  -1.9539926147587514      ,  -1.9659562972366709      ,  -1.6120469374818855     
  -1.9514051051483403      ,  -1.9654717519920386      ,  -1.6726580056065574     
  -1.9318361812975113      ,  -1.9432777608327523      ,  -1.7262635486630262     
  -1.8935615149431706      ,  -1.8980912374186156      ,  -1.7710894706649931     
  -1.8344703569838763      ,  -1.8296406962393050      ,  -1.8054450031124267     
  -1.7522105762969848      ,  -1.7388294866500131      ,  -1.8278346624583925     
  -1.6447194461523249      ,  -1.6277909378168240      ,  -1.8370716452890137     
  -1.5112911652811187      ,  -1.4998095542228083      ,  -1.8323791687938058     
  -1.3541465261726116      ,  -1.3591048903602743      ,  -1.8134659116009328     
  -1.1799836253991305      ,  -1.2105014823689850      ,  -1.7805641330966038     
  -1.0002851181081007      ,  -1.0590317642324893      ,  -1.7344240464755345     
 -0.82893496101805164      , -0.90953204853726333      ,  -1.6762645840380972     
 -0.67733680274684926      , -0.76629045839720311      ,  -1.6076872838821734     
 -0.55029553445971757      , -0.63279111119684861      ,  -1.5305650890616394     
 -0.44591507279905923      , -0.51157614327258938      ,  -1.4469203331926654     
 -0.35866389629401801      , -0.40422348056081997      ,  -1.3588058440310067     
 -0.28260546597158037      , -0.31141976406450217      ,  -1.2682004526181798     
 -0.21331574070507431      , -0.23309778801163680      ,  -1.1769262441082506     
 -0.14859131252091395      , -0.16860623877588951      ,  -1.0865906987991416     
  -8.8371018701304788E-002 , -0.11688420726929609      , -0.99855328422125944     
  -3.4191139018766074E-002 ,  -7.6620826960369842E-002 , -0.91391352682143312     
   1.1574043470856443E-002 ,  -4.6388750188870759E-002 , -0.83351620498294843     
   4.6486196104378395E-002 ,  -2.4747247274474339E-002 , -0.75796889974055193     
   6.8710608040874338E-002 ,  -1.0315729998428632E-002 , -0.68766743138630215     
   7.7528484009388970E-002 ,  -1.8214478280048640E-003 , -0.62282540323619306     
   7.3663266438656200E-002 ,   1.8736213420180853E-003 , -0.56350492439458066     
   5.9362491773238449E-002 ,   1.7615356216361129E-003 , -0.50964642339749555     
   3.8155631496340527E-002 ,  -1.3118115952818158E-003 , -0.46109619835676158     
   1.4251657545087702E-002 ,  -6.6396574477651698E-003 , -0.41763093670120399     
  -8.3362533047354938E-003 ,  -1.3643028666461270E-002 , -0.37897887546563841     
  -2.6702129673490033E-002 ,  -2.1857230537399887E-002 , -0.34483757807297111     
  -3.9685164004755497E-002 ,  -3.0917647516997382E-002 , -0.31488850072089442     
  -4.7996797364845231E-002 ,  -4.0545828998756465E-002 , -0.28880863680281205     
  -5.3788377550287196E-002 ,  -5.0536458215814865E-002 , -0.26627958437632082     
  -5.9817129111370160E-002 ,  -6.0745535952676205E-002 , -0.24699439830948178     
  -6.8498267023506185E-002 ,  -7.1079928829461902E-002 , -0.23066257968419340     
  -8.1146378451158352E-002 ,  -8.1488312368645233E-002 , -0.21701353068754367     
  -9.7626400265898583E-002 ,  -9.1953464011745173E-002 , -0.20579877078846398     
 -0.11649657535892144      , -0.10248581711414667      , -0.19679317430099824     
 -0.13557347854330751      , -0.11311816375377477      , -0.18979545356896593     
 -0.15271810177918677      , -0.12390138486828309      , -0.18462807785078555     
 -0.16657161257524264      , -0.13490108585741281      , -0.18113678659492613     
 -0.17699191588639526      , -0.14619502096295234      , -0.17918982768631697     
 -0.18505511733215821      , -0.15787119815256992      , -0.17867702656820605     
 -0.19264536370791249      , -0.17002656630521587      , -0.17950877083502106     
 -0.20179928292727392      , -0.18276619714175962      , -0.18161497674609636     
 -0.21404503258624746      , -0.19620288481528092      , -0.18494408884528565     
 -0.22995968655566817      , -0.21045709584136973      , -0.18946215116338330     
 -0.24907786364478912      , -0.22565721072115474      , -0.19515197798646983     
 -0.27015839545087389      , -0.24194000588268194      , -0.20201244354666020     
 -0.29169722118665264      , -0.25945133017162558      , -0.21005790288735099     
 -0.31249857574184187      , -0.27834693379168085      , -0.21931775023200070     
 -0.33210583625981882      , -0.29879340902458551      , -0.22983611610438576     
 -0.35095186737739559      , -0.32096920087564484      , -0.24167169986552495     
 -0.37019513208492211      , -0.34506564151254326      , -0.25489772989084503     
 -0.39132162546723886      , -0.37128795436713680      , -0.26960203892761031     
 -0.41567044953152454      , -0.39985616123761175      , -0.28588723682235340     
 -0.44405526187907635      , -0.43100580761439661      , -0.30387095630563832     
 -0.47660505322017543      , -0.46498839643186035      , -0.32368613929883611     
 -0.51286023569288175      , -0.50207138687697239      , -0.34548132058916198     
 -0.55206827761602328      , -0.54253757078717313      , -0.36942085189663620     
 -0.59355774178559950      , -0.58668358224765382      , -0.39568499136519159     
 -0.63705054910443137      , -0.63481722373640304      , -0.42446976021377292     
 -0.68280485731777341      , -0.68725320205339335      , -0.45598643837758396     
 -0.73155216401928735      , -0.74430675725310036      , -0.49046053302116105     
 -0.78427295059360169      , -0.80628453708180048      , -0.52813000635325302     
 -0.84191153288587450      , -0.87347191981658512      , -0.56924249093951840     
 -0.90514068241059220      , -0.94611582648685610      , -0.61405115097201413     
 -0.97425023564704039      ,  -1.0244019038421510      , -0.66280876718600912     
  -1.0491713907114228      ,  -1.1084248294944457      , -0.71575953398672687     
  -1.1295876396114957      ,  -1.1981504370039850      , -0.77312796625371349     
  -1.2150478118743604      ,  -1.2933684551491871      , -0.83510423251032928     
  -1.3049984447450951      ,  -1.3936350120537007      , -0.90182518174023896     
  -1.3986899334577236      ,  -1.4982048238685792      , -0.97335034643113805     
  -1.4949707276963007      ,  -1.6059543643073384      ,  -1.0496323335922244     
  -1.5920478841370980      ,  -1.7152995155211928      ,  -1.1304813258783022     
  -1.6873397732529989      ,  -1.8241144286973070      ,  -1.2155239907546520     
  -1.7775496356941136      ,  -1.9296626473165661      ,  -1.3041580287422825     
  -1.8590145048185418      ,  -2.0285567510694142      ,  -1.3955049591156097     
  -1.9282353372165837      ,  -2.1167681279727408      ,  -1.4883655626288721     
  -1.9823583737419954      ,  -2.1897124730225968      ,  -1.5811845732323351     
  -2.0193793237277728      ,  -2.2424368401855683      ,  -1.6720334281675850     
  -2.0379942108118785      ,  -2.2699274515027903      ,  -1.7586215675428791     
  -2.0371913924694760      ,  -2.2675410704442771      ,  -1.8383470568267553     
  -2.0157528120540618      ,  -2.2315354793862863      ,  -1.9083951718011813     
  -1.9718241976051238      ,  -2.1596393728573404      ,  -1.9658881976733313     
  -1.9027067071693211      ,  -2.0515673608482117      ,  -2.0080809159886481     
  -1.8050727973598006      ,  -1.9093654042820782      ,  -2.0325851947350984     
  -1.6758948638444771      ,  -1.7374802521795818      ,  -2.0375963442642169     
  -1.5143415074308268      ,  -1.5424908645419049      ,  -2.0220870557072868     
  -1.3244658283379342      ,  -1.3325138890316865      ,  -1.9859351503616736     
  -1.1175140608964198      ,  -1.1163770895205816      ,  -1.9299604824015189     
 -0.91140680727280465      , -0.90271463970216792      ,  -1.8558625427495614     
 -0.72490909402436166      , -0.69915333805288005      ,  -1.7660691607004873     
 -0.56862734944885451      , -0.51172455627362157      ,  -1.6635226118661581     
 -0.44113877885928132      , -0.34456902251457822      ,  -1.5514380456062040     
 -0.33356611679028519      , -0.19992742058226354      ,  -1.4330689555593126     
 -0.23629844686295925      ,  -7.8353635495356427E-002 ,  -1.3115070018535810     
 -0.14279688722731654      ,   2.0938678205007655E-002 ,  -1.1895322925370455     
  -5.0614242340363616E-002 ,   9.9683331970804839E-002 ,  -1.0695188846258392     
   3.9045118744236156E-002 ,  0.16018938887226788      , -0.95339135265482711     
  0.12244942280282202      ,  0.20502955102225520      , -0.84262287340932207     
  0.19466530472013804      ,  0.23680505324691808      , -0.73826321303702513     
  0.25078414297569851      ,  0.25798571518553559      , -0.64098540203572851     
  0.28698436679614192      ,  0.27081406721431378      , -0.55114169936627055     
  0.30150454078570327      ,  0.27725876812910116      , -0.46882179683512121     
  0.29551082370240211      ,  0.27900274777112255      , -0.39390850780487019     
  0.27359527164988101      ,  0.27745373025931797      , -0.32612810965688144     
  0.24344950664786255      ,  0.27376767687771925      , -0.26509396378805872     
  0.21437567679324793      ,  0.26887844999022875      , -0.21034304104239709     
  0.19484168993314940      ,  0.26352928555378896      , -0.16136561312245876     
  0.18996553445316786      ,  0.25830338361003830      , -0.11762872548202521     
  0.20003213588757887      ,  0.25365213339961845      ,  -7.8594230329419618E-002
  0.22068325278775708      ,  0.24992028571985089      ,  -4.3732198406493103E-002
  0.24466988116810576      ,  0.24736787928073103      ,  -1.2530495478973122E-002
  0.26447459959743019      ,  0.24618901419420672      ,   1.5498761649762946E-002
  0.27486891653130163      ,  0.24652771658972086      ,   4.0815242249198726E-002
  0.27456652246555241      ,  0.24849120507191619      ,   6.3848395057936713E-002
  0.26647073769926627      ,  0.25216088680275600      ,   8.4996947291091016E-002
  0.25647338394095848      ,  0.25760140041147883      ,  0.10462953672164868     
  0.25126019785759202      ,  0.26486799812752337      ,  0.12308617297080882     
  0.25595745000418491      ,  0.27401252828755540      ,  0.14068028317307485     
  0.27248641316769928      ,  0.28508824596383264      ,  0.15770114704959190     
  0.29914679214239365      ,  0.29815364605313538      ,  0.17441656789863064     
  0.33146409459304182      ,  0.31327548066923111      ,  0.19107565995241765     
  0.36392683638577705      ,  0.33053109129916319      ,  0.20791165978693618     
  0.39197660697597747      ,  0.35001015569947541      ,  0.22514469075587282     
  0.41354729175997945      ,  0.37181591944846470      ,  0.24298442539145085     
  0.42962934402784364      ,  0.39606595177792658      ,  0.26163260189036275     
  0.44371360133155352      ,  0.42289243397840254      ,  0.28128535757025835     
  0.46039782917907107      ,  0.45244195537173576      ,  0.30213534479742682     
  0.48373836504787315      ,  0.48487475552864823      ,  0.32437359347328226     
  0.51596891387967758      ,  0.52036331095555033      ,  0.34819107871969512     
  0.55699554611286484      ,  0.55909011875466963      ,  0.37377994279216353     
  0.60475067063500854      ,  0.60124447776365575      ,  0.40133430624077332     
  0.65619318756239120      ,  0.64701800872700355      ,  0.43105058462564538     
  0.70854657127569121      ,  0.69659858914627970      ,  0.46312720335904639     
  0.76030809799837085      ,  0.75016230682968776      ,  0.49776357426593426     
  0.81167249318439205      ,  0.80786296208517894      ,  0.53515816326300703     
  0.86426865516435958      ,  0.86981857845954313      ,  0.57550543970562862     
  0.92039716001737792      ,  0.93609432723212493      ,  0.61899145589766924     
  0.98213449320463719      ,   1.0066812497723858      ,  0.66578776291098896     
   1.0506603548663958      ,   1.0814702020791576      ,  0.71604333133576936     
   1.1260040934735078      ,   1.1602205871984252      ,  0.76987412117325282     
   1.2072000776184035      ,   1.2425237379106899      ,  0.82734994640491488     
   1.2926831879668939      ,   1.3277613327337383      ,  0.88847832494687062     
   1.3806925308694720      ,   1.4150600519922343      ,  0.95318511823163443     
   1.4694942494135406      ,   1.5032448850857092      ,   1.0212919774044968     
   1.5573603276575139      ,   1.5907951368249806      ,   1.0924909602993793     
   1.6423893605773512      ,   1.6758092336481305      ,   1.1663171991790231     
   1.7223467590213224      ,   1.7559867539213359      ,   1.2421212063624751     
   1.7946798720068300      ,   1.8286383484215454      ,   1.3190432973004009     
   1.8567384181681648      ,   1.8907357477549998      ,   1.3959936298273332     
   1.9060844707928848      ,   1.9390139414672936      ,   1.4716423658616045     
   1.9407133396220901      ,   1.9701347168167749      ,   1.5444252179966029     
   1.9590668936625584      ,   1.9809139931688384      ,   1.6125698074137198     
   1.9598422224352181      ,   1.9686042965658759      ,   1.6741474332865141     
   1.9416885614785002      ,   1.9312090665239734      ,   1.7271526879999526     
   1.9029134151156115      ,   1.8677898948641325      ,   1.7696097139064220     
   1.8413201837220610      ,   1.7787157727778797      ,   1.7996990584772179     
   1.7543187340360487      ,   1.6658004180897077      ,   1.8158938485468463     
   1.6394930263832102      ,   1.5322841264031259      ,   1.8170896522382194     
   1.4958110935558304      ,   1.3826410816817760      ,   1.8027103842661085     
   1.3254686065074650      ,   1.2222271300857113      ,   1.7727740487535097     
   1.1357863109798128      ,   1.0568173954948450      ,   1.7279072363722550     
  0.93966752238045781      ,  0.89210699497372936      ,   1.6693051785598141     
  0.75273796498814560      ,  0.73325371885859658      ,   1.5986429288824242     
  0.58748430391095308      ,  0.58452759738698601      ,   1.5179506812892458     
  0.44876552061003283      ,  0.44910440619877645      ,   1.4294706036630744     
  0.33439371700865206      ,  0.32900804302432490      ,   1.3355131575457599     
  0.23890263527104838      ,  0.22517975761350253      ,   1.2383281301111788     
  0.15682952533012837      ,  0.13763619500143201      ,   1.1400007631493552     
   8.4333733908806122E-002 ,   6.5674125912785541E-002 ,   1.0423779110055031     
   1.9632279093150511E-002 ,   8.0849226673441309E-003 ,  0.94702432864755492     
  -3.7211828978849608E-002 ,  -3.6647959318350160E-002 ,  0.85520570116662220     
  -8.4850747354447892E-002 ,  -7.0183985503209742E-002 ,  0.76789306686827385     
 -0.12137918066670710      ,  -9.4198889559875751E-002 ,  0.68578266487044659     
 -0.14509645373016525      , -0.11029539148430681      ,  0.60932557376670549     
 -0.15520713827857788      , -0.11994634888404937      ,  0.53876239312829344     
 -0.15236762471677776      , -0.12446374781749646      ,  0.47415931772987213     
 -0.13895372645845711      , -0.12498684092459350      ,  0.41544303521539272     
 -0.11890331247322326      , -0.12248351306069007      ,  0.36243281295299978     
  -9.7051147811826916E-002 , -0.11776008759970902      ,  0.31486887817539688     
  -7.8052018482820631E-002 , -0.11147595722127562      ,  0.27243673610220331     
  -6.5210337380298522E-002 , -0.10416046098667439      ,  0.23478743889501760     
  -5.9647212747160963E-002 ,  -9.6230268745729916E-002 ,  0.20155404923322520     
  -6.0137183509969813E-002 ,  -8.8006169680094323E-002 ,  0.17236467135236386     
  -6.3684331793801466E-002 ,  -7.9728619465646910E-002 ,  0.14685248014890553     
  -6.6626643136574584E-002 ,  -7.1571715908854167E-002 ,  0.12466318963701144     
  -6.5882465930598863E-002 ,  -6.3655481380319207E-002 ,  0.10546038361411331     
  -5.9930885231262235E-002 ,  -5.6056462123818873E-002 ,   8.8929096525659293E-002
  -4.9227940391677404E-002 ,  -4.8816733180471229E-002 ,   7.4777989758615271E-002
  -3.5949866945679296E-002 ,  -4.1951440676735785E-002 ,   6.2740423449201291E-002
  -2.3170096443009287E-002 ,  -3.5455032936478358E-002 ,   5.2574679744355923E-002
  -1.3763786624662259E-002 ,  -2.9306336777311121E-002 ,   4.4063552248866676E-002
  -9.4251463859320542E-003 ,  -2.3472631137315080E-002 ,   3.7013479116549064E-002
  -1.0132583165142673E-002 ,  -1.7912860613176592E-002 ,   3.1253364298961861E-002
  -1.4224330694282687E-002 ,  -1.2580119031930273E-002 ,   2.6633202873642056E-002
  -1.9027398934452294E-002 ,  -7.4235194168164684E-003 ,   2.3022601941961349E-002
  -2.1796989926350069E-002 ,  -2.3895526643297050E-003 ,   2.0309267999732566E-002
  -2.0631373458449270E-002 ,   2.5769764294678002E-003 ,   1.8397514567913990E-002
  -1.5054343945201446E-002 ,   7.5323600723385788E-003 ,   1.7206829832404586E-002
  -6.0866782405266670E-003 ,   1.2533681512562971E-002 ,   1.6670532691262046E-002
   4.1915272421869558E-003 ,   1.7638739228033853E-002 ,   1.6734536573687991E-002
   1.3415107421184513E-002 ,   2.2906157954650883E-002 ,   1.7356233333978746E-002
   1.9765803028506525E-002 ,   2.8395651775810059E-002 ,   1.8503504123173291E-002
   2.2576413671396414E-002 ,   3.4168411947193139E-002 ,   2.0153860122593532E-002
   2.2513977658628035E-002 ,   4.0287598573695890E-002 ,   2.2293713141477826E-002
   2.1301966259699111E-002 ,   4.6818920772964574E-002 ,   2.4917774122068557E-002
   2.1099424899771728E-002 ,   5.3831294641373525E-002 ,   2.8028576376258642E-002
   2.3765374638947012E-002 ,   6.1397572269541886E-002 ,   3.1636119741692989E-002
   3.0264231954925041E-002 ,   6.9595338313741359E-002 ,   3.5757631659391192E-002
   4.0406414888692233E-002 ,   7.8507773281989768E-002 ,   4.0417441327286856E-002
   5.2994427575479341E-002 ,   8.8224584786854909E-002 ,   4.5646963479192816E-002
   6.6304602793057582E-002 ,   9.8843009576148722E-002 ,   5.1484788894276025E-002
   7.8725046386617481E-002 ,  0.11046889017470396      ,   5.7976879384914290E-002
   8.9325900959426607E-002 ,  0.12321783041693192      ,   6.5176865672310277E-002
   9.8171681254080601E-002 ,  0.13721643393795990      ,   7.3146447170941875E-002
  0.10628246202211829      ,  0.15260362868110805      ,   8.1955893190802181E-002
  0.11527495898094059      ,  0.16953207845828508      ,   9.1684645344361937E-002
  0.12682258694601239      ,  0.18816967925929715      ,  0.10242202090719046     
  0.14212881991714346      ,  0.20870113291326453      ,  0.11426801639108988     
  0.16159336570479854      ,  0.23132958326445305      ,  0.12733420946757795     
  0.18477499702294442      ,  0.25627828942655712      ,  0.14174475538966241     
  0.21064866843803243      ,  0.28379229583655963      ,  0.15763747088302618     
  0.23805498627715682      ,  0.31414003829503662      ,  0.17516499368889293     
  0.26617897796987955      ,  0.34761479704822135      ,  0.19449599897351566     
  0.29489132667215195      ,  0.38453586975492132      ,  0.21581644392278115     
  0.32483935892263410      ,  0.42524928569696840      ,  0.23933079802753432     
  0.35726776991108922      ,  0.47012781380497676      ,  0.26526319755009375     
  0.39364665242111996      ,  0.51956992601299135      ,  0.29385843679191381     
  0.43525061165506668      ,  0.57399725820589576      ,  0.32538267396696935     
  0.48284331745659115      ,  0.63384995688781476      ,  0.36012368314484444     
  0.53657509305408024      ,  0.69957910375106158      ,  0.39839042277848546     
  0.59611740541931924      ,  0.77163516659707754      ,  0.44051161226904401     
  0.66096904604325557      ,  0.85045113084173762      ,  0.48683290717601213     
  0.73080574530208098      ,  0.93641862573563228      ,  0.53771213779833738     
  0.80573112586658602      ,   1.0298549921469877      ,  0.59351192318830193     
  0.88632929980957331      ,   1.1309588877514196      ,  0.65458879492291688     
  0.97350089706323906      ,   1.2397517747754763      ,  0.72127777049431474     
   1.0681450679696336      ,   1.3560026313389530      ,  0.79387112490455902     
   1.1707869709938581      ,   1.4791337050455708      ,  0.87258995955215146     
   1.2812267130698658      ,   1.6081064368808913      ,  0.95754712642466444     
   1.3982298243839628      ,   1.7412893019177593      ,   1.0487002384026967     
   1.5192555286392435      ,   1.8763138155898438      ,   1.1457940364240928     
   1.6402864617837356      ,   2.0099318942507094      ,   1.2482924930836636     
   1.7559586874944526      ,   2.1378973961878445      ,   1.3553029398616954     
   1.8602195274090345      ,   2.2549064777318151      ,   1.4654974099608737     
   1.9474542231176335      ,   2.3546433513064033      ,   1.5770403371301229     
   2.0135554536815978      ,   2.4299858367995242      ,   1.6875364451886767     
   2.0563059410963946      ,   2.4734218891438644      ,   1.7940172231606923     
   2.0749123867367749      ,   2.4777056673536721      ,   1.8929871604190438     
   2.0690426780142830      ,   2.4367331707699966      ,   1.9805495722426576     
   2.0378298456868604      ,   2.3465443731214122      ,   2.0526239233744605     
   1.9791650574124990      ,   2.2062768910334571      ,   2.1052507294668348     
   1.8895089769148339      ,   2.0188375363135775      ,   2.1349578202379615     
   1.7645126182983675      ,   1.7910618331619277      ,   2.1391383069182974     
   1.6008347744575511      ,   1.5332228917328097      ,   2.1163745456471621     
   1.3993183283582062      ,   1.2579174386146803      ,   2.0666422782241312     
   1.1687766299602029      ,  0.97854134297999718      ,   1.9913488137310020     
  0.92796220017297248      ,  0.70769136313762082      ,   1.8931943560315410     
  0.70131596402934204      ,  0.45583824664640421      ,   1.7758848688803412     
  0.50666379783069160      ,  0.23050927023430751      ,   1.6437546594339536     
  0.34558978678782237      ,   3.6050505143438528E-002 ,   1.5013681551015559     
  0.20792223963378959      , -0.12611607209068093      ,   1.3531623917873992     
   8.2266954220656247E-002 , -0.25691646736808738      ,   1.2031709132144586     
  -3.8287253189508291E-002 , -0.35892099368569275      ,   1.0548452921163320     
 -0.15531643729706693      , -0.43566570606659138      ,  0.91096991287466522     
 -0.26606954855811699      , -0.49109073009665027      ,  0.77365276665340721     
 -0.36495098978290308      , -0.52913030916021508      ,  0.64436993400604248     
 -0.44505344557899768      , -0.55344944453988010      ,  0.52404215255857545     
 -0.49980363976668529      , -0.56730092427670731      ,  0.41312580382037600     
 -0.52493627795972053      , -0.57347008422848955      ,  0.31170564749703555     
 -0.52070824577961217      , -0.57427697668179878      ,  0.21958131569322537     
 -0.49360916516974851      , -0.57161183544461391      ,  0.13634331255018414     
 -0.45625524917303883      , -0.56698665329823184      ,   6.1436906494710515E-002
 -0.42443578719345887      , -0.56159171937918373      ,  -5.7860203865394491E-003
 -0.41193305127251134      , -0.55635054902165548      ,  -6.6026161440253139E-002
 -0.42563704710307770      , -0.55196980285759600      , -0.12000557659049557     
 -0.46346522269319995      , -0.54898280315761561      , -0.16844453580434451     
 -0.51577491841423706      , -0.54778643087851842      , -0.21204493240616626     
 -0.56936886138301557      , -0.54867180518917957      , -0.25147893945101157     
 -0.61247309878303757      , -0.55184942003972071      , -0.28738176978518815     
 -0.63882702296747296      , -0.55746948611134617      , -0.32034758760914694     
 -0.64938408334457953      , -0.56563819546380900      , -0.35092779030212551     
 -0.65113340620962490      , -0.57643054706452279      , -0.37963102752785310     
 -0.65378966153274731      , -0.58990027587016369      , -0.40692444907360542     
 -0.66595336817915163      , -0.60608733244994850      , -0.43323577496980942     
 -0.69233316629430830      , -0.62502327145361625      , -0.45895586375767139     
 -0.73282781211606418      , -0.64673482781757508      , -0.48444152011735980     
 -0.78336882796361995      , -0.67124588940194041      , -0.51001833407320762     
 -0.83791580132792143      , -0.69857801281065290      , -0.53598338297267722     
 -0.89079886272416009      , -0.72874957445346822      , -0.56260765637729260     
 -0.93857544752168742      , -0.76177360083665890      , -0.59013808461061679     
 -0.98079069769863603      , -0.79765428065106081      , -0.61879906548882424     
  -1.0195236753414787      , -0.83638212735544426      , -0.64879339212775489     
  -1.0581239612972226      , -0.87792773658273071      , -0.68030248910997815     
  -1.0997917034744997      , -0.92223407105529098      , -0.71348586628439714     
  -1.1465487957494929      , -0.96920721151846778      , -0.74847970091958682     
  -1.1988490109693284      ,  -1.0187055419305131      , -0.78539446213172392     
  -1.2557829309926851      ,  -1.0705273990196120      , -0.82431149933192061     
  -1.3156507495163119      ,  -1.1243973202013882      , -0.86527853247538133     
  -1.3766123123863248      ,  -1.1799511806106666      , -0.90830401053099619     
  -1.4371634258278958      ,  -1.2367207301277516      , -0.95335035097060483     
  -1.4963079883345902      ,  -1.2941183324021865      ,  -1.0003261428697443     
  -1.5534469870233658      ,  -1.3514230708375985      ,  -1.0490774950421622     
  -1.6081169678238201      ,  -1.4077698097463391      ,  -1.0993788430539364     
  -1.6597360559587342      ,  -1.4621432513207209      ,  -1.1509236968342043     
  -1.7074641010504363      ,  -1.5133794522476787      ,  -1.2033160107705185     
  -1.7502017003097203      ,  -1.5601775654106953      ,  -1.2560630796131806     
  -1.7866865551103783      ,  -1.6011246243680743      ,  -1.3085710842048905     
  -1.8156178420552984      ,  -1.6347358360637099      ,  -1.3601445955361895     
  -1.8357490229950608      ,  -1.6595119318158782      ,  -1.4099914444430315     
  -1.8459202887846780      ,  -1.6740135290221811      ,  -1.4572343171030444     
  -1.8450336837254839      ,  -1.6769501584963395      ,  -1.5009301808173732     
  -1.8319946080641860      ,  -1.6672787674971616      ,  -1.5400981306903612     
  -1.8056522190280857      ,  -1.6443034919369328      ,  -1.5737554593945751     
  -1.7647748533280765      ,  -1.6077659040101648      ,  -1.6009607280829263     
  -1.7081013182934297      ,  -1.5579135285661139      ,  -1.6208614663653091     
  -1.6345150321754318      ,  -1.4955348932514001      ,  -1.6327430334951276     
  -1.5433858179819449      ,  -1.4219521617279289      ,  -1.6360743587605571     
  -1.4350915934729134      ,  -1.3389674036710908      ,  -1.6305459717501778     
  -1.3116402380502572      ,  -1.2487650483012311      ,  -1.6160960912620492     
  -1.1771523262209249      ,  -1.1537797725597216      ,  -1.5929215969596866     
  -1.0378114139816492      ,  -1.0565444878607058      ,  -1.5614723340519292     
 -0.90094548455226475      , -0.95953593668434656      ,  -1.5224291288345679     
 -0.77337148150050405      , -0.86503506073693992      ,  -1.4766677720079291     
 -0.65978078861711842      , -0.77501596540308193      ,  -1.4252127180413876     
 -0.56204071649705434      , -0.69107193118611820      ,  -1.3691851115140485     
 -0.47960051569890805      , -0.61438085835291323      ,  -1.3097498964083438     
 -0.41049160807599278      , -0.54570708471447615      ,  -1.2480662595137457     
 -0.35233032446531443      , -0.48543260907053182      ,  -1.1852446890097597     
 -0.30302795465555243      , -0.43360875900124374      ,  -1.1223127313895014     
 -0.26116058383945812      , -0.39001913247825576      ,  -1.0601903307828902     
 -0.22605173841982884      , -0.35424575937535829      , -0.99967460534226515     
 -0.19764795095437634      , -0.32573229227028422      , -0.94143315192369736     
 -0.17627276324068172      , -0.30384011645547843      , -0.88600449845689855     
 -0.16233924864376886      , -0.28789518263124692      , -0.83380411625177198     
 -0.15608630279383010      , -0.27722489743748402      , -0.78513440532441636     
 -0.15738500733105210      , -0.27118548665555725      , -0.74019720831002611     
 -0.16564381325312943      , -0.26918090226847574      , -0.69910763092864081     
 -0.17982567751704959      , -0.27067465841662991      , -0.66190819981108051     
 -0.19857300324568891      , -0.27519604925744096      , -0.62858263694646577     
 -0.22041476713962344      , -0.28234211350831079      , -0.59906875283833150     
 -0.24400789070868303      , -0.29177653783712260      , -0.57327014725614533     
 -0.26835088966610110      , -0.30322648557970211      , -0.55106655451075470     
 -0.29291166144673159      , -0.31647813139018632      , -0.53232278152552437     
 -0.31763559451948770      , -0.33137149483996187      , -0.51689626622335638     
 -0.34283744937409827      , -0.34779500501769461      , -0.50464333648177084     
 -0.36901639194874247      , -0.36568009573819377      , -0.49542428169247349     
 -0.39665469637203260      , -0.38499602525408183      , -0.48910736481874190     
 -0.42606050947673085      , -0.40574503181382809      , -0.48557190700941305     
 -0.45729575047654514      , -0.42795787285999853      , -0.48471057270616202     
 -0.49019984833119312      , -0.45168974702394493      , -0.48643097339798735     
 -0.52448905195741224      , -0.47701656066061776      , -0.49065669468592232     
 -0.55988910892576782      , -0.50403147131716031      , -0.49732783551610799     
 -0.59625263729731759      , -0.53284161661660823      , -0.50640113126787600     
 -0.63362287253564276      , -0.56356491644376672      , -0.51784971444532857     
 -0.67222811054774723      , -0.59632681739133375      , -0.53166254835454352     
 -0.71241704171227349      , -0.63125682995497168      , -0.54784355050508726     
 -0.75456441033635013      , -0.66848469021474177      , -0.56641040358499717     
 -0.79898256585877925      , -0.70813595849571220      , -0.58739303269851206     
 -0.84586685652554361      , -0.75032684820996909      , -0.61083170811569854     
 -0.89528617600663274      , -0.79515806005460743      , -0.63677471314776146     
 -0.94721171005758875      , -0.84270738243510879      , -0.66527549721122536     
  -1.0015638961819435      , -0.89302081239096343      , -0.69638921528000819     
  -1.0582537130884697      , -0.94610195840523448      , -0.73016853783086644     
  -1.1171996544128246      ,  -1.0018995157737431      , -0.76665860183091661     
  -1.1783127161564160      ,  -1.0602926681694629      , -0.80589096597885568     
  -1.2414534123247030      ,  -1.1210743804092265      , -0.84787643615008990     
  -1.3063728880512753      ,  -1.1839327250420781      , -0.89259664507869874     
  -1.3726527687878831      ,  -1.2484306490633519      , -0.93999431056875693     
  -1.4396564644151919      ,  -1.3139849560736494      , -0.98996216730446873     
  -1.5065009032767305      ,  -1.3798457674096958      ,  -1.0423306780223585     
  -1.5720544532372371      ,  -1.4450783338110693      ,  -1.0968547897873986     
  -1.6349645083864355      ,  -1.5085497731547308      ,  -1.1532002176860552     
  -1.6937151515228148      ,  -1.5689240468697017      ,  -1.2109300134128256     
  -1.7467092534296313      ,  -1.6246691407812124      ,  -1.2694925020919510     
  -1.7923604677814935      ,  -1.6740808026929315      ,  -1.3282120238056812     
  -1.8291727835922187      ,  -1.7153270618634235      ,  -1.3862842519564700     
  -1.8557843271955676      ,  -1.7465168280709595      ,  -1.4427781088534570     
  -1.8709607505885297      ,  -1.7657938748848623      ,  -1.4966463657802502     
  -1.8735389621629843      ,  -1.7714543110066963      ,  -1.5467467920685003     
  -1.8623382738520322      ,  -1.7620813487078815      ,  -1.5918751048897211     
  -1.8360696603449804      ,  -1.7366862849086970      ,  -1.6308099101921392     
  -1.7932860363727385      ,  -1.6948400507549732      ,  -1.6623683407229719     
  -1.7324309132463258      ,  -1.6367767362150747      ,  -1.6854693344275800     
  -1.6520588808063752      ,  -1.5634504866980163      ,  -1.6991997322826975     
  -1.5513046456354016      ,  -1.4765310201841704      ,  -1.7028769857454698     
  -1.4306306720456756      ,  -1.3783307488594123      ,  -1.6961016460448777     
  -1.2927330809652082      ,  -1.2716669436537500      ,  -1.6787932562460715     
  -1.1432117543455793      ,  -1.1596733249467557      ,  -1.6512048610538417     
 -0.99034784091906292      ,  -1.0455842051320325      ,  -1.6139138845134358     
 -0.84348126281252167      , -0.93251858183882830      ,  -1.5677901395865363     
 -0.71041108349846793      , -0.82329035218042435      ,  -1.5139446234270537     
 -0.59532312137808052      , -0.72026464386512257      ,  -1.4536649478973556     
 -0.49849827760830090      , -0.62527101860698397      ,  -1.3883443792293637     
 -0.41755811014984562      , -0.53957446906770634      ,  -1.3194114175192606     
 -0.34911805053927797      , -0.46389691918436793      ,  -1.2482658107355322     
 -0.29005606079486934      , -0.39847670576091254      ,  -1.1762252245048130     
 -0.23820893654635195      , -0.34315158107041943      ,  -1.1044848893203174     
 -0.19258483466690532      , -0.29745160266351045      ,  -1.0340907775608119     
 -0.15323048404709544      , -0.26069089022894731      , -0.96592546022966486     
 -0.12088846271918623      , -0.23205059843253328      , -0.90070485909712150     
  -9.6568426053744480E-002 , -0.21064875873199193      , -0.83898363355433903     
  -8.1131967806616828E-002 , -0.19559537939723376      , -0.78116684156170324     
  -7.4958732092621744E-002 , -0.18603315816078411      , -0.72752567936784129     
  -7.7735276937388131E-002 , -0.18116536963129981      , -0.67821542530855661     
  -8.8393483151247232E-002 , -0.18027307394903186      , -0.63329409850843954     
 -0.10521344252679155      , -0.18272393010137675      , -0.59274072934587274     
 -0.12608318534870649      , -0.18797475401396574      , -0.55647248585787767     
 -0.14886945534293775      , -0.19556967171577358      , -0.52436018980393284     
 -0.17181174756273229      , -0.20513537557731906      , -0.49624198298935779     
 -0.19382968002897494      , -0.21637465526718860      , -0.47193507244194055     
 -0.21465091376967299      , -0.22905907577723930      , -0.45124560031800964     
 -0.23472258224568460      , -0.24302142513539784      , -0.43397676066707219     
 -0.25494110046811302      , -0.25814835544495218      , -0.41993532984433485     
 -0.27629293326837834      , -0.27437348785925458      , -0.40893679872533489     
 -0.29952114222855192      , -0.29167113772052305      , -0.40080929976955437     
 -0.32491530541695240      , -0.31005073261561378      , -0.39539651574186374     
 -0.35227621585348884      , -0.32955193639568431      , -0.39255974355020584     
 -0.38104880174233957      , -0.35024045017466282      , -0.39217926911047751     
 -0.41056465340430220      , -0.37220443197803904      , -0.39415518944159794     
 -0.44030451341083476      , -0.39555145607950276      , -0.39840779768278439     
 -0.47009077118948622      , -0.42040591799337096      , -0.40487762625429907     
 -0.50015052603598142      , -0.44690677909479126      , -0.41352522341094500     
 -0.53103962431958551      , -0.47520553392195697      , -0.42433071913709575     
 -0.56346776207034388      , -0.50546427174952702      , -0.43729321766365337     
 -0.59809542883478117      , -0.53785369066681721      , -0.45243003565478301     
 -0.63537534859088585      , -0.57255090604011283      , -0.46977578700513067     
 -0.67548671337056010      , -0.60973687501055940      , -0.48938129681772835     
 -0.71837198601084240      , -0.64959323398722135      , -0.51131230806695893     
 -0.76384876312923211      , -0.69229831675282183      , -0.53564792425562802     
 -0.81174601430178628      , -0.73802208723464602      , -0.56247870966875946     
 -0.86201158518890963      , -0.78691968457225403      , -0.59190434535887448     
 -0.91475493452006085      , -0.83912324162272045      , -0.62403071376360286     
 -0.97021719048890964      , -0.89473160635231996      , -0.65896625826376010     
  -1.0286874768884775      , -0.95379757650101715      , -0.69681743709137578     
  -1.0903994171130877      ,  -1.0163122633497086      , -0.73768306581018306     
  -1.1554404726943124      ,  -1.0821862475180342      , -0.78164732251353786     
  -1.2236926546934472      ,  -1.1512273020640964      , -0.82877118020333218     
  -1.2948045984652665      ,  -1.2231146665016239      , -0.87908203927150175     
  -1.3681811723644615      ,  -1.2973701971690170      , -0.93256137033902720     
  -1.4429737999577277      ,  -1.3733272361202213      , -0.98913025796572596     
  -1.5180635076731535      ,  -1.4500987710790152      ,  -1.0486328760822481     
  -1.5920448361578190      ,  -1.5265474263521797      ,  -1.1108181454454200     
  -1.6632331561931517      ,  -1.6012610163540415      ,  -1.1753201399794371     
  -1.7297201245475446      ,  -1.6725387318242921      ,  -1.2416382341557344     
  -1.7894857645101276      ,  -1.7383943355206446      ,  -1.3091185144058646     
  -1.8405456951409669      ,  -1.7965837066088675      ,  -1.3769385845074287     
  -1.8810854120565879      ,  -1.8446642303873391      ,  -1.4440985090625240     
  -1.9095292851782470      ,  -1.8800923057294496      ,  -1.5094211411549825     
  -1.9245148900337037      ,  -1.9003620552261886      ,  -1.5715652975031595     
  -1.9247794332088799      ,  -1.9031827982302114      ,  -1.6290549666315841     
  -1.9089957512462732      ,  -1.8866851170226828      ,  -1.6803267568421569     
  -1.8756143897468247      ,  -1.8496363551116888      ,  -1.7237959816215145     
  -1.8227840159100046      ,  -1.7916380410675179      ,  -1.7579391792960299     
  -1.7484465597420040      ,  -1.7132726957006661      ,  -1.7813877595971110     
  -1.6507338640393592      ,  -1.6161684807156373      ,  -1.7930244250309093     
  -1.5287923115618709      ,  -1.5029588695350191      ,  -1.7920717886868647     
  -1.3840438765351444      ,  -1.3771305048812259      ,  -1.7781619623086107     
  -1.2215512347383750      ,  -1.2427725453127778      ,  -1.7513773102249932     
  -1.0506097424255330      ,  -1.1042599496768615      ,  -1.7122560386931081     
 -0.88336840351647761      , -0.96591582889212391      ,  -1.6617612036872165     
 -0.73117115136663235      , -0.83170052098099057      ,  -1.6012170039848961     
 -0.60060935823172468      , -0.70496700230654741      ,  -1.5322206851177955     
 -0.49222853675394185      , -0.58830656487150945      ,  -1.4565410779602899     
 -0.40232706217547354      , -0.48349030064061937      ,  -1.3760153333794944     
 -0.32575374788897582      , -0.39149578312941646      ,  -1.2924539848468182     
 -0.25798337347797506      , -0.31259772590773183      ,  -1.2075617072594529     
 -0.19614064655308777      , -0.24649732083023929      ,  -1.1228778477963137     
 -0.13923152239575187      , -0.19246644036208602      ,  -1.0397377047734631     
  -8.7860849813288372E-002 , -0.14948788969210711      , -0.95925310181428824     
  -4.3661985790832893E-002 , -0.11637925082458615      , -0.88230924416551371     
  -8.6297080961251910E-003 ,  -9.1893903499562668E-002 , -0.80957411805612767     
   1.5502995568943807E-002 ,  -7.4797586472046762E-002 , -0.74151662997261869     
   2.7766513197742062E-002 ,  -6.3922072050415557E-002 , -0.67843005825751912     
   2.8296036617210238E-002 ,  -5.8199293618304448E-002 , -0.62045799615403852     
   1.8475879641348236E-002 ,  -5.6679925827361408E-002 , -0.56762064194083117     
   8.3817368822483931E-004 ,  -5.8540348368154201E-002 , -0.51983993214592517     
  -2.1316152777402869E-002 ,  -6.3081452805168317E-002 , -0.47696256091195804     
  -4.4537522718379116E-002 ,  -6.9722116155089525E-002 , -0.43878036149152644     
  -6.5949663530721903E-002 ,  -7.7989515728857151E-002 , -0.40504784664213661     
  -8.3856777391513260E-002 ,  -8.7507878633341765E-002 , -0.37549692761449566     
  -9.8028359594505871E-002 ,  -9.7986779594274140E-002 , -0.34984897538591037     
 -0.10956024308463887      , -0.10920972673848564      , -0.32782447175601614     
 -0.12036352651255580      , -0.12102349597512529      , -0.30915053859972014     
 -0.13246032337944511      , -0.13332847406205278      , -0.29356664452594172     
 -0.14731758770185943      , -0.14607013108359065      , -0.28082877981958682     
 -0.16542029110110279      , -0.15923164952925400      , -0.27071237047079422     
 -0.18619678028953346      , -0.17282767687931797      , -0.26301417569665608     
 -0.20829558952310445      , -0.18689913183338283      , -0.25755338429269542     
 -0.23010476822910986      , -0.20150897378470639      , -0.25417209580375427     
 -0.25033056970781326      , -0.21673883553326737      , -0.25273534436015060     
 -0.26843784474330662      , -0.23268641671678922      , -0.25313079693558804     
 -0.28480920839063306      , -0.24946353727361886      , -0.25526823416466127     
 -0.30058537128104057      , -0.26719475444867991      , -0.25907890083227025     
 -0.31726355173168119      , -0.28601645195124986      , -0.26451479464037853     
 -0.33621021914317639      , -0.30607631475629160      , -0.27154794566341145     
 -0.35826142800640343      , -0.32753310681370912      , -0.28016972472774587     
 -0.38353884520101411      , -0.35055667081892139      , -0.29039020643681313     
 -0.41152538701308727      , -0.37532806847835753      , -0.30223760130804356     
 -0.44135348864550628      , -0.40203977563750370      , -0.31575776104721937     
 -0.47219071331517243      , -0.43089583842782897      , -0.33101375087482215     
 -0.50358197816813099      , -0.46211188333042980      , -0.34808547250654798     
 -0.53563245672794790      , -0.49591485471487706      , -0.36706931029059908     
 -0.56898054837545453      , -0.53254232681396518      , -0.38807776046718501     
 -0.60459051404958419      , -0.57224120193494643      , -0.41123898881699250     
 -0.64345748208273534      , -0.61526556162170254      , -0.43669624430404413     
 -0.68633979532689193      , -0.66187338119341854      , -0.46460703482419996     
 -0.73361027816203594      , -0.71232174967747208      , -0.49514194493394065     
 -0.78526322376005220      , -0.76686015654029704      , -0.52848294357277537     
 -0.84105201998272272      , -0.82572131529877424      , -0.56482099157809673     
 -0.90068658701004833      , -0.88910889631946843      , -0.60435271386681955     
 -0.96400494768059619      , -0.95718144561732144      , -0.64727584989268017     
  -1.0310518720579764      ,  -1.0300316888973573      , -0.69378314002236041     
  -1.1020392199263709      ,  -1.1076603862467747      , -0.74405424852281254     
  -1.1772077115122970      ,  -1.1899439527310121      , -0.79824527282869806     
  -1.2566387789310660      ,  -1.2765952520927344      , -0.85647535524582685     
  -1.3400687874308588      ,  -1.3671173852263221      , -0.91880991527361622     
  -1.4267421803489633      ,  -1.4607510350535038      , -0.98524008462433921     
  -1.5153210630125598      ,  -1.5564171138177354      ,  -1.0556580887928402     
  -1.6038613891604534      ,  -1.6526582029154728      ,  -1.1298286242713289     
  -1.6898724821363837      ,  -1.7475846497656911      ,  -1.2073567810173433     
  -1.7704811343276863      ,  -1.8388341462472721      ,  -1.2876538045436170     
  -1.8426993142035473      ,  -1.9235568958115867      ,  -1.3699030094540989     
  -1.9037397250834469      ,  -1.9984414754470683      ,  -1.4530294256971485     
  -1.9512712210903376      ,  -2.0597981597360326      ,  -1.5356781714554506     
  -1.9835085801567676      ,  -2.1037152903137084      ,  -1.6162078635177315     
  -1.9990980576178250      ,  -2.1262985059202357      ,  -1.6927062008074754     
  -1.9968430735022182      ,  -2.1239908924464261      ,  -1.7630346532475247     
  -1.9753637167412530      ,  -2.0939542405694795      ,  -1.8249073791125396     
  -1.9327986275011844      ,  -2.0344698460352229      ,  -1.8760056647451384     
  -1.8666736336822236      ,  -1.9452969176045305      ,  -1.9141233645507050     
  -1.7741086703682138      ,  -1.8279153874829066      ,  -1.9373317682185185     
  -1.6525972864403047      ,  -1.6855855241203963      ,  -1.9441455890870691     
  -1.5015625772121264      ,  -1.5231832073349167      ,  -1.9336674312105187     
  -1.3245609024316940      ,  -1.3468136481388202      ,  -1.9056880830014979     
  -1.1312116196367241      ,  -1.1632561703974931      ,  -1.8607252165892612     
 -0.93690613239530485      , -0.97933229922058140      ,  -1.7999928104286804     
 -0.75835407356551032      , -0.80130503042066714      ,  -1.7253055011865772     
 -0.60639845282294336      , -0.63440384938197447      ,  -1.6389329214769353     
 -0.48208922476375216      , -0.48253394132337513      ,  -1.5434260887480573     
 -0.37923961871526513      , -0.34818283590830196      ,  -1.4414396800717835     
 -0.28964059947604848      , -0.23249812814134732      ,  -1.3355709038006018     
 -0.20670496098496635      , -0.13548555971593074      ,  -1.2282293332833776     
 -0.12691203734808915      ,  -5.6269906219155272E-002 ,  -1.1215446562215881     
  -4.9873702909488102E-002 ,   6.6318975710786821E-003 ,  -1.0173126590833490     
   2.2349278939544630E-002 ,   5.5061524558877140E-002 , -0.91697499538263172     
   8.6274806537892851E-002 ,   9.1014157251776917E-002 , -0.82162566727776609     
  0.13806539683959959      ,  0.11648438835860699      , -0.73203639435533829     
  0.17446234342918027      ,  0.13336077817771405      , -0.64869359043157415     
  0.19355902607561415      ,  0.14336166147433382      , -0.57184093095123456     
  0.19541925901706150      ,  0.14800295290998974      , -0.50152299788620158     
  0.18245784837318060      ,  0.14858893126008563      , -0.43762692591034791     
  0.15938331004010561      ,  0.14621829166196354      , -0.37992018122204974     
  0.13249521363763112      ,  0.14179943589764171      , -0.32808352909402183     
  0.10832794344538270      ,  0.13607060347492927      , -0.28173890008174274     
   9.1985184024460237E-002 ,  0.12962183015824019      , -0.24047229154001515     
   8.5776902133881477E-002 ,  0.12291679566143585      , -0.20385209363802392     
   8.8719441622561318E-002 ,  0.11631340530896644      , -0.17144335712803233     
   9.7104483841679676E-002 ,  0.11008249150981247      , -0.14281856471464840     
  0.10591278848376026      ,  0.10442437711713656      , -0.11756546009112379     
  0.11055747949412083      ,   9.9483265975480822E-002 ,  -9.5292450698742537E-002
  0.10837381008602753      ,   9.5359557810579046E-002 ,  -7.5632046969053610E-002
   9.9400602720513209E-002 ,   9.2120256097234787E-002 ,  -5.8242741815565935E-002
   8.6240327914929416E-002 ,   8.9807670522331809E-002 ,  -4.2809675278040152E-002
   7.3070613270468765E-002 ,   8.8446624947945987E-002 ,  -2.9044373790967137E-002
   6.4156826771246608E-002 ,   8.8050377067792895E-002 ,  -1.6683803224649796E-002
   6.2393255412134897E-002 ,   8.8625443418063860E-002 ,  -5.4889303017962065E-003
   6.8381673075214436E-002 ,   9.0175506903978228E-002 ,   4.7570517042281801E-003
   8.0340207863494592E-002 ,   9.2704565893845861E-002 ,   1.4250710197358178E-002
   9.4829037611551120E-002 ,   9.6219465629758111E-002 ,   2.3170478593267770E-002
  0.10800327975868677      ,  0.10073193503900983      ,   3.1678808289697137E-002
  0.11694091340980929      ,  0.10626023546901686      ,   3.9924315065625528E-002
  0.12059151941397264      ,  0.11283051264599034      ,   4.8043883403733036E-002
  0.12004405472815702      ,  0.12047792935848968      ,   5.6164704860415256E-002
  0.11805665173738017      ,  0.12924764397219127      ,   6.4406236612651963E-002
  0.11804430208879046      ,  0.13919568879702723      ,   7.2882074089193616E-002
  0.12289915312283624      ,  0.15038979239713457      ,   8.1701737491125151E-002
  0.13405808050197046      ,  0.16291018095003260      ,   9.0972376317400280E-002
  0.15112110261000619      ,  0.17685038546522014      ,  0.10080039897459114     
  0.17211707095210743      ,  0.19231807375030874      ,  0.11129303635303416     
  0.19429166865156405      ,  0.20943591808758993      ,  0.12255984902471209     
  0.21512509180118930      ,  0.22834250119983526      ,  0.13471418753482758     
  0.23322107656863686      ,  0.24919325368583059      ,  0.14787461413054032     
  0.24876707655081076      ,  0.27216140501006614      ,  0.16216629213985403     
  0.26342695786760301      ,  0.29743891648856235      ,  0.17772234594660688     
  0.27973330022645848      ,  0.32523734746483168      ,  0.19468518987864572     
  0.30022106761454137      ,  0.35578858369275485      ,  0.21320781800241143     
  0.32662309560330838      ,  0.38934532818804513      ,  0.23345503833546014     
  0.35940429901549348      ,  0.42618121744158366      ,  0.25560462372991749     
  0.39777293652140433      ,  0.46659037743175252      ,  0.27984833683908750     
  0.44013379357339216      ,  0.51088617139247883      ,  0.30639276713294245     
  0.48479847860096187      ,  0.55939881143258230      ,  0.33545989260639347     
  0.53068574615288189      ,  0.61247140525082377      ,  0.36728724609690205     
  0.57775726472637978      ,  0.67045388387585647      ,  0.40212752422049775     
  0.62704231149011402      ,  0.73369410400377422      ,  0.44024742390437027     
  0.68027038673482565      ,  0.80252523878664739      ,  0.48192542541007199     
  0.73928414919774532      ,  0.87724836805713469      ,  0.52744816004763362     
  0.80547775277716283      ,  0.95810896533412482      ,  0.57710490493869326     
  0.87946867877385992      ,   1.0452657805728223      ,  0.63117963775002872     
  0.96108991786621256      ,   1.1387504820354777      ,  0.68993996663175328     
   1.0496429158891145      ,   1.2384164273482181      ,  0.75362213632406572     
   1.1442402902057227      ,   1.3438752066554114      ,  0.82241122208398265     
   1.2440329586431034      ,   1.4544203201472676      ,  0.89641559472431365     
   1.3481735053645312      ,   1.5689387609178072      ,  0.97563482829485038     
   1.4554968272394508      ,   1.6858136658766292      ,   1.0599205065801458     
   1.5640529678253374      ,   1.8028248692118054      ,   1.1489299706560232     
   1.6707484141468965      ,   1.9170593339240956      ,   1.2420740599845279     
   1.7713763542029701      ,   2.0248499264203508      ,   1.3384614507544750     
   1.8611690508496368      ,   2.1217681005363196      ,   1.4368443490931841     
   1.9356867342062167      ,   2.2027020523138305      ,   1.5355729780716709     
   1.9915784127954161      ,   2.2620538223631388      ,   1.6325691829374855     
   2.0268042233055676      ,   2.2940825631095625      ,   1.7253318865775926     
   2.0402691457949387      ,   2.2934025096515773      ,   1.8109879719485740     
   2.0311264943088756      ,   2.2556108582566328      ,   1.8864000927656583     
   1.9980633340858340      ,   2.1779756365249536      ,   1.9483366994347122     
   1.9388007189857566      ,   2.0600674067786091      ,   1.9936988387326597     
   1.8500092226802385      ,   1.9041894755754216      ,   2.0197843039439829     
   1.7279115369213436      ,   1.7154692943814802      ,   2.0245557812127513     
   1.5699165666848331      ,   1.5015302430138926      ,   2.0068705581414674     
   1.3774166070093179      ,   1.2717598040209583      ,   1.9666297015238157     
   1.1590397942573682      ,   1.0362971825751546      ,   1.9048163682796677     
  0.93209880091139441      ,  0.80493991239132967      ,   1.8234138682300103     
  0.71853728546648299      ,  0.58618396610125834      ,   1.7252181534258575     
  0.53462097677035680      ,  0.38656124625243360      ,   1.6135790714816123     
  0.38315652206358697      ,  0.21034630813473335      ,   1.4921143988777912     
  0.25653831915353903      ,   5.9608695163686748E-002 ,   1.3644388805009304     
  0.14488196807074280      ,  -6.5479933137011226E-002 ,   1.2339398472094227     
   4.1092898468504335E-002 , -0.16620055027530495      ,   1.1036162944159156     
  -5.7799768974246074E-002 , -0.24481000764352695      ,  0.97598429919751772     
 -0.15105630442226997      , -0.30410886996064257      ,  0.85304136147876719     
 -0.23528632047158354      , -0.34709476490187574      ,  0.73627664433751827     
 -0.30570774792708405      , -0.37671289195006802      ,  0.62671257737338548     
 -0.35744673260547438      , -0.39569614814294074      ,  0.52496455981118595     
 -0.38688874580005012      , -0.40647782964416257      ,  0.43130818574931273     
 -0.39307760573877559      , -0.41115746707718875      ,  0.34574645755035577     
 -0.37891230696653200      , -0.41150210621487715      ,  0.26807221390270930     
 -0.35155657077328617      , -0.40896890310199524      ,  0.19792318892810590     
 -0.32138831116079042      , -0.40473875859198022      ,  0.13482868670199558     
 -0.29933373332225643      , -0.39975409662649936      ,   7.8247876867343358E-002
 -0.29345292701670339      , -0.39475651542952789      ,   2.7600314319150377E-002
 -0.30633125153529273      , -0.39032191242298492      ,  -1.7710416716385423E-002
 -0.33447196724748862      , -0.38689192741735651      ,  -5.8278932325788971E-002
 -0.36986789276405180      , -0.38480132170628584      ,  -9.4685166360762144E-002
 -0.40305397152408956      , -0.38430135678688487      , -0.12748546907213734     
 -0.42648647966149233      , -0.38557946906189577      , -0.15720688788408219     
 -0.43705284763718194      , -0.38877563790933228      , -0.18434394603443194     
 -0.43687007953901574      , -0.39399586905819672      , -0.20935734501658584     
 -0.43216087811980869      , -0.40132319833040991      , -0.23267411661505247     
 -0.43072183629154814      , -0.41082658358391927      , -0.25468883757681537     
 -0.43904986463458151      , -0.42256800707019559      , -0.27576559431625691     
 -0.46024710711972167      , -0.43660806267782115      , -0.29624044721241904     
 -0.49335261976548711      , -0.45301025559336150      , -0.31642419513785502     
 -0.53412549205745963      , -0.47184419680003337      , -0.33660528206910106     
 -0.57684868725678262      , -0.49318783156868379      , -0.35705272011539529     
 -0.61646298325893711      , -0.51712879917563415      , -0.37801892807114496     
 -0.65026601089310976      , -0.54376497977004823      , -0.39974240249018106     
 -0.67859513761904855      , -0.57320424278403181      , -0.42245014997122587     
 -0.70433985078257355      , -0.60556336871600913      , -0.44635981535506558     
 -0.73161011034581003      , -0.64096607180850518      , -0.47168144125200534     
 -0.76418057482866353      , -0.67954000459510544      , -0.49861879002709569     
 -0.80431414091165709      , -0.72141257642418488      , -0.52737015029433365     
 -0.85230933067822001      , -0.76670536747726248      , -0.55812853633776005     
 -0.90679126197601045      , -0.81552686917319506      , -0.59108117101442681     
 -0.96551402186943536      , -0.86796323453109814      , -0.62640812116689004     
  -1.0263110784209168      , -0.92406668383501045      , -0.66427993038313904     
  -1.0878284460894088      , -0.98384119101453216      , -0.70485406880495360     
  -1.1498015629124134      ,  -1.0472250883707017      , -0.74826999640014280     
  -1.2128476777169304      ,  -1.1140702913966432      , -0.79464261903395428     
  -1.2779425195916934      ,  -1.1841179882630797      , -0.84405391227026083     
  -1.3458385531711308      ,  -1.2569708943107780      , -0.89654250528706636     
  -1.4166411139904811      ,  -1.3320625811600497      , -0.95209106900782137     
  -1.4896424166194351      ,  -1.4086249955284553      ,  -1.0106114543405447     
  -1.5633956003772831      ,  -1.4856561204709910      ,  -1.0719276969676881     
  -1.6359381273814109      ,  -1.5618908147046162      ,  -1.1357572641826892     
  -1.7050576137426974      ,  -1.6357791596741007      ,  -1.2016912837629112     
  -1.7685212152651191      ,  -1.7054780339848252      ,  -1.2691749722667758     
  -1.8242350736511377      ,  -1.7688628873783263      ,  -1.3374900584707226     
  -1.8703338281239663      ,  -1.8235674200729917      ,  -1.4057416326856329     
  -1.9052085616182142      ,  -1.8670585584756816      ,  -1.4728524544807782     
  -1.9274751508580479      ,  -1.8967521385750084      ,  -1.5375681751794532     
  -1.9358831039879973      ,  -1.9101705150628026      ,  -1.5984769812271005     
  -1.9291758344803731      ,  -1.9051366868038477      ,  -1.6540466183546458     
  -1.9059320057990228      ,  -1.8799909029060546      ,  -1.7026804229180070     
  -1.8644387144982226      ,  -1.8338064567641899      ,  -1.7427917898376235     
  -1.8026731897920336      ,  -1.7665738233804884      ,  -1.7728935811366489     
  -1.7185041647854107      ,  -1.6793193399910480      ,  -1.7916957382361516     
  -1.6102534515802946      ,  -1.5741287994909499      ,  -1.7982014834472844     
  -1.4777262200078420      ,  -1.4540585711738296      ,  -1.7917907942460058     
  -1.3236192692604229      ,  -1.3229355864692047      ,  -1.7722800115972297     
  -1.1547635481073384      ,  -1.1850684983651558      ,  -1.7399488134297523     
 -0.98208843363769771      ,  -1.0449098261764556      ,  -1.6955300711564372     
 -0.81820521999557283      , -0.90671780055009554      ,  -1.6401634518064443     
 -0.67313082379203593      , -0.77426443399857336      ,  -1.5753188259838156     
 -0.55102012469714345      , -0.65062418559314306      ,  -1.5026994293425207     
 -0.45028217192987413      , -0.53805960856055846      ,  -1.4241365517228026     
 -0.36616852208596073      , -0.43800192017994610      ,  -1.3414871510683963     
 -0.29347214866998661      , -0.35111004356225739      ,  -1.2565436330226010     
 -0.22818904037327287      , -0.27738372851379317      ,  -1.1709618668190174     
 -0.16818369109505349      , -0.21630490680726164      ,  -1.0862101432000582     
 -0.11317254562418266      , -0.16698485479310698      ,  -1.0035388660824414     
  -6.4286037741989682E-002 , -0.12830075441590932      , -0.92396866930221366     
  -2.3423861000070247E-002 ,  -9.9011800828282467E-002 , -0.84829344980179178     
   7.4204016539523437E-003 ,  -7.7850703932708876E-002 , -0.77709439787087953     
   2.6749637962200590E-002 ,  -6.3590613793592488E-002 , -0.71076127246323817     
   3.4011189186425143E-002 ,  -5.5090083998159803E-002 , -0.64951768650273467     
   2.9867974287351280E-002 ,  -5.1319928652182122E-002 , -0.59344783846858606     
   1.6248605888769061E-002 ,  -5.1376111790610725E-002 , -0.54252281249798806     
  -3.8730912901599017E-003 ,  -5.4482506497482014E-002 , -0.49662518528688282     
  -2.6980296606644721E-002 ,  -5.9986771525834218E-002 , -0.45557118450738321     
  -4.9716952120615096E-002 ,  -6.7351918144290771E-002 , -0.41913003141958882     
  -6.9608281455361326E-002 ,  -7.6145498697450006E-002 , -0.38704037906701927     
  -8.5565136226388755E-002 ,  -8.6027798752510112E-002 , -0.35902394463510756     
  -9.7993976189593823E-002 ,  -9.6739974650656230E-002 , -0.33479655016284376     
 -0.10847381466884147      , -0.10809274326090544      , -0.31407684844854894     
 -0.11911686541851751      , -0.11995598579839001      , -0.29659303637498741     
 -0.13183144311179093      , -0.13224945471734162      , -0.28208785835243927     
 -0.14772156594893374      , -0.14493465480064185      , -0.27032218738771446     
 -0.16679674915773246      , -0.15800789211005009      , -0.26107744707156139     
 -0.18805917037699965      , -0.17149443591142843      , -0.25415710912940392     
 -0.20991720839353517      , -0.18544371031143450      , -0.24938747116086327     
 -0.23077414309748340      , -0.19992541770844602      , -0.24661788975310234     
 -0.24958777511474056      , -0.21502649063002746      , -0.24572061646105828     
 -0.26621264702984437      , -0.23084876878264615      , -0.24659035883437774     
 -0.28141959461322386      , -0.24750730180244249      , -0.24914366600070298     
 -0.29660629290801954      , -0.26512918355277493      , -0.25331821830752771     
 -0.31332027705954396      , -0.28385282959556735      , -0.25907208303752821     
 -0.33277225913476904      , -0.30382761469181757      , -0.26638298299531660     
 -0.35550603117973723      , -0.32521379106320952      , -0.27524761149537930     
 -0.38132349082535338      , -0.34818260996592526      , -0.28568101558953890     
 -0.40946917761762230      , -0.37291656820932029      , -0.29771605884614949     
 -0.43899126004149125      , -0.39960969688581727      , -0.31140296518496530     
 -0.46914190618956708      , -0.42846780097640164      , -0.32680893569513642     
 -0.49967537641808796      , -0.45970854475326928      , -0.34401782048743806     
 -0.53094773742903767      , -0.49356125796539929      , -0.36312981686817919     
 -0.56380037789501736      , -0.53026631045188799      , -0.38426115281641809     
 -0.59928953261345619      , -0.57007386672513005      , -0.40754370016543978     
 -0.63837430552422081      , -0.61324178576453203      , -0.43312444421807728     
 -0.68167878065520815      , -0.66003237338925247      , -0.46116471487057925     
 -0.72940340927736469      , -0.71070762410160104      , -0.49183905773979042     
 -0.78139741093668247      , -0.76552250598750449      , -0.52533359135827784     
 -0.83734339683894488      , -0.82471574748206744      , -0.56184365743896569     
 -0.89696911558696923      , -0.88849748268377926      , -0.60157052509409392     
 -0.96019992374468743      , -0.95703301110356997      , -0.64471685702333670     
  -1.0271968116436141      ,  -1.0304218440011301      , -0.69148058764199649     
  -1.0982732104390258      ,  -1.1086711689674305      , -0.74204680358594444     
  -1.1737271535463978      ,  -1.1916629079707703      , -0.79657716295425818     
  -1.2536455979073948      ,  -1.2791137317463777      , -0.85519635278332806     
  -1.3377306046050670      ,  -1.3705278083744008      , -0.91797508300500474     
  -1.4251737543313259      ,  -1.4651428133852800      , -0.98490917658624821     
  -1.5145845143895027      ,  -1.5618709377351614      ,  -1.0558944769156287     
  -1.6039750219873636      ,  -1.6592384213378226      ,  -1.1306976022292721     
  -1.6908176120523757      ,  -1.7553295920387670      ,  -1.2089230872994532     
  -1.7722025378095145      ,  -1.8477444638281029      ,  -1.2899782167765024     
  -1.8451030031576852      ,  -1.9335823784575716      ,  -1.3730379039287575     
  -1.9066954099505016      ,  -2.0094673378281551      ,  -1.4570132840711101     
  -1.9546232301231068      ,  -2.0716324741702135      ,  -1.5405291632885045     
  -1.9870918886392546      ,  -2.1160799622598705      ,  -1.6219168435451898     
  -2.0027519019755600      ,  -2.1388267571723301      ,  -1.6992297223010837     
  -2.0004158517929089      ,  -2.1362343452227091      ,  -1.7702888766971601     
  -1.9787070206134505      ,  -2.1054020599515408      ,  -1.8327639813947796     
  -1.9357522913166596      ,  -2.0445807668991480      ,  -1.8842909353405151     
  -1.8690471330962817      ,  -1.9535423966589387      ,  -1.9226215166584080     
  -1.7756685278348046      ,  -1.8338290488603362      ,  -1.9457930344686416     
  -1.6530760422537667      ,  -1.6888114028237018      ,  -1.9522989358118306     
  -1.5007081711691752      ,  -1.5235141097589926      ,  -1.9412368422279591     
  -1.3222348889232818      ,  -1.3442120210571691      ,  -1.9124105565793181     
  -1.1275093362733630      ,  -1.1578532144471796      ,  -1.8663681352799042     
 -0.93221408164659347      , -0.97140576902449882      ,  -1.8043683566136113     
 -0.75322913518793100      , -0.79124071353522030      ,  -1.7282803210774276     
 -0.60128194818219471      , -0.62264865754680543      ,  -1.6404321365977033     
 -0.47709209195762653      , -0.46954913069346166      ,  -1.5434317569348321     
 -0.37416437320065826      , -0.33440429339267902      ,  -1.4399846537350298     
 -0.28414274006796764      , -0.21830781663064763      ,  -1.3327295467317848     
 -0.20045073419182685      , -0.12119519779513725      ,  -1.2241066936955947     
 -0.11968297567787432      ,  -4.2115597683410992E-002 ,  -1.1162655197519116     
  -4.1616581609698722E-002 ,   2.0486709436646308E-002 ,  -1.0110115465697123     
   3.1518549478463311E-002 ,   6.8517777469615099E-002 , -0.90978775496973741     
   9.6099182069781713E-002 ,  0.10402626193743578      , -0.81368293448099915     
  0.14819121164728957      ,  0.12904874663052246      , -0.72345890814728753     
  0.18449245989049759      ,  0.14550507020936551      , -0.63958917068628618     
  0.20311645655468399      ,  0.15513562773870865      , -0.56230283043951657     
  0.20422440064062880      ,  0.15947093878374241      , -0.49162931722975295     
  0.19041149551946668      ,  0.15982416769303215      , -0.42744079806285401     
  0.16662984832091920      ,  0.15729872395344635      , -0.36949047281843572     
  0.13942931376290768      ,  0.15280484568268940      , -0.31744585488358845     
  0.11551926944634552      ,  0.14708076104513482      , -0.27091679461893292     
  0.10003165740789652      ,  0.14071543813105639      , -0.22947842460269577     
   9.5136587671712944E-002 ,  0.13417102251796589      , -0.19268945063371956     
   9.9585557918456385E-002 ,  0.12780384748378712      , -0.16010633292912446     
  0.10936988469932026      ,  0.12188343978152048      , -0.13129393972555115     
  0.11923438452843470      ,  0.11660929459036382      , -0.10583324203678925     
  0.12449577012753649      ,  0.11212541045637760      ,  -8.3326575815892520E-002
  0.12255956085411873      ,  0.10853270131855734      ,  -6.3400941043187109E-002
  0.11367381885437829      ,  0.10589946947631626      ,  -4.5709745725188280E-002
  0.10071543232437111      ,  0.10427015253733518      ,  -2.9933342086985087E-002
   8.8105377510639238E-002 ,  0.10367256371322282      ,  -1.5778645510833335E-002
   8.0237373915964097E-002 ,  0.10412383785823971      ,  -2.9780755577153233E-003
   7.9979829583439646E-002 ,  0.10563528140448651      ,   8.7119867305855848E-003
   8.7772985761400177E-002 ,  0.10821630655474181      ,   1.9513070123515407E-002
  0.10160320269193623      ,  0.11187761099747581      ,   2.9626691293402192E-002
  0.11781469791345783      ,  0.11663374533339807      ,   3.9236545986113792E-002
  0.13243898879198962      ,  0.12250519210664432      ,   4.8510742915426050E-002
  0.14256459704764238      ,  0.12952006322130361      ,   5.7604029240280456E-002
  0.14727957418899584      ,  0.13771550677706540      ,   6.6659972083182917E-002
  0.14788818346429858      ,  0.14713890001021801      ,   7.5813073027227965E-002
  0.14736368272459985      ,  0.15784889200725963      ,   8.5190802334656729E-002
  0.14926222040305276      ,  0.16991634801598865      ,   9.4915547152699190E-002
  0.15650082377911378      ,  0.18342523629126711      ,  0.10510647354626416     
  0.17042873284875379      ,  0.19847348819084690      ,  0.11588130609579436     
  0.19049089812229833      ,  0.21517385232113451      ,  0.12735803123493067     
  0.21456074195268657      ,  0.23365475348327366      ,  0.13965653162546596     
  0.23979242999036166      ,  0.25406115644904970      ,  0.15290015875808619     
  0.26367757155278260      ,  0.27655542254615456      ,  0.16721724963564050     
  0.28493405137647054      ,  0.30131813284431563      ,  0.18274259076972924     
  0.30392628863833077      ,  0.32854883440907107      ,  0.19961882863850883     
  0.32249312049521917      ,  0.35846664439448767      ,  0.21799781994534886     
  0.34327675004940855      ,  0.39131061915952309      ,  0.23804190709181647     
  0.36882188512654779      ,  0.42733976025768178      ,  0.25992509369566286     
  0.40078071001390192      ,  0.46683248383084736      ,  0.28383408103491098     
  0.43949614055814140      ,  0.51008532201043177      ,  0.30996910807541045     
  0.48408042399597007      ,  0.55741055142552731      ,  0.33854451411498021     
  0.53292530742231370      ,  0.60913235169282998      ,  0.36978891269851522     
  0.58443335437316246      ,  0.66558098285394907      ,  0.40394482676344723     
  0.63769017638998982      ,  0.72708433304494668      ,  0.44126758626840140     
  0.69282994376597828      ,  0.79395602623684047      ,  0.48202322918040019     
  0.75097610416938776      ,  0.86647909879151963      ,  0.52648507335109662     
  0.81381569612360172      ,  0.94488406424180749      ,  0.57492854014299799     
  0.88300856675050676      ,   1.0293200115880103      ,  0.62762371220481183     
  0.95967502809096006      ,   1.1198172657769607      ,  0.68482500244872102     
   1.0441343877916200      ,   1.2162401498838087      ,  0.74675720953346603     
   1.1359275949101555      ,   1.3182286351005581      ,  0.81359715612049432     
   1.2340199301196317      ,   1.4251283035935616      ,  0.88545008151459337     
   1.3370042158062689      ,   1.5359092905780751      ,  0.96232003866968674     
   1.4431451038502856      ,   1.6490769691601981      ,   1.0440737963954980     
   1.5502200488294597      ,   1.7625803520093120      ,   1.1303982621456463     
   1.6552782340729373      ,   1.8737286770511576      ,   1.2207523257973252     
   1.7545627677180158      ,   1.9791323337539792      ,   1.3143153831750887     
   1.8438080420972873      ,   2.0746905761774594      ,   1.4099366878493840     
   1.9188857403255171      ,   2.1556539445227054      ,   1.5060920462594489     
   1.9764774825650608      ,   2.2167915023342668      ,   1.6008569537318578     
   2.0143826999218799      ,   2.2526884218042524      ,   1.6919075042317528     
   2.0313122320700088      ,   2.2581843870692953      ,   1.7765613825387028     
   2.0263206054870881      ,   2.2289354566246842      ,   1.8518697931255470     
   1.9981483973717400      ,   2.1620431645734275      ,   1.9147661847452768     
   1.9447091114363126      ,   2.0566529170936714      ,   1.9622686169821451     
   1.8629190193334986      ,   1.9143940614837531      ,   1.9917204286638490     
   1.7491185253958201      ,   1.7395340488428781      ,   2.0010411052933321     
   1.6004147077117008      ,   1.5387608201874197      ,   1.9889499507456627     
   1.4171542925724347      ,   1.3205875736851553      ,   1.9551235362441517     
   1.2060757125978334      ,   1.0944698721640391      ,   1.9002562817400708     
  0.98232171496364595      ,  0.86980197130440695      ,   1.8260108125278076     
  0.76693500256734137      ,  0.65498696600371087      ,   1.7348662255019947     
  0.57794201179763227      ,  0.45674402410833626      ,   1.6298915649064565     
  0.42141175535193143      ,  0.27974115223213653      ,   1.5144830970439576     
  0.29194629019999419      ,  0.12655500924438956      ,   1.3921050714225933     
  0.18004998855874713      ,  -2.1093609545281568E-003 ,   1.2660659784698975     
   7.7926340072177455E-002 , -0.10703999294361360      ,   1.1393497488246689     
  -1.8486966638562530E-002 , -0.19008160102014149      ,   1.0145082306768012     
 -0.10955389685736444      , -0.25371953242299472      ,  0.89361081724419855     
 -0.19280152229741182      , -0.30073129688479561      ,  0.77824067797363217     
 -0.26408035934363161      , -0.33392454246025399      ,  0.66952453904332021     
 -0.31879837232667146      , -0.35596005720225277      ,  0.56818335328088643     
 -0.35317833809250382      , -0.36924698732802863      ,  0.47459326396003948     
 -0.36554114925000536      , -0.37589322082260024      ,  0.38884895656509771     
 -0.35747096067515260      , -0.37769423707262845      ,  0.31082411065795684     
 -0.33443705736224211      , -0.37614639022080093      ,  0.24022584882287670     
 -0.30527774421922577      , -0.37247398388673925      ,  0.17664171537082027     
 -0.28021988560057226      , -0.36766269850571237      ,  0.11957883348917736     
 -0.26789508793042216      , -0.36249455027626887      ,   6.8495581330194732E-002
 -0.27259327156920959      , -0.35758150586839088      ,   2.2826506073900316E-002
 -0.29301619912474169      , -0.35339622047587044      ,  -1.7998639778078043E-002
 -0.32303765132116918      , -0.35029923678836039      ,  -5.4540824849171811E-002
 -0.35409840065718029      , -0.34856251030891594      ,  -8.7341759806201569E-002
 -0.37830300212709517      , -0.34838942264384626      , -0.11691723052267909     
 -0.39111113513458973      , -0.34993159229674742      , -0.14375306250130479     
 -0.39271408167425365      , -0.35330285041969134      , -0.16830313786135651     
 -0.38767033081195179      , -0.35859075534454887      , -0.19098898192971681     
 -0.38300173761522660      , -0.36586599856871060      , -0.21220052210168877     
 -0.38554078051734358      , -0.37519002047089617      , -0.23229769598738090     
 -0.39958659758926873      , -0.38662111437854607      , -0.25161264904947012     
 -0.42569194320661191      , -0.40021925684407017      , -0.27045231471455861     
 -0.46085850391156985      , -0.41604986199587363      , -0.28910121329269922     
 -0.49991156035131146      , -0.43418661921318441      , -0.30782434099060302     
 -0.53749263292727423      , -0.45471353602796433      , -0.32687004780146445     
 -0.56994710349246969      , -0.47772627159494169      , -0.34647282392138790     
 -0.59644374630732333      , -0.50333280959024207      , -0.36685592925790400     
 -0.61897773092949648      , -0.53165348217388397      , -0.38823381009042951     
 -0.64136614997905184      , -0.56282031778690689      , -0.41081425140154459     
 -0.66773052953950329      , -0.59697564414214421      , -0.43480021307211597     
 -0.70109509586660079      , -0.63426983296738892      , -0.46039129315319621     
 -0.74258273534646291      , -0.67485802422642949      , -0.48778475182937375     
 -0.79138755662714155      , -0.71889561443919947      , -0.51717601545449898     
 -0.84540682227589847      , -0.76653223684161209      , -0.54875856116675947     
 -0.90221619734444169      , -0.81790390218311593      , -0.58272305918769784     
 -0.95999668673675431      , -0.87312291159351063      , -0.61925562236534037     
  -1.0180813672701925      , -0.93226510369459192      , -0.65853498173058778     
  -1.0769720814026369      , -0.99535396770232754      , -0.70072837453749337     
  -1.1379058333911154      ,  -1.0623411591474730      , -0.74598590049483626     
  -1.2022151355892219      ,  -1.1330830190770358      , -0.79443307761640658     
  -1.2707542071204683      ,  -1.2073128544503686      , -0.84616131890993951     
  -1.3435698396073170      ,  -1.2846090303135032      , -0.90121606603373261     
  -1.4198564781501712      ,  -1.3643594057596606      , -0.95958237131782331     
  -1.4981214530323732      ,  -1.4457233725700702      ,  -1.0211678349887090     
  -1.5764350993498033      ,  -1.5275937779192856      ,  -1.0857830039380234     
  -1.6526555349160770      ,  -1.6085623533591964      ,  -1.1531196477268890     
  -1.7245781596564074      ,  -1.6868938939161400      ,  -1.2227277695525685     
  -1.7900251038300818      ,  -1.7605161903145281      ,  -1.2939927958138346     
  -1.8469178997806910      ,  -1.8270343129837907      ,  -1.3661151039794051     
  -1.8933544975734311      ,  -1.8837787772127064      ,  -1.4380948387112886     
  -1.9276680923727898      ,  -1.9278966816365157      ,  -1.5087257139824952     
  -1.9484237312383426      ,  -1.9564922881605553      ,  -1.5766020145148025     
  -1.9543266938870656      ,  -1.9668179842404507      ,  -1.6401430354681412     
  -1.9440560966210836      ,  -1.9565078935156675      ,  -1.6976384459203631     
  -1.9160726623152733      ,  -1.9238352622592316      ,  -1.7473162883833551     
  -1.8684751950660441      ,  -1.8679631247608479      ,  -1.7874324592804500     
  -1.7990083515501072      ,  -1.7891488963989355      ,  -1.8163767754887499     
  -1.7053638456107083      ,  -1.6888613174542515      ,  -1.8327867172578691     
  -1.5859439434481064      ,  -1.5697756537403367      ,  -1.8356565804305158     
  -1.4411827317862411      ,  -1.4356308657342878      ,  -1.8244281277482193     
  -1.2752072949009872      ,  -1.2909575812169940      ,  -1.7990497282333926     
  -1.0970008128650222      ,  -1.1407118013422741      ,  -1.7599946421626305     
 -0.91960990770026763      , -0.98986866166433762      ,  -1.7082349636031091     
 -0.75640984236248143      , -0.84303727905915227      ,  -1.6451744759519611     
 -0.61605899632513905      , -0.70414998917810345      ,  -1.5725497021054149     
