   1.1838665379516153      ,   2.1229450724483714      ,   1.4655193661558268     
   2.0280319923377128      ,   2.1929852415350255      ,   1.5610585270229873     
   2.2070412886714577      ,   2.2400776937172493      ,   1.6539053462152871     
   2.2274503846962976      ,   2.2589017442634218      ,   1.7415228812149708     
   2.1417193561430214      ,   2.2447042742917840      ,   1.8210630112943438     
   2.0519818306455777      ,   2.1939089102960634      ,   1.8894909061409448     
   1.9585150351796448      ,   2.1047402225179983      ,   1.9437656688917380     
   1.8602176778084614      ,   1.9777454803439807      ,   1.9810672081207392     
   1.7439023772048670      ,   1.8160821072783706      ,   1.9990464820024860     
   1.6024886370904168      ,   1.6254624622894605      ,   1.9960649989817625     
   1.4315758130475296      ,   1.4137129629515430      ,   1.9713841858516696     
   1.2347710411981485      ,   1.1899972664110152      ,   1.9252693066812612     
   1.0244842594693260      ,  0.96384218103004549      ,   1.8589865037522069     
  0.82054374945692021      ,  0.74415591195967179      ,   1.7746919444430655     
  0.64168009856946218      ,  0.53842131673974125      ,   1.6752329415465239     
  0.49530391742564767      ,  0.35218728446955988      ,   1.5638959838847664     
  0.37585675394125445      ,  0.18889565376218667      ,   1.4441420266186100     
  0.27212987400116984      ,   5.0001978019320249E-002 ,   1.3193650556489360     
  0.17425459441126517      ,  -6.4700883798565631E-002 ,   1.1926989228874905     
   7.6634396468481872E-002 , -0.15666063759309845      ,   1.0668841267543117     
  -2.1694725347056576E-002 , -0.22813426990100699      ,  0.94419438639734021     
 -0.11787724152689069      , -0.28180797976757588      ,  0.82641469034470127     
 -0.20659505239849166      , -0.32049834109380249      ,  0.71485843581946695     
 -0.28153846405753713      , -0.34694074961631782      ,  0.61041059040920653     
 -0.33675426865900904      , -0.36365620077566646      ,  0.51358530372947420     
 -0.36788547366661006      , -0.37288048745330526      ,  0.42458891988492709     
 -0.37339598666655993      , -0.37653861886822665      ,  0.34338204425120999     
 -0.35567652529505711      , -0.37624917459232166      ,  0.26973670639260389     
 -0.32158829034995551      , -0.37334652660465156      ,  0.20328652779630416     
 -0.28178179941387183      , -0.36891220776140959      ,  0.14356912745924336     
 -0.24840141724013334      , -0.36380958762195265      ,   9.0060855130340983E-002
 -0.23168790447939436      , -0.35871823902491112      ,   4.2204439621893741E-002
 -0.23687480099745728      , -0.35416596004674755      ,  -5.6961569239652996E-004
 -0.26272314117151951      , -0.35055746826940914      ,  -3.8826978221081797E-002
 -0.30217791968485774      , -0.34819944144875398      ,  -7.3117879548269940E-002
 -0.34480560125765125      , -0.34732196114584557      , -0.10396913675487859     
 -0.38017302704771316      , -0.34809661831423416      , -0.13187907821838246     
 -0.40107827990096012      , -0.35065163044657438      , -0.15731475324318300     
 -0.40563971722762659      , -0.35508434474769440      , -0.18071090378070817     
 -0.39765420888588621      , -0.36147149037983400      , -0.20247026648446861     
 -0.38514834706105489      , -0.36987751301508459      , -0.22296485238673353     
 -0.37761009559476522      , -0.38036128702789984      , -0.24253791924495635     
 -0.38289865774488635      , -0.39298146021187508      , -0.26150640862046931     
 -0.40493336376980704      , -0.40780064560972051      , -0.28016366693359418     
 -0.44282742699069566      , -0.42488863596647064      , -0.29878230811027573     
 -0.49154390772438988      , -0.44432477860534586      , -0.31761710598075332     
 -0.54374569650240834      , -0.46619961183729980      , -0.33690782818834025     
 -0.59223915847419550      , -0.49061582772856122      , -0.35688194075595159     
 -0.63222633481012691      , -0.51768858938690709      , -0.37775712423213165     
 -0.66262900491000343      , -0.54754519301577265      , -0.39974354894277481     
 -0.68609572601028290      , -0.58032402491292434      , -0.42304585861538374     
 -0.70780117341567284      , -0.61617272046811900      , -0.44786480869756806     
 -0.73357163700910855      , -0.65524538527947807      , -0.47439849813077212     
 -0.76805015461586379      , -0.69769868729453444      , -0.50284312115890861     
 -0.81349367382169258      , -0.74368657348523226      , -0.53339314892254241     
 -0.86947589639208978      , -0.79335330605295495      , -0.56624082914757556     
 -0.93343877940199049      , -0.84682445416439756      , -0.60157486641105617     
  -1.0018045743628134      , -0.90419542278911047      , -0.63957811587315860     
  -1.0712366816073879      , -0.96551705894731876      , -0.68042409129601356     
  -1.1396214002781937      ,  -1.0307778612015503      , -0.72427205599499500     
  -1.2064620168100488      ,  -1.0998823509037625      , -0.77126043706710912     
  -1.2726187338146902      ,  -1.1726252724491224      , -0.82149828508863920     
  -1.3395871995769304      ,  -1.2486615134322572      , -0.87505450283288311     
  -1.4086510020028193      ,  -1.3274720230237296      , -0.93194460068929952     
  -1.4802201840750790      ,  -1.4083266142620134      , -0.99211482113025040     
  -1.5535359688698134      ,  -1.4902454189606513      ,  -1.0554236320282695     
  -1.6267679011816760      ,  -1.5719619618454443      ,  -1.1216208443547895     
  -1.6974036339906322      ,  -1.6518923291820697      ,  -1.1903249890188543     
  -1.7627534931195252      ,  -1.7281166388091584      ,  -1.2610001085055818     
  -1.8203811261441212      ,  -1.7983807511966154      ,  -1.3329337815139992     
  -1.8683367903148134      ,  -1.8601274883067285      ,  -1.4052189689836077     
  -1.9051758595272248      ,  -1.9105669316404634      ,  -1.4767430611370855     
  -1.9298254194621680      ,  -1.9467938643396794      ,  -1.5461881616983577     
  -1.9413789847924980      ,  -1.9659562972366709      ,  -1.6120469374818855     
  -1.9388728459867748      ,  -1.9654717519920386      ,  -1.6726580056065574     
  -1.9210693220089823      ,  -1.9432777608327523      ,  -1.7262635486630262     
  -1.8862677305515092      ,  -1.8980912374186156      ,  -1.7710894706649931     
  -1.8321893955088018      ,  -1.8296406962393050      ,  -1.8054450031124267     
  -1.7560398626148352      ,  -1.7388294866500131      ,  -1.8278346624583925     
  -1.6549339886055450      ,  -1.6277909378168240      ,  -1.8370716452890137     
  -1.5269286447277455      ,  -1.4998095542228083      ,  -1.8323791687938058     
  -1.3727969816105563      ,  -1.3591048903602743      ,  -1.8134659116009328     
  -1.1981788896066643      ,  -1.2105014823689850      ,  -1.7805641330966038     
  -1.0147962415603460      ,  -1.0590317642324893      ,  -1.7344240464755345     
 -0.83860879579987635      , -0.90953204853726333      ,  -1.6762645840380972     
 -0.68400988452841616      , -0.76629045839720311      ,  -1.6076872838821734     
 -0.55763012015463831      , -0.63279111119684861      ,  -1.5305650890616394     
 -0.45723300987899251      , -0.51157614327258938      ,  -1.4469203331926654     
 -0.37557998885380256      , -0.40422348056081997      ,  -1.3588058440310067     
 -0.30480201993270928      , -0.31141976406450217      ,  -1.2682004526181798     
 -0.23892475926661344      , -0.23309778801163680      ,  -1.1769262441082506     
 -0.17479939424960711      , -0.16860623877588951      ,  -1.0865906987991416     
 -0.11207474332476980      , -0.11688420726929609      , -0.99855328422125944     
  -5.2586130810433659E-002 ,  -7.6620826960369842E-002 , -0.91391352682143312     
   5.5617836062242521E-004 ,  -4.6388750188870759E-002 , -0.83351620498294843     
   4.3918337702676592E-002 ,  -2.4747247274474339E-002 , -0.75796889974055193     
   7.4558151067026623E-002 ,  -1.0315729998428632E-002 , -0.68766743138630215     
   9.0647464254726057E-002 ,  -1.8214478280048640E-003 , -0.62282540323619306     
   9.1907204815530677E-002 ,   1.8736213420180853E-003 , -0.56350492439458066     
   7.9837865226135188E-002 ,   1.7615356216361129E-003 , -0.50964642339749555     
   5.7669814440050815E-002 ,  -1.3118115952818158E-003 , -0.46109619835676158     
   2.9938552129991657E-002 ,  -6.6396574477651698E-003 , -0.41763093670120399     
   1.6649800436335446E-003 ,  -1.3643028666461270E-002 , -0.37897887546563841     
  -2.2715814156606558E-002 ,  -2.1857230537399887E-002 , -0.34483757807297111     
  -4.0371416201649857E-002 ,  -3.0917647516997382E-002 , -0.31488850072089442     
  -5.0688072499856789E-002 ,  -4.0545828998756465E-002 , -0.28880863680281205     
  -5.5264714054771964E-002 ,  -5.0536458215814865E-002 , -0.26627958437632082     
  -5.7286152339202867E-002 ,  -6.0745535952676205E-002 , -0.24699439830948178     
  -6.0484039711704816E-002 ,  -7.1079928829461902E-002 , -0.23066257968419340     
  -6.8009394656379868E-002 ,  -8.1488312368645233E-002 , -0.21701353068754367     
  -8.1540706035775484E-002 ,  -9.1953464011745173E-002 , -0.20579877078846398     
 -0.10086131207037553      , -0.10248581711414667      , -0.19679317430099824     
 -0.12400386534040279      , -0.11311816375377477      , -0.18979545356896593     
 -0.14790946265865546      , -0.12390138486828309      , -0.18462807785078555     
 -0.16940379861718596      , -0.13490108585741281      , -0.18113678659492613     
 -0.18618985869895582      , -0.14619502096295234      , -0.17918982768631697     
 -0.19754607791095175      , -0.15787119815256992      , -0.17867702656820605     
 -0.20451689129380846      , -0.17002656630521587      , -0.17950877083502106     
 -0.20955187344321782      , -0.18276619714175962      , -0.18161497674609636     
 -0.21572723473027144      , -0.19620288481528092      , -0.18494408884528565     
 -0.22581060275771425      , -0.21045709584136973      , -0.18946215116338330     
 -0.24146611388418535      , -0.22565721072115474      , -0.19515197798646983     
 -0.26283512401494202      , -0.24194000588268194      , -0.20201244354666020     
 -0.28860003476268647      , -0.25945133017162558      , -0.21005790288735099     
 -0.31649101409965780      , -0.27834693379168085      , -0.21931775023200070     
 -0.34406571595823837      , -0.29879340902458551      , -0.22983611610438576     
 -0.36951227522536656      , -0.32096920087564484      , -0.24167169986552495     
 -0.39222299264341104      , -0.34506564151254326      , -0.25489772989084503     
 -0.41296606916939460      , -0.37128795436713680      , -0.26960203892761031     
 -0.43361912912764339      , -0.39985616123761175      , -0.28588723682235340     
 -0.45657319705973637      , -0.43100580761439661      , -0.30387095630563832     
 -0.48401866669927179      , -0.46498839643186035      , -0.32368613929883611     
 -0.51735011689047172      , -0.50207138687697239      , -0.34548132058916198     
 -0.55687023032552929      , -0.54253757078717313      , -0.36942085189663620     
 -0.60186288390772769      , -0.58668358224765382      , -0.39568499136519159     
 -0.65098379074940638      , -0.63481722373640304      , -0.42446976021377292     
 -0.70282016881629117      , -0.68725320205339335      , -0.45598643837758396     
 -0.75642447225233822      , -0.74430675725310036      , -0.49046053302116105     
 -0.81164569318876567      , -0.80628453708180048      , -0.52813000635325302     
 -0.86916098060590907      , -0.87347191981658512      , -0.56924249093951840     
 -0.93022164964645004      , -0.94611582648685610      , -0.61405115097201413     
 -0.99622577837337745      ,  -1.0244019038421510      , -0.66280876718600912     
  -1.0682743594465034      ,  -1.1084248294944457      , -0.71575953398672687     
  -1.1468462219122986      ,  -1.1981504370039850      , -0.77312796625371349     
  -1.2316576772123342      ,  -1.2933684551491871      , -0.83510423251032928     
  -1.3216925544039142      ,  -1.3936350120537007      , -0.90182518174023896     
  -1.4153306924360605      ,  -1.4982048238685792      , -0.97335034643113805     
  -1.5104883448564759      ,  -1.6059543643073384      ,  -1.0496323335922244     
  -1.6047171442226509      ,  -1.7152995155211928      ,  -1.1304813258783022     
  -1.6952740992551742      ,  -1.8241144286973070      ,  -1.2155239907546520     
  -1.7792319233144849      ,  -1.9296626473165661      ,  -1.3041580287422825     
  -1.8536927161676817      ,  -2.0285567510694142      ,  -1.3955049591156097     
  -1.9160822650121379      ,  -2.1167681279727408      ,  -1.4883655626288721     
  -1.9644012307522432      ,  -2.1897124730225968      ,  -1.5811845732323351     
  -1.9972920176670970      ,  -2.2424368401855683      ,  -1.6720334281675850     
  -2.0138666671268184      ,  -2.2699274515027903      ,  -1.7586215675428791     
  -2.0133493644130884      ,  -2.2675410704442771      ,  -1.8383470568267553     
  -1.9946385707690981      ,  -2.2315354793862863      ,  -1.9083951718011813     
  -1.9558935295088344      ,  -2.1596393728573404      ,  -1.9658881976733313     
  -1.8942576702053271      ,  -2.0515673608482117      ,  -2.0080809159886481     
  -1.8059048187167681      ,  -1.9093654042820782      ,  -2.0325851947350984     
  -1.6867425960646898      ,  -1.7374802521795818      ,  -2.0375963442642169     
  -1.5342009583303282      ,  -1.5424908645419049      ,  -2.0220870557072868     
  -1.3502173379440106      ,  -1.3325138890316865      ,  -1.9859351503616736     
  -1.1444713356583254      ,  -1.1163770895205816      ,  -1.9299604824015189     
 -0.93531780571959411      , -0.90271463970216792      ,  -1.8558625427495614     
 -0.74477573368129812      , -0.69915333805288005      ,  -1.7660691607004873     
 -0.58752925935197353      , -0.51172455627362157      ,  -1.6635226118661581     
 -0.46363200140426414      , -0.34456902251457822      ,  -1.5514380456062040     
 -0.36268807214794951      , -0.19992742058226354      ,  -1.4330689555593126     
 -0.27252052403132387      ,  -7.8353635495356427E-002 ,  -1.3115070018535810     
 -0.18430317590201917      ,   2.0938678205007655E-002 ,  -1.1895322925370455     
  -9.4023600163874399E-002 ,   9.9683331970804839E-002 ,  -1.0695188846258392     
  -2.1978388322440867E-003 ,  0.16018938887226788      , -0.95339135265482711     
   8.7274636495640490E-002 ,  0.20502955102225520      , -0.84262287340932207     
  0.16862927194478644      ,  0.23680505324691808      , -0.73826321303702513     
  0.23571048979529680      ,  0.25798571518553559      , -0.64098540203572851     
  0.28319393824996669      ,  0.27081406721431378      , -0.55114169936627055     
  0.30761441266078271      ,  0.27725876812910116      , -0.46882179683512121     
  0.30830666031046555      ,  0.27900274777112255      , -0.39390850780487019     
  0.28817059365887687      ,  0.27745373025931797      , -0.32612810965688144     
  0.25389589561389830      ,  0.27376767687771925      , -0.26509396378805872     
  0.21515174072241447      ,  0.26887844999022875      , -0.21034304104239709     
  0.18252108849509513      ,  0.26352928555378896      , -0.16136561312245876     
  0.16466216277661355      ,  0.25830338361003830      , -0.11762872548202521     
  0.16580335332336585      ,  0.25365213339961845      ,  -7.8594230329419618E-002
  0.18461406457919982      ,  0.24992028571985089      ,  -4.3732198406493103E-002
  0.21484342898255460      ,  0.24736787928073103      ,  -1.2530495478973122E-002
  0.24744329437400436      ,  0.24618901419420672      ,   1.5498761649762946E-002
  0.27344829928075265      ,  0.24652771658972086      ,   4.0815242249198726E-002
  0.28669979704955956      ,  0.24849120507191619      ,   6.3848395057936713E-002
  0.28561751644408506      ,  0.25216088680275600      ,   8.4996947291091016E-002
  0.27354896408851742      ,  0.25760140041147883      ,  0.10462953672164868     
  0.25760496579878800      ,  0.26486799812752337      ,  0.12308617297080882     
  0.24632091278073864      ,  0.27401252828755540      ,  0.14068028317307485     
  0.24692398533249027      ,  0.28508824596383264      ,  0.15770114704959190     
  0.26315312157545745      ,  0.29815364605313538      ,  0.17441656789863064     
  0.29430116157419584      ,  0.31327548066923111      ,  0.19107565995241765     
  0.33566695152781056      ,  0.33053109129916319      ,  0.20791165978693618     
  0.38020107287497829      ,  0.35001015569947541      ,  0.22514469075587282     
  0.42081966810283178      ,  0.37181591944846470      ,  0.24298442539145085     
  0.45264705111539738      ,  0.39606595177792658      ,  0.26163260189036275     
  0.47446032752721312      ,  0.42289243397840254      ,  0.28128535757025835     
  0.48889383809945830      ,  0.45244195537173576      ,  0.30213534479742682     
  0.50139384437688339      ,  0.48487475552864823      ,  0.32437359347328226     
  0.51833938044404659      ,  0.52036331095555033      ,  0.34819107871969512     
  0.54501995845053275      ,  0.55909011875466963      ,  0.37377994279216353     
  0.58415577093013848      ,  0.60124447776365575      ,  0.40133430624077332     
  0.63537381144184990      ,  0.64701800872700355      ,  0.43105058462564538     
  0.69569216271985979      ,  0.69659858914627970      ,  0.46312720335904639     
  0.76076725466815587      ,  0.75016230682968776      ,  0.49776357426593426     
  0.82645700220049290      ,  0.80786296208517894      ,  0.53515816326300703     
  0.89016430469834185      ,  0.86981857845954313      ,  0.57550543970562862     
  0.95150904324641128      ,  0.93609432723212493      ,  0.61899145589766924     
   1.0121446601082169      ,   1.0066812497723858      ,  0.66578776291098896     
   1.0748803894633419      ,   1.0814702020791576      ,  0.71604333133576936     
   1.1425164129980254      ,   1.1602205871984252      ,  0.76987412117325282     
   1.2168330322997334      ,   1.2425237379106899      ,  0.82734994640491488     
   1.2980245887694013      ,   1.3277613327337383      ,  0.88847832494687062     
   1.3846552580137148      ,   1.4150600519922343      ,  0.95318511823163443     
   1.4740397810305808      ,   1.5032448850857092      ,   1.0212919774044968     
   1.5628506671399232      ,   1.5907951368249806      ,   1.0924909602993793     
   1.6477229751683622      ,   1.6758092336481305      ,   1.1663171991790231     
   1.7256751184466008      ,   1.7559867539213359      ,   1.2421212063624751     
   1.7942816795426757      ,   1.8286383484215454      ,   1.3190432973004009     
   1.8516575834264184      ,   1.8907357477549998      ,   1.3959936298273332     
   1.8963587772033446      ,   1.9390139414672936      ,   1.4716423658616045     
   1.9272611776175357      ,   1.9701347168167749      ,   1.5444252179966029     
   1.9434160475886899      ,   1.9809139931688384      ,   1.6125698074137198     
   1.9438591881054457      ,   1.9686042965658759      ,   1.6741474332865141     
   1.9273745584538837      ,   1.9312090665239734      ,   1.7271526879999526     
   1.8922499210233175      ,   1.8677898948641325      ,   1.7696097139064220     
   1.8361007005637822      ,   1.7787157727778797      ,   1.7996990584772179     
   1.7558935527932911      ,   1.6658004180897077      ,   1.8158938485468463     
   1.6483863819313087      ,   1.5322841264031259      ,   1.8170896522382194     
   1.5112721556324307      ,   1.3826410816817760      ,   1.8027103842661085     
   1.3452016587296109      ,   1.2222271300857113      ,   1.7727740487535097     
   1.1562952540067395      ,   1.0568173954948450      ,   1.7279072363722550     
  0.95760299783771463      ,  0.89210699497372936      ,   1.6693051785598141     
  0.76686673757744694      ,  0.73325371885859658      ,   1.5986429288824242     
  0.59955448905157993      ,  0.58452759738698601      ,   1.5179506812892458     
  0.46206191232673655      ,  0.44910440619877645      ,   1.4294706036630744     
  0.35149107456040229      ,  0.32900804302432490      ,   1.3355131575457599     
  0.26053171798838726      ,  0.22517975761350253      ,   1.2383281301111788     
  0.18192056007997021      ,  0.13763619500143201      ,   1.1400007631493552     
  0.11056452956857613      ,   6.5674125912785541E-002 ,   1.0423779110055031     
   4.4105064516806042E-002 ,   8.0849226673441309E-003 ,  0.94702432864755492     
  -1.7317134693168409E-002 ,  -3.6647959318350160E-002 ,  0.85520570116662220     
  -7.1740740487154092E-002 ,  -7.0183985503209742E-002 ,  0.76789306686827385     
 -0.11627999479283724      ,  -9.4198889559875751E-002 ,  0.68578266487044659     
 -0.14805179536731922      , -0.11029539148430681      ,  0.60932557376670549     
 -0.16501282922333757      , -0.11994634888404937      ,  0.53876239312829344     
 -0.16664339296138597      , -0.12446374781749646      ,  0.47415931772987213     
 -0.15440546338937802      , -0.12498684092459350      ,  0.41544303521539272     
 -0.13184377104098857      , -0.12248351306069007      ,  0.36243281295299978     
 -0.10417467010800177      , -0.11776008759970902      ,  0.31486887817539688     
  -7.7308725474671200E-002 , -0.11147595722127562      ,  0.27243673610220331     
  -5.6488522894116572E-002 , -0.10416046098667439      ,  0.23478743889501760     
  -4.4963668983473745E-002 ,  -9.6230268745729916E-002 ,  0.20155404923322520     
  -4.3184130818880770E-002 ,  -8.8006169680094323E-002 ,  0.17236467135236386     
  -4.8812455845750821E-002 ,  -7.9728619465646910E-002 ,  0.14685248014890553     
  -5.7551711349006378E-002 ,  -7.1571715908854167E-002 ,  0.12466318963701144     
  -6.4513012977270190E-002 ,  -6.3655481380319207E-002 ,  0.10546038361411331     
  -6.5693739212367597E-002 ,  -5.6056462123818873E-002 ,   8.8929096525659293E-002
  -5.9133046976981830E-002 ,  -4.8816733180471229E-002 ,   7.4777989758615271E-002
  -4.5429280007787752E-002 ,  -4.1951440676735785E-002 ,   6.2740423449201291E-002
  -2.7486899281761262E-002 ,  -3.5455032936478358E-002 ,   5.2574679744355923E-002
  -9.5701244491786155E-003 ,  -2.9306336777311121E-002 ,   4.4063552248866676E-002
   4.0504697625765255E-003 ,  -2.3472631137315080E-002 ,   3.7013479116549064E-002
   1.0430638823836373E-002 ,  -1.7912860613176592E-002 ,   3.1253364298961861E-002
   8.8425424681013998E-003 ,  -1.2580119031930273E-002 ,   2.6633202873642056E-002
   9.5716408319086298E-004 ,  -7.4235194168164684E-003 ,   2.3022601941961349E-002
  -9.7148662591416829E-003 ,  -2.3895526643297050E-003 ,   2.0309267999732566E-002
  -1.8932253769894724E-002 ,   2.5769764294678002E-003 ,   1.8397514567913990E-002
  -2.3026003627454297E-002 ,   7.5323600723385788E-003 ,   1.7206829832404586E-002
  -1.9989265411877614E-002 ,   1.2533681512562971E-002 ,   1.6670532691262046E-002
  -1.0028561618260263E-002 ,   1.7638739228033853E-002 ,   1.6734536573687991E-002
   4.5731789619986689E-003 ,   2.2906157954650883E-002 ,   1.7356233333978746E-002
   2.0223687664917066E-002 ,   2.8395651775810059E-002 ,   1.8503504123173291E-002
   3.3172094886239047E-002 ,   3.4168411947193139E-002 ,   2.0153860122593532E-002
   4.0679581394991990E-002 ,   4.0287598573695890E-002 ,   2.2293713141477826E-002
   4.1847122176446115E-002 ,   4.6818920772964574E-002 ,   2.4917774122068557E-002
   3.7857005152983847E-002 ,   5.3831294641373525E-002 ,   2.8028576376258642E-002
   3.1571732081580990E-002 ,   6.1397572269541886E-002 ,   3.1636119741692989E-002
   2.6628769853140929E-002 ,   6.9595338313741359E-002 ,   3.5757631659391192E-002
   2.6322025549175107E-002 ,   7.8507773281989768E-002 ,   4.0417441327286856E-002
   3.2622006427305082E-002 ,   8.8224584786854909E-002 ,   4.5646963479192816E-002
   4.5631537720701103E-002 ,   9.8843009576148722E-002 ,   5.1484788894276025E-002
   6.3628607904178042E-002 ,  0.11046889017470396      ,   5.7976879384914290E-002
   8.3667442390906607E-002 ,  0.12321783041693192      ,   6.5176865672310277E-002
  0.10254264949033705      ,  0.13721643393795990      ,   7.3146447170941875E-002
  0.11781245056001868      ,  0.15260362868110805      ,   8.1955893190802181E-002
  0.12856322741062115      ,  0.16953207845828508      ,   9.1684645344361937E-002
  0.13568580895324409      ,  0.18816967925929715      ,  0.10242202090719046     
  0.14159063836095512      ,  0.20870113291326453      ,  0.11426801639108988     
  0.14946375294886188      ,  0.23132958326445305      ,  0.12733420946757795     
  0.16230778860496697      ,  0.25627828942655712      ,  0.14174475538966241     
  0.18207493675991790      ,  0.28379229583655963      ,  0.15763747088302618     
  0.20915859113491303      ,  0.31414003829503662      ,  0.17516499368889293     
  0.24238792851986662      ,  0.34761479704822135      ,  0.19449599897351566     
  0.27951266862321766      ,  0.38453586975492132      ,  0.21581644392278115     
  0.31801808042935414      ,  0.42524928569696840      ,  0.23933079802753432     
  0.35600912546922225      ,  0.47012781380497676      ,  0.26526319755009375     
  0.39287972791845249      ,  0.51956992601299135      ,  0.29385843679191381     
  0.42955289609331343      ,  0.57399725820589576      ,  0.32538267396696935     
  0.46822142920748427      ,  0.63384995688781476      ,  0.36012368314484444     
  0.51169012808845293      ,  0.69957910375106158      ,  0.39839042277848546     
  0.56255725525695033      ,  0.77163516659707754      ,  0.44051161226904401     
  0.62252111443556213      ,  0.85045113084173762      ,  0.48683290717601213     
  0.69203895219042877      ,  0.93641862573563228      ,  0.53771213779833738     
  0.77042882674442048      ,   1.0298549921469877      ,  0.59351192318830193     
  0.85634337301175012      ,   1.1309588877514196      ,  0.65458879492291688     
  0.94840762466325967      ,   1.2397517747754763      ,  0.72127777049431474     
   1.0457442909100940      ,   1.3560026313389530      ,  0.79387112490455902     
   1.1481416910405762      ,   1.4791337050455708      ,  0.87258995955215146     
   1.2557516063117911      ,   1.6081064368808913      ,  0.95754712642466444     
   1.3683884407363547      ,   1.7412893019177593      ,   1.0487002384026967     
   1.4846717037051314      ,   1.8763138155898438      ,   1.1457940364240928     
   1.6013771382055229      ,   2.0099318942507094      ,   1.2482924930836636     
   1.7134078031272408      ,   2.1378973961878445      ,   1.3553029398616954     
   1.8146364916140163      ,   2.2549064777318151      ,   1.4654974099608737     
   1.8993728979929920      ,   2.3546433513064033      ,   1.5770403371301229     
   1.9636556303052601      ,   2.4299858367995242      ,   1.6875364451886767     
   2.0056171380984846      ,   2.4734218891438644      ,   1.7940172231606923     
   2.0248703858350834      ,   2.4777056673536721      ,   1.8929871604190438     
   2.0214302969500006      ,   2.4367331707699966      ,   1.9805495722426576     
   1.9946762231115791      ,   2.3465443731214122      ,   2.0526239233744605     
   1.9426180048558515      ,   2.2062768910334571      ,   2.1052507294668348     
   1.8616227816329258      ,   2.0188375363135775      ,   2.1349578202379615     
   1.7468806041013241      ,   1.7910618331619277      ,   2.1391383069182974     
   1.5940958112832881      ,   1.5332228917328097      ,   2.1163745456471621     
   1.4027536828686076      ,   1.2579174386146803      ,   2.0666422782241312     
   1.1803316520709528      ,  0.97854134297999718      ,   1.9913488137310020     
  0.94509603050206037      ,  0.70769136313762082      ,   1.8931943560315410     
  0.72289692216987400      ,  0.45583824664640421      ,   1.7758848688803412     
  0.53426031343144265      ,  0.23050927023430751      ,   1.6437546594339536     
  0.38175809880334099      ,   3.6050505143438528E-002 ,   1.5013681551015559     
  0.25350902459120039      , -0.12611607209068093      ,   1.3531623917873992     
  0.13554786547949088      , -0.25691646736808738      ,   1.2031709132144586     
   1.8928686233185485E-002 , -0.35892099368569275      ,   1.0548452921163320     
  -9.8994099541723682E-002 , -0.43566570606659138      ,  0.91096991287466522     
 -0.21549679550874717      , -0.49109073009665027      ,  0.77365276665340721     
 -0.32416410203524681      , -0.52913030916021508      ,  0.64436993400604248     
 -0.41674448345155785      , -0.55344944453988010      ,  0.52404215255857545     
 -0.48497141042539449      , -0.56730092427670731      ,  0.41312580382037600     
 -0.52245786547370776      , -0.57347008422848955      ,  0.31170564749703555     
 -0.52678534791541221      , -0.57427697668179878      ,  0.21958131569322537     
 -0.50149508227538697      , -0.57161183544461391      ,  0.13634331255018414     
 -0.45705159191449918      , -0.56698665329823184      ,   6.1436906494710515E-002
 -0.40946999669314221      , -0.56159171937918373      ,  -5.7860203865394491E-003
 -0.37605322916363820      , -0.55635054902165548      ,  -6.6026161440253139E-002
 -0.36975310521462279      , -0.55196980285759600      , -0.12000557659049557     
 -0.39502440141208367      , -0.54898280315761561      , -0.16844453580434451     
 -0.44691900271388396      , -0.54778643087851842      , -0.21204493240616626     
 -0.51326614107818780      , -0.54867180518917957      , -0.25147893945101157     
 -0.57894467662908367      , -0.55184942003972071      , -0.28738176978518815     
 -0.63087250761858904      , -0.55746948611134617      , -0.32034758760914694     
 -0.66203904500724475      , -0.56563819546380900      , -0.35092779030212551     
 -0.67322929873736670      , -0.57643054706452279      , -0.37963102752785310     
 -0.67200486833726358      , -0.58990027587016369      , -0.40692444907360542     
 -0.66952161785125952      , -0.60608733244994850      , -0.43323577496980942     
 -0.67653067708643477      , -0.62502327145361625      , -0.45895586375767139     
 -0.70010227589630558      , -0.64673482781757508      , -0.48444152011735980     
 -0.74205414255579261      , -0.67124588940194041      , -0.51001833407320762     
 -0.79920112235254070      , -0.69857801281065290      , -0.53598338297267722     
 -0.86499228856963584      , -0.72874957445346822      , -0.56260765637729260     
 -0.93190169974219450      , -0.76177360083665890      , -0.59013808461061679     
 -0.99382401458988823      , -0.79765428065106081      , -0.61879906548882424     
  -1.0477103409090416      , -0.83638212735544426      , -0.64879339212775489     
  -1.0939535977251267      , -0.87792773658273071      , -0.68030248910997815     
  -1.1355665184571506      , -0.92223407105529098      , -0.71348586628439714     
  -1.1766737776626051      , -0.96920721151846778      , -0.74847970091958682     
  -1.2209843918527150      ,  -1.0187055419305131      , -0.78539446213172392     
  -1.2707344297635297      ,  -1.0705273990196120      , -0.82431149933192061     
  -1.3262952502884879      ,  -1.1243973202013882      , -0.86527853247538133     
  -1.3863944327674336      ,  -1.1799511806106666      , -0.90830401053099619     
  -1.4487435667005280      ,  -1.2367207301277516      , -0.95335035097060483     
  -1.5107957946245649      ,  -1.2941183324021865      ,  -1.0003261428697443     
  -1.5703622586622081      ,  -1.3514230708375985      ,  -1.0490774950421622     
  -1.6259114245501693      ,  -1.4077698097463391      ,  -1.0993788430539364     
  -1.6765338317649146      ,  -1.4621432513207209      ,  -1.1509236968342043     
  -1.7216967360356352      ,  -1.5133794522476787      ,  -1.2033160107705185     
  -1.7609625924133081      ,  -1.5601775654106953      ,  -1.2560630796131806     
  -1.7937970776817438      ,  -1.6011246243680743      ,  -1.3085710842048905     
  -1.8195022697626457      ,  -1.6347358360637099      ,  -1.3601445955361895     
  -1.8372387554216205      ,  -1.6595119318158782      ,  -1.4099914444430315     
  -1.8460740338317949      ,  -1.6740135290221811      ,  -1.4572343171030444     
  -1.8450078988294751      ,  -1.6769501584963395      ,  -1.5009301808173732     
  -1.8329569864712905      ,  -1.6672787674971616      ,  -1.5400981306903612     
  -1.8087106624609961      ,  -1.6443034919369328      ,  -1.5737554593945751     
  -1.7708910204268977      ,  -1.6077659040101648      ,  -1.6009607280829263     
  -1.7179642275979765      ,  -1.5579135285661139      ,  -1.6208614663653091     
  -1.6483647780292303      ,  -1.4955348932514001      ,  -1.6327430334951276     
  -1.5608061862447773      ,  -1.4219521617279289      ,  -1.6360743587605571     
  -1.4548403356433417      ,  -1.3389674036710908      ,  -1.6305459717501778     
  -1.3316488777035702      ,  -1.2487650483012311      ,  -1.6160960912620492     
  -1.1948567673134871      ,  -1.1537797725597216      ,  -1.5929215969596866     
  -1.0508769760330245      ,  -1.0565444878607058      ,  -1.5614723340519292     
 -0.90816038007684108      , -0.95953593668434656      ,  -1.5224291288345679     
 -0.77517393890865327      , -0.86503506073693992      ,  -1.4766677720079291     
 -0.65799774986384030      , -0.77501596540308193      ,  -1.4252127180413876     
 -0.55901576712355838      , -0.69107193118611820      ,  -1.3691851115140485     
 -0.47729832720929422      , -0.61438085835291323      ,  -1.3097498964083438     
 -0.40997871193678104      , -0.54570708471447615      ,  -1.2480662595137457     
 -0.35366059069352718      , -0.48543260907053182      ,  -1.1852446890097597     
 -0.30539854937968669      , -0.43360875900124374      ,  -1.1223127313895014     
 -0.26320966926449491      , -0.39001913247825576      ,  -1.0601903307828902     
 -0.22620496609461399      , -0.35424575937535829      , -0.99967460534226515     
 -0.19444488582139405      , -0.32573229227028422      , -0.94143315192369736     
 -0.16862495312282855      , -0.30384011645547843      , -0.88600449845689855     
 -0.14969440189139049      , -0.28789518263124692      , -0.83380411625177198     
 -0.13849287968696927      , -0.27722489743748402      , -0.78513440532441636     
 -0.13546291765851634      , -0.27118548665555725      , -0.74019720831002611     
 -0.14047110598088544      , -0.26918090226847574      , -0.69910763092864081     
 -0.15275476928142862      , -0.27067465841662991      , -0.66190819981108051     
 -0.17099912292683331      , -0.27519604925744096      , -0.62858263694646577     
 -0.19353401722215868      , -0.28234211350831079      , -0.59906875283833150     
 -0.21861564165634159      , -0.29177653783712260      , -0.57327014725614533     
 -0.24473267560354395      , -0.30322648557970211      , -0.55106655451075470     
 -0.27086138499857187      , -0.31647813139018632      , -0.53232278152552437     
 -0.29660195118354671      , -0.33137149483996187      , -0.51689626622335638     
 -0.32216054600134064      , -0.34779500501769461      , -0.50464333648177084     
 -0.34818746229452646      , -0.36568009573819377      , -0.49542428169247349     
 -0.37552360364225729      , -0.38499602525408183      , -0.48910736481874190     
 -0.40493115196765067      , -0.40574503181382809      , -0.48557190700941305     
 -0.43688321361528654      , -0.42795787285999853      , -0.48471057270616202     
 -0.47146465925140346      , -0.45168974702394493      , -0.48643097339798735     
 -0.50840089992949744      , -0.47701656066061776      , -0.49065669468592232     
 -0.54719363697085155      , -0.50403147131716031      , -0.49732783551610799     
 -0.58731298136816668      , -0.53284161661660823      , -0.50640113126787600     
 -0.62838206051206680      , -0.56356491644376672      , -0.51784971444532857     
 -0.67029735304732485      , -0.59632681739133375      , -0.53166254835454352     
 -0.71325298462460551      , -0.63125682995497168      , -0.54784355050508726     
 -0.75767092153360938      , -0.66848469021474177      , -0.56641040358499717     
 -0.80406901422922294      , -0.70813595849571220      , -0.58739303269851206     
 -0.85291482633902649      , -0.75032684820996909      , -0.61083170811569854     
 -0.90451106128182113      , -0.79515806005460743      , -0.63677471314776146     
 -0.95894128202333484      , -0.84270738243510879      , -0.66527549721122536     
  -1.0160804735860063      , -0.89302081239096343      , -0.69638921528000819     
  -1.0756528565124270      , -0.94610195840523448      , -0.73016853783086644     
  -1.1373061214820364      ,  -1.0018995157737431      , -0.76665860183091661     
  -1.2006699892890726      ,  -1.0602926681694629      , -0.80589096597885568     
  -1.2653766601602097      ,  -1.1210743804092265      , -0.84787643615008990     
  -1.3310369382680329      ,  -1.1839327250420781      , -0.89259664507869874     
  -1.3971826038132000      ,  -1.2484306490633519      , -0.93999431056875693     
  -1.4631974796875296      ,  -1.3139849560736494      , -0.98996216730446873     
  -1.5282633906457468      ,  -1.3798457674096958      ,  -1.0423306780223585     
  -1.5913424327046877      ,  -1.4450783338110693      ,  -1.0968547897873986     
  -1.6512055030058848      ,  -1.5085497731547308      ,  -1.1532002176860552     
  -1.7065022239548915      ,  -1.5689240468697017      ,  -1.2109300134128256     
  -1.7558536110506162      ,  -1.6246691407812124      ,  -1.2694925020919510     
  -1.7979407496778097      ,  -1.6740808026929315      ,  -1.3282120238056812     
  -1.8315634941992200      ,  -1.7153270618634235      ,  -1.3862842519564700     
  -1.8556522909281545      ,  -1.7465168280709595      ,  -1.4427781088534570     
  -1.8692294052015077      ,  -1.7657938748848623      ,  -1.4966463657802502     
  -1.8713278662564654      ,  -1.7714543110066963      ,  -1.5467467920685003     
  -1.8608847538671092      ,  -1.7620813487078815      ,  -1.5918751048897211     
  -1.8366317551347884      ,  -1.7366862849086970      ,  -1.6308099101921392     
  -1.7970152452802213      ,  -1.6948400507549732      ,  -1.6623683407229719     
  -1.7401963810570791      ,  -1.6367767362150747      ,  -1.6854693344275800     
  -1.6642113551114941      ,  -1.5634504866980163      ,  -1.6991997322826975     
  -1.5674027597722604      ,  -1.4765310201841704      ,  -1.7028769857454698     
  -1.4492250375232743      ,  -1.3783307488594123      ,  -1.6961016460448777     
  -1.3113993925299485      ,  -1.2716669436537500      ,  -1.6787932562460715     
  -1.1590620381699746      ,  -1.1596733249467557      ,  -1.6512048610538417     
  -1.0010727447693355      ,  -1.0455842051320325      ,  -1.6139138845134358     
 -0.84849046993108534      , -0.93251858183882830      ,  -1.5677901395865363     
 -0.71121734711216944      , -0.82329035218042435      ,  -1.5139446234270537     
 -0.59474695504600716      , -0.72026464386512257      ,  -1.4536649478973556     
 -0.49931736552226691      , -0.62527101860698397      ,  -1.3883443792293637     
 -0.42151315318578469      , -0.53957446906770634      ,  -1.3194114175192606     
 -0.35657570639219049      , -0.46389691918436793      ,  -1.2482658107355322     
 -0.30014392868613149      , -0.39847670576091254      ,  -1.1762252245048130     
 -0.24918872385474961      , -0.34315158107041943      ,  -1.1044848893203174     
 -0.20231329392011524      , -0.29745160266351045      ,  -1.0340907775608119     
 -0.15960842699259037      , -0.26069089022894731      , -0.96592546022966486     
 -0.12222681294452216      , -0.23205059843253328      , -0.90070485909712150     
  -9.1832993838579985E-002 , -0.21064875873199193      , -0.83898363355433903     
  -7.0061711685153294E-002 , -0.19559537939723376      , -0.78116684156170324     
  -5.8070651441419825E-002 , -0.18603315816078411      , -0.72752567936784129     
  -5.6229084244100155E-002 , -0.18116536963129981      , -0.67821542530855661     
  -6.3962081694997730E-002 , -0.18027307394903186      , -0.63329409850843954     
  -7.9766788237854810E-002 , -0.18272393010137675      , -0.59274072934587274     
 -0.10141211861591873      , -0.18797475401396574      , -0.55647248585787767     
 -0.12630760378918413      , -0.19556967171577358      , -0.52436018980393284     
 -0.15197948359794550      , -0.20513537557731906      , -0.49624198298935779     
 -0.17654290078960372      , -0.21637465526718860      , -0.47193507244194055     
 -0.19903949245037697      , -0.22905907577723930      , -0.45124560031800964     
 -0.21953961678456049      , -0.24302142513539784      , -0.43397676066707219     
 -0.23898018892226239      , -0.25814835544495218      , -0.41993532984433485     
 -0.25879235339317797      , -0.27437348785925458      , -0.40893679872533489     
 -0.28043474994947248      , -0.29167113772052305      , -0.40080929976955437     
 -0.30496850919473045      , -0.31005073261561378      , -0.39539651574186374     
 -0.33278848650003506      , -0.32955193639568431      , -0.39255974355020584     
 -0.36357387791100743      , -0.35024045017466282      , -0.39217926911047751     
 -0.39645690590471938      , -0.37220443197803904      , -0.39415518944159794     
 -0.43034674711564136      , -0.39555145607950276      , -0.39840779768278439     
 -0.46430264562879847      , -0.42040591799337096      , -0.40487762625429907     
 -0.49783878753068223      , -0.44690677909479126      , -0.41352522341094500     
 -0.53106984587730299      , -0.47520553392195697      , -0.42433071913709575     
 -0.56466226930369368      , -0.50546427174952702      , -0.43729321766365337     
 -0.59962196722858307      , -0.53785369066681721      , -0.45243003565478301     
 -0.63699988341021496      , -0.57255090604011283      , -0.46977578700513067     
 -0.67761588715717658      , -0.60973687501055940      , -0.48938129681772835     
 -0.72188492057429998      , -0.64959323398722135      , -0.51131230806695893     
 -0.76978717330389590      , -0.69229831675282183      , -0.53564792425562802     
 -0.82097324529451143      , -0.73802208723464602      , -0.56247870966875946     
 -0.87495290765510236      , -0.78691968457225403      , -0.59190434535887448     
 -0.93129447237098772      , -0.83912324162272045      , -0.62403071376360286     
 -0.98976594885364899      , -0.89473160635231996      , -0.65896625826376010     
  -1.0503757038090158      , -0.95379757650101715      , -0.69681743709137578     
  -1.1133081889851981      ,  -1.0163122633497086      , -0.73768306581018306     
  -1.1787846869551268      ,  -1.0821862475180342      , -0.78164732251353786     
  -1.2468978675558686      ,  -1.1512273020640964      , -0.82877118020333218     
  -1.3174681645626696      ,  -1.2231146665016239      , -0.87908203927150175     
  -1.3899542342149727      ,  -1.2973701971690170      , -0.93256137033902720     
  -1.4634285563457010      ,  -1.3733272361202213      , -0.98913025796572596     
  -1.5366116093277642      ,  -1.4500987710790152      ,  -1.0486328760822481     
  -1.6079488983650010      ,  -1.5265474263521797      ,  -1.1108181454454200     
  -1.6757141346785529      ,  -1.6012610163540415      ,  -1.1753201399794371     
  -1.7381244892730403      ,  -1.6725387318242921      ,  -1.2416382341557344     
  -1.7934543426717873      ,  -1.7383943355206446      ,  -1.3091185144058646     
  -1.8401301011533215      ,  -1.7965837066088675      ,  -1.3769385845074287     
  -1.8767844896502921      ,  -1.8446642303873391      ,  -1.4440985090625240     
  -1.9022511802768769      ,  -1.8800923057294496      ,  -1.5094211411549825     
  -1.9154921795616531      ,  -1.9003620552261886      ,  -1.5715652975031595     
  -1.9154664186135646      ,  -1.9031827982302114      ,  -1.6290549666315841     
  -1.9009622072325560      ,  -1.8866851170226828      ,  -1.6803267568421569     
  -1.8704283100462589      ,  -1.8496363551116888      ,  -1.7237959816215145     
  -1.8218561839256568      ,  -1.7916380410675179      ,  -1.7579391792960299     
  -1.7528010971346106      ,  -1.7132726957006661      ,  -1.7813877595971110     
  -1.6606868145993479      ,  -1.6161684807156373      ,  -1.7930244250309093     
  -1.5435890029109072      ,  -1.5029588695350191      ,  -1.7920717886868647     
  -1.4016370423321647      ,  -1.3771305048812259      ,  -1.7781619623086107     
  -1.2388415555654217      ,  -1.2427725453127778      ,  -1.7513773102249932     
  -1.0644456740841717      ,  -1.1042599496768615      ,  -1.7122560386931081     
 -0.89213643694792866      , -0.96591582889212391      ,  -1.6617612036872165     
 -0.73591464464046308      , -0.83170052098099057      ,  -1.6012170039848961     
 -0.60447987139591441      , -0.70496700230654741      ,  -1.5322206851177955     
 -0.49866087744529908      , -0.58830656487150945      ,  -1.4565410779602899     
 -0.41350005891636665      , -0.48349030064061937      ,  -1.3760153333794944     
 -0.34206187654439463      , -0.39149578312941646      ,  -1.2924539848468182     
 -0.27822207905200957      , -0.31259772590773183      ,  -1.2075617072594529     
 -0.21800266845126870      , -0.24649732083023929      ,  -1.1228778477963137     
 -0.15990391477369773      , -0.19246644036208602      ,  -1.0397377047734631     
 -0.10460056934538556      , -0.14948788969210711      , -0.95925310181428824     
  -5.4258862409886380E-002 , -0.11637925082458615      , -0.88230924416551371     
  -1.1709895579091183E-002 ,  -9.1893903499562668E-002 , -0.80957411805612767     
   2.0327455795412619E-002 ,  -7.4797586472046762E-002 , -0.74151662997261869     
   3.9870901882177547E-002 ,  -6.3922072050415557E-002 , -0.67843005825751912     
   4.6120852331498013E-002 ,  -5.8199293618304448E-002 , -0.62045799615403852     
   3.9721269383372775E-002 ,  -5.6679925827361408E-002 , -0.56762064194083117     
   2.2800365242632851E-002 ,  -5.8540348368154201E-002 , -0.51983993214592517     
  -1.2676692837404885E-003 ,  -6.3081452805168317E-002 , -0.47696256091195804     
  -2.8410354034944851E-002 ,  -6.9722116155089525E-002 , -0.43878036149152644     
  -5.4648999296868950E-002 ,  -7.7989515728857151E-002 , -0.40504784664213661     
  -7.6947153874887958E-002 ,  -8.7507878633341765E-002 , -0.37549692761449566     
  -9.3856538369357936E-002 ,  -9.7986779594274140E-002 , -0.34984897538591037     
 -0.10574244849807220      , -0.10920972673848564      , -0.32782447175601614     
 -0.11451078185635412      , -0.12102349597512529      , -0.30915053859972014     
 -0.12292792991236444      , -0.13332847406205278      , -0.29356664452594172     
 -0.13374978237036894      , -0.14607013108359065      , -0.28082877981958682     
 -0.14891838498069343      , -0.15923164952925400      , -0.27071237047079422     
 -0.16904576235210925      , -0.17282767687931797      , -0.26301417569665608     
 -0.19331188848781469      , -0.18689913183338283      , -0.25755338429269542     
 -0.21978853808452703      , -0.20150897378470639      , -0.25417209580375427     
 -0.24608441538346135      , -0.21673883553326737      , -0.25273534436015060     
 -0.27011262376384665      , -0.23268641671678922      , -0.25313079693558804     
 -0.29074155351878977      , -0.24946353727361886      , -0.25526823416466127     
 -0.30812821685277586      , -0.26719475444867991      , -0.25907890083227025     
 -0.32364027255220729      , -0.28601645195124986      , -0.26451479464037853     
 -0.33940981870972919      , -0.30607631475629160      , -0.27154794566341145     
 -0.35767892133984491      , -0.32753310681370912      , -0.28016972472774587     
 -0.38015423863347075      , -0.35055667081892139      , -0.29039020643681313     
 -0.40757031969898211      , -0.37532806847835753      , -0.30223760130804356     
 -0.43958174745718731      , -0.40203977563750370      , -0.31575776104721937     
 -0.47499573689429370      , -0.43089583842782897      , -0.33101375087482215     
 -0.51225293674327099      , -0.46211188333042980      , -0.34808547250654798     
 -0.54999224193185803      , -0.49591485471487706      , -0.36706931029059908     
 -0.58751570730187586      , -0.53254232681396518      , -0.38807776046718501     
 -0.62501023710358483      , -0.57224120193494643      , -0.41123898881699250     
 -0.66347117496706109      , -0.61526556162170254      , -0.43669624430404413     
 -0.70437697072466832      , -0.66187338119341854      , -0.46460703482419996     
 -0.74924433211634967      , -0.71232174967747208      , -0.49514194493394065     
 -0.79922072890136608      , -0.76686015654029704      , -0.52848294357277537     
 -0.85484030487483653      , -0.82572131529877424      , -0.56482099157809673     
 -0.91599850902415014      , -0.88910889631946843      , -0.60435271386681955     
 -0.98212017424529696      , -0.95718144561732144      , -0.64727584989268017     
  -1.0524328551953435      ,  -1.0300316888973573      , -0.69378314002236041     
  -1.1262294696644939      ,  -1.1076603862467747      , -0.74405424852281254     
  -1.2030175945276678      ,  -1.1899439527310121      , -0.79824527282869806     
  -1.2825007912238673      ,  -1.2765952520927344      , -0.85647535524582685     
  -1.3644019884548855      ,  -1.3671173852263221      , -0.91880991527361622     
  -1.4481966629036873      ,  -1.4607510350535038      , -0.98524008462433921     
  -1.5328561496240434      ,  -1.5564171138177354      ,  -1.0556580887928402     
  -1.6167022726325366      ,  -1.6526582029154728      ,  -1.1298286242713289     
  -1.6974441255939636      ,  -1.7475846497656911      ,  -1.2073567810173433     
  -1.7724080097981061      ,  -1.8388341462472721      ,  -1.2876538045436170     
  -1.8388929284836344      ,  -1.9235568958115867      ,  -1.3699030094540989     
  -1.8945205318112399      ,  -1.9984414754470683      ,  -1.4530294256971485     
  -1.9374447593841930      ,  -2.0597981597360326      ,  -1.5356781714554506     
  -1.9663523262899185      ,  -2.1037152903137084      ,  -1.6162078635177315     
  -1.9802737684558847      ,  -2.1262985059202357      ,  -1.6927062008074754     
  -1.9782782584405476      ,  -2.1239908924464261      ,  -1.7630346532475247     
  -1.9591313969511015      ,  -2.0939542405694795      ,  -1.8249073791125396     
  -1.9209853573495668      ,  -2.0344698460352229      ,  -1.8760056647451384     
  -1.8611857782268180      ,  -1.9452969176045305      ,  -1.9141233645507050     
  -1.7763483234217057      ,  -1.8279153874829066      ,  -1.9373317682185185     
  -1.6629768328677776      ,  -1.6855855241203963      ,  -1.9441455890870691     
  -1.5189671938740597      ,  -1.5231832073349167      ,  -1.9336674312105187     
  -1.3461036354334022      ,  -1.3468136481388202      ,  -1.9056880830014979     
  -1.1528100800969820      ,  -1.1632561703974931      ,  -1.8607252165892612     
 -0.95504958925836347      , -0.97933229922058140      ,  -1.7999928104286804     
 -0.77239683660268010      , -0.80130503042066714      ,  -1.7253055011865772     
 -0.61917482928090151      , -0.63440384938197447      ,  -1.6389329214769353     
 -0.49780330715795840      , -0.48253394132337513      ,  -1.5434260887480573     
 -0.40089217569111785      , -0.34818283590830196      ,  -1.4414396800717835     
 -0.31797393123227669      , -0.23249812814134732      ,  -1.3355709038006018     
 -0.24035785225331122      , -0.13548555971593074      ,  -1.2282293332833776     
 -0.16303057998274836      ,  -5.6269906219155272E-002 ,  -1.1215446562215881     
  -8.4869081658481102E-002 ,   6.6318975710786821E-003 ,  -1.0173126590833490     
  -7.9555968518778275E-003 ,   5.5061524558877140E-002 , -0.91697499538263172     
   6.3587305412237866E-002 ,   9.1014157251776917E-002 , -0.82162566727776609     
  0.12487375674698958      ,  0.11648438835860699      , -0.73203639435533829     
  0.17137152211839515      ,  0.13336077817771405      , -0.64869359043157415     
  0.19978481154097277      ,  0.14336166147433382      , -0.57184093095123456     
  0.20875778747593243      ,  0.14800295290998974      , -0.50152299788620158     
  0.19941251934080861      ,  0.14858893126008563      , -0.43762692591034791     
  0.17558812742591562      ,  0.14621829166196354      , -0.37992018122204974     
  0.14353078994081747      ,  0.14179943589764171      , -0.32808352909402183     
  0.11083739722957206      ,  0.13607060347492927      , -0.28173890008174274     
   8.4749628290544721E-002 ,  0.12962183015824019      , -0.24047229154001515     
   7.0296329028372254E-002 ,  0.12291679566143585      , -0.20385209363802392     
   6.8978432260979688E-002 ,  0.11631340530896644      , -0.17144335712803233     
   7.8504634262958242E-002 ,  0.11008249150981247      , -0.14281856471464840     
   9.3665620906174044E-002 ,  0.10442437711713656      , -0.11756546009112379     
  0.10803464205896221      ,   9.9483265975480822E-002 ,  -9.5292450698742537E-002
  0.11594132087228863      ,   9.5359557810579046E-002 ,  -7.5632046969053610E-002
  0.11412895731314260      ,   9.2120256097234787E-002 ,  -5.8242741815565935E-002
  0.10264697246394723      ,   8.9807670522331809E-002 ,  -4.2809675278040152E-002
   8.4755799210465610E-002 ,   8.8446624947945987E-002 ,  -2.9044373790967137E-002
   6.5872095159652450E-002 ,   8.8050377067792895E-002 ,  -1.6683803224649796E-002
   5.1857858006830668E-002 ,   8.8625443418063860E-002 ,  -5.4889303017962065E-003
   4.7193366599453702E-002 ,   9.0175506903978228E-002 ,   4.7570517042281801E-003
   5.3626122195296527E-002 ,   9.2704565893845861E-002 ,   1.4250710197358178E-002
   6.9706788309242651E-002 ,   9.6219465629758111E-002 ,   2.3170478593267770E-002
   9.1320706685014089E-002 ,  0.10073193503900983      ,   3.1678808289697137E-002
  0.11302398610473627      ,  0.10626023546901686      ,   3.9924315065625528E-002
  0.12975578724223694      ,  0.11283051264599034      ,   4.8043883403733036E-002
  0.13838663690451161      ,  0.12047792935848968      ,   5.6164704860415256E-002
  0.13863113156947821      ,  0.12924764397219127      ,   6.4406236612651963E-002
  0.13306784697576352      ,  0.13919568879702723      ,   7.2882074089193616E-002
  0.12628165890155096      ,  0.15038979239713457      ,   8.1701737491125151E-002
  0.12340909117417664      ,  0.16291018095003260      ,   9.0972376317400280E-002
  0.12855836663632064      ,  0.17685038546522014      ,  0.10080039897459114     
  0.14360647780310964      ,  0.19231807375030874      ,  0.11129303635303416     
  0.16772777109568623      ,  0.20943591808758993      ,  0.12255984902471209     
  0.19776542490545226      ,  0.22834250119983526      ,  0.13471418753482758     
  0.22930918249034690      ,  0.24919325368583059      ,  0.14787461413054032     
  0.25813672174329488      ,  0.27216140501006614      ,  0.16216629213985403     
  0.28156244331087688      ,  0.29743891648856235      ,  0.17772234594660688     
  0.29926976348536283      ,  0.32523734746483168      ,  0.19468518987864572     
  0.31337656279650417      ,  0.35578858369275485      ,  0.21320781800241143     
  0.32773381665956725      ,  0.38934532818804513      ,  0.23345503833546014     
  0.34670675504546411      ,  0.42618121744158366      ,  0.25560462372991749     
  0.37385526523177554      ,  0.46659037743175252      ,  0.27984833683908750     
  0.41094598208267430      ,  0.51088617139247883      ,  0.30639276713294245     
  0.45759066091936512      ,  0.55939881143258230      ,  0.33545989260639347     
  0.51158815893525200      ,  0.61247140525082377      ,  0.36728724609690205     
  0.56983012072684769      ,  0.67045388387585647      ,  0.40212752422049775     
  0.62945907630928899      ,  0.73369410400377422      ,  0.44024742390437027     
  0.68888327751168288      ,  0.80252523878664739      ,  0.48192542541007199     
  0.74829946172489936      ,  0.87724836805713469      ,  0.52744816004763362     
  0.80955777906958537      ,  0.95810896533412482      ,  0.57710490493869326     
  0.87545717793635325      ,   1.0452657805728223      ,  0.63117963775002872     
  0.94876988066208445      ,   1.1387504820354777      ,  0.68993996663175328     
   1.0313597320375794      ,   1.2384164273482181      ,  0.75362213632406572     
   1.1236619584271514      ,   1.3438752066554114      ,  0.82241122208398265     
   1.2246026438246320      ,   1.4544203201472676      ,  0.89641559472431365     
   1.3318573003017340      ,   1.5689387609178072      ,  0.97563482829485038     
   1.4422506207532242      ,   1.6858136658766292      ,   1.0599205065801458     
   1.5521114340019131      ,   1.8028248692118054      ,   1.1489299706560232     
   1.6575088519602106      ,   1.9170593339240956      ,   1.2420740599845279     
   1.7544440327543249      ,   2.0248499264203508      ,   1.3384614507544750     
   1.8391323342336507      ,   2.1217681005363196      ,   1.4368443490931841     
   1.9083942521983075      ,   2.2027020523138305      ,   1.5355729780716709     
   1.9599772099494934      ,   2.2620538223631388      ,   1.6325691829374855     
   1.9925797830218890      ,   2.2940825631095625      ,   1.7253318865775926     
   2.0055112934921171      ,   2.2934025096515773      ,   1.8109879719485740     
   1.9981136535162582      ,   2.2556108582566328      ,   1.8864000927656583     
   1.9691404096665603      ,   2.1779756365249536      ,   1.9483366994347122     
   1.9162641483674141      ,   2.0600674067786091      ,   1.9936988387326597     
   1.8358907659427091      ,   1.9041894755754216      ,   2.0197843039439829     
   1.7235752012620000      ,   1.7154692943814802      ,   2.0245557812127513     
   1.5754967458972227      ,   1.5015302430138926      ,   2.0068705581414674     
   1.3913473883601322      ,   1.2717598040209583      ,   1.9666297015238157     
   1.1781491570761302      ,   1.0362971825751546      ,   1.9048163682796677     
  0.95283132280537253      ,  0.80493991239132967      ,   1.8234138682300103     
  0.73933435058350716      ,  0.58618396610125834      ,   1.7252181534258575     
  0.55735303968996586      ,  0.38656124625243360      ,   1.6135790714816123     
  0.41124648992835022      ,  0.21034630813473335      ,   1.4921143988777912     
  0.29198924577126278      ,   5.9608695163686748E-002 ,   1.3644388805009304     
  0.18715981262692805      ,  -6.5479933137011226E-002 ,   1.2339398472094227     
   8.7526525932237781E-002 , -0.16620055027530495      ,   1.1036162944159156     
  -1.1153871318036537E-002 , -0.24481000764352695      ,  0.97598429919751772     
 -0.10846198295167211      , -0.30410886996064257      ,  0.85304136147876719     
 -0.20048338825005016      , -0.34709476490187574      ,  0.73627664433751827     
 -0.28131625580591857      , -0.37671289195006802      ,  0.62671257737338548     
 -0.34460796101705959      , -0.39569614814294074      ,  0.52496455981118595     
 -0.38500636422757417      , -0.40647782964416257      ,  0.43130818574931273     
 -0.39957198798974392      , -0.41115746707718875      ,  0.34574645755035577     
 -0.38911545374997497      , -0.41150210621487715      ,  0.26807221390270930     
 -0.35910846461719276      , -0.40896890310199524      ,  0.19792318892810590     
 -0.31949463466358485      , -0.40473875859198022      ,  0.13482868670199558     
 -0.28280108640273582      , -0.39975409662649936      ,   7.8247876867343358E-002
 -0.26075122764828784      , -0.39475651542952789      ,   2.7600314319150377E-002
 -0.26068236097157793      , -0.39032191242298492      ,  -1.7710416716385423E-002
 -0.28336952701754853      , -0.38689192741735651      ,  -5.8278932325788971E-002
 -0.32306305183378475      , -0.38480132170628584      ,  -9.4685166360762144E-002
 -0.36957447990434406      , -0.38430135678688487      , -0.12748546907213734     
 -0.41164868372959190      , -0.38557946906189577      , -0.15720688788408219     
 -0.44052133387969700      , -0.38877563790933228      , -0.18434394603443194     
 -0.45253098501947270      , -0.39399586905819672      , -0.20935734501658584     
 -0.45001192981085025      , -0.40132319833040991      , -0.23267411661505247     
 -0.44024470185529685      , -0.41082658358391927      , -0.25468883757681537     
 -0.43284526745525920      , -0.42256800707019559      , -0.27576559431625691     
 -0.43654805385096618      , -0.43660806267782115      , -0.29624044721241904     
 -0.45656159178292233      , -0.45301025559336150      , -0.31642419513785502     
 -0.49331425483464797      , -0.47184419680003337      , -0.33660528206910106     
 -0.54277577299482560      , -0.49318783156868379      , -0.35705272011539529     
 -0.59807490224743709      , -0.51712879917563415      , -0.37801892807114496     
 -0.65185642378764763      , -0.54376497977004823      , -0.39974240249018106     
 -0.69862342105172659      , -0.57320424278403181      , -0.42245014997122587     
 -0.73629715145372343      , -0.60556336871600913      , -0.44635981535506558     
 -0.76651637292004249      , -0.64096607180850518      , -0.47168144125200534     
 -0.79369201202277784      , -0.67954000459510544      , -0.49861879002709569     
 -0.82329012901209042      , -0.72141257642418488      , -0.52737015029433365     
 -0.86003217215462779      , -0.76670536747726248      , -0.55812853633776005     
 -0.90661335589321390      , -0.81552686917319506      , -0.59108117101442681     
 -0.96324633404231397      , -0.86796323453109814      , -0.62640812116689004     
  -1.0280165343871026      , -0.92406668383501045      , -0.66427993038313904     
  -1.0978059862751168      , -0.98384119101453216      , -0.70485406880495360     
  -1.1694196329504387      ,  -1.0472250883707017      , -0.74826999640014280     
  -1.2405225808796798      ,  -1.1140702913966432      , -0.79464261903395428     
  -1.3100879298367427      ,  -1.1841179882630797      , -0.84405391227026083     
  -1.3782619984561006      ,  -1.2569708943107780      , -0.89654250528706636     
  -1.4457937791902917      ,  -1.3320625811600497      , -0.95209106900782137     
  -1.5133233137227837      ,  -1.4086249955284553      ,  -1.0106114543405447     
  -1.5808194457213811      ,  -1.4856561204709910      ,  -1.0719276969676881     
  -1.6473412716225810      ,  -1.5618908147046162      ,  -1.1357572641826892     
  -1.7111472502659810      ,  -1.6357791596741007      ,  -1.2016912837629112     
  -1.7700476502099276      ,  -1.7054780339848252      ,  -1.2691749722667758     
  -1.8218240159802379      ,  -1.7688628873783263      ,  -1.3374900584707226     
  -1.8645464836426293      ,  -1.8235674200729917      ,  -1.4057416326856329     
  -1.8966983858281854      ,  -1.8670585584756816      ,  -1.4728524544807782     
  -1.9171162005755384      ,  -1.8967521385750084      ,  -1.5375681751794532     
  -1.9248128025479694      ,  -1.9101705150628026      ,  -1.5984769812271005     
  -1.9187568866434539      ,  -1.9051366868038477      ,  -1.6540466183546458     
  -1.8976590481133913      ,  -1.8799909029060546      ,  -1.7026804229180070     
  -1.8598009882276265      ,  -1.8338064567641899      ,  -1.7427917898376235     
  -1.8029588221402597      ,  -1.7665738233804884      ,  -1.7728935811366489     
  -1.7245194536515769      ,  -1.6793193399910480      ,  -1.7916957382361516     
  -1.6219580222165704      ,  -1.5741287994909499      ,  -1.7982014834472844     
  -1.4938774714442509      ,  -1.4540585711738296      ,  -1.7917907942460058     
  -1.3416704164014857      ,  -1.3229355864692047      ,  -1.7722800115972297     
  -1.1713707982996888      ,  -1.1850684983651558      ,  -1.7399488134297523     
 -0.99442455232595095      ,  -1.0449098261764556      ,  -1.6955300711564372     
 -0.82557862379955194      , -0.90671780055009554      ,  -1.6401634518064443     
 -0.67756337695000635      , -0.77426443399857336      ,  -1.5753188259838156     
 -0.55601948742788165      , -0.65062418559314306      ,  -1.5026994293425207     
 -0.45891888758659211      , -0.53805960856055846      ,  -1.4241365517228026     
 -0.37991456372580562      , -0.43800192017994610      ,  -1.3414871510683963     
 -0.31201916921108314      , -0.35111004356225739      ,  -1.2565436330226010     
 -0.24980147714847412      , -0.27738372851379317      ,  -1.1709618668190174     
 -0.19025861767665719      , -0.21630490680726164      ,  -1.0862101432000582     
 -0.13284539530113937      , -0.16698485479310698      ,  -1.0035388660824414     
  -7.8973478104409259E-002 , -0.12830075441590932      , -0.92396866930221366     
  -3.1227069255941604E-002 ,  -9.9011800828282467E-002 , -0.84829344980179178     
   7.4766167315088519E-003 ,  -7.7850703932708876E-002 , -0.77709439787087953     
   3.4620387908045155E-002 ,  -6.3590613793592488E-002 , -0.71076127246323817     
   4.8647529074714667E-002 ,  -5.5090083998159803E-002 , -0.64951768650273467     
   4.9340112792060090E-002 ,  -5.1319928652182122E-002 , -0.59344783846858606     
   3.7999148940635233E-002 ,  -5.1376111790610725E-002 , -0.54252281249798806     
   1.7375753925932682E-002 ,  -5.4482506497482014E-002 , -0.49662518528688282     
  -8.7047537312920156E-003 ,  -5.9986771525834218E-002 , -0.45557118450738321     
  -3.6024385695863706E-002 ,  -6.7351918144290771E-002 , -0.41913003141958882     
  -6.0838783974292501E-002 ,  -7.6145498697450006E-002 , -0.38704037906701927     
  -8.0692038252298537E-002 ,  -8.6027798752510112E-002 , -0.35902394463510756     
  -9.4915667955768265E-002 ,  -9.6739974650656230E-002 , -0.33479655016284376     
 -0.10463973076392862      , -0.10809274326090544      , -0.31407684844854894     
 -0.11231187293275519      , -0.11995598579839001      , -0.29659303637498741     
 -0.12088240498660173      , -0.13224945471734162      , -0.28208785835243927     
 -0.13290774298123076      , -0.14493465480064185      , -0.27032218738771446     
 -0.14982961433427419      , -0.15800789211005009      , -0.26107744707156139     
 -0.17161927825249179      , -0.17149443591142843      , -0.25415710912940392     
 -0.19686771731749497      , -0.18544371031143450      , -0.24938747116086327     
 -0.22328169600775463      , -0.19992541770844602      , -0.24661788975310234     
 -0.24843204774810607      , -0.21502649063002746      , -0.24572061646105828     
 -0.27052284715448882      , -0.23084876878264615      , -0.24659035883437774     
 -0.28894170883052550      , -0.24750730180244249      , -0.24914366600070298     
 -0.30442447561503450      , -0.26512918355277493      , -0.25331821830752771     
 -0.31879730193605088      , -0.28385282959556735      , -0.25907208303752821     
 -0.33439739639053812      , -0.30382761469181757      , -0.26638298299531660     
 -0.35337190394047052      , -0.32521379106320952      , -0.27524761149537930     
 -0.37708089263291222      , -0.34818260996592526      , -0.28568101558953890     
 -0.40578185671361966      , -0.37291656820932029      , -0.29771605884614949     
 -0.43867400263200185      , -0.39960969688581727      , -0.31140296518496530     
 -0.47426678060678218      , -0.42846780097640164      , -0.32680893569513642     
 -0.51094060488368809      , -0.45970854475326928      , -0.34401782048743806     
 -0.54751356277457763      , -0.49356125796539929      , -0.36312981686817919     
 -0.58363322995628575      , -0.53026631045188799      , -0.38426115281641809     
 -0.61987809539424621      , -0.57007386672513005      , -0.40754370016543978     
 -0.65755646867778417      , -0.61324178576453203      , -0.43312444421807728     
 -0.69829363493842744      , -0.66003237338925247      , -0.46116471487057925     
 -0.74356186718466810      , -0.71070762410160104      , -0.49183905773979042     
 -0.79431132277374661      , -0.76552250598750449      , -0.52533359135827784     
 -0.85080767612422092      , -0.82471574748206744      , -0.56184365743896569     
 -0.91270034462435701      , -0.88849748268377926      , -0.60157052509409392     
 -0.97926502450434660      , -0.95703301110356997      , -0.64471685702333670     
  -1.0497109603334112      ,  -1.0304218440011301      , -0.69148058764199649     
  -1.1234306994196070      ,  -1.1086711689674305      , -0.74204680358594444     
  -1.2000995893506579      ,  -1.1916629079707703      , -0.79657716295425818     
  -1.2795921482358936      ,  -1.2791137317463777      , -0.85519635278332806     
  -1.3617497474366311      ,  -1.3705278083744008      , -0.91797508300500474     
  -1.4460844758964104      ,  -1.4651428133852800      , -0.98490917658624821     
  -1.5315239670681624      ,  -1.5618709377351614      ,  -1.0558944769156287     
  -1.6162913609555662      ,  -1.6592384213378226      ,  -1.1306976022292721     
  -1.6979780788263439      ,  -1.7553295920387670      ,  -1.2089230872994532     
  -1.7738068032990382      ,  -1.8477444638281029      ,  -1.2899782167765024     
  -1.8410072774183504      ,  -1.9335823784575716      ,  -1.3730379039287575     
  -1.8971706077830248      ,  -2.0094673378281551      ,  -1.4570132840711101     
  -1.9404509253986471      ,  -2.0716324741702135      ,  -1.5405291632885045     
  -1.9695526962526704      ,  -2.1160799622598705      ,  -1.6219168435451898     
  -1.9835292733074579      ,  -2.1388267571723301      ,  -1.6992297223010837     
  -1.9814680728351428      ,  -2.1362343452227091      ,  -1.7702888766971601     
  -1.9621411287022281      ,  -2.1054020599515408      ,  -1.8327639813947796     
  -1.9236896805019637      ,  -2.0445807668991480      ,  -1.8842909353405151     
  -1.8634279937599665      ,  -1.9535423966589387      ,  -1.9226215166584080     
  -1.7779230683510951      ,  -1.8338290488603362      ,  -1.9457930344686416     
  -1.6636296801149844      ,  -1.6888114028237018      ,  -1.9522989358118306     
  -1.5184327837945306      ,  -1.5235141097589926      ,  -1.9412368422279591     
  -1.3441993480523668      ,  -1.3442120210571691      ,  -1.9124105565793181     
  -1.1495693578312141      ,  -1.1578532144471796      ,  -1.8663681352799042     
 -0.95081748829845503      , -0.97140576902449882      ,  -1.8043683566136113     
 -0.76775036635003013      , -0.79124071353522030      ,  -1.7282803210774276     
 -0.61461666698327511      , -0.62264865754680543      ,  -1.6404321365977033     
 -0.49347703720251557      , -0.46954913069346166      ,  -1.5434317569348321     
 -0.39657901381113331      , -0.33440429339267902      ,  -1.4399846537350298     
 -0.31327607003341595      , -0.21830781663064763      ,  -1.3327295467317848     
 -0.23487788549843305      , -0.12119519779513725      ,  -1.2241066936955947     
 -0.15648906608909860      ,  -4.2115597683410992E-002 ,  -1.1162655197519116     
  -7.7165188394450066E-002 ,   2.0486709436646308E-002 ,  -1.0110115465697123     
   8.2139181863648963E-004 ,   6.8517777469615099E-002 , -0.90978775496973741     
   7.3183911600606444E-002 ,  0.10402626193743578      , -0.81368293448099915     
  0.13491847567211038      ,  0.12904874663052246      , -0.72345890814728753     
  0.18142821046446000      ,  0.14550507020936551      , -0.63958917068628618     
  0.20941231079683212      ,  0.15513562773870865      , -0.56230283043951657     
  0.21758208227740591      ,  0.15947093878374241      , -0.49162931722975295     
  0.20721239178392709      ,  0.15982416769303215      , -0.42744079806285401     
  0.18237900607531563      ,  0.15729872395344635      , -0.36949047281843572     
  0.14961304135022990      ,  0.15280484568268940      , -0.31744585488358845     
  0.11677026135804192      ,  0.14708076104513482      , -0.27091679461893292     
   9.1234986813222951E-002 ,  0.14071543813105639      , -0.22947842460269577     
   7.8000778698497766E-002 ,  0.13417102251796589      , -0.19268945063371956     
   7.8356234525598839E-002 ,  0.12780384748378712      , -0.16010633292912446     
   8.9684443060136926E-002 ,  0.12188343978152048      , -0.13129393972555115     
  0.10643742988573060      ,  0.11660929459036382      , -0.10583324203678925     
  0.12193859576072952      ,  0.11212541045637760      ,  -8.3326575815892520E-002
  0.13042881921504337      ,  0.10853270131855734      ,  -6.3400941043187109E-002
  0.12874710473879361      ,  0.10589946947631626      ,  -4.5709745725188280E-002
  0.11719305259638405      ,  0.10427015253733518      ,  -2.9933342086985087E-002
   9.9355818039134236E-002 ,  0.10367256371322282      ,  -1.5778645510833335E-002
   8.0956293466021359E-002 ,  0.10412383785823971      ,  -2.9780755577153233E-003
   6.8038789169909977E-002 ,  0.10563528140448651      ,   8.7119867305855848E-003
   6.5088660002099161E-002 ,  0.10821630655474181      ,   1.9513070123515407E-002
   7.3687338630073179E-002 ,  0.11187761099747581      ,   2.9626691293402192E-002
   9.2108870609356047E-002 ,  0.11663374533339807      ,   3.9236545986113792E-002
  0.11594347489138780      ,  0.12250519210664432      ,   4.8510742915426050E-002
  0.13952891973303710      ,  0.12952006322130361      ,   5.7604029240280456E-002
  0.15773276019033999      ,  0.13771550677706540      ,   6.6659972083182917E-002
  0.16752340815944461      ,  0.14713890001021801      ,   7.5813073027227965E-002
  0.16885143228972452      ,  0.15784889200725963      ,   8.5190802334656729E-002
  0.16459354636609910      ,  0.16991634801598865      ,   9.4915547152699190E-002
  0.15959827953569231      ,  0.18342523629126711      ,  0.10510647354626416     
  0.15914750252082172      ,  0.19847348819084690      ,  0.11588130609579436     
  0.16733684554172756      ,  0.21517385232113451      ,  0.12735803123493067     
  0.18589039888119147      ,  0.23365475348327366      ,  0.13965653162546596     
  0.21375407324874790      ,  0.25406115644904970      ,  0.15290015875808619     
  0.24755479161911123      ,  0.27655542254615456      ,  0.16721724963564050     
  0.28276066166145331      ,  0.30131813284431563      ,  0.18274259076972924     
  0.31517294152923853      ,  0.32854883440907107      ,  0.19961882863850883     
  0.34227496020017728      ,  0.35846664439448767      ,  0.21799781994534886     
  0.36401062944401935      ,  0.39131061915952309      ,  0.23804190709181647     
  0.38275788479558409      ,  0.42733976025768178      ,  0.25992509369566286     
  0.40253052989956545      ,  0.46683248383084736      ,  0.28383408103491098     
  0.42769886872775659      ,  0.51008532201043177      ,  0.30996910807541045     
  0.46167488161060755      ,  0.55741055142552731      ,  0.33854451411498021     
  0.50599481948333602      ,  0.60913235169282998      ,  0.36978891269851522     
  0.56006588187989514      ,  0.66558098285394907      ,  0.40394482676344723     
  0.62161149450296982      ,  0.72708433304494668      ,  0.44126758626840140     
  0.68763204131976208      ,  0.79395602623684047      ,  0.48202322918040019     
  0.75553899766136456      ,  0.86647909879151963      ,  0.52648507335109662     
  0.82406218057028302      ,  0.94488406424180749      ,  0.57492854014299799     
  0.89361253254236372      ,   1.0293200115880103      ,  0.62762371220481183     
  0.96599631263531571      ,   1.1198172657769607      ,  0.68482500244872102     
   1.0436323259426148      ,   1.2162401498838087      ,  0.74675720953346603     
   1.1285949565571485      ,   1.3182286351005581      ,  0.81359715612049432     
   1.2218136116661482      ,   1.4251283035935616      ,  0.88545008151459337     
   1.3226309534443395      ,   1.5359092905780751      ,  0.96232003866968674     
   1.4287594597834827      ,   1.6490769691601981      ,   1.0440737963954980     
   1.5365669685013257      ,   1.7625803520093120      ,   1.1303982621456463     
   1.6415862584498566      ,   1.8737286770511576      ,   1.2207523257973252     
   1.7391428484117284      ,   1.9791323337539792      ,   1.3143153831750887     
   1.8249838881030609      ,   2.0746905761774594      ,   1.4099366878493840     
   1.8957658950868796      ,   2.1556539445227054      ,   1.5060920462594489     
   1.9492659425733934      ,   2.2167915023342668      ,   1.6008569537318578     
   1.9842582977225787      ,   2.2526884218042524      ,   1.6919075042317528     
   2.0001123711091875      ,   2.2581843870692953      ,   1.7765613825387028     
   1.9962413280499396      ,   2.2289354566246842      ,   1.8518697931255470     
   1.9715363450793277      ,   2.1620431645734275      ,   1.9147661847452768     
   1.9239021332625852      ,   2.0566529170936714      ,   1.9622686169821451     
   1.8500309272052409      ,   1.9143940614837531      ,   1.9917204286638490     
   1.7456631746121505      ,   1.7395340488428781      ,   2.0010411052933321     
   1.6067542184902168      ,   1.5387608201874197      ,   1.9889499507456627     
   1.4319647400574049      ,   1.3205875736851553      ,   1.9551235362441517     
   1.2262769335082728      ,   1.0944698721640391      ,   1.9002562817400708     
   1.0040620997345084      ,  0.86980197130440695      ,   1.8260108125278076     
  0.78787855340333124      ,  0.65498696600371087      ,   1.7348662255019947     
  0.59923686068604942      ,  0.45674402410833626      ,   1.6298915649064565     
  0.44654072075525081      ,  0.27974115223213653      ,   1.5144830970439576     
  0.32362654689948561      ,  0.12655500924438956      ,   1.3921050714225933     
  0.21857480988278452      ,  -2.1093609545281568E-003 ,   1.2660659784698975     
  0.12129045696081291      , -0.10703999294361360      ,   1.1393497488246689     
   2.6195546597915384E-002 , -0.19008160102014149      ,   1.0145082306768012     
  -6.7663194303658913E-002 , -0.25371953242299472      ,  0.89361081724419855     
 -0.15752995185736107      , -0.30073129688479561      ,  0.77824067797363217     
 -0.23830924977479817      , -0.33392454246025399      ,  0.66952453904332021     
 -0.30404894048444603      , -0.35596005720225277      ,  0.56818335328088643     
 -0.34934994962635557      , -0.36924698732802863      ,  0.47459326396003948     
 -0.37069562426030672      , -0.37589322082260024      ,  0.38884895656509771     
 -0.36771032853432284      , -0.37769423707262845      ,  0.31082411065795684     
 -0.34413698872277004      , -0.37614639022080093      ,  0.24022584882287670     
 -0.30801684836394588      , -0.37247398388673925      ,  0.17664171537082027     
 -0.27047529102993179      , -0.36766269850571237      ,  0.11957883348917736     
 -0.24300892837911128      , -0.36249455027626887      ,   6.8495581330194732E-002
 -0.23412639013888925      , -0.35758150586839088      ,   2.2826506073900316E-002
 -0.24678614194020265      , -0.35339622047587044      ,  -1.7998639778078043E-002
 -0.27768137994566527      , -0.35029923678836039      ,  -5.4540824849171811E-002
 -0.31853332238049942      , -0.34856251030891594      ,  -8.7341759806201569E-002
 -0.35887019573564310      , -0.34838942264384626      , -0.11691723052267909     
 -0.38936786579185728      , -0.34993159229674742      , -0.14375306250130479     
 -0.40468811589661569      , -0.35330285041969134      , -0.16830313786135651     
 -0.40496136792458132      , -0.35859075534454887      , -0.19098898192971681     
 -0.39550713726075820      , -0.36586599856871060      , -0.21220052210168877     
 -0.38490645601650697      , -0.37519002047089617      , -0.23229769598738090     
 -0.38209493176809689      , -0.38662111437854607      , -0.25161264904947012     
 -0.39353443554442219      , -0.40021925684407017      , -0.27045231471455861     
 -0.42142321539756633      , -0.41604986199587363      , -0.28910121329269922     
 -0.46338433101703480      , -0.43418661921318441      , -0.30782434099060302     
 -0.51355105385461408      , -0.45471353602796433      , -0.32687004780146445     
 -0.56463036983695392      , -0.47772627159494169      , -0.34647282392138790     
 -0.61028447120870044      , -0.50333280959024207      , -0.36685592925790400     
 -0.64705646835986985      , -0.53165348217388397      , -0.38823381009042951     
 -0.67522078639782157      , -0.56282031778690689      , -0.41081425140154459     
 -0.69834764047883191      , -0.59697564414214421      , -0.43480021307211597     
 -0.72184872517990462      , -0.63426983296738892      , -0.46039129315319621     
 -0.75111075072666789      , -0.67485802422642949      , -0.48778475182937375     
 -0.78989234821055099      , -0.71889561443919947      , -0.51717601545449898     
 -0.83945891742460588      , -0.76653223684161209      , -0.54875856116675947     
 -0.89860130783713010      , -0.81790390218311593      , -0.58272305918769784     
 -0.96439318488049708      , -0.87312291159351063      , -0.61925562236534037     
  -1.0333558586631777      , -0.93226510369459192      , -0.65853498173058778     
  -1.1026152309639585      , -0.99535396770232754      , -0.70072837453749337     
  -1.1706651416619611      ,  -1.0623411591474730      , -0.74598590049483626     
  -1.2375149049790224      ,  -1.1330830190770358      , -0.79443307761640658     
  -1.3042515153453269      ,  -1.2073128544503686      , -0.84616131890993951     
  -1.3722670439182962      ,  -1.2846090303135032      , -0.90121606603373261     
  -1.4424813818169631      ,  -1.3643594057596606      , -0.95958237131782331     
  -1.5148227036072137      ,  -1.4457233725700702      ,  -1.0211678349887090     
  -1.5880862725218317      ,  -1.5275937779192856      ,  -1.0857830039380234     
  -1.6601496274310938      ,  -1.6085623533591964      ,  -1.1531196477268890     
  -1.7284139704079289      ,  -1.6868938939161400      ,  -1.2227277695525685     
  -1.7902864644832441      ,  -1.7605161903145281      ,  -1.2939927958138346     
  -1.8435354298958351      ,  -1.8270343129837907      ,  -1.3661151039794051     
  -1.8864348688444523      ,  -1.8837787772127064      ,  -1.4380948387112886     
  -1.9177154504050686      ,  -1.9278966816365157      ,  -1.5087257139824952     
  -1.9363956320782907      ,  -1.9564922881605553      ,  -1.5766020145148025     
  -1.9415640857143910      ,  -1.9668179842404507      ,  -1.6401430354681412     
  -1.9321551100205940      ,  -1.9565078935156675      ,  -1.6976384459203631     
  -1.9067392965113381      ,  -1.9238352622592316      ,  -1.7473162883833551     
  -1.8633593191622551      ,  -1.8679631247608479      ,  -1.7874324592804500     
  -1.7994793093322963      ,  -1.7891488963989355      ,  -1.8163767754887499     
  -1.7121863719338108      ,  -1.6888613174542515      ,  -1.8327867172578691     
  -1.5988650235281994      ,  -1.5697756537403367      ,  -1.8356565804305158     
  -1.4585710223495709      ,  -1.4356308657342878      ,  -1.8244281277482193     
  -1.2940674280453797      ,  -1.2909575812169940      ,  -1.7990497282333926     
  -1.1137660677848196      ,  -1.1407118013422741      ,  -1.7599946421626305     
 -0.93179914394290697      , -0.98986866166433762      ,  -1.7082349636031091     
 -0.76425692450907690      , -0.84303727905915227      ,  -1.6451744759519611     
 -0.62249211106189273      , -0.70414998917810345      ,  -1.5725497021054149     
