  0.57848488517177987      ,   2.1229450724483714      ,   1.4655193661558268     
   1.6468776850429430      ,   2.1929852415350255      ,   1.5610585270229873     
   2.1655733632747909      ,   2.2400776937172493      ,   1.6539053462152871     
   2.4105580910850524      ,   2.2589017442634218      ,   1.7415228812149708     
   2.3650059926835887      ,   2.2447042742917840      ,   1.8210630112943438     
   2.0229148178136924      ,   2.1939089102960634      ,   1.8894909061409448     
   1.6932570292289930      ,   2.1047402225179983      ,   1.9437656688917380     
   1.6242324436433904      ,   1.9777454803439807      ,   1.9810672081207392     
   1.5412465426265582      ,   1.8160821072783706      ,   1.9990464820024860     
   1.5528620919383949      ,   1.6254624622894605      ,   1.9960649989817625     
   1.3781355842769398      ,   1.4137129629515430      ,   1.9713841858516696     
   1.2273881814245193      ,   1.1899972664110152      ,   1.9252693066812612     
  0.94193487459725256      ,  0.96384218103004549      ,   1.8589865037522069     
  0.64415633564922159      ,  0.74415591195967179      ,   1.7746919444430655     
  0.41734587220627850      ,  0.53842131673974125      ,   1.6752329415465239     
  0.31444848726526947      ,  0.35218728446955988      ,   1.5638959838847664     
  0.16584135843749548      ,  0.18889565376218667      ,   1.4441420266186100     
  0.11610531150730306      ,   5.0001978019320249E-002 ,   1.3193650556489360     
   5.4470362878261569E-002 ,  -6.4700883798565631E-002 ,   1.1926989228874905     
  -2.8649212825639692E-002 , -0.15666063759309845      ,   1.0668841267543117     
  -9.4323093138213188E-002 , -0.22813426990100699      ,  0.94419438639734021     
 -0.16793188162355160      , -0.28180797976757588      ,  0.82641469034470127     
 -0.23379062999121403      , -0.32049834109380249      ,  0.71485843581946695     
 -0.26179171731550377      , -0.34694074961631782      ,  0.61041059040920653     
 -0.26018364265249433      , -0.36365620077566646      ,  0.51358530372947420     
 -0.28019448748479880      , -0.37288048745330526      ,  0.42458891988492709     
 -0.29188889559063064      , -0.37653861886822665      ,  0.34338204425120999     
 -0.30430257094126767      , -0.37624917459232166      ,  0.26973670639260389     
 -0.30468366583148365      , -0.37334652660465156      ,  0.20328652779630416     
 -0.31947792266368774      , -0.36891220776140959      ,  0.14356912745924336     
 -0.30478610663592498      , -0.36380958762195265      ,   9.0060855130340983E-002
 -0.32003028955076773      , -0.35871823902491112      ,   4.2204439621893741E-002
 -0.32967368697535099      , -0.35416596004674755      ,  -5.6961569239652996E-004
 -0.34770679134081373      , -0.35055746826940914      ,  -3.8826978221081797E-002
 -0.35357350483354238      , -0.34819944144875398      ,  -7.3117879548269940E-002
 -0.37463871695320167      , -0.34732196114584557      , -0.10396913675487859     
 -0.37213949053342088      , -0.34809661831423416      , -0.13187907821838246     
 -0.37968405378151304      , -0.35065163044657438      , -0.15731475324318300     
 -0.38575095444097046      , -0.35508434474769440      , -0.18071090378070817     
 -0.40155333701308282      , -0.36147149037983400      , -0.20247026648446861     
 -0.41663107368436308      , -0.36987751301508459      , -0.22296485238673353     
 -0.43666791016477108      , -0.38036128702789984      , -0.24253791924495635     
 -0.45762913397344279      , -0.39298146021187508      , -0.26150640862046931     
 -0.47264629569177785      , -0.40780064560972051      , -0.28016366693359418     
 -0.49792588755420070      , -0.42488863596647064      , -0.29878230811027573     
 -0.51871124718364836      , -0.44432477860534586      , -0.31761710598075332     
 -0.54953822704896071      , -0.46619961183729980      , -0.33690782818834025     
 -0.57664681737081513      , -0.49061582772856122      , -0.35688194075595159     
 -0.61535827436214785      , -0.51768858938690709      , -0.37775712423213165     
 -0.63875723500237180      , -0.54754519301577265      , -0.39974354894277481     
 -0.67611520658714197      , -0.58032402491292434      , -0.42304585861538374     
 -0.70219714833851654      , -0.61617272046811900      , -0.44786480869756806     
 -0.74279597869180525      , -0.65524538527947807      , -0.47439849813077212     
 -0.77981376815063352      , -0.69769868729453444      , -0.50284312115890861     
 -0.83442468988961949      , -0.74368657348523226      , -0.53339314892254241     
 -0.88533806989177111      , -0.79335330605295495      , -0.56624082914757556     
 -0.94624695973722894      , -0.84682445416439756      , -0.60157486641105617     
  -1.0071063946622245      , -0.90419542278911047      , -0.63957811587315860     
  -1.0723038943650705      , -0.96551705894731876      , -0.68042409129601356     
  -1.1398526628651127      ,  -1.0307778612015503      , -0.72427205599499500     
  -1.2107575024677923      ,  -1.0998823509037625      , -0.77126043706710912     
  -1.2866808239731946      ,  -1.1726252724491224      , -0.82149828508863920     
  -1.3594478117893483      ,  -1.2486615134322572      , -0.87505450283288311     
  -1.4399227877601966      ,  -1.3274720230237296      , -0.93194460068929952     
  -1.5144823163011445      ,  -1.4083266142620134      , -0.99211482113025040     
  -1.5977751373178593      ,  -1.4902454189606513      ,  -1.0554236320282695     
  -1.6750639545469905      ,  -1.5719619618454443      ,  -1.1216208443547895     
  -1.7595502564155749      ,  -1.6518923291820697      ,  -1.1903249890188543     
  -1.8338099388277811      ,  -1.7281166388091584      ,  -1.2610001085055818     
  -1.9088553411578337      ,  -1.7983807511966154      ,  -1.3329337815139992     
  -1.9679364602461988      ,  -1.8601274883067285      ,  -1.4052189689836077     
  -2.0195523889720959      ,  -1.9105669316404634      ,  -1.4767430611370855     
  -2.0519616991619789      ,  -1.9467938643396794      ,  -1.5461881616983577     
  -2.0709085093950459      ,  -1.9659562972366709      ,  -1.6120469374818855     
  -2.0670747927839046      ,  -1.9654717519920386      ,  -1.6726580056065574     
  -2.0432028044142454      ,  -1.9432777608327523      ,  -1.7262635486630262     
  -1.9929275124808121      ,  -1.8980912374186156      ,  -1.7710894706649931     
  -1.9169196615921349      ,  -1.8296406962393050      ,  -1.8054450031124267     
  -1.8138512034017096      ,  -1.7388294866500131      ,  -1.8278346624583925     
  -1.6862316617467152      ,  -1.6277909378168240      ,  -1.8370716452890137     
  -1.5378336233836269      ,  -1.4998095542228083      ,  -1.8323791687938058     
  -1.3736835140814141      ,  -1.3591048903602743      ,  -1.8134659116009328     
  -1.2019343861846370      ,  -1.2105014823689850      ,  -1.7805641330966038     
  -1.0284963010671206      ,  -1.0590317642324893      ,  -1.7344240464755345     
 -0.86310106900759775      , -0.90953204853726333      ,  -1.6762645840380972     
 -0.71024105183183062      , -0.76629045839720311      ,  -1.6076872838821734     
 -0.57679756159862627      , -0.63279111119684861      ,  -1.5305650890616394     
 -0.46222232074137642      , -0.51157614327258938      ,  -1.4469203331926654     
 -0.36786381161638676      , -0.40422348056081997      ,  -1.3588058440310067     
 -0.28915712782710562      , -0.31141976406450217      ,  -1.2682004526181798     
 -0.22500009062877618      , -0.23309778801163680      ,  -1.1769262441082506     
 -0.17156708740884441      , -0.16860623877588951      ,  -1.0865906987991416     
 -0.12843128766096182      , -0.11688420726929609      , -0.99855328422125944     
  -9.3592702864330926E-002 ,  -7.6620826960369842E-002 , -0.91391352682143312     
  -6.7373232142865030E-002 ,  -4.6388750188870759E-002 , -0.83351620498294843     
  -4.8672398999773880E-002 ,  -2.4747247274474339E-002 , -0.75796889974055193     
  -3.7473423583582299E-002 ,  -1.0315729998428632E-002 , -0.68766743138630215     
  -3.2449303744422342E-002 ,  -1.8214478280048640E-003 , -0.62282540323619306     
  -3.2499972644159741E-002 ,   1.8736213420180853E-003 , -0.56350492439458066     
  -3.5879092023276812E-002 ,   1.7615356216361129E-003 , -0.50964642339749555     
  -4.1207639064569312E-002 ,  -1.3118115952818158E-003 , -0.46109619835676158     
  -4.7618514058448788E-002 ,  -6.6396574477651698E-003 , -0.41763093670120399     
  -5.4652972737754969E-002 ,  -1.3643028666461270E-002 , -0.37897887546563841     
  -6.2773399244789335E-002 ,  -2.1857230537399887E-002 , -0.34483757807297111     
  -7.1974805251480353E-002 ,  -3.0917647516997382E-002 , -0.31488850072089442     
  -8.2780246088602974E-002 ,  -4.0545828998756465E-002 , -0.28880863680281205     
  -9.4537709091828681E-002 ,  -5.0536458215814865E-002 , -0.26627958437632082     
 -0.10734982229093677      ,  -6.0745535952676205E-002 , -0.24699439830948178     
 -0.12024717090387403      ,  -7.1079928829461902E-002 , -0.23066257968419340     
 -0.13353186548546683      ,  -8.1488312368645233E-002 , -0.21701353068754367     
 -0.14652168546788591      ,  -9.1953464011745173E-002 , -0.20579877078846398     
 -0.15961146601429679      , -0.10248581711414667      , -0.19679317430099824     
 -0.17204619781850891      , -0.11311816375377477      , -0.18979545356896593     
 -0.18394810625438013      , -0.12390138486828309      , -0.18462807785078555     
 -0.19458964442400001      , -0.13490108585741281      , -0.18113678659492613     
 -0.20420186594793413      , -0.14619502096295234      , -0.17918982768631697     
 -0.21268627127732867      , -0.15787119815256992      , -0.17867702656820605     
 -0.22071206976912056      , -0.17002656630521587      , -0.17950877083502106     
 -0.22878290582231414      , -0.18276619714175962      , -0.18161497674609636     
 -0.23760577409738656      , -0.19620288481528092      , -0.18494408884528565     
 -0.24778339390496773      , -0.21045709584136973      , -0.18946215116338330     
 -0.25961390227922565      , -0.22565721072115474      , -0.19515197798646983     
 -0.27359192398649118      , -0.24194000588268194      , -0.20201244354666020     
 -0.28961284537571474      , -0.25945133017162558      , -0.21005790288735099     
 -0.30806924041553324      , -0.27834693379168085      , -0.21931775023200070     
 -0.32852445318190160      , -0.29879340902458551      , -0.22983611610438576     
 -0.35127411032660555      , -0.32096920087564484      , -0.24167169986552495     
 -0.37574216913873859      , -0.34506564151254326      , -0.25489772989084503     
 -0.40238936247890916      , -0.37128795436713680      , -0.26960203892761031     
 -0.43098566023649448      , -0.39985616123761175      , -0.28588723682235340     
 -0.46243263350356351      , -0.43100580761439661      , -0.30387095630563832     
 -0.49695966008981818      , -0.46498839643186035      , -0.32368613929883611     
 -0.53557907321780984      , -0.50207138687697239      , -0.34548132058916198     
 -0.57849550518373916      , -0.54253757078717313      , -0.36942085189663620     
 -0.62623687857740884      , -0.58668358224765382      , -0.39568499136519159     
 -0.67868013598017063      , -0.63481722373640304      , -0.42446976021377292     
 -0.73580553763826873      , -0.68725320205339335      , -0.45598643837758396     
 -0.79739238052259553      , -0.74430675725310036      , -0.49046053302116105     
 -0.86321140915931704      , -0.80628453708180048      , -0.52813000635325302     
 -0.93327957976346565      , -0.87347191981658512      , -0.56924249093951840     
  -1.0074243449729474      , -0.94611582648685610      , -0.61405115097201413     
  -1.0860343488978987      ,  -1.0244019038421510      , -0.66280876718600912     
  -1.1690599397793509      ,  -1.1084248294944457      , -0.71575953398672687     
  -1.2570651883147672      ,  -1.1981504370039850      , -0.77312796625371349     
  -1.3497757253667082      ,  -1.2933684551491871      , -0.83510423251032928     
  -1.4472589241587768      ,  -1.3936350120537007      , -0.90182518174023896     
  -1.5483719400665610      ,  -1.4982048238685792      , -0.97335034643113805     
  -1.6520944661317769      ,  -1.6059543643073384      ,  -1.0496323335922244     
  -1.7562730004468421      ,  -1.7152995155211928      ,  -1.1304813258783022     
  -1.8589408062153367      ,  -1.8241144286973070      ,  -1.2155239907546520     
  -1.9573642334213890      ,  -1.9296626473165661      ,  -1.3041580287422825     
  -2.0489437467216791      ,  -2.0285567510694142      ,  -1.3955049591156097     
  -2.1304152996049566      ,  -2.1167681279727408      ,  -1.4883655626288721     
  -2.1982367227694346      ,  -2.1897124730225968      ,  -1.5811845732323351     
  -2.2481207540020605      ,  -2.2424368401855683      ,  -1.6720334281675850     
  -2.2753009882498207      ,  -2.2699274515027903      ,  -1.7586215675428791     
  -2.2747345607352769      ,  -2.2675410704442771      ,  -1.8383470568267553     
  -2.2416672372962503      ,  -2.2315354793862863      ,  -1.9083951718011813     
  -2.1725001914997462      ,  -2.1596393728573404      ,  -1.9658881976733313     
  -2.0655217945542357      ,  -2.0515673608482117      ,  -2.0080809159886481     
  -1.9217420581333653      ,  -1.9093654042820782      ,  -2.0325851947350984     
  -1.7449475059229251      ,  -1.7374802521795818      ,  -2.0375963442642169     
  -1.5416446988864152      ,  -1.5424908645419049      ,  -2.0220870557072868     
  -1.3203455435459333      ,  -1.3325138890316865      ,  -1.9859351503616736     
  -1.0912222642699245      ,  -1.1163770895205816      ,  -1.9299604824015189     
 -0.86527885701055307      , -0.90271463970216792      ,  -1.8558625427495614     
 -0.65346034665528252      , -0.69915333805288005      ,  -1.7660691607004873     
 -0.46480227068510060      , -0.51172455627362157      ,  -1.6635226118661581     
 -0.30453980021068250      , -0.34456902251457822      ,  -1.5514380456062040     
 -0.17276374978488518      , -0.19992742058226354      ,  -1.4330689555593126     
  -6.5493324441602996E-002 ,  -7.8353635495356427E-002 ,  -1.3115070018535810     
   2.2539111621471083E-002 ,   2.0938678205007655E-002 ,  -1.1895322925370455     
   9.5232622956314794E-002 ,   9.9683331970804839E-002 ,  -1.0695188846258392     
  0.15437471356977056      ,  0.16018938887226788      , -0.95339135265482711     
  0.20048103663583094      ,  0.20502955102225520      , -0.84262287340932207     
  0.23380688841855574      ,  0.23680505324691808      , -0.73826321303702513     
  0.25480622777864881      ,  0.25798571518553559      , -0.64098540203572851     
  0.26444358038970006      ,  0.27081406721431378      , -0.55114169936627055     
  0.26456618704823825      ,  0.27725876812910116      , -0.46882179683512121     
  0.25778283095311721      ,  0.27900274777112255      , -0.39390850780487019     
  0.24712493995261861      ,  0.27745373025931797      , -0.32612810965688144     
  0.23555198093546947      ,  0.27376767687771925      , -0.26509396378805872     
  0.22532314589351130      ,  0.26887844999022875      , -0.21034304104239709     
  0.21733175016950207      ,  0.26352928555378896      , -0.16136561312245876     
  0.21122169154264986      ,  0.25830338361003830      , -0.11762872548202521     
  0.20600480997930673      ,  0.25365213339961845      ,  -7.8594230329419618E-002
  0.20087740319849018      ,  0.24992028571985089      ,  -4.3732198406493103E-002
  0.19571580658296384      ,  0.24736787928073103      ,  -1.2530495478973122E-002
  0.19122052414835028      ,  0.24618901419420672      ,   1.5498761649762946E-002
  0.18838708571913521      ,  0.24652771658972086      ,   4.0815242249198726E-002
  0.18791898096904297      ,  0.24849120507191619      ,   6.3848395057936713E-002
  0.18998902875688192      ,  0.25216088680275600      ,   8.4996947291091016E-002
  0.19451182528360150      ,  0.25760140041147883      ,  0.10462953672164868     
  0.20147726063020344      ,  0.26486799812752337      ,  0.12308617297080882     
  0.21116325527245758      ,  0.27401252828755540      ,  0.14068028317307485     
  0.22403199708895022      ,  0.28508824596383264      ,  0.15770114704959190     
  0.24043679865182194      ,  0.29815364605313538      ,  0.17441656789863064     
  0.26037211730821058      ,  0.31327548066923111      ,  0.19107565995241765     
  0.28339330624462311      ,  0.33053109129916319      ,  0.20791165978693618     
  0.30881343607671735      ,  0.35001015569947541      ,  0.22514469075587282     
  0.33600628255360593      ,  0.37181591944846470      ,  0.24298442539145085     
  0.36469900755306994      ,  0.39606595177792658      ,  0.26163260189036275     
  0.39499690458574538      ,  0.42289243397840254      ,  0.28128535757025835     
  0.42732425341602748      ,  0.45244195537173576      ,  0.30213534479742682     
  0.46222086825537484      ,  0.48487475552864823      ,  0.32437359347328226     
  0.50023463133744039      ,  0.52036331095555033      ,  0.34819107871969512     
  0.54183861289520441      ,  0.55909011875466963      ,  0.37377994279216353     
  0.58749447980505942      ,  0.60124447776365575      ,  0.40133430624077332     
  0.63759156168728415      ,  0.64701800872700355      ,  0.43105058462564538     
  0.69237916572104230      ,  0.69659858914627970      ,  0.46312720335904639     
  0.75184526530968632      ,  0.75016230682968776      ,  0.49776357426593426     
  0.81569585843079684      ,  0.80786296208517894      ,  0.53515816326300703     
  0.88341862435300367      ,  0.86981857845954313      ,  0.57550543970562862     
  0.95448694440517645      ,  0.93609432723212493      ,  0.61899145589766924     
   1.0285772451157218      ,   1.0066812497723858      ,  0.66578776291098896     
   1.1056676286598270      ,   1.0814702020791576      ,  0.71604333133576936     
   1.1859840562089445      ,   1.1602205871984252      ,  0.76987412117325282     
   1.2697637616187532      ,   1.2425237379106899      ,  0.82734994640491488     
   1.3569900390531728      ,   1.3277613327337383      ,  0.88847832494687062     
   1.4471348991994348      ,   1.4150600519922343      ,  0.95318511823163443     
   1.5390937273179468      ,   1.5032448850857092      ,   1.0212919774044968     
   1.6312102933606218      ,   1.5907951368249806      ,   1.0924909602993793     
   1.7214407794674020      ,   1.6758092336481305      ,   1.1663171991790231     
   1.8074599508694615      ,   1.7559867539213359      ,   1.2421212063624751     
   1.8867695724289879      ,   1.8286383484215454      ,   1.3190432973004009     
   1.9567047533651931      ,   1.8907357477549998      ,   1.3959936298273332     
   2.0144374851247586      ,   1.9390139414672936      ,   1.4716423658616045     
   2.0569276248256134      ,   1.9701347168167749      ,   1.5444252179966029     
   2.0809419729165843      ,   1.9809139931688384      ,   1.6125698074137198     
   2.0831445684663463      ,   1.9686042965658759      ,   1.6741474332865141     
   2.0603460052661591      ,   1.9312090665239734      ,   1.7271526879999526     
   2.0099028538247214      ,   1.8677898948641325      ,   1.7696097139064220     
   1.9302355002053582      ,   1.7787157727778797      ,   1.7996990584772179     
   1.8213288038757165      ,   1.6658004180897077      ,   1.8158938485468463     
   1.6850794966838052      ,   1.5322841264031259      ,   1.8170896522382194     
   1.5254140202809467      ,   1.3826410816817760      ,   1.8027103842661085     
   1.3481883314142213      ,   1.2222271300857113      ,   1.7727740487535097     
   1.1609296632587525      ,   1.0568173954948450      ,   1.7279072363722550     
  0.97236445925172921      ,  0.89210699497372936      ,   1.6693051785598141     
  0.79158574247003777      ,  0.73325371885859658      ,   1.5986429288824242     
  0.62673379147738262      ,  0.58452759738698601      ,   1.5179506812892458     
  0.48343193775905496      ,  0.44910440619877645      ,   1.4294706036630744     
  0.36366490643047078      ,  0.32900804302432490      ,   1.3355131575457599     
  0.26591497660847618      ,  0.22517975761350253      ,   1.2383281301111788     
  0.18659040380091901      ,  0.13763619500143201      ,   1.1400007631493552     
  0.12182724042110527      ,   6.5674125912785541E-002 ,   1.0423779110055031     
   6.8607892976399215E-002 ,   8.0849226673441309E-003 ,  0.94702432864755492     
   2.4964102538314041E-002 ,  -3.6647959318350160E-002 ,  0.85520570116662220     
  -1.0245369829786001E-002 ,  -7.0183985503209742E-002 ,  0.76789306686827385     
  -3.7560446492078139E-002 ,  -9.4198889559875751E-002 ,  0.68578266487044659     
  -5.7235499812278698E-002 , -0.11029539148430681      ,  0.60932557376670549     
  -6.9709635913658821E-002 , -0.11994634888404937      ,  0.53876239312829344     
  -7.5979002854788133E-002 , -0.12446374781749646      ,  0.47415931772987213     
  -7.7668278698945034E-002 , -0.12498684092459350      ,  0.41544303521539272     
  -7.6774714259319227E-002 , -0.12248351306069007      ,  0.36243281295299978     
  -7.5124300848700559E-002 , -0.11776008759970902      ,  0.31486887817539688     
  -7.3799617139477788E-002 , -0.11147595722127562      ,  0.27243673610220331     
  -7.2942383426174234E-002 , -0.10416046098667439      ,  0.23478743889501760     
  -7.2031650272077807E-002 ,  -9.6230268745729916E-002 ,  0.20155404923322520     
  -7.0394374577260777E-002 ,  -8.8006169680094323E-002 ,  0.17236467135236386     
  -6.7649854934702366E-002 ,  -7.9728619465646910E-002 ,  0.14685248014890553     
  -6.3880100838692153E-002 ,  -7.1571715908854167E-002 ,  0.12466318963701144     
  -5.9445140809114921E-002 ,  -6.3655481380319207E-002 ,  0.10546038361411331     
  -5.4638234134746208E-002 ,  -5.6056462123818873E-002 ,   8.8929096525659293E-002
  -4.9501610738286607E-002 ,  -4.8816733180471229E-002 ,   7.4777989758615271E-002
  -4.3934765629977029E-002 ,  -4.1951440676735785E-002 ,   6.2740423449201291E-002
  -3.7952261944023777E-002 ,  -3.5455032936478358E-002 ,   5.2574679744355923E-002
  -3.1872272515173043E-002 ,  -2.9306336777311121E-002 ,   4.4063552248866676E-002
  -2.6282639091373357E-002 ,  -2.3472631137315080E-002 ,   3.7013479116549064E-002
  -2.1809035889521735E-002 ,  -1.7912860613176592E-002 ,   3.1253364298961861E-002
  -1.8840301782360760E-002 ,  -1.2580119031930273E-002 ,   2.6633202873642056E-002
  -1.7363131541544938E-002 ,  -7.4235194168164684E-003 ,   2.3022601941961349E-002
  -1.6970981047565996E-002 ,  -2.3895526643297050E-003 ,   2.0309267999732566E-002
  -1.7020390059501928E-002 ,   2.5769764294678002E-003 ,   1.8397514567913990E-002
  -1.6833356435702142E-002 ,   7.5323600723385788E-003 ,   1.7206829832404586E-002
  -1.5843300100356800E-002 ,   1.2533681512562971E-002 ,   1.6670532691262046E-002
  -1.3654886345851290E-002 ,   1.7638739228033853E-002 ,   1.6734536573687991E-002
  -1.0042783382815137E-002 ,   2.2906157954650883E-002 ,   1.7356233333978746E-002
  -4.9428464084390247E-003 ,   2.8395651775810059E-002 ,   1.8503504123173291E-002
   1.5268009619271794E-003 ,   3.4168411947193139E-002 ,   2.0153860122593532E-002
   9.0325874873159410E-003 ,   4.0287598573695890E-002 ,   2.2293713141477826E-002
   1.7061199771114130E-002 ,   4.6818920772964574E-002 ,   2.4917774122068557E-002
   2.5060007314739070E-002 ,   5.3831294641373525E-002 ,   2.8028576376258642E-002
   3.2646784501458172E-002 ,   6.1397572269541886E-002 ,   3.1636119741692989E-002
   3.9796011475972760E-002 ,   6.9595338313741359E-002 ,   3.5757631659391192E-002
   4.6906687402973428E-002 ,   7.8507773281989768E-002 ,   4.0417441327286856E-002
   5.4697352565810882E-002 ,   8.8224584786854909E-002 ,   4.5646963479192816E-002
   6.3977867042677286E-002 ,   9.8843009576148722E-002 ,   5.1484788894276025E-002
   7.5408614178769706E-002 ,  0.11046889017470396      ,   5.7976879384914290E-002
   8.9345677285533429E-002 ,  0.12321783041693192      ,   6.5176865672310277E-002
  0.10580627710969220      ,  0.13721643393795990      ,   7.3146447170941875E-002
  0.12453352178850141      ,  0.15260362868110805      ,   8.1955893190802181E-002
  0.14511202911118645      ,  0.16953207845828508      ,   9.1684645344361937E-002
  0.16709128067140244      ,  0.18816967925929715      ,  0.10242202090719046     
  0.19010201116719783      ,  0.20870113291326453      ,  0.11426801639108988     
  0.21396580778404201      ,  0.23132958326445305      ,  0.12733420946757795     
  0.23880059467175027      ,  0.25627828942655712      ,  0.14174475538966241     
  0.26508927337901389      ,  0.28379229583655963      ,  0.15763747088302618     
  0.29366327109508406      ,  0.31414003829503662      ,  0.17516499368889293     
  0.32556791799414425      ,  0.34761479704822135      ,  0.19449599897351566     
  0.36184004671598535      ,  0.38453586975492132      ,  0.21581644392278115     
  0.40326783995952409      ,  0.42524928569696840      ,  0.23933079802753432     
  0.45022793956235746      ,  0.47012781380497676      ,  0.26526319755009375     
  0.50266309065259196      ,  0.51956992601299135      ,  0.29385843679191381     
  0.56020960611513582      ,  0.57399725820589576      ,  0.32538267396696935     
  0.62241562346888712      ,  0.63384995688781476      ,  0.36012368314484444     
  0.68896929101919757      ,  0.69957910375106158      ,  0.39839042277848546     
  0.75986660027229402      ,  0.77163516659707754      ,  0.44051161226904401     
  0.83548591560641816      ,  0.85045113084173762      ,  0.48683290717601213     
  0.91656085687583833      ,  0.93641862573563228      ,  0.53771213779833738     
   1.0040458352798429      ,   1.0298549921469877      ,  0.59351192318830193     
   1.0988746484603833      ,   1.1309588877514196      ,  0.65458879492291688     
   1.2016442623021450      ,   1.2397517747754763      ,  0.72127777049431474     
   1.3123088486026808      ,   1.3560026313389530      ,  0.79387112490455902     
   1.4299868758835554      ,   1.4791337050455708      ,  0.87258995955215146     
   1.5529599337118207      ,   1.6081064368808913      ,  0.95754712642466444     
   1.6788595478297830      ,   1.7412893019177593      ,   1.0487002384026967     
   1.8049537572167660      ,   1.8763138155898438      ,   1.1457940364240928     
   1.9283824805411118      ,   2.0099318942507094      ,   1.2482924930836636     
   2.0462091612220892      ,   2.1378973961878445      ,   1.3553029398616954     
   2.1552303284120478      ,   2.2549064777318151      ,   1.4654974099608737     
   2.2516049707086010      ,   2.3546433513064033      ,   1.5770403371301229     
   2.3304722488035745      ,   2.4299858367995242      ,   1.6875364451886767     
   2.3857892945783874      ,   2.4734218891438644      ,   1.7940172231606923     
   2.4105841881438792      ,   2.4777056673536721      ,   1.8929871604190438     
   2.3976993428289801      ,   2.4367331707699966      ,   1.9805495722426576     
   2.3409512804238823      ,   2.3465443731214122      ,   2.0526239233744605     
   2.2364950513939630      ,   2.2062768910334571      ,   2.1052507294668348     
   2.0840182832000886      ,   2.0188375363135775      ,   2.1349578202379615     
   1.8872579548638384      ,   1.7910618331619277      ,   2.1391383069182974     
   1.6535456404603761      ,   1.5332228917328097      ,   2.1163745456471621     
   1.3927806304192625      ,   1.2579174386146803      ,   2.0666422782241312     
   1.1166602869314626      ,  0.97854134297999718      ,   1.9913488137310020     
  0.83838344736934844      ,  0.70769136313762082      ,   1.8931943560315410     
  0.57216210048951166      ,  0.45583824664640421      ,   1.7758848688803412     
  0.33177639115328916      ,  0.23050927023430751      ,   1.6437546594339536     
  0.12755338086439141      ,   3.6050505143438528E-002 ,   1.5013681551015559     
  -3.7507836178315351E-002 , -0.12611607209068093      ,   1.3531623917873992     
 -0.16863023733590168      , -0.25691646736808738      ,   1.2031709132144586     
 -0.27493213007441414      , -0.35892099368569275      ,   1.0548452921163320     
 -0.36367673994598543      , -0.43566570606659138      ,  0.91096991287466522     
 -0.43763348530110419      , -0.49109073009665027      ,  0.77365276665340721     
 -0.49648531768228588      , -0.52913030916021508      ,  0.64436993400604248     
 -0.53962082654077770      , -0.55344944453988010      ,  0.52404215255857545     
 -0.56713732568065489      , -0.56730092427670731      ,  0.41312580382037600     
 -0.58009252196622529      , -0.57347008422848955      ,  0.31170564749703555     
 -0.58137085969650992      , -0.57427697668179878      ,  0.21958131569322537     
 -0.57540440061987741      , -0.57161183544461391      ,  0.13634331255018414     
 -0.56681113599444766      , -0.56698665329823184      ,   6.1436906494710515E-002
 -0.55978581465469568      , -0.56159171937918373      ,  -5.7860203865394491E-003
 -0.55749680538148993      , -0.55635054902165548      ,  -6.6026161440253139E-002
 -0.56088684749590612      , -0.55196980285759600      , -0.12000557659049557     
 -0.56861615230879803      , -0.54898280315761561      , -0.16844453580434451     
 -0.57846724559976981      , -0.54778643087851842      , -0.21204493240616626     
 -0.58861842592867641      , -0.54867180518917957      , -0.25147893945101157     
 -0.59839664286985039      , -0.55184942003972071      , -0.28738176978518815     
 -0.60863084098515363      , -0.55746948611134617      , -0.32034758760914694     
 -0.62090834046240695      , -0.56563819546380900      , -0.35092779030212551     
 -0.63615645840507651      , -0.57643054706452279      , -0.37963102752785310     
 -0.65412612261607506      , -0.58990027587016369      , -0.40692444907360542     
 -0.67394311177571586      , -0.60608733244994850      , -0.43323577496980942     
 -0.69486537028545259      , -0.62502327145361625      , -0.45895586375767139     
 -0.71683901631028657      , -0.64673482781757508      , -0.48444152011735980     
 -0.74050435714066165      , -0.67124588940194041      , -0.51001833407320762     
 -0.76667826664448568      , -0.69857801281065290      , -0.53598338297267722     
 -0.79584538033899599      , -0.72874957445346822      , -0.56260765637729260     
 -0.82794289359147211      , -0.76177360083665890      , -0.59013808461061679     
 -0.86250183689139570      , -0.79765428065106081      , -0.61879906548882424     
 -0.89910173570073271      , -0.83638212735544426      , -0.64879339212775489     
 -0.93772841554596809      , -0.87792773658273071      , -0.68030248910997815     
 -0.97874725965333365      , -0.92223407105529098      , -0.71348586628439714     
  -1.0226858792418667      , -0.96920721151846778      , -0.74847970091958682     
  -1.0699805829473175      ,  -1.0187055419305131      , -0.78539446213172392     
  -1.1206680243560756      ,  -1.0705273990196120      , -0.82431149933192061     
  -1.1742903864001093      ,  -1.1243973202013882      , -0.86527853247538133     
  -1.2301212446243590      ,  -1.1799511806106666      , -0.90830401053099619     
  -1.2873634512678447      ,  -1.2367207301277516      , -0.95335035097060483     
  -1.3451884339798938      ,  -1.2941183324021865      ,  -1.0003261428697443     
  -1.4027248377723220      ,  -1.3514230708375985      ,  -1.0490774950421622     
  -1.4589772583329392      ,  -1.4077698097463391      ,  -1.0993788430539364     
  -1.5127414834914115      ,  -1.4621432513207209      ,  -1.1509236968342043     
  -1.5626714928412717      ,  -1.5133794522476787      ,  -1.2033160107705185     
  -1.6074271473241430      ,  -1.5601775654106953      ,  -1.2560630796131806     
  -1.6457422421391579      ,  -1.6011246243680743      ,  -1.3085710842048905     
  -1.6763788615556252      ,  -1.6347358360637099      ,  -1.3601445955361895     
  -1.6980298152845239      ,  -1.6595119318158782      ,  -1.4099914444430315     
  -1.7092590187634309      ,  -1.6740135290221811      ,  -1.4572343171030444     
  -1.7085752487394210      ,  -1.6769501584963395      ,  -1.5009301808173732     
  -1.6946304349419281      ,  -1.6672787674971616      ,  -1.5400981306903612     
  -1.6664645028359715      ,  -1.6443034919369328      ,  -1.5737554593945751     
  -1.6237114327131732      ,  -1.6077659040101648      ,  -1.6009607280829263     
  -1.5666919207143335      ,  -1.5579135285661139      ,  -1.6208614663653091     
  -1.4963984668344141      ,  -1.4955348932514001      ,  -1.6327430334951276     
  -1.4144497029815275      ,  -1.4219521617279289      ,  -1.6360743587605571     
  -1.3230375979929725      ,  -1.3389674036710908      ,  -1.6305459717501778     
  -1.2248493945160384      ,  -1.2487650483012311      ,  -1.6160960912620492     
  -1.1229494337482919      ,  -1.1537797725597216      ,  -1.5929215969596866     
  -1.0205845127042366      ,  -1.0565444878607058      ,  -1.5614723340519292     
 -0.92089438766357556      , -0.95953593668434656      ,  -1.5224291288345679     
 -0.82658503105991377      , -0.86503506073693992      ,  -1.4766677720079291     
 -0.73965960658538032      , -0.77501596540308193      ,  -1.4252127180413876     
 -0.66128137027617284      , -0.69107193118611820      ,  -1.3691851115140485     
 -0.59181293747583297      , -0.61438085835291323      ,  -1.3097498964083438     
 -0.53101242112913005      , -0.54570708471447615      ,  -1.2480662595137457     
 -0.47829798851943028      , -0.48543260907053182      ,  -1.1852446890097597     
 -0.43298580873816739      , -0.43360875900124374      ,  -1.1223127313895014     
 -0.39444892376862095      , -0.39001913247825576      ,  -1.0601903307828902     
 -0.36218165260123308      , -0.35424575937535829      , -0.99967460534226515     
 -0.33578782040247812      , -0.32573229227028422      , -0.94143315192369736     
 -0.31492770830782169      , -0.30384011645547843      , -0.88600449845689855     
 -0.29925684340754866      , -0.28789518263124692      , -0.83380411625177198     
 -0.28838401167159466      , -0.27722489743748402      , -0.78513440532441636     
 -0.28186649745507369      , -0.27118548665555725      , -0.74019720831002611     
 -0.27924113369507819      , -0.26918090226847574      , -0.69910763092864081     
 -0.28007458266641710      , -0.27067465841662991      , -0.66190819981108051     
 -0.28400847848817135      , -0.27519604925744096      , -0.62858263694646577     
 -0.29077632957919225      , -0.28234211350831079      , -0.59906875283833150     
 -0.30018478461906406      , -0.29177653783712260      , -0.57327014725614533     
 -0.31207384135975025      , -0.30322648557970211      , -0.55106655451075470     
 -0.32627950630681163      , -0.31647813139018632      , -0.53232278152552437     
 -0.34261604676225965      , -0.33137149483996187      , -0.51689626622335638     
 -0.36088226675566309      , -0.34779500501769461      , -0.50464333648177084     
 -0.38088097277153127      , -0.36568009573819377      , -0.49542428169247349     
 -0.40243498704540731      , -0.38499602525408183      , -0.48910736481874190     
 -0.42539184102842659      , -0.40574503181382809      , -0.48557190700941305     
 -0.44962145432479494      , -0.42795787285999853      , -0.48471057270616202     
 -0.47501565025717002      , -0.45168974702394493      , -0.48643097339798735     
 -0.50149721033225725      , -0.47701656066061776      , -0.49065669468592232     
 -0.52903821620034563      , -0.50403147131716031      , -0.49732783551610799     
 -0.55767925360095194      , -0.53284161661660823      , -0.50640113126787600     
 -0.58753940264040361      , -0.56356491644376672      , -0.51784971444532857     
 -0.61881204416785507      , -0.59632681739133375      , -0.53166254835454352     
 -0.65174678362128924      , -0.63125682995497168      , -0.54784355050508726     
 -0.68662264506800752      , -0.66848469021474177      , -0.56641040358499717     
 -0.72371943305641062      , -0.70813595849571220      , -0.58739303269851206     
 -0.76329193916654314      , -0.75032684820996909      , -0.61083170811569854     
 -0.80554847044510081      , -0.79515806005460743      , -0.63677471314776146     
 -0.85063402889018791      , -0.84270738243510879      , -0.66527549721122536     
 -0.89861809247551128      , -0.89302081239096343      , -0.69638921528000819     
 -0.94948744010711927      , -0.94610195840523448      , -0.73016853783086644     
  -1.0031448361796296      ,  -1.0018995157737431      , -0.76665860183091661     
  -1.0594118203990930      ,  -1.0602926681694629      , -0.80589096597885568     
  -1.1180306941554896      ,  -1.1210743804092265      , -0.84787643615008990     
  -1.1786594880627628      ,  -1.1839327250420781      , -0.89259664507869874     
  -1.2408555078973666      ,  -1.2484306490633519      , -0.93999431056875693     
  -1.3040473913572588      ,  -1.3139849560736494      , -0.98996216730446873     
  -1.3675018780846389      ,  -1.3798457674096958      ,  -1.0423306780223585     
  -1.4302949353606331      ,  -1.4450783338110693      ,  -1.0968547897873986     
  -1.4912961752041618      ,  -1.5085497731547308      ,  -1.1532002176860552     
  -1.5491711918037945      ,  -1.5689240468697017      ,  -1.2109300134128256     
  -1.6024013819059149      ,  -1.6246691407812124      ,  -1.2694925020919510     
  -1.6493171609455415      ,  -1.6740808026929315      ,  -1.3282120238056812     
  -1.6881411912289637      ,  -1.7153270618634235      ,  -1.3862842519564700     
  -1.7170419278833784      ,  -1.7465168280709595      ,  -1.4427781088534570     
  -1.7342020888407428      ,  -1.7657938748848623      ,  -1.4966463657802502     
  -1.7379090040598693      ,  -1.7714543110066963      ,  -1.5467467920685003     
  -1.7266721467401167      ,  -1.7620813487078815      ,  -1.5918751048897211     
  -1.6993666484379601      ,  -1.7366862849086970      ,  -1.6308099101921392     
  -1.6553919295640012      ,  -1.6948400507549732      ,  -1.6623683407229719     
  -1.5948248246406806      ,  -1.6367767362150747      ,  -1.6854693344275800     
  -1.5185402792522027      ,  -1.5634504866980163      ,  -1.6991997322826975     
  -1.4282726355274569      ,  -1.4765310201841704      ,  -1.7028769857454698     
  -1.3265956017124163      ,  -1.3783307488594123      ,  -1.6961016460448777     
  -1.2168058027595119      ,  -1.2716669436537500      ,  -1.6787932562460715     
  -1.1027018970557687      ,  -1.1596733249467557      ,  -1.6512048610538417     
 -0.98826364148058499      ,  -1.0455842051320325      ,  -1.6139138845134358     
 -0.87726020722885767      , -0.93251858183882830      ,  -1.5677901395865363     
 -0.77285389169952368      , -0.82329035218042435      ,  -1.5139446234270537     
 -0.67729597942118047      , -0.72026464386512257      ,  -1.4536649478973556     
 -0.59180646351333188      , -0.62527101860698397      ,  -1.3883443792293637     
 -0.51667195172905589      , -0.53957446906770634      ,  -1.3194114175192606     
 -0.45150964641625690      , -0.46389691918436793      ,  -1.2482658107355322     
 -0.39558557802833400      , -0.39847670576091254      ,  -1.1762252245048130     
 -0.34808110458216168      , -0.34315158107041943      ,  -1.1044848893203174     
 -0.30825581481137893      , -0.29745160266351045      ,  -1.0340907775608119     
 -0.27550727270079844      , -0.26069089022894731      , -0.96592546022966486     
 -0.24935099123657245      , -0.23205059843253328      , -0.90070485909712150     
 -0.22935037022661875      , -0.21064875873199193      , -0.83898363355433903     
 -0.21503404514383284      , -0.19559537939723376      , -0.78116684156170324     
 -0.20584200774702049      , -0.18603315816078411      , -0.72752567936784129     
 -0.20112931908680323      , -0.18116536963129981      , -0.67821542530855661     
 -0.20022843325788034      , -0.18027307394903186      , -0.63329409850843954     
 -0.20254054761371626      , -0.18272393010137675      , -0.59274072934587274     
 -0.20760906816273411      , -0.18797475401396574      , -0.55647248585787767     
 -0.21513755619542321      , -0.19556967171577358      , -0.52436018980393284     
 -0.22494706462680339      , -0.20513537557731906      , -0.49624198298935779     
 -0.23690157945403267      , -0.21637465526718860      , -0.47193507244194055     
 -0.25084370696879271      , -0.22905907577723930      , -0.45124560031800964     
 -0.26657045851380989      , -0.24302142513539784      , -0.43397676066707219     
 -0.28385083021590246      , -0.25814835544495218      , -0.41993532984433485     
 -0.30246160754903179      , -0.27437348785925458      , -0.40893679872533489     
 -0.32221261802824680      , -0.29167113772052305      , -0.40080929976955437     
 -0.34294901540570794      , -0.31005073261561378      , -0.39539651574186374     
 -0.36454006728904315      , -0.32955193639568431      , -0.39255974355020584     
 -0.38687385779676015      , -0.35024045017466282      , -0.39217926911047751     
 -0.40987056306744107      , -0.37220443197803904      , -0.39415518944159794     
 -0.43351160072441464      , -0.39555145607950276      , -0.39840779768278439     
 -0.45786994424711946      , -0.42040591799337096      , -0.40487762625429907     
 -0.48312527684752737      , -0.44690677909479126      , -0.41352522341094500     
 -0.50955559977323484      , -0.47520553392195697      , -0.42433071913709575     
 -0.53750848094041870      , -0.50546427174952702      , -0.43729321766365337     
 -0.56736337864670994      , -0.53785369066681721      , -0.45243003565478301     
 -0.59949712673266708      , -0.57255090604011283      , -0.46977578700513067     
 -0.63425887163192229      , -0.60973687501055940      , -0.48938129681772835     
 -0.67195382961276406      , -0.64959323398722135      , -0.51131230806695893     
 -0.71283218528035486      , -0.69229831675282183      , -0.53564792425562802     
 -0.75708134054507337      , -0.73802208723464602      , -0.56247870966875946     
 -0.80482345898801522      , -0.78691968457225403      , -0.59190434535887448     
 -0.85612114893682101      , -0.83912324162272045      , -0.62403071376360286     
 -0.91099021205109376      , -0.89473160635231996      , -0.65896625826376010     
 -0.96941215852787599      , -0.95379757650101715      , -0.69681743709137578     
  -1.0313354673842619      ,  -1.0163122633497086      , -0.73768306581018306     
  -1.0966568255294638      ,  -1.0821862475180342      , -0.78164732251353786     
  -1.1651816772264079      ,  -1.1512273020640964      , -0.82877118020333218     
  -1.2365731083514011      ,  -1.2231146665016239      , -0.87908203927150175     
  -1.3103036072582095      ,  -1.2973701971690170      , -0.93256137033902720     
  -1.3856223907082243      ,  -1.3733272361202213      , -0.98913025796572596     
  -1.4615432063740628      ,  -1.4500987710790152      ,  -1.0486328760822481     
  -1.5368485098447444      ,  -1.5265474263521797      ,  -1.1108181454454200     
  -1.6101004938904122      ,  -1.6012610163540415      ,  -1.1753201399794371     
  -1.6796499204336302      ,  -1.6725387318242921      ,  -1.2416382341557344     
  -1.7436391212351710      ,  -1.7383943355206446      ,  -1.3091185144058646     
  -1.8000031993641410      ,  -1.7965837066088675      ,  -1.3769385845074287     
  -1.8464807734660078      ,  -1.8446642303873391      ,  -1.4440985090625240     
  -1.8806507996657060      ,  -1.8800923057294496      ,  -1.5094211411549825     
  -1.9000136285755531      ,  -1.9003620552261886      ,  -1.5715652975031595     
  -1.9021308568824584      ,  -1.9031827982302114      ,  -1.6290549666315841     
  -1.8848283510310424      ,  -1.8866851170226828      ,  -1.6803267568421569     
  -1.8464505232157336      ,  -1.8496363551116888      ,  -1.7237959816215145     
  -1.7861350368321527      ,  -1.7916380410675179      ,  -1.7579391792960299     
  -1.7040624578711676      ,  -1.7132726957006661      ,  -1.7813877595971110     
  -1.6016329721238507      ,  -1.6161684807156373      ,  -1.7930244250309093     
  -1.4815350257223161      ,  -1.5029588695350191      ,  -1.7920717886868647     
  -1.3476891185010795      ,  -1.3771305048812259      ,  -1.7781619623086107     
  -1.2050561267071360      ,  -1.2427725453127778      ,  -1.7513773102249932     
  -1.0592887607007000      ,  -1.1042599496768615      ,  -1.7122560386931081     
 -0.91620353733082083      , -0.96591582889212391      ,  -1.6617612036872165     
 -0.78109858694564827      , -0.83170052098099057      ,  -1.6012170039848961     
 -0.65804657881806849      , -0.70496700230654741      ,  -1.5322206851177955     
 -0.54939505911272690      , -0.58830656487150945      ,  -1.4565410779602899     
 -0.45570054375876246      , -0.48349030064061937      ,  -1.3760153333794944     
 -0.37614000096881989      , -0.39149578312941646      ,  -1.2924539848468182     
 -0.30918564429617718      , -0.31259772590773183      ,  -1.2075617072594529     
 -0.25321814752161764      , -0.24649732083023929      ,  -1.1228778477963137     
 -0.20687804433607737      , -0.19246644036208602      ,  -1.0397377047734631     
 -0.16916369757179875      , -0.14948788969210711      , -0.95925310181428824     
 -0.13937876770828950      , -0.11637925082458615      , -0.88230924416551371     
 -0.11699649269653586      ,  -9.1893903499562668E-002 , -0.80957411805612767     
 -0.10147785034639764      ,  -7.4797586472046762E-002 , -0.74151662997261869     
  -9.2109966171637747E-002 ,  -6.3922072050415557E-002 , -0.67843005825751912     
  -8.7943350143281918E-002 ,  -5.8199293618304448E-002 , -0.62045799615403852     
  -8.7865757695504476E-002 ,  -5.6679925827361408E-002 , -0.56762064194083117     
  -9.0789996400305106E-002 ,  -5.8540348368154201E-002 , -0.51983993214592517     
  -9.5870251300789952E-002 ,  -6.3081452805168317E-002 , -0.47696256091195804     
 -0.10262875661487847      ,  -6.9722116155089525E-002 , -0.43878036149152644     
 -0.11092210380682982      ,  -7.7989515728857151E-002 , -0.40504784664213661     
 -0.12077767938374634      ,  -8.7507878633341765E-002 , -0.37549692761449566     
 -0.13220073809206739      ,  -9.7986779594274140E-002 , -0.34984897538591037     
 -0.14505430130743183      , -0.10920972673848564      , -0.32782447175601614     
 -0.15906163134557022      , -0.12102349597512529      , -0.30915053859972014     
 -0.17390024247977384      , -0.13332847406205278      , -0.29356664452594172     
 -0.18929916796215537      , -0.14607013108359065      , -0.28082877981958682     
 -0.20506816845536080      , -0.15923164952925400      , -0.27071237047079422     
 -0.22105802109759193      , -0.17282767687931797      , -0.26301417569665608     
 -0.23710612756839980      , -0.18689913183338283      , -0.25755338429269542     
 -0.25302435375331667      , -0.20150897378470639      , -0.25417209580375427     
 -0.26864748597938165      , -0.21673883553326737      , -0.25273534436015060     
 -0.28391523246762596      , -0.23268641671678922      , -0.25313079693558804     
 -0.29893979346990102      , -0.24946353727361886      , -0.25526823416466127     
 -0.31402183418703955      , -0.26719475444867991      , -0.25907890083227025     
 -0.32960736243661420      , -0.28601645195124986      , -0.26451479464037853     
 -0.34620887487396257      , -0.30607631475629160      , -0.27154794566341145     
 -0.36432817535491535      , -0.32753310681370912      , -0.28016972472774587     
 -0.38440755821874073      , -0.35055667081892139      , -0.29039020643681313     
 -0.40681254245559045      , -0.37532806847835753      , -0.30223760130804356     
 -0.43183214875510711      , -0.40203977563750370      , -0.31575776104721937     
 -0.45968146429627255      , -0.43089583842782897      , -0.33101375087482215     
 -0.49050411613507811      , -0.46211188333042980      , -0.34808547250654798     
 -0.52438662088730759      , -0.49591485471487706      , -0.36706931029059908     
 -0.56139639833016119      , -0.53254232681396518      , -0.38807776046718501     
 -0.60163913471424957      , -0.57224120193494643      , -0.41123898881699250     
 -0.64531286506288077      , -0.61526556162170254      , -0.43669624430404413     
 -0.69272901018605204      , -0.66187338119341854      , -0.46460703482419996     
 -0.74428122860338353      , -0.71232174967747208      , -0.49514194493394065     
 -0.80036798958917799      , -0.76686015654029704      , -0.52848294357277537     
 -0.86129860125985147      , -0.82572131529877424      , -0.56482099157809673     
 -0.92721893354832607      , -0.88910889631946843      , -0.60435271386681955     
 -0.99808006968492435      , -0.95718144561732144      , -0.64727584989268017     
  -1.0736509230208153      ,  -1.0300316888973573      , -0.69378314002236041     
  -1.1535574614245629      ,  -1.1076603862467747      , -0.74405424852281254     
  -1.2373249775894297      ,  -1.1899439527310121      , -0.79824527282869806     
  -1.3244050732299224      ,  -1.2765952520927344      , -0.85647535524582685     
  -1.4141775786916710      ,  -1.3671173852263221      , -0.91880991527361622     
  -1.5059223769625765      ,  -1.4607510350535038      , -0.98524008462433921     
  -1.5987572553969613      ,  -1.5564171138177354      ,  -1.0556580887928402     
  -1.6915424520153852      ,  -1.6526582029154728      ,  -1.1298286242713289     
  -1.7827656118873934      ,  -1.7475846497656911      ,  -1.2073567810173433     
  -1.8704366609928134      ,  -1.8388341462472721      ,  -1.2876538045436170     
  -1.9520278530278345      ,  -1.9235568958115867      ,  -1.3699030094540989     
  -2.0244831542114232      ,  -1.9984414754470683      ,  -1.4530294256971485     
  -2.0842992463818462      ,  -2.0597981597360326      ,  -1.5356781714554506     
  -2.1276632523258296      ,  -2.1037152903137084      ,  -1.6162078635177315     
  -2.1506339593898236      ,  -2.1262985059202357      ,  -1.6927062008074754     
  -2.1493738966674578      ,  -2.1239908924464261      ,  -1.7630346532475247     
  -2.1204609085438655      ,  -2.0939542405694795      ,  -1.8249073791125396     
  -2.0613028126491768      ,  -2.0344698460352229      ,  -1.8760056647451384     
  -1.9706302267380262      ,  -1.9452969176045305      ,  -1.9141233645507050     
  -1.8489671403226309      ,  -1.8279153874829066      ,  -1.9373317682185185     
  -1.6989367274249978      ,  -1.6855855241203963      ,  -1.9441455890870691     
  -1.5253115177624650      ,  -1.5231832073349167      ,  -1.9336674312105187     
  -1.3348277151900265      ,  -1.3468136481388202      ,  -1.9056880830014979     
  -1.1358153603807621      ,  -1.1632561703974931      ,  -1.8607252165892612     
 -0.93759015668318046      , -0.97933229922058140      ,  -1.7999928104286804     
 -0.74946271807012521      , -0.80130503042066714      ,  -1.7253055011865772     
 -0.57933058382265767      , -0.63440384938197447      ,  -1.6389329214769353     
 -0.43215755832706904      , -0.48253394132337513      ,  -1.5434260887480573     
 -0.30908491578412667      , -0.34818283590830196      ,  -1.4414396800717835     
 -0.20793491526849456      , -0.23249812814134732      ,  -1.3355709038006018     
 -0.12497149022474215      , -0.13548555971593074      ,  -1.2282293332833776     
  -5.6763664625195165E-002 ,  -5.6269906219155272E-002 ,  -1.1215446562215881     
  -1.0781718374141061E-003 ,   6.6318975710786821E-003 ,  -1.0173126590833490     
   4.3276516492324918E-002 ,   5.5061524558877140E-002 , -0.91697499538263172     
   7.6961344675002194E-002 ,   9.1014157251776917E-002 , -0.82162566727776609     
  0.10047024747244424      ,  0.11648438835860699      , -0.73203639435533829     
  0.11443809582086578      ,  0.13336077817771405      , -0.64869359043157415     
  0.11996433567064346      ,  0.14336166147433382      , -0.57184093095123456     
  0.11874266079504274      ,  0.14800295290998974      , -0.50152299788620158     
  0.11292701397008187      ,  0.14858893126008563      , -0.43762692591034791     
  0.10479635799826249      ,  0.14621829166196354      , -0.37992018122204974     
   9.6237577606155519E-002 ,  0.14179943589764171      , -0.32808352909402183     
   8.8265950390749026E-002 ,  0.13607060347492927      , -0.28173890008174274     
   8.0944955595906212E-002 ,  0.12962183015824019      , -0.24047229154001515     
   7.3756562337244133E-002 ,  0.12291679566143585      , -0.20385209363802392     
   6.6146168663898039E-002 ,  0.11631340530896644      , -0.17144335712803233     
   5.7961814277169468E-002 ,  0.11008249150981247      , -0.14281856471464840     
   4.9585824204403342E-002 ,  0.10442437711713656      , -0.11756546009112379     
   4.1690643378984177E-002 ,   9.9483265975480822E-002 ,  -9.5292450698742537E-002
   3.4844060325624773E-002 ,   9.5359557810579046E-002 ,  -7.5632046969053610E-002
   2.9312007718645998E-002 ,   9.2120256097234787E-002 ,  -5.8242741815565935E-002
   2.5157559887294467E-002 ,   8.9807670522331809E-002 ,  -4.2809675278040152E-002
   2.2470985054133218E-002 ,   8.8446624947945987E-002 ,  -2.9044373790967137E-002
   2.1522984463986511E-002 ,   8.8050377067792895E-002 ,  -1.6683803224649796E-002
   2.2723041923931646E-002 ,   8.8625443418063860E-002 ,  -5.4889303017962065E-003
   2.6419647851900423E-002 ,   9.0175506903978228E-002 ,   4.7570517042281801E-003
   3.2687763599356399E-002 ,   9.2704565893845861E-002 ,   1.4250710197358178E-002
   4.1234032506351527E-002 ,   9.6219465629758111E-002 ,   2.3170478593267770E-002
   5.1475704066970551E-002 ,  0.10073193503900983      ,   3.1678808289697137E-002
   6.2752575392697962E-002 ,  0.10626023546901686      ,   3.9924315065625528E-002
   7.4545585972207243E-002 ,  0.11283051264599034      ,   4.8043883403733036E-002
   8.6590002890625545E-002 ,  0.12047792935848968      ,   5.6164704860415256E-002
   9.8867196104700086E-002 ,  0.12924764397219127      ,   6.4406236612651963E-002
  0.11152745392598236      ,  0.13919568879702723      ,   7.2882074089193616E-002
  0.12481229536879046      ,  0.15038979239713457      ,   8.1701737491125151E-002
  0.13902915033910088      ,  0.16291018095003260      ,   9.0972376317400280E-002
  0.15456205696936789      ,  0.17685038546522014      ,  0.10080039897459114     
  0.17184666145901112      ,  0.19231807375030874      ,  0.11129303635303416     
  0.19127841933899106      ,  0.20943591808758993      ,  0.12255984902471209     
  0.21309171795485835      ,  0.22834250119983526      ,  0.13471418753482758     
  0.23727655090650906      ,  0.24919325368583059      ,  0.14787461413054032     
  0.26359788262077116      ,  0.27216140501006614      ,  0.16216629213985403     
  0.29173626592683011      ,  0.29743891648856235      ,  0.17772234594660688     
  0.32148715845803083      ,  0.32523734746483168      ,  0.19468518987864572     
  0.35291895638765181      ,  0.35578858369275485      ,  0.21320781800241143     
  0.38642416517065903      ,  0.38934532818804513      ,  0.23345503833546014     
  0.42265771357419990      ,  0.42618121744158366      ,  0.25560462372991749     
  0.46240268565596482      ,  0.46659037743175252      ,  0.27984833683908750     
  0.50642588990558646      ,  0.51088617139247883      ,  0.30639276713294245     
  0.55537094421143018      ,  0.55939881143258230      ,  0.33545989260639347     
  0.60970122005757921      ,  0.61247140525082377      ,  0.36728724609690205     
  0.66967758124137744      ,  0.67045388387585647      ,  0.40212752422049775     
  0.73535479320286601      ,  0.73369410400377422      ,  0.44024742390437027     
  0.80660304798658333      ,  0.80252523878664739      ,  0.48192542541007199     
  0.88317364658643938      ,  0.87724836805713469      ,  0.52744816004763362     
  0.96480610484701601      ,  0.95810896533412482      ,  0.57710490493869326     
   1.0513429678348871      ,   1.0452657805728223      ,  0.63117963775002872     
   1.1427999874360575      ,   1.1387504820354777      ,  0.68993996663175328     
   1.2393344639961850      ,   1.2384164273482181      ,  0.75362213632406572     
   1.3410810385129559      ,   1.3438752066554114      ,  0.82241122208398265     
   1.4478878264833281      ,   1.4544203201472676      ,  0.89641559472431365     
   1.5590446934109115      ,   1.5689387609178072      ,  0.97563482829485038     
   1.6731050819197597      ,   1.6858136658766292      ,   1.0599205065801458     
   1.7878614583400152      ,   1.8028248692118054      ,   1.1489299706560232     
   1.9004608109649430      ,   1.9170593339240956      ,   1.2420740599845279     
   2.0075785152130372      ,   2.0248499264203508      ,   1.3384614507544750     
   2.1055494071080658      ,   2.1217681005363196      ,   1.4368443490931841     
   2.1903945765054460      ,   2.2027020523138305      ,   1.5355729780716709     
   2.2577539713835022      ,   2.2620538223631388      ,   1.6325691829374855     
   2.3028085246746350      ,   2.2940825631095625      ,   1.7253318865775926     
   2.3203251995409104      ,   2.2934025096515773      ,   1.8109879719485740     
   2.3049637480293828      ,   2.2556108582566328      ,   1.8864000927656583     
   2.2519271714850677      ,   2.1779756365249536      ,   1.9483366994347122     
   2.1579064624723014      ,   2.0600674067786091      ,   1.9936988387326597     
   2.0220808416450025      ,   1.9041894755754216      ,   2.0197843039439829     
   1.8467893973603489      ,   1.7154692943814802      ,   2.0245557812127513     
   1.6375869714793347      ,   1.5015302430138926      ,   2.0068705581414674     
   1.4027981293198868      ,   1.2717598040209583      ,   1.9666297015238157     
   1.1529881571102396      ,   1.0362971825751546      ,   1.9048163682796677     
  0.90050107836400450      ,  0.80493991239132967      ,   1.8234138682300103     
  0.65866901811157763      ,  0.58618396610125834      ,   1.7252181534258575     
  0.44014160108759370      ,  0.38656124625243360      ,   1.6135790714816123     
  0.25410001854810732      ,  0.21034630813473335      ,   1.4921143988777912     
  0.10332034705326405      ,   5.9608695163686748E-002 ,   1.3644388805009304     
  -1.6273110623753157E-002 ,  -6.5479933137011226E-002 ,   1.2339398472094227     
 -0.11226712214409745      , -0.16620055027530495      ,   1.1036162944159156     
 -0.19124119212117469      , -0.24481000764352695      ,  0.97598429919751772     
 -0.25648650302912807      , -0.30410886996064257      ,  0.85304136147876719     
 -0.30876873165905810      , -0.34709476490187574      ,  0.73627664433751827     
 -0.34817455941396802      , -0.37671289195006802      ,  0.62671257737338548     
 -0.37490813315620386      , -0.39569614814294074      ,  0.52496455981118595     
 -0.38957703883656136      , -0.40647782964416257      ,  0.43130818574931273     
 -0.39386945458410888      , -0.41115746707718875      ,  0.34574645755035577     
 -0.39068092918049113      , -0.41150210621487715      ,  0.26807221390270930     
 -0.38351331660994437      , -0.40896890310199524      ,  0.19792318892810590     
 -0.37599282930916833      , -0.40473875859198022      ,  0.13482868670199558     
 -0.37116362726492663      , -0.39975409662649936      ,   7.8247876867343358E-002
 -0.37041574777341235      , -0.39475651542952789      ,   2.7600314319150377E-002
 -0.37322305263576655      , -0.39032191242298492      ,  -1.7710416716385423E-002
 -0.37802070683803329      , -0.38689192741735651      ,  -5.8278932325788971E-002
 -0.38327727519375709      , -0.38480132170628584      ,  -9.4685166360762144E-002
 -0.38828481153311251      , -0.38430135678688487      , -0.12748546907213734     
 -0.39352371519257906      , -0.38557946906189577      , -0.15720688788408219     
 -0.40016487001732448      , -0.38877563790933228      , -0.18434394603443194     
 -0.40902380340339334      , -0.39399586905819672      , -0.20935734501658584     
 -0.42006091399525380      , -0.40132319833040991      , -0.23267411661505247     
 -0.43271800540955024      , -0.41082658358391927      , -0.25468883757681537     
 -0.44654326317423487      , -0.42256800707019559      , -0.27576559431625691     
 -0.46166525377498940      , -0.43660806267782115      , -0.29624044721241904     
 -0.47880390779869786      , -0.45301025559336150      , -0.31642419513785502     
 -0.49883477121992459      , -0.47184419680003337      , -0.33660528206910106     
 -0.52231380043814146      , -0.49318783156868379      , -0.35705272011539529     
 -0.54924845554608026      , -0.51712879917563415      , -0.37801892807114496     
 -0.57919285365302975      , -0.54376497977004823      , -0.39974240249018106     
 -0.61161674459512039      , -0.57320424278403181      , -0.42245014997122587     
 -0.64625944761343879      , -0.60556336871600913      , -0.44635981535506558     
 -0.68322337073370165      , -0.64096607180850518      , -0.47168144125200534     
 -0.72287050595203939      , -0.67954000459510544      , -0.49861879002709569     
 -0.76564913993648254      , -0.72141257642418488      , -0.52737015029433365     
 -0.81189940346600953      , -0.76670536747726248      , -0.55812853633776005     
 -0.86180044990271965      , -0.81552686917319506      , -0.59108117101442681     
 -0.91550692097688080      , -0.86796323453109814      , -0.62640812116689004     
 -0.97322984394672507      , -0.92406668383501045      , -0.66427993038313904     
  -1.0351459073604321      , -0.98384119101453216      , -0.70485406880495360     
  -1.1012365896640317      ,  -1.0472250883707017      , -0.74826999640014280     
  -1.1711335114715380      ,  -1.1140702913966432      , -0.79464261903395428     
  -1.2440676933508674      ,  -1.1841179882630797      , -0.84405391227026083     
  -1.3190228098715688      ,  -1.2569708943107780      , -0.89654250528706636     
  -1.3949931522475751      ,  -1.3320625811600497      , -0.95209106900782137     
  -1.4711458741357260      ,  -1.4086249955284553      ,  -1.0106114543405447     
  -1.5467918935350757      ,  -1.4856561204709910      ,  -1.0719276969676881     
  -1.6211939528181900      ,  -1.5618908147046162      ,  -1.1357572641826892     
  -1.6933057037417776      ,  -1.6357791596741007      ,  -1.2016912837629112     
  -1.7615825941944776      ,  -1.7054780339848252      ,  -1.2691749722667758     
  -1.8239507861157889      ,  -1.7688628873783263      ,  -1.3374900584707226     
  -1.8779233807412401      ,  -1.8235674200729917      ,  -1.4057416326856329     
  -1.9207926288129520      ,  -1.8670585584756816      ,  -1.4728524544807782     
  -1.9498075850438890      ,  -1.8967521385750084      ,  -1.5375681751794532     
  -1.9623040010190127      ,  -1.9101705150628026      ,  -1.5984769812271005     
  -1.9558330378834430      ,  -1.9051366868038477      ,  -1.6540466183546458     
  -1.9283305831933868      ,  -1.8799909029060546      ,  -1.7026804229180070     
  -1.8783403542400583      ,  -1.8338064567641899      ,  -1.7427917898376235     
  -1.8052868133672646      ,  -1.7665738233804884      ,  -1.7728935811366489     
  -1.7097446606958382      ,  -1.6793193399910480      ,  -1.7916957382361516     
  -1.5936282034617872      ,  -1.5741287994909499      ,  -1.7982014834472844     
  -1.4602579890669998      ,  -1.4540585711738296      ,  -1.7917907942460058     
  -1.3142892370712982      ,  -1.3229355864692047      ,  -1.7722800115972297     
  -1.1614718910504214      ,  -1.1850684983651558      ,  -1.7399488134297523     
  -1.0081979262806529      ,  -1.0449098261764556      ,  -1.6955300711564372     
 -0.86081091123125120      , -0.90671780055009554      ,  -1.6401634518064443     
 -0.72474186867700119      , -0.77426443399857336      ,  -1.5753188259838156     
 -0.60369129781289554      , -0.65062418559314306      ,  -1.5026994293425207     
 -0.49919368003598308      , -0.53805960856055846      ,  -1.4241365517228026     
 -0.41080517723346599      , -0.43800192017994610      ,  -1.3414871510683963     
 -0.33682903546205578      , -0.35111004356225739      ,  -1.2565436330226010     
 -0.27518633905796258      , -0.27738372851379317      ,  -1.1709618668190174     
 -0.22403539379973605      , -0.21630490680726164      ,  -1.0862101432000582     
 -0.18201333287592336      , -0.16698485479310698      ,  -1.0035388660824414     
 -0.14822026045502920      , -0.12830075441590932      , -0.92396866930221366     
 -0.12208508657459878      ,  -9.9011800828282467E-002 , -0.84829344980179178     
 -0.10316057096781694      ,  -7.7850703932708876E-002 , -0.77709439787087953     
  -9.0892363384727864E-002 ,  -6.3590613793592488E-002 , -0.71076127246323817     
  -8.4457617057413822E-002 ,  -5.5090083998159803E-002 , -0.64951768650273467     
  -8.2753132819950059E-002 ,  -5.1319928652182122E-002 , -0.59344783846858606     
  -8.4548015165864535E-002 ,  -5.1376111790610725E-002 , -0.54252281249798806     
  -8.8744256321245232E-002 ,  -5.4482506497482014E-002 , -0.49662518528688282     
  -9.4614410481350802E-002 ,  -5.9986771525834218E-002 , -0.45557118450738321     
 -0.10187716273267720      ,  -6.7351918144290771E-002 , -0.41913003141958882     
 -0.11057347527499208      ,  -7.6145498697450006E-002 , -0.38704037906701927     
 -0.12083099841265679      ,  -8.6027798752510112E-002 , -0.35902394463510756     
 -0.13265339344243321      ,  -9.6739974650656230E-002 , -0.33479655016284376     
 -0.14584046055962765      , -0.10809274326090544      , -0.31407684844854894     
 -0.16005876550343170      , -0.11995598579839001      , -0.29659303637498741     
 -0.17498083909085027      , -0.13224945471734162      , -0.28208785835243927     
 -0.19037402397038181      , -0.14493465480064185      , -0.27032218738771446     
 -0.20608504160259078      , -0.15800789211005009      , -0.26107744707156139     
 -0.22196199425780225      , -0.17149443591142843      , -0.25415710912940392     
 -0.23779752058863432      , -0.18544371031143450      , -0.24938747116086327     
 -0.25334875568861664      , -0.19992541770844602      , -0.24661788975310234     
 -0.26842736980943044      , -0.21502649063002746      , -0.24572061646105828     
 -0.28300548679098103      , -0.23084876878264615      , -0.24659035883437774     
 -0.29727808059504784      , -0.24750730180244249      , -0.24914366600070298     
 -0.31165082354147083      , -0.26512918355277493      , -0.25331821830752771     
 -0.32666297807589184      , -0.28385282959556735      , -0.25907208303752821     
 -0.34288648825704843      , -0.30382761469181757      , -0.26638298299531660     
 -0.36084531083865407      , -0.32521379106320952      , -0.27524761149537930     
 -0.38097518077172354      , -0.34818260996592526      , -0.28568101558953890     
 -0.40361564519331472      , -0.37291656820932029      , -0.29771605884614949     
 -0.42901328375063907      , -0.39960969688581727      , -0.31140296518496530     
 -0.45732249422518151      , -0.42846780097640164      , -0.32680893569513642     
 -0.48861112614001995      , -0.45970854475326928      , -0.34401782048743806     
 -0.52289065576662930      , -0.49356125796539929      , -0.36312981686817919     
 -0.56017947422707381      , -0.53026631045188799      , -0.38426115281641809     
 -0.60058237774011780      , -0.57007386672513005      , -0.40754370016543978     
 -0.64435019250075942      , -0.61324178576453203      , -0.43312444421807728     
 -0.69188333363243670      , -0.66003237338925247      , -0.46116471487057925     
 -0.74366645666804454      , -0.71070762410160104      , -0.49183905773979042     
 -0.80015664551020860      , -0.76552250598750449      , -0.52533359135827784     
 -0.86167083427815383      , -0.82471574748206744      , -0.56184365743896569     
 -0.92831466103908622      , -0.88849748268377926      , -0.60157052509409392     
 -0.99997072619557748      , -0.95703301110356997      , -0.64471685702333670     
  -1.0763361489599679      ,  -1.0304218440011301      , -0.69148058764199649     
  -1.1569821321457696      ,  -1.1086711689674305      , -0.74204680358594444     
  -1.2414080992634315      ,  -1.1916629079707703      , -0.79657716295425818     
  -1.3290731617856613      ,  -1.2791137317463777      , -0.85519635278332806     
  -1.4193969119280618      ,  -1.3705278083744008      , -0.91797508300500474     
  -1.5117231483109397      ,  -1.4651428133852800      , -0.98490917658624821     
  -1.6052397280836499      ,  -1.5618709377351614      ,  -1.0558944769156287     
  -1.6988565528482971      ,  -1.6592384213378226      ,  -1.1306976022292721     
  -1.7910650122499592      ,  -1.7553295920387670      ,  -1.2089230872994532     
  -1.8798215611430256      ,  -1.8477444638281029      ,  -1.2899782167765024     
  -1.9624983581640962      ,  -1.9335823784575716      ,  -1.3730379039287575     
  -2.0359208154138013      ,  -2.0094673378281551      ,  -1.4570132840711101     
  -2.0964795410101753      ,  -2.0716324741702135      ,  -1.5405291632885045     
  -2.1402854824271489      ,  -2.1160799622598705      ,  -1.6219168435451898     
  -2.1633480057816588      ,  -2.1388267571723301      ,  -1.6992297223010837     
  -2.1617897772799806      ,  -2.1362343452227091      ,  -1.7702888766971601     
  -2.1321426913427994      ,  -2.1054020599515408      ,  -1.8327639813947796     
  -2.0717632055981694      ,  -2.0445807668991480      ,  -1.8842909353405151     
  -1.9793459970584866      ,  -1.9535423966589387      ,  -1.9226215166584080     
  -1.8554244516847849      ,  -1.8338290488603362      ,  -1.9457930344686416     
  -1.7026965487827037      ,  -1.6888114028237018      ,  -1.9522989358118306     
  -1.5260737478858071      ,  -1.5235141097589926      ,  -1.9412368422279591     
  -1.3324777125972478      ,  -1.3442120210571691      ,  -1.9124105565793181     
  -1.1304488537581801      ,  -1.1578532144471796      ,  -1.8663681352799042     
 -0.92951562803780552      , -0.97140576902449882      ,  -1.8043683566136113     
 -0.73917372681157245      , -0.79124071353522030      ,  -1.7282803210774276     
 -0.56743529576749585      , -0.62264865754680543      ,  -1.6404321365977033     
 -0.41926082347556393      , -0.46954913069346166      ,  -1.5434317569348321     
 -0.29565586480988093      , -0.33440429339267902      ,  -1.4399846537350298     
 -0.19423535316727988      , -0.21830781663064763      ,  -1.3327295467317848     
 -0.11109311457019072      , -0.12119519779513725      ,  -1.2241066936955947     
  -4.2735661200824650E-002 ,  -4.2115597683410992E-002 ,  -1.1162655197519116     
   1.3039423050350392E-002 ,   2.0486709436646308E-002 ,  -1.0110115465697123     
   5.7364288153112987E-002 ,   6.8517777469615099E-002 , -0.90978775496973741     
   9.0860045446458121E-002 ,  0.10402626193743578      , -0.81368293448099915     
  0.11401055747679020      ,  0.12904874663052246      , -0.72345890814728753     
  0.12747366686793124      ,  0.14550507020936551      , -0.63958917068628618     
  0.13240744964335219      ,  0.15513562773870865      , -0.56230283043951657     
  0.13058527834451583      ,  0.15947093878374241      , -0.49162931722975295     
  0.12424162377892195      ,  0.15982416769303215      , -0.42744079806285401     
  0.11572210013202550      ,  0.15729872395344635      , -0.36949047281843572     
  0.10694776491847893      ,  0.15280484568268940      , -0.31744585488358845     
   9.8922919993430752E-002 ,  0.14708076104513482      , -0.27091679461893292     
   9.1667928498490800E-002 ,  0.14071543813105639      , -0.22947842460269577     
   8.4618359833512208E-002 ,  0.13417102251796589      , -0.19268945063371956     
   7.7192875507702360E-002 ,  0.12780384748378712      , -0.16010633292912446     
   6.9243142359556448E-002 ,  0.12188343978152048      , -0.13129393972555115     
   6.1180057955858062E-002 ,  0.11660929459036382      , -0.10583324203678925     
   5.3706838337888869E-002 ,  0.11212541045637760      ,  -8.3326575815892520E-002
   4.7403051703542476E-002 ,  0.10853270131855734      ,  -6.3400941043187109E-002
   4.2527088589527251E-002 ,  0.10589946947631626      ,  -4.5709745725188280E-002
   3.9129389746255780E-002 ,  0.10427015253733518      ,  -2.9933342086985087E-002
   3.7295373628306067E-002 ,  0.10367256371322282      ,  -1.5778645510833335E-002
   3.7302193398822736E-002 ,  0.10412383785823971      ,  -2.9780755577153233E-003
   3.9570152944305513E-002 ,  0.10563528140448651      ,   8.7119867305855848E-003
   4.4452299773460775E-002 ,  0.10821630655474181      ,   1.9513070123515407E-002
   5.2016214439689651E-002 ,  0.11187761099747581      ,   2.9626691293402192E-002
   6.1951700346662197E-002 ,  0.11663374533339807      ,   3.9236545986113792E-002
   7.3659683279567151E-002 ,  0.12250519210664432      ,   4.8510742915426050E-002
   8.6476606455640606E-002 ,  0.12952006322130361      ,   5.7604029240280456E-002
   9.9899384250135406E-002 ,  0.13771550677706540      ,   6.6659972083182917E-002
  0.11369561470158381      ,  0.14713890001021801      ,   7.5813073027227965E-002
  0.12788745078488858      ,  0.15784889200725963      ,   8.5190802334656729E-002
  0.14266627732605491      ,  0.16991634801598865      ,   9.4915547152699190E-002
  0.15830947030520537      ,  0.18342523629126711      ,  0.10510647354626416     
  0.17515457710349122      ,  0.19847348819084690      ,  0.11588130609579436     
  0.19361200457414629      ,  0.21517385232113451      ,  0.12735803123493067     
  0.21413944348819086      ,  0.23365475348327366      ,  0.13965653162546596     
  0.23714749083649381      ,  0.25406115644904970      ,  0.15290015875808619     
  0.26287776300097976      ,  0.27655542254615456      ,  0.16721724963564050     
  0.29132180151994186      ,  0.30131813284431563      ,  0.18274259076972924     
  0.32224658311014759      ,  0.32854883440907107      ,  0.19961882863850883     
  0.35534362924476109      ,  0.35846664439448767      ,  0.21799781994534886     
  0.39043427197926894      ,  0.39131061915952309      ,  0.23804190709181647     
  0.42762725175366934      ,  0.42733976025768178      ,  0.25992509369566286     
  0.46736317125119015      ,  0.46683248383084736      ,  0.28383408103491098     
  0.51034199531075186      ,  0.51008532201043177      ,  0.30996910807541045     
  0.55737653744163640      ,  0.55741055142552731      ,  0.33854451411498021     
  0.60923748432898595      ,  0.60913235169282998      ,  0.36978891269851522     
  0.66653974297266361      ,  0.66558098285394907      ,  0.40394482676344723     
  0.72968312174459959      ,  0.72708433304494668      ,  0.44126758626840140     
  0.79883176373218401      ,  0.79395602623684047      ,  0.48202322918040019     
  0.87391504598516057      ,  0.86647909879151963      ,  0.52648507335109662     
  0.95465513103095878      ,  0.94488406424180749      ,  0.57492854014299799     
   1.0406378405211414      ,   1.0293200115880103      ,  0.62762371220481183     
   1.1314195428253691      ,   1.1198172657769607      ,  0.68482500244872102     
   1.2266313803633770      ,   1.2162401498838087      ,  0.74675720953346603     
   1.3260250773935811      ,   1.3182286351005581      ,  0.81359715612049432     
   1.4294038610198037      ,   1.4251283035935616      ,  0.88545008151459337     
   1.5364175947688730      ,   1.5359092905780751      ,  0.96232003866968674     
   1.6462740356711281      ,   1.6490769691601981      ,   1.0440737963954980     
   1.7574757694451202      ,   1.7625803520093120      ,   1.1303982621456463     
   1.8676872751170110      ,   1.8737286770511576      ,   1.2207523257973252     
   1.9737753064117560      ,   1.9791323337539792      ,   1.3143153831750887     
   2.0719805100902211      ,   2.0746905761774594      ,   1.4099366878493840     
   2.1581189027748389      ,   2.1556539445227054      ,   1.5060920462594489     
   2.2277207504585048      ,   2.2167915023342668      ,   1.6008569537318578     
   2.2760864222800592      ,   2.2526884218042524      ,   1.6919075042317528     
   2.2983289992518494      ,   2.2581843870692953      ,   1.7765613825387028     
   2.2895383264991271      ,   2.2289354566246842      ,   1.8518697931255470     
   2.2452021967996192      ,   2.1620431645734275      ,   1.9147661847452768     
   2.1619308311768957      ,   2.0566529170936714      ,   1.9622686169821451     
   2.0383544748698785      ,   1.9143940614837531      ,   1.9917204286638490     
   1.8758802369584204      ,   1.7395340488428781      ,   2.0010411052933321     
   1.6789835696188378      ,   1.5387608201874197      ,   1.9889499507456627     
   1.4549942307019035      ,   1.3205875736851553      ,   1.9551235362441517     
   1.2136669993609979      ,   1.0944698721640391      ,   1.9002562817400708     
  0.96673412927221047      ,  0.86980197130440695      ,   1.8260108125278076     
  0.72717778789016063      ,  0.65498696600371087      ,   1.7348662255019947     
  0.50773209407036235      ,  0.45674402410833626      ,   1.6298915649064565     
  0.31835156277458709      ,  0.27974115223213653      ,   1.5144830970439576     
  0.16329435860308311      ,  0.12655500924438956      ,   1.3921050714225933     
   4.0028903956262123E-002 ,  -2.1093609545281568E-003 ,   1.2660659784698975     
  -5.8308377075869930E-002 , -0.10703999294361360      ,   1.1393497488246689     
 -0.13859897273340283      , -0.19008160102014149      ,   1.0145082306768012     
 -0.20492270246221511      , -0.25371953242299472      ,  0.89361081724419855     
 -0.25864384973798560      , -0.30073129688479561      ,  0.77824067797363217     
 -0.30005379539837929      , -0.33392454246025399      ,  0.66952453904332021     
 -0.32936544987358479      , -0.35596005720225277      ,  0.56818335328088643     
 -0.34699105731477448      , -0.36924698732802863      ,  0.47459326396003948     
 -0.35414271085178051      , -0.37589322082260024      ,  0.38884895656509771     
 -0.35320143170170903      , -0.37769423707262845      ,  0.31082411065795684     
 -0.34732775183787679      , -0.37614639022080093      ,  0.24022584882287670     
 -0.33998982444860681      , -0.37247398388673925      ,  0.17664171537082027     
 -0.33435990370666446      , -0.36766269850571237      ,  0.11957883348917736     
 -0.33227848410061289      , -0.36249455027626887      ,   6.8495581330194732E-002
 -0.33371817354523353      , -0.35758150586839088      ,   2.2826506073900316E-002
 -0.33738324359583793      , -0.35339622047587044      ,  -1.7998639778078043E-002
 -0.34174372562579725      , -0.35029923678836039      ,  -5.4540824849171811E-002
 -0.34587599234256744      , -0.34856251030891594      ,  -8.7341759806201569E-002
 -0.34994740355158793      , -0.34838942264384626      , -0.11691723052267909     
 -0.35495893232492687      , -0.34993159229674742      , -0.14375306250130479     
 -0.36181485387485879      , -0.35330285041969134      , -0.16830313786135651     
 -0.37067061400751006      , -0.35859075534454887      , -0.19098898192971681     
 -0.38108880534497352      , -0.36586599856871060      , -0.21220052210168877     
 -0.39260841742192898      , -0.37519002047089617      , -0.23229769598738090     
 -0.40525526646283450      , -0.38662111437854607      , -0.25161264904947012     
 -0.41966469060444100      , -0.40021925684407017      , -0.27045231471455861     
 -0.43673256076493472      , -0.41604986199587363      , -0.28910121329269922     
 -0.45712853417056820      , -0.43418661921318441      , -0.30782434099060302     
 -0.48100087486421361      , -0.45471353602796433      , -0.32687004780146445     
 -0.50798569293757112      , -0.47772627159494169      , -0.34647282392138790     
 -0.53751042540699800      , -0.50333280959024207      , -0.36685592925790400     
 -0.56917013021856011      , -0.53165348217388397      , -0.38823381009042951     
 -0.60290185180218925      , -0.56282031778690689      , -0.41081425140154459     
 -0.63894032043714488      , -0.59697564414214421      , -0.43480021307211597     
 -0.67767855007524436      , -0.63426983296738892      , -0.46039129315319621     
 -0.71949398651085283      , -0.67485802422642949      , -0.48778475182937375     
 -0.76466703151226989      , -0.71889561443919947      , -0.51717601545449898     
 -0.81348364991006550      , -0.76653223684161209      , -0.54875856116675947     
 -0.86633193160434641      , -0.81790390218311593      , -0.58272305918769784     
 -0.92362485369236136      , -0.87312291159351063      , -0.61925562236534037     
 -0.98561767792849009      , -0.93226510369459192      , -0.65853498173058778     
  -1.0522203654739228      , -0.99535396770232754      , -0.70072837453749337     
  -1.1229036066020206      ,  -1.0623411591474730      , -0.74598590049483626     
  -1.1968143568202732      ,  -1.1330830190770358      , -0.79443307761640658     
  -1.2730498981084373      ,  -1.2073128544503686      , -0.84616131890993951     
  -1.3508899325402421      ,  -1.2846090303135032      , -0.90121606603373261     
  -1.4298483805915925      ,  -1.3643594057596606      , -0.95958237131782331     
  -1.5095369426444576      ,  -1.4457233725700702      ,  -1.0211678349887090     
  -1.5894080541836026      ,  -1.5275937779192856      ,  -1.0857830039380234     
  -1.6685018450656119      ,  -1.6085623533591964      ,  -1.1531196477268890     
  -1.7453095392226552      ,  -1.6868938939161400      ,  -1.2227277695525685     
  -1.8177819607480004      ,  -1.7605161903145281      ,  -1.2939927958138346     
  -1.8834447139808379      ,  -1.8270343129837907      ,  -1.3661151039794051     
  -1.9395415299826011      ,  -1.8837787772127064      ,  -1.4380948387112886     
  -1.9831495727851407      ,  -1.9278966816365157      ,  -1.5087257139824952     
  -2.0112808974809528      ,  -1.9564922881605553      ,  -1.5766020145148025     
  -2.0210039555759436      ,  -1.9668179842404507      ,  -1.6401430354681412     
  -2.0096058795719576      ,  -1.9565078935156675      ,  -1.6976384459203631     
  -1.9748241447614781      ,  -1.9238352622592316      ,  -1.7473162883833551     
  -1.9151482757252740      ,  -1.8679631247608479      ,  -1.7874324592804500     
  -1.8301452100668882      ,  -1.7891488963989355      ,  -1.8163767754887499     
  -1.7207479766433558      ,  -1.6888613174542515      ,  -1.8327867172578691     
  -1.5894518749040378      ,  -1.5697756537403367      ,  -1.8356565804305158     
  -1.4403680040724696      ,  -1.4356308657342878      ,  -1.8244281277482193     
  -1.2791031260472576      ,  -1.2909575812169940      ,  -1.7990497282333926     
  -1.1124325867975762      ,  -1.1407118013422741      ,  -1.7599946421626305     
 -0.94770659586367689      , -0.98986866166433762      ,  -1.7082349636031091     
 -0.79196020871788186      , -0.84303727905915227      ,  -1.6451744759519611     
 -0.65084423046717510      , -0.70414998917810345      ,  -1.5725497021054149     
