  0.69505049415122444      ,   2.1229450724483714      ,   1.4655193661558268     
   1.8801034884129766      ,   2.1929852415350255      ,   1.5610585270229873     
   2.2773238938671856      ,   2.2400776937172493      ,   1.6539053462152871     
   2.2321213577587340      ,   2.2589017442634218      ,   1.7415228812149708     
   1.9598829025275866      ,   2.2447042742917840      ,   1.8210630112943438     
   1.6570040375977748      ,   2.1939089102960634      ,   1.8894909061409448     
   1.5344851524660712      ,   2.1047402225179983      ,   1.9437656688917380     
   1.6106770163139608      ,   1.9777454803439807      ,   1.9810672081207392     
   1.5506212024437451      ,   1.8160821072783706      ,   1.9990464820024860     
   1.4780416803667538      ,   1.6254624622894605      ,   1.9960649989817625     
   1.2126445359194382      ,   1.4137129629515430      ,   1.9713841858516696     
   1.0549882654896920      ,   1.1899972664110152      ,   1.9252693066812612     
  0.84373398414732148      ,  0.96384218103004549      ,   1.8589865037522069     
  0.63819664403477094      ,  0.74415591195967179      ,   1.7746919444430655     
  0.50323352390749942      ,  0.53842131673974125      ,   1.6752329415465239     
  0.43922598571580196      ,  0.35218728446955988      ,   1.5638959838847664     
  0.26180320818649511      ,  0.18889565376218667      ,   1.4441420266186100     
  0.17227389526116696      ,   5.0001978019320249E-002 ,   1.3193650556489360     
   7.2942108310206033E-002 ,  -6.4700883798565631E-002 ,   1.1926989228874905     
  -2.8993832800958193E-002 , -0.15666063759309845      ,   1.0668841267543117     
  -8.6693271328678656E-002 , -0.22813426990100699      ,  0.94419438639734021     
 -0.13729835489357337      , -0.28180797976757588      ,  0.82641469034470127     
 -0.19356990483657202      , -0.32049834109380249      ,  0.71485843581946695     
 -0.23016933062156489      , -0.34694074961631782      ,  0.61041059040920653     
 -0.25443190484098055      , -0.36365620077566646      ,  0.51358530372947420     
 -0.29477899559319082      , -0.37288048745330526      ,  0.42458891988492709     
 -0.32048297881403787      , -0.37653861886822665      ,  0.34338204425120999     
 -0.33700815691647162      , -0.37624917459232166      ,  0.26973670639260389     
 -0.34184974057468875      , -0.37334652660465156      ,  0.20328652779630416     
 -0.36026744133179117      , -0.36891220776140959      ,  0.14356912745924336     
 -0.35485413360283452      , -0.36380958762195265      ,   9.0060855130340983E-002
 -0.37680820336180482      , -0.35871823902491112      ,   4.2204439621893741E-002
 -0.38962044551751229      , -0.35416596004674755      ,  -5.6961569239652996E-004
 -0.39843938952224450      , -0.35055746826940914      ,  -3.8826978221081797E-002
 -0.39618268523199779      , -0.34819944144875398      ,  -7.3117879548269940E-002
 -0.41546990869369010      , -0.34732196114584557      , -0.10396913675487859     
 -0.41992369716103106      , -0.34809661831423416      , -0.13187907821838246     
 -0.44388981076265543      , -0.35065163044657438      , -0.15731475324318300     
 -0.46571674793816992      , -0.35508434474769440      , -0.18071090378070817     
 -0.48905702583040905      , -0.36147149037983400      , -0.20247026648446861     
 -0.50002770843857058      , -0.36987751301508459      , -0.22296485238673353     
 -0.51021490109692746      , -0.38036128702789984      , -0.24253791924495635     
 -0.51819735227002339      , -0.39298146021187508      , -0.26150640862046931     
 -0.52395412794173313      , -0.40780064560972051      , -0.28016366693359418     
 -0.54349802025211680      , -0.42488863596647064      , -0.29878230811027573     
 -0.56008751447234806      , -0.44432477860534586      , -0.31761710598075332     
 -0.58204802064064787      , -0.46619961183729980      , -0.33690782818834025     
 -0.59775128456768656      , -0.49061582772856122      , -0.35688194075595159     
 -0.62481906398511955      , -0.51768858938690709      , -0.37775712423213165     
 -0.64150441025909344      , -0.54754519301577265      , -0.39974354894277481     
 -0.67768713571756956      , -0.58032402491292434      , -0.42304585861538374     
 -0.70526428605021552      , -0.61617272046811900      , -0.44786480869756806     
 -0.74569960972489413      , -0.65524538527947807      , -0.47439849813077212     
 -0.77538203912933379      , -0.69769868729453444      , -0.50284312115890861     
 -0.81727864109113824      , -0.74368657348523226      , -0.53339314892254241     
 -0.85152159646783143      , -0.79335330605295495      , -0.56624082914757556     
 -0.89935570234451312      , -0.84682445416439756      , -0.60157486641105617     
 -0.95002047148999946      , -0.90419542278911047      , -0.63957811587315860     
  -1.0104681985302197      , -0.96551705894731876      , -0.68042409129601356     
  -1.0744640588987311      ,  -1.0307778612015503      , -0.72427205599499500     
  -1.1447451872666368      ,  -1.0998823509037625      , -0.77126043706710912     
  -1.2205943660850123      ,  -1.1726252724491224      , -0.82149828508863920     
  -1.2972744361047532      ,  -1.2486615134322572      , -0.87505450283288311     
  -1.3843232460307675      ,  -1.3274720230237296      , -0.93194460068929952     
  -1.4676890097058293      ,  -1.4083266142620134      , -0.99211482113025040     
  -1.5591426666440993      ,  -1.4902454189606513      ,  -1.0554236320282695     
  -1.6416450959925009      ,  -1.5719619618454443      ,  -1.1216208443547895     
  -1.7298263064886525      ,  -1.6518923291820697      ,  -1.1903249890188543     
  -1.8065834063233934      ,  -1.7281166388091584      ,  -1.2610001085055818     
  -1.8876952746607700      ,  -1.7983807511966154      ,  -1.3329337815139992     
  -1.9559509056503042      ,  -1.8601274883067285      ,  -1.4052189689836077     
  -2.0215109637588213      ,  -1.9105669316404634      ,  -1.4767430611370855     
  -2.0684500244177593      ,  -1.9467938643396794      ,  -1.5461881616983577     
  -2.1015254861437200      ,  -1.9659562972366709      ,  -1.6120469374818855     
  -2.1077974917757953      ,  -1.9654717519920386      ,  -1.6726580056065574     
  -2.0904579621303578      ,  -1.9432777608327523      ,  -1.7262635486630262     
  -2.0423664150231646      ,  -1.8980912374186156      ,  -1.7710894706649931     
  -1.9662302788874702      ,  -1.8296406962393050      ,  -1.8054450031124267     
  -1.8611368862570148      ,  -1.7388294866500131      ,  -1.8278346624583925     
  -1.7307946800992062      ,  -1.6277909378168240      ,  -1.8370716452890137     
  -1.5791370241112204      ,  -1.4998095542228083      ,  -1.8323791687938058     
  -1.4118234211594172      ,  -1.3591048903602743      ,  -1.8134659116009328     
  -1.2368908117201558      ,  -1.2105014823689850      ,  -1.7805641330966038     
  -1.0605728940843666      ,  -1.0590317642324893      ,  -1.7344240464755345     
 -0.89204508741760513      , -0.90953204853726333      ,  -1.6762645840380972     
 -0.73523981648041392      , -0.76629045839720311      ,  -1.6076872838821734     
 -0.59634474308750862      , -0.63279111119684861      ,  -1.5305650890616394     
 -0.47424594414306709      , -0.51157614327258938      ,  -1.4469203331926654     
 -0.37066981829789758      , -0.40422348056081997      ,  -1.3588058440310067     
 -0.28151611488106576      , -0.31141976406450217      ,  -1.2682004526181798     
 -0.20745256438453585      , -0.23309778801163680      ,  -1.1769262441082506     
 -0.14589027120369874      , -0.16860623877588951      ,  -1.0865906987991416     
  -9.7923672003197959E-002 , -0.11688420726929609      , -0.99855328422125944     
  -6.1695592349011633E-002 ,  -7.6620826960369842E-002 , -0.91391352682143312     
  -3.7343842942609957E-002 ,  -4.6388750188870759E-002 , -0.83351620498294843     
  -2.2520793639345213E-002 ,  -2.4747247274474339E-002 , -0.75796889974055193     
  -1.6288198344631979E-002 ,  -1.0315729998428632E-002 , -0.68766743138630215     
  -1.6049422632911418E-002 ,  -1.8214478280048640E-003 , -0.62282540323619306     
  -2.0267334029144178E-002 ,   1.8736213420180853E-003 , -0.56350492439458066     
  -2.6651726998409161E-002 ,   1.7615356216361129E-003 , -0.50964642339749555     
  -3.3953552753299893E-002 ,  -1.3118115952818158E-003 , -0.46109619835676158     
  -4.1120317732300557E-002 ,  -6.6396574477651698E-003 , -0.41763093670120399     
  -4.7996024114486988E-002 ,  -1.3643028666461270E-002 , -0.37897887546563841     
  -5.5093941445148363E-002 ,  -2.1857230537399887E-002 , -0.34483757807297111     
  -6.3002198593410497E-002 ,  -3.0917647516997382E-002 , -0.31488850072089442     
  -7.2682909815118629E-002 ,  -4.0545828998756465E-002 , -0.28880863680281205     
  -8.4093709257267141E-002 ,  -5.0536458215814865E-002 , -0.26627958437632082     
  -9.7422137656125896E-002 ,  -6.0745535952676205E-002 , -0.24699439830948178     
 -0.11139105871313032      ,  -7.1079928829461902E-002 , -0.23066257968419340     
 -0.12557189596098614      ,  -8.1488312368645233E-002 , -0.21701353068754367     
 -0.13839645072384960      ,  -9.1953464011745173E-002 , -0.20579877078846398     
 -0.14984714318881204      , -0.10248581711414667      , -0.19679317430099824     
 -0.15924139557362113      , -0.11311816375377477      , -0.18979545356896593     
 -0.16763901988195576      , -0.12390138486828309      , -0.18462807785078555     
 -0.17537921615276880      , -0.13490108585741281      , -0.18113678659492613     
 -0.18393362371068064      , -0.14619502096295234      , -0.17918982768631697     
 -0.19366024814455282      , -0.15787119815256992      , -0.17867702656820605     
 -0.20522620315271820      , -0.17002656630521587      , -0.17950877083502106     
 -0.21812392897344560      , -0.18276619714175962      , -0.18161497674609636     
 -0.23191167992413053      , -0.19620288481528092      , -0.18494408884528565     
 -0.24578767925725958      , -0.21045709584136973      , -0.18946215116338330     
 -0.25925749195953124      , -0.22565721072115474      , -0.19515197798646983     
 -0.27239459154003881      , -0.24194000588268194      , -0.20201244354666020     
 -0.28535353847800332      , -0.25945133017162558      , -0.21005790288735099     
 -0.29912374035110306      , -0.27834693379168085      , -0.21931775023200070     
 -0.31411147251297705      , -0.29879340902458551      , -0.22983611610438576     
 -0.33160150371518760      , -0.32096920087564484      , -0.24167169986552495     
 -0.35184627065130636      , -0.34506564151254326      , -0.25489772989084503     
 -0.37605059131175267      , -0.37128795436713680      , -0.26960203892761031     
 -0.40400178363921135      , -0.39985616123761175      , -0.28588723682235340     
 -0.43628081322978474      , -0.43100580761439661      , -0.30387095630563832     
 -0.47196807807026808      , -0.46498839643186035      , -0.32368613929883611     
 -0.51110726196764811      , -0.50207138687697239      , -0.34548132058916198     
 -0.55278710769312500      , -0.54253757078717313      , -0.36942085189663620     
 -0.59735603594649833      , -0.58668358224765382      , -0.39568499136519159     
 -0.64475799892562125      , -0.63481722373640304      , -0.42446976021377292     
 -0.69589608893532440      , -0.68725320205339335      , -0.45598643837758396     
 -0.75135236028350505      , -0.74430675725310036      , -0.49046053302116105     
 -0.81201551897591440      , -0.80628453708180048      , -0.52813000635325302     
 -0.87869331087121194      , -0.87347191981658512      , -0.56924249093951840     
 -0.95203151482734627      , -0.94611582648685610      , -0.61405115097201413     
  -1.0327281473070367      ,  -1.0244019038421510      , -0.66280876718600912     
  -1.1204635821959972      ,  -1.1084248294944457      , -0.71575953398672687     
  -1.2147813904506579      ,  -1.1981504370039850      , -0.77312796625371349     
  -1.3138414466436270      ,  -1.2933684551491871      , -0.83510423251032928     
  -1.4164008810169373      ,  -1.3936350120537007      , -0.90182518174023896     
  -1.5205740237330805      ,  -1.4982048238685792      , -0.97335034643113805     
  -1.6258943554988370      ,  -1.6059543643073384      ,  -1.0496323335922244     
  -1.7313382219155202      ,  -1.7152995155211928      ,  -1.1304813258783022     
  -1.8366901109731026      ,  -1.8241144286973070      ,  -1.2155239907546520     
  -1.9403660171464066      ,  -1.9296626473165661      ,  -1.3041580287422825     
  -2.0404803747018034      ,  -2.0285567510694142      ,  -1.3955049591156097     
  -2.1332000321178763      ,  -2.1167681279727408      ,  -1.4883655626288721     
  -2.2136404414770015      ,  -2.1897124730225968      ,  -1.5811845732323351     
  -2.2752446790278733      ,  -2.2424368401855683      ,  -1.6720334281675850     
  -2.3110695873916494      ,  -2.2699274515027903      ,  -1.7586215675428791     
  -2.3144081226617677      ,  -2.2675410704442771      ,  -1.8383470568267553     
  -2.2800846780092865      ,  -2.2315354793862863      ,  -1.9083951718011813     
  -2.2051895336023351      ,  -2.1596393728573404      ,  -1.9658881976733313     
  -2.0895812226337176      ,  -2.0515673608482117      ,  -2.0080809159886481     
  -1.9361144394324958      ,  -1.9093654042820782      ,  -2.0325851947350984     
  -1.7503238252172713      ,  -1.7374802521795818      ,  -2.0375963442642169     
  -1.5401527778912929      ,  -1.5424908645419049      ,  -2.0220870557072868     
  -1.3151656702675520      ,  -1.3325138890316865      ,  -1.9859351503616736     
  -1.0859470170310046      ,  -1.1163770895205816      ,  -1.9299604824015189     
 -0.86283781486525923      , -0.90271463970216792      ,  -1.8558625427495614     
 -0.65496935555844626      , -0.69915333805288005      ,  -1.7660691607004873     
 -0.46893329172708953      , -0.51172455627362157      ,  -1.6635226118661581     
 -0.30777959805784705      , -0.34456902251457822      ,  -1.5514380456062040     
 -0.17040285703558733      , -0.19992742058226354      ,  -1.4330689555593126     
  -5.3389563563206406E-002 ,  -7.8353635495356427E-002 ,  -1.3115070018535810     
   4.6153357251051810E-002 ,   2.0938678205007655E-002 ,  -1.1895322925370455     
  0.12883736139456231      ,   9.9683331970804839E-002 ,  -1.0695188846258392     
  0.19378840289994725      ,  0.16018938887226788      , -0.95339135265482711     
  0.24048149337995067      ,  0.20502955102225520      , -0.84262287340932207     
  0.26987177608033908      ,  0.23680505324691808      , -0.73826321303702513     
  0.28420381093102992      ,  0.25798571518553559      , -0.64098540203572851     
  0.28650892826431135      ,  0.27081406721431378      , -0.55114169936627055     
  0.28020830269473190      ,  0.27725876812910116      , -0.46882179683512121     
  0.26863096601134562      ,  0.27900274777112255      , -0.39390850780487019     
  0.25479186120591363      ,  0.27745373025931797      , -0.32612810965688144     
  0.24128867861558101      ,  0.27376767687771925      , -0.26509396378805872     
  0.22998895073433673      ,  0.26887844999022875      , -0.21034304104239709     
  0.22154891194001539      ,  0.26352928555378896      , -0.16136561312245876     
  0.21549525813332690      ,  0.25830338361003830      , -0.11762872548202521     
  0.21064764509754746      ,  0.25365213339961845      ,  -7.8594230329419618E-002
  0.20587546787269068      ,  0.24992028571985089      ,  -4.3732198406493103E-002
  0.20080770787738444      ,  0.24736787928073103      ,  -1.2530495478973122E-002
  0.19619177502082294      ,  0.24618901419420672      ,   1.5498761649762946E-002
  0.19336326137015414      ,  0.24652771658972086      ,   4.0815242249198726E-002
  0.19360554058006904      ,  0.24849120507191619      ,   6.3848395057936713E-002
  0.19772926771673685      ,  0.25216088680275600      ,   8.4996947291091016E-002
  0.20600129967139419      ,  0.25760140041147883      ,  0.10462953672164868     
  0.21809598981575581      ,  0.26486799812752337      ,  0.12308617297080882     
  0.23321621496427192      ,  0.27401252828755540      ,  0.14068028317307485     
  0.25027784486139332      ,  0.28508824596383264      ,  0.15770114704959190     
  0.26828720948848855      ,  0.29815364605313538      ,  0.17441656789863064     
  0.28675440160771171      ,  0.31327548066923111      ,  0.19107565995241765     
  0.30589241131516692      ,  0.33053109129916319      ,  0.20791165978693618     
  0.32650237440755009      ,  0.35001015569947541      ,  0.22514469075587282     
  0.34958323866565721      ,  0.37181591944846470      ,  0.24298442539145085     
  0.37599156194149730      ,  0.39606595177792658      ,  0.26163260189036275     
  0.40624621553567364      ,  0.42289243397840254      ,  0.28128535757025835     
  0.44062559091044889      ,  0.45244195537173576      ,  0.30213534479742682     
  0.47914508348296331      ,  0.48487475552864823      ,  0.32437359347328226     
  0.52152735628208047      ,  0.52036331095555033      ,  0.34819107871969512     
  0.56713500565590291      ,  0.55909011875466963      ,  0.37377994279216353     
  0.61517991053825616      ,  0.60124447776365575      ,  0.40133430624077332     
  0.66497040378307515      ,  0.64701800872700355      ,  0.43105058462564538     
  0.71630766959659609      ,  0.69659858914627970      ,  0.46312720335904639     
  0.76960143106233958      ,  0.75016230682968776      ,  0.49776357426593426     
  0.82568858621995334      ,  0.80786296208517894      ,  0.53515816326300703     
  0.88540386930839465      ,  0.86981857845954313      ,  0.57550543970562862     
  0.94941734641811104      ,  0.93609432723212493      ,  0.61899145589766924     
   1.0183410817041387      ,   1.0066812497723858      ,  0.66578776291098896     
   1.0928269237540045      ,   1.0814702020791576      ,  0.71604333133576936     
   1.1732824416253047      ,   1.1602205871984252      ,  0.76987412117325282     
   1.2592759296331193      ,   1.2425237379106899      ,  0.82734994640491488     
   1.3492024139035714      ,   1.3277613327337383      ,  0.88847832494687062     
   1.4405736280054842      ,   1.4150600519922343      ,  0.95318511823163443     
   1.5308865447627651      ,   1.5032448850857092      ,   1.0212919774044968     
   1.6183560054969337      ,   1.5907951368249806      ,   1.0924909602993793     
   1.7021032389628723      ,   1.6758092336481305      ,   1.1663171991790231     
   1.7815918683690362      ,   1.7559867539213359      ,   1.2421212063624751     
   1.8558745536756056      ,   1.8286383484215454      ,   1.3190432973004009     
   1.9230269006506262      ,   1.8907357477549998      ,   1.3959936298273332     
   1.9800623510014455      ,   1.9390139414672936      ,   1.4716423658616045     
   2.0230318498851645      ,   1.9701347168167749      ,   1.5444252179966029     
   2.0473076104350292      ,   1.9809139931688384      ,   1.6125698074137198     
   2.0480680680278018      ,   1.9686042965658759      ,   1.6741474332865141     
   2.0211515319554305      ,   1.9312090665239734      ,   1.7271526879999526     
   1.9640180660240478      ,   1.8677898948641325      ,   1.7696097139064220     
   1.8764531038848098      ,   1.7787157727778797      ,   1.7996990584772179     
   1.7606800237806506      ,   1.6658004180897077      ,   1.8158938485468463     
   1.6209399893569185      ,   1.5322841264031259      ,   1.8170896522382194     
   1.4628455539565342      ,   1.3826410816817760      ,   1.8027103842661085     
   1.2928335420332251      ,   1.2222271300857113      ,   1.7727740487535097     
   1.1177805001851424      ,   1.0568173954948450      ,   1.7279072363722550     
  0.94458968531130905      ,  0.89210699497372936      ,   1.6693051785598141     
  0.77958368125193367      ,  0.73325371885859658      ,   1.5986429288824242     
  0.62771470206897373      ,  0.58452759738698601      ,   1.5179506812892458     
  0.49189135089795516      ,  0.44910440619877645      ,   1.4294706036630744     
  0.37284052955762731      ,  0.32900804302432490      ,   1.3355131575457599     
  0.26976596368213535      ,  0.22517975761350253      ,   1.2383281301111788     
  0.18142391986310036      ,  0.13763619500143201      ,   1.1400007631493552     
  0.10690175061318816      ,   6.5674125912785541E-002 ,   1.0423779110055031     
   4.5689227313286687E-002 ,   8.0849226673441309E-003 ,  0.94702432864755492     
  -2.6896808505885023E-003 ,  -3.6647959318350160E-002 ,  0.85520570116662220     
  -3.9014393840843958E-002 ,  -7.0183985503209742E-002 ,  0.76789306686827385     
  -6.4467695265850333E-002 ,  -9.4198889559875751E-002 ,  0.68578266487044659     
  -8.0628383308849666E-002 , -0.11029539148430681      ,  0.60932557376670549     
  -8.9429391613653361E-002 , -0.11994634888404937      ,  0.53876239312829344     
  -9.3037693490123502E-002 , -0.12446374781749646      ,  0.47415931772987213     
  -9.3629852477623454E-002 , -0.12498684092459350      ,  0.41544303521539272     
  -9.3092244300379434E-002 , -0.12248351306069007      ,  0.36243281295299978     
  -9.2702430059249566E-002 , -0.11776008759970902      ,  0.31486887817539688     
  -9.2941580313771546E-002 , -0.11147595722127562      ,  0.27243673610220331     
  -9.3555550242610544E-002 , -0.10416046098667439      ,  0.23478743889501760     
  -9.3827835853716457E-002 ,  -9.6230268745729916E-002 ,  0.20155404923322520     
  -9.2955393432693142E-002 ,  -8.8006169680094323E-002 ,  0.17236467135236386     
  -9.0409848432122547E-002 ,  -7.9728619465646910E-002 ,  0.14685248014890553     
  -8.6144835536291708E-002 ,  -7.1571715908854167E-002 ,  0.12466318963701144     
  -8.0574218204000847E-002 ,  -6.3655481380319207E-002 ,  0.10546038361411331     
  -7.4403397074947003E-002 ,  -5.6056462123818873E-002 ,   8.8929096525659293E-002
  -6.8411077747339261E-002 ,  -4.8816733180471229E-002 ,   7.4777989758615271E-002
  -6.3219400333658748E-002 ,  -4.1951440676735785E-002 ,   6.2740423449201291E-002
  -5.9089348653811317E-002 ,  -3.5455032936478358E-002 ,   5.2574679744355923E-002
  -5.5830995302190496E-002 ,  -2.9306336777311121E-002 ,   4.4063552248866676E-002
  -5.2876169972926275E-002 ,  -2.3472631137315080E-002 ,   3.7013479116549064E-002
  -4.9496800735827851E-002 ,  -1.7912860613176592E-002 ,   3.1253364298961861E-002
  -4.5074712219772294E-002 ,  -1.2580119031930273E-002 ,   2.6633202873642056E-002
  -3.9320620555190949E-002 ,  -7.4235194168164684E-003 ,   2.3022601941961349E-002
  -3.2361811566396538E-002 ,  -2.3895526643297050E-003 ,   2.0309267999732566E-002
  -2.4668463361667198E-002 ,   2.5769764294678002E-003 ,   1.8397514567913990E-002
  -1.6850439099309496E-002 ,   7.5323600723385788E-003 ,   1.7206829832404586E-002
  -9.4304947115586880E-003 ,   1.2533681512562971E-002 ,   1.6670532691262046E-002
  -2.6941772274255648E-003 ,   1.7638739228033853E-002 ,   1.6734536573687991E-002
   3.3539346759852203E-003 ,   2.2906157954650883E-002 ,   1.7356233333978746E-002
   8.9482585900252515E-003 ,   2.8395651775810059E-002 ,   1.8503504123173291E-002
   1.4477288990011607E-002 ,   3.4168411947193139E-002 ,   2.0153860122593532E-002
   2.0401568875688322E-002 ,   4.0287598573695890E-002 ,   2.2293713141477826E-002
   2.7195018067822072E-002 ,   4.6818920772964574E-002 ,   2.4917774122068557E-002
   3.5270507561820305E-002 ,   5.3831294641373525E-002 ,   2.8028576376258642E-002
   4.4876544472364777E-002 ,   6.1397572269541886E-002 ,   3.1636119741692989E-002
   5.6006675311411784E-002 ,   6.9595338313741359E-002 ,   3.5757631659391192E-002
   6.8391446710983822E-002 ,   7.8507773281989768E-002 ,   4.0417441327286856E-002
   8.1582635762801364E-002 ,   8.8224584786854909E-002 ,   4.5646963479192816E-002
   9.5098318782966360E-002 ,   9.8843009576148722E-002 ,   5.1484788894276025E-002
  0.10857295924285475      ,  0.11046889017470396      ,   5.7976879384914290E-002
  0.12187576798579026      ,  0.12321783041693192      ,   6.5176865672310277E-002
  0.13515960335026939      ,  0.13721643393795990      ,   7.3146447170941875E-002
  0.14883094810654932      ,  0.15260362868110805      ,   8.1955893190802181E-002
  0.16346813092778179      ,  0.16953207845828508      ,   9.1684645344361937E-002
  0.17973871973316272      ,  0.18816967925929715      ,  0.10242202090719046     
  0.19832510350350960      ,  0.20870113291326453      ,  0.11426801639108988     
  0.21982798524222821      ,  0.23132958326445305      ,  0.12733420946757795     
  0.24464547563349870      ,  0.25627828942655712      ,  0.14174475538966241     
  0.27287904805182034      ,  0.28379229583655963      ,  0.15763747088302618     
  0.30433119835715122      ,  0.31414003829503662      ,  0.17516499368889293     
  0.33861082008775617      ,  0.34761479704822135      ,  0.19449599897351566     
  0.37532893056476613      ,  0.38453586975492132      ,  0.21581644392278115     
  0.41432644284887038      ,  0.42524928569696840      ,  0.23933079802753432     
  0.45584593468713852      ,  0.47012781380497676      ,  0.26526319755009375     
  0.50054376254708877      ,  0.51956992601299135      ,  0.29385843679191381     
  0.54934917079808898      ,  0.57399725820589576      ,  0.32538267396696935     
  0.60329483008425133      ,  0.63384995688781476      ,  0.36012368314484444     
  0.66343555486950345      ,  0.69957910375106158      ,  0.39839042277848546     
  0.73079712774477201      ,  0.77163516659707754      ,  0.44051161226904401     
  0.80622596917343869      ,  0.85045113084173762      ,  0.48683290717601213     
  0.89012245698107262      ,  0.93641862573563228      ,  0.53771213779833738     
  0.98221252009227611      ,   1.0298549921469877      ,  0.59351192318830193     
   1.0815460179534893      ,   1.1309588877514196      ,  0.65458879492291688     
   1.1868000027157140      ,   1.2397517747754763      ,  0.72127777049431474     
   1.2967556029220288      ,   1.3560026313389530      ,  0.79387112490455902     
   1.4106520180064308      ,   1.4791337050455708      ,  0.87258995955215146     
   1.5281714761637664      ,   1.6081064368808913      ,  0.95754712642466444     
   1.6490708885719203      ,   1.7412893019177593      ,   1.0487002384026967     
   1.7727167234339258      ,   1.8763138155898438      ,   1.1457940364240928     
   1.8976945958538782      ,   2.0099318942507094      ,   1.2482924930836636     
   2.0214033963121438      ,   2.1378973961878445      ,   1.3553029398616954     
   2.1395420624388564      ,   2.2549064777318151      ,   1.4654974099608737     
   2.2457618550372875      ,   2.3546433513064033      ,   1.5770403371301229     
   2.3319331373653185      ,   2.4299858367995242      ,   1.6875364451886767     
   2.3891466158487438      ,   2.4734218891438644      ,   1.7940172231606923     
   2.4090584413351124      ,   2.4777056673536721      ,   1.8929871604190438     
   2.3850805112994546      ,   2.4367331707699966      ,   1.9805495722426576     
   2.3132137597454530      ,   2.3465443731214122      ,   2.0526239233744605     
   2.1926033060258647      ,   2.2062768910334571      ,   2.1052507294668348     
   2.0258643484364804      ,   2.0188375363135775      ,   2.1349578202379615     
   1.8190414106853472      ,   1.7910618331619277      ,   2.1391383069182974     
   1.5810840257626697      ,   1.5332228917328097      ,   2.1163745456471621     
   1.3230093968683887      ,   1.2579174386146803      ,   2.0666422782241312     
   1.0569310453148082      ,  0.97854134297999718      ,   1.9913488137310020     
  0.79488892730801020      ,  0.70769136313762082      ,   1.8931943560315410     
  0.54776643716552786      ,  0.45583824664640421      ,   1.7758848688803412     
  0.32453487133406256      ,  0.23050927023430751      ,   1.6437546594339536     
  0.13066852629359652      ,   3.6050505143438528E-002 ,   1.5013681551015559     
  -3.3973157772556384E-002 , -0.12611607209068093      ,   1.3531623917873992     
 -0.17406937120195426      , -0.25691646736808738      ,   1.2031709132144586     
 -0.29419374286023531      , -0.35892099368569275      ,   1.0548452921163320     
 -0.39539340548369939      , -0.43566570606659138      ,  0.91096991287466522     
 -0.47577829573150521      , -0.49109073009665027      ,  0.77365276665340721     
 -0.53374925289928943      , -0.52913030916021508      ,  0.64436993400604248     
 -0.57028976594506697      , -0.55344944453988010      ,  0.52404215255857545     
 -0.58854891767025386      , -0.56730092427670731      ,  0.41312580382037600     
 -0.59283900696548730      , -0.57347008422848955      ,  0.31170564749703555     
 -0.58815413676131689      , -0.57427697668179878      ,  0.21958131569322537     
 -0.57925705129772243      , -0.57161183544461391      ,  0.13634331255018414     
 -0.57001319193995070      , -0.56698665329823184      ,   6.1436906494710515E-002
 -0.56353364174117360      , -0.56159171937918373      ,  -5.7860203865394491E-003
 -0.56184172463639293      , -0.55635054902165548      ,  -6.6026161440253139E-002
 -0.56510231923370469      , -0.55196980285759600      , -0.12000557659049557     
 -0.57189156190280543      , -0.54898280315761561      , -0.16844453580434451     
 -0.58032394331008619      , -0.54778643087851842      , -0.21204493240616626     
 -0.58904830560711385      , -0.54867180518917957      , -0.25147893945101157     
 -0.59805876333040275      , -0.55184942003972071      , -0.28738176978518815     
 -0.60874220383474764      , -0.55746948611134617      , -0.32034758760914694     
 -0.62259710323367456      , -0.56563819546380900      , -0.35092779030212551     
 -0.64001372616503727      , -0.57643054706452279      , -0.37963102752785310     
 -0.66037978473999248      , -0.58990027587016369      , -0.40692444907360542     
 -0.68276609669204380      , -0.60608733244994850      , -0.43323577496980942     
 -0.70638061048623768      , -0.62502327145361625      , -0.45895586375767139     
 -0.73072777134289268      , -0.64673482781757508      , -0.48444152011735980     
 -0.75556885944239360      , -0.67124588940194041      , -0.51001833407320762     
 -0.78097343547700571      , -0.69857801281065290      , -0.53598338297267722     
 -0.80743156881745548      , -0.72874957445346822      , -0.56260765637729260     
 -0.83570564499188527      , -0.76177360083665890      , -0.59013808461061679     
 -0.86652301531526876      , -0.79765428065106081      , -0.61879906548882424     
 -0.90041508002591020      , -0.83638212735544426      , -0.64879339212775489     
 -0.93767422915153142      , -0.87792773658273071      , -0.68030248910997815     
 -0.97837494446306705      , -0.92223407105529098      , -0.71348586628439714     
  -1.0224735129148665      , -0.96920721151846778      , -0.74847970091958682     
  -1.0697300570894828      ,  -1.0187055419305131      , -0.78539446213172392     
  -1.1194586881949888      ,  -1.0705273990196120      , -0.82431149933192061     
  -1.1706088552647618      ,  -1.1243973202013882      , -0.86527853247538133     
  -1.2222035641629965      ,  -1.1799511806106666      , -0.90830401053099619     
  -1.2736916796283464      ,  -1.2367207301277516      , -0.95335035097060483     
  -1.3250067667522012      ,  -1.2941183324021865      ,  -1.0003261428697443     
  -1.3763121406512959      ,  -1.3514230708375985      ,  -1.0490774950421622     
  -1.4275363814229380      ,  -1.4077698097463391      ,  -1.0993788430539364     
  -1.4780459345709729      ,  -1.4621432513207209      ,  -1.1509236968342043     
  -1.5266726952884113      ,  -1.5133794522476787      ,  -1.2033160107705185     
  -1.5718987102240409      ,  -1.5601775654106953      ,  -1.2560630796131806     
  -1.6119403846701863      ,  -1.6011246243680743      ,  -1.3085710842048905     
  -1.6447364010045065      ,  -1.6347358360637099      ,  -1.3601445955361895     
  -1.6680206053739832      ,  -1.6595119318158782      ,  -1.4099914444430315     
  -1.6796210380404579      ,  -1.6740135290221811      ,  -1.4572343171030444     
  -1.6778896206086860      ,  -1.6769501584963395      ,  -1.5009301808173732     
  -1.6619841613484603      ,  -1.6672787674971616      ,  -1.5400981306903612     
  -1.6318620530647470      ,  -1.6443034919369328      ,  -1.5737554593945751     
  -1.5880619111073122      ,  -1.6077659040101648      ,  -1.6009607280829263     
  -1.5314561214242177      ,  -1.5579135285661139      ,  -1.6208614663653091     
  -1.4631552892170898      ,  -1.4955348932514001      ,  -1.6327430334951276     
  -1.3845940539903041      ,  -1.4219521617279289      ,  -1.6360743587605571     
  -1.2976543921619064      ,  -1.3389674036710908      ,  -1.6305459717501778     
  -1.2046884447724624      ,  -1.2487650483012311      ,  -1.6160960912620492     
  -1.1083975031859981      ,  -1.1537797725597216      ,  -1.5929215969596866     
  -1.0115897000600971      ,  -1.0565444878607058      ,  -1.5614723340519292     
 -0.91688540062550850      , -0.95953593668434656      ,  -1.5224291288345679     
 -0.82646252283638011      , -0.86503506073693992      ,  -1.4766677720079291     
 -0.74191058165348400      , -0.77501596540308193      ,  -1.4252127180413876     
 -0.66422465892960025      , -0.69107193118611820      ,  -1.3691851115140485     
 -0.59392573885482569      , -0.61438085835291323      ,  -1.3097498964083438     
 -0.53123295204877274      , -0.54570708471447615      ,  -1.2480662595137457     
 -0.47619984256519787      , -0.48543260907053182      ,  -1.1852446890097597     
 -0.42877819353402413      , -0.43360875900124374      ,  -1.1223127313895014     
 -0.38882269184163737      , -0.39001913247825576      ,  -1.0601903307828902     
 -0.35606753774740474      , -0.35424575937535829      , -0.99967460534226515     
 -0.33010852638799421      , -0.32573229227028422      , -0.94143315192369736     
 -0.31040912919622426      , -0.30384011645547843      , -0.88600449845689855     
 -0.29633148525807163      , -0.28789518263124692      , -0.83380411625177198     
 -0.28718449581396660      , -0.27722489743748402      , -0.78513440532441636     
 -0.28227973510265153      , -0.27118548665555725      , -0.74019720831002611     
 -0.28098813640187170      , -0.26918090226847574      , -0.69910763092864081     
 -0.28279325587613058      , -0.27067465841662991      , -0.66190819981108051     
 -0.28732942302230691      , -0.27519604925744096      , -0.62858263694646577     
 -0.29438700497478865      , -0.28234211350831079      , -0.59906875283833150     
 -0.30387673694308615      , -0.29177653783712260      , -0.57327014725614533     
 -0.31576411030170093      , -0.30322648557970211      , -0.55106655451075470     
 -0.32999687525469812      , -0.31647813139018632      , -0.53232278152552437     
 -0.34645262488898099      , -0.33137149483996187      , -0.51689626622335638     
 -0.36492605754050900      , -0.34779500501769461      , -0.50464333648177084     
 -0.38515771155125561      , -0.36568009573819377      , -0.49542428169247349     
 -0.40688954532743732      , -0.38499602525408183      , -0.48910736481874190     
 -0.42992480436416869      , -0.40574503181382809      , -0.48557190700941305     
 -0.45416975064143106      , -0.42795787285999853      , -0.48471057270616202     
 -0.47964426422289974      , -0.45168974702394493      , -0.48643097339798735     
 -0.50646177201797737      , -0.47701656066061776      , -0.49065669468592232     
 -0.53478695730299519      , -0.50403147131716031      , -0.49732783551610799     
 -0.56478370980868831      , -0.53284161661660823      , -0.50640113126787600     
 -0.59656905955635287      , -0.56356491644376672      , -0.51784971444532857     
 -0.63018948591984703      , -0.59632681739133375      , -0.53166254835454352     
 -0.66562963515485352      , -0.63125682995497168      , -0.54784355050508726     
 -0.70285133688661505      , -0.66848469021474177      , -0.56641040358499717     
 -0.74184618533400315      , -0.70813595849571220      , -0.58739303269851206     
 -0.78267744120038429      , -0.75032684820996909      , -0.61083170811569854     
 -0.82549227816990622      , -0.79515806005460743      , -0.63677471314776146     
 -0.87049982632302148      , -0.84270738243510879      , -0.66527549721122536     
 -0.91792413369238557      , -0.89302081239096343      , -0.69638921528000819     
 -0.96794801653282170      , -0.94610195840523448      , -0.73016853783086644     
  -1.0206611998566166      ,  -1.0018995157737431      , -0.76665860183091661     
  -1.0760197607703688      ,  -1.0602926681694629      , -0.80589096597885568     
  -1.1338207723280300      ,  -1.1210743804092265      , -0.84787643615008990     
  -1.1936955610685556      ,  -1.1839327250420781      , -0.89259664507869874     
  -1.2551213232957277      ,  -1.2484306490633519      , -0.93999431056875693     
  -1.3174427453073618      ,  -1.3139849560736494      , -0.98996216730446873     
  -1.3798882091527240      ,  -1.3798457674096958      ,  -1.0423306780223585     
  -1.4415655478542593      ,  -1.4450783338110693      ,  -1.0968547897873986     
  -1.5014328886373742      ,  -1.5085497731547308      ,  -1.1532002176860552     
  -1.5582547290082986      ,  -1.5689240468697017      ,  -1.2109300134128256     
  -1.6105633807516291      ,  -1.6246691407812124      ,  -1.2694925020919510     
  -1.6566469855167383      ,  -1.6740808026929315      ,  -1.3282120238056812     
  -1.6945804408958791      ,  -1.7153270618634235      ,  -1.3862842519564700     
  -1.7223079123943137      ,  -1.7465168280709595      ,  -1.4427781088534570     
  -1.7377769879500276      ,  -1.7657938748848623      ,  -1.4966463657802502     
  -1.7391140093695152      ,  -1.7714543110066963      ,  -1.5467467920685003     
  -1.7248192931711468      ,  -1.7620813487078815      ,  -1.5918751048897211     
  -1.6939540742156758      ,  -1.7366862849086970      ,  -1.6308099101921392     
  -1.6462917466535809      ,  -1.6948400507549732      ,  -1.6623683407229719     
  -1.5824127027050425      ,  -1.6367767362150747      ,  -1.6854693344275800     
  -1.5037303597229059      ,  -1.5634504866980163      ,  -1.6991997322826975     
  -1.4124417874757746      ,  -1.4765310201841704      ,  -1.7028769857454698     
  -1.3113994601014425      ,  -1.3783307488594123      ,  -1.6961016460448777     
  -1.2039052596600091      ,  -1.2716669436537500      ,  -1.6787932562460715     
  -1.0934393462571044      ,  -1.1596733249467557      ,  -1.6512048610538417     
 -0.98335543965506123      ,  -1.0455842051320325      ,  -1.6139138845134358     
 -0.87659340451404277      , -0.93251858183882830      ,  -1.5677901395865363     
 -0.77546934475568774      , -0.82329035218042435      ,  -1.5139446234270537     
 -0.68159334955045381      , -0.72026464386512257      ,  -1.4536649478973556     
 -0.59592990942469559      , -0.62527101860698397      ,  -1.3883443792293637     
 -0.51896235671998203      , -0.53957446906770634      ,  -1.3194114175192606     
 -0.45087994769053358      , -0.46389691918436793      ,  -1.2482658107355322     
 -0.39170889247279539      , -0.39847670576091254      ,  -1.1762252245048130     
 -0.34135745566102088      , -0.34315158107041943      ,  -1.1044848893203174     
 -0.29960019804330429      , -0.29745160266351045      ,  -1.0340907775608119     
 -0.26604801993391258      , -0.26069089022894731      , -0.96592546022966486     
 -0.24013663449030409      , -0.23205059843253328      , -0.90070485909712150     
 -0.22114286110713482      , -0.21064875873199193      , -0.83898363355433903     
 -0.20822569422239745      , -0.19559537939723376      , -0.78116684156170324     
 -0.20048681063807314      , -0.18603315816078411      , -0.72752567936784129     
 -0.19704466744515534      , -0.18116536963129981      , -0.67821542530855661     
 -0.19711297741698791      , -0.18027307394903186      , -0.63329409850843954     
 -0.20006801575571051      , -0.18272393010137675      , -0.59274072934587274     
 -0.20548498770392001      , -0.18797475401396574      , -0.55647248585787767     
 -0.21312847558199691      , -0.19556967171577358      , -0.52436018980393284     
 -0.22289663745057711      , -0.20513537557731906      , -0.49624198298935779     
 -0.23473695293134109      , -0.21637465526718860      , -0.47193507244194055     
 -0.24856411987481525      , -0.22905907577723930      , -0.45124560031800964     
 -0.26421059749791936      , -0.24302142513539784      , -0.43397676066707219     
 -0.28142569422135960      , -0.25814835544495218      , -0.41993532984433485     
 -0.29991828700539325      , -0.27437348785925458      , -0.40893679872533489     
 -0.31942281108846432      , -0.29167113772052305      , -0.40080929976955437     
 -0.33976312615658522      , -0.31005073261561378      , -0.39539651574186374     
 -0.36089254201340337      , -0.32955193639568431      , -0.39255974355020584     
 -0.38289752725668436      , -0.35024045017466282      , -0.39217926911047751     
 -0.40596434692658762      , -0.37220443197803904      , -0.39415518944159794     
 -0.43031913946378553      , -0.39555145607950276      , -0.39840779768278439     
 -0.45616064581738375      , -0.42040591799337096      , -0.40487762625429907     
 -0.48360918733713126      , -0.44690677909479126      , -0.41352522341094500     
 -0.51269260912780190      , -0.47520553392195697      , -0.42433071913709575     
 -0.54337717877878267      , -0.50546427174952702      , -0.43729321766365337     
 -0.57563175574102676      , -0.53785369066681721      , -0.45243003565478301     
 -0.60949732872920881      , -0.57255090604011283      , -0.46977578700513067     
 -0.64513197108639309      , -0.60973687501055940      , -0.48938129681772835     
 -0.68281481824574308      , -0.64959323398722135      , -0.51131230806695893     
 -0.72291256945820082      , -0.69229831675282183      , -0.53564792425562802     
 -0.76582562664561626      , -0.73802208723464602      , -0.56247870966875946     
 -0.81193157250658443      , -0.78691968457225403      , -0.59190434535887448     
 -0.86153534033409607      , -0.83912324162272045      , -0.62403071376360286     
 -0.91482882004335642      , -0.89473160635231996      , -0.65896625826376010     
 -0.97186363096884476      , -0.95379757650101715      , -0.69681743709137578     
  -1.0325442769173390      ,  -1.0163122633497086      , -0.73768306581018306     
  -1.0966456394982422      ,  -1.0821862475180342      , -0.78164732251353786     
  -1.1638467817665767      ,  -1.1512273020640964      , -0.82877118020333218     
  -1.2337604966363171      ,  -1.2231146665016239      , -0.87908203927150175     
  -1.3059357999108865      ,  -1.2973701971690170      , -0.93256137033902720     
  -1.3798219844151565      ,  -1.3733272361202213      , -0.98913025796572596     
  -1.4547004024732830      ,  -1.4500987710790152      ,  -1.0486328760822481     
  -1.5296021212273836      ,  -1.5265474263521797      ,  -1.1108181454454200     
  -1.6032310108244241      ,  -1.6012610163540415      ,  -1.1753201399794371     
  -1.6739080443157814      ,  -1.6725387318242921      ,  -1.2416382341557344     
  -1.7395512161142457      ,  -1.7383943355206446      ,  -1.3091185144058646     
  -1.7977060008874750      ,  -1.7965837066088675      ,  -1.3769385845074287     
  -1.8456362496285372      ,  -1.8446642303873391      ,  -1.4440985090625240     
  -1.8804722787298114      ,  -1.8800923057294496      ,  -1.5094211411549825     
  -1.8993999737149321      ,  -1.9003620552261886      ,  -1.5715652975031595     
  -1.8998723874613666      ,  -1.9031827982302114      ,  -1.6290549666315841     
  -1.8798333294441640      ,  -1.8866851170226828      ,  -1.6803267568421569     
  -1.8379491619424555      ,  -1.8496363551116888      ,  -1.7237959816215145     
  -1.7738388579581699      ,  -1.7916380410675179      ,  -1.7579391792960299     
  -1.6882733249232584      ,  -1.7132726957006661      ,  -1.7813877595971110     
  -1.5832954698164785      ,  -1.6161684807156373      ,  -1.7930244250309093     
  -1.4622071784716999      ,  -1.5029588695350191      ,  -1.7920717886868647     
  -1.3293839889185397      ,  -1.3771305048812259      ,  -1.7781619623086107     
  -1.1899092921723922      ,  -1.2427725453127778      ,  -1.7513773102249932     
  -1.0490625834277616      ,  -1.1042599496768615      ,  -1.7122560386931081     
 -0.91174241936731371      , -0.96591582889212391      ,  -1.6617612036872165     
 -0.78193839791640629      , -0.83170052098099057      ,  -1.6012170039848961     
 -0.66238014310456905      , -0.70496700230654741      ,  -1.5322206851177955     
 -0.55448041361804146      , -0.58830656487150945      ,  -1.4565410779602899     
 -0.45861173677909162      , -0.48349030064061937      ,  -1.3760153333794944     
 -0.37459041131057375      , -0.39149578312941646      ,  -1.2924539848468182     
 -0.30210883439156078      , -0.31259772590773183      ,  -1.2075617072594529     
 -0.24091364890267680      , -0.24649732083023929      ,  -1.1228778477963137     
 -0.19073463619476128      , -0.19246644036208602      ,  -1.0397377047734631     
 -0.15112596353451246      , -0.14948788969210711      , -0.95925310181428824     
 -0.12136620570344700      , -0.11637925082458615      , -0.88230924416551371     
 -0.10045165215268051      ,  -9.1893903499562668E-002 , -0.80957411805612767     
  -8.7149806824643600E-002 ,  -7.4797586472046762E-002 , -0.74151662997261869     
  -8.0084781565485916E-002 ,  -6.3922072050415557E-002 , -0.67843005825751912     
  -7.7844763720339619E-002 ,  -5.8199293618304448E-002 , -0.62045799615403852     
  -7.9109124440639778E-002 ,  -5.6679925827361408E-002 , -0.56762064194083117     
  -8.2787659096120986E-002 ,  -5.8540348368154201E-002 , -0.51983993214592517     
  -8.8139287507894487E-002 ,  -6.3081452805168317E-002 , -0.47696256091195804     
  -9.4817756435184086E-002 ,  -6.9722116155089525E-002 , -0.43878036149152644     
 -0.10281086316030803      ,  -7.7989515728857151E-002 , -0.40504784664213661     
 -0.11228431189264367      ,  -8.7507878633341765E-002 , -0.37549692761449566     
 -0.12338321638183383      ,  -9.7986779594274140E-002 , -0.34984897538591037     
 -0.13606951679698259      , -0.10920972673848564      , -0.32782447175601614     
 -0.15006150910764285      , -0.12102349597512529      , -0.30915053859972014     
 -0.16488837071059137      , -0.13332847406205278      , -0.29356664452594172     
 -0.18002023727690056      , -0.14607013108359065      , -0.28082877981958682     
 -0.19501817019431433      , -0.15923164952925400      , -0.27071237047079422     
 -0.20965596561856423      , -0.17282767687931797      , -0.26301417569665608     
 -0.22397879043152966      , -0.18689913183338283      , -0.25755338429269542     
 -0.23828199390817525      , -0.20150897378470639      , -0.25417209580375427     
 -0.25301577949311166      , -0.21673883553326737      , -0.25273534436015060     
 -0.26864248252108242      , -0.23268641671678922      , -0.25313079693558804     
 -0.28549030377881446      , -0.24946353727361886      , -0.25526823416466127     
 -0.30365651215327571      , -0.26719475444867991      , -0.25907890083227025     
 -0.32300464314920646      , -0.28601645195124986      , -0.26451479464037853     
 -0.34326447246892744      , -0.30607631475629160      , -0.27154794566341145     
 -0.36419238170911578      , -0.32753310681370912      , -0.28016972472774587     
 -0.38571883908899068      , -0.35055667081892139      , -0.29039020643681313     
 -0.40802232741346045      , -0.37532806847835753      , -0.30223760130804356     
 -0.43151289762772521      , -0.40203977563750370      , -0.31575776104721937     
 -0.45675366967225961      , -0.43089583842782897      , -0.33101375087482215     
 -0.48436868555752044      , -0.46211188333042980      , -0.34808547250654798     
 -0.51496888369461125      , -0.49591485471487706      , -0.36706931029059908     
 -0.54909379151327986      , -0.53254232681396518      , -0.38807776046718501     
 -0.58715434385220833      , -0.57224120193494643      , -0.41123898881699250     
 -0.62938350765270790      , -0.61526556162170254      , -0.43669624430404413     
 -0.67582471911138375      , -0.66187338119341854      , -0.46460703482419996     
 -0.72638253904083760      , -0.71232174967747208      , -0.49514194493394065     
 -0.78092745658528129      , -0.76686015654029704      , -0.52848294357277537     
 -0.83941180076114119      , -0.82572131529877424      , -0.56482099157809673     
 -0.90194143738563382      , -0.88910889631946843      , -0.60435271386681955     
 -0.96877009172967021      , -0.95718144561732144      , -0.64727584989268017     
  -1.0402269407211213      ,  -1.0300316888973573      , -0.69378314002236041     
  -1.1166185822252048      ,  -1.1076603862467747      , -0.74405424852281254     
  -1.1981360013323874      ,  -1.1899439527310121      , -0.79824527282869806     
  -1.2847599318043259      ,  -1.2765952520927344      , -0.85647535524582685     
  -1.3761423465820164      ,  -1.3671173852263221      , -0.91880991527361622     
  -1.4714748355114859      ,  -1.4607510350535038      , -0.98524008462433921     
  -1.5694036587387226      ,  -1.5564171138177354      ,  -1.0556580887928402     
  -1.6680542560689571      ,  -1.6526582029154728      ,  -1.1298286242713289     
  -1.7651629885354783      ,  -1.7475846497656911      ,  -1.2073567810173433     
  -1.8582308977044446      ,  -1.8388341462472721      ,  -1.2876538045436170     
  -1.9445899468362267      ,  -1.9235568958115867      ,  -1.3699030094540989     
  -2.0213329469212273      ,  -1.9984414754470683      ,  -1.4530294256971485     
  -2.0851574533221333      ,  -2.0597981597360326      ,  -1.5356781714554506     
  -2.1322423933601682      ,  -2.1037152903137084      ,  -1.6162078635177315     
  -2.1582844756868429      ,  -2.1262985059202357      ,  -1.6927062008074754     
  -2.1587850150510492      ,  -2.1239908924464261      ,  -1.7630346532475247     
  -2.1296135510550109      ,  -2.0939542405694795      ,  -1.8249073791125396     
  -2.0677805172173800      ,  -2.0344698460352229      ,  -1.8760056647451384     
  -1.9722390770677867      ,  -1.9452969176045305      ,  -1.9141233645507050     
  -1.8444625817313776      ,  -1.8279153874829066      ,  -1.9373317682185185     
  -1.6885846368999573      ,  -1.6855855241203963      ,  -1.9441455890870691     
  -1.5110550390065332      ,  -1.5231832073349167      ,  -1.9336674312105187     
  -1.3199387052226044      ,  -1.3468136481388202      ,  -1.9056880830014979     
  -1.1240254132598928      ,  -1.1632561703974931      ,  -1.8607252165892612     
 -0.93186902626195711      , -0.97933229922058140      ,  -1.7999928104286804     
 -0.75085582189201594      , -0.80130503042066714      ,  -1.7253055011865772     
 -0.58636044415896649      , -0.63440384938197447      ,  -1.6389329214769353     
 -0.44108499996782780      , -0.48253394132337513      ,  -1.5434260887480573     
 -0.31502369616842929      , -0.34818283590830196      ,  -1.4414396800717835     
 -0.20650852786690901      , -0.23249812814134732      ,  -1.3355709038006018     
 -0.11384308835254385      , -0.13548555971593074      ,  -1.2282293332833776     
  -3.6309634523606624E-002 ,  -5.6269906219155272E-002 ,  -1.1215446562215881     
   2.6038602962385651E-002 ,   6.6318975710786821E-003 ,  -1.0173126590833490     
   7.3253448828306089E-002 ,   5.5061524558877140E-002 , -0.91697499538263172     
  0.10610936598030703      ,   9.1014157251776917E-002 , -0.82162566727776609     
  0.12614314431951690      ,  0.11648438835860699      , -0.73203639435533829     
  0.13544612189303640      ,  0.13336077817771405      , -0.64869359043157415     
  0.13644733472128473      ,  0.14336166147433382      , -0.57184093095123456     
  0.13167991122549055      ,  0.14800295290998974      , -0.50152299788620158     
  0.12357886012970984      ,  0.14858893126008563      , -0.43762692591034791     
  0.11428989427762820      ,  0.14621829166196354      , -0.37992018122204974     
  0.10538350820975517      ,  0.14179943589764171      , -0.32808352909402183     
   9.7591425100196277E-002 ,  0.13607060347492927      , -0.28173890008174274     
   9.0799913634287827E-002 ,  0.12962183015824019      , -0.24047229154001515     
   8.4331899848956393E-002 ,  0.12291679566143585      , -0.20385209363802392     
   7.7412942776807589E-002 ,  0.11631340530896644      , -0.17144335712803233     
   6.9670808457638372E-002 ,  0.11008249150981247      , -0.14281856471464840     
   6.1403534205889100E-002 ,  0.10442437711713656      , -0.11756546009112379     
   5.3453137659756469E-002 ,   9.9483265975480822E-002 ,  -9.5292450698742537E-002
   4.6855574089552703E-002 ,   9.5359557810579046E-002 ,  -7.5632046969053610E-002
   4.2516152193209221E-002 ,   9.2120256097234787E-002 ,  -5.8242741815565935E-002
   4.0976593934145281E-002 ,   8.9807670522331809E-002 ,  -4.2809675278040152E-002
   4.2276196279438488E-002 ,   8.8446624947945987E-002 ,  -2.9044373790967137E-002
   4.5939601269861616E-002 ,   8.8050377067792895E-002 ,  -1.6683803224649796E-002
   5.1112525251781969E-002 ,   8.8625443418063860E-002 ,  -5.4889303017962065E-003
   5.6839012942861034E-002 ,   9.0175506903978228E-002 ,   4.7570517042281801E-003
   6.2405956824245969E-002 ,   9.2704565893845861E-002 ,   1.4250710197358178E-002
   6.7613741543729164E-002 ,   9.6219465629758111E-002 ,   2.3170478593267770E-002
   7.2843936711151663E-002 ,  0.10073193503900983      ,   3.1678808289697137E-002
   7.8881908203071144E-002 ,  0.10626023546901686      ,   3.9924315065625528E-002
   8.6587698515642908E-002 ,  0.11283051264599034      ,   4.8043883403733036E-002
   9.6598692239645345E-002 ,  0.12047792935848968      ,   5.6164704860415256E-002
  0.10918676003186482      ,  0.12924764397219127      ,   6.4406236612651963E-002
  0.12425719931416586      ,  0.13919568879702723      ,   7.2882074089193616E-002
  0.14142908341209715      ,  0.15038979239713457      ,   8.1701737491125151E-002
  0.16015403295944119      ,  0.16291018095003260      ,   9.0972376317400280E-002
  0.17982764095463533      ,  0.17685038546522014      ,  0.10080039897459114     
  0.19989218521608229      ,  0.19231807375030874      ,  0.11129303635303416     
  0.21998031840199941      ,  0.20943591808758993      ,  0.12255984902471209     
  0.24007099737429391      ,  0.22834250119983526      ,  0.13471418753482758     
  0.26053793077634252      ,  0.24919325368583059      ,  0.14787461413054032     
  0.28204942143594230      ,  0.27216140501006614      ,  0.16216629213985403     
  0.30541645881596335      ,  0.29743891648856235      ,  0.17772234594660688     
  0.33148352784918256      ,  0.32523734746483168      ,  0.19468518987864572     
  0.36104357503074214      ,  0.35578858369275485      ,  0.21320781800241143     
  0.39471370811733703      ,  0.38934532818804513      ,  0.23345503833546014     
  0.43278632007532875      ,  0.42618121744158366      ,  0.25560462372991749     
  0.47514953546151173      ,  0.46659037743175252      ,  0.27984833683908750     
  0.52134895821451943      ,  0.51088617139247883      ,  0.30639276713294245     
  0.57079227580943837      ,  0.55939881143258230      ,  0.33545989260639347     
  0.62304570957129035      ,  0.61247140525082377      ,  0.36728724609690205     
  0.67810820083924250      ,  0.67045388387585647      ,  0.40212752422049775     
  0.73650709407571346      ,  0.73369410400377422      ,  0.44024742390437027     
  0.79915631459848557      ,  0.80252523878664739      ,  0.48192542541007199     
  0.86712083726625633      ,  0.87724836805713469      ,  0.52744816004763362     
  0.94148719469158104      ,  0.95810896533412482      ,  0.57710490493869326     
   1.0233280046500357      ,   1.0452657805728223      ,  0.63117963775002872     
   1.1135312881899861      ,   1.1387504820354777      ,  0.68993996663175328     
   1.2123713487227932      ,   1.2384164273482181      ,  0.75362213632406572     
   1.3190353931340384      ,   1.3438752066554114      ,  0.82241122208398265     
   1.4315013041497084      ,   1.4544203201472676      ,  0.89641559472431365     
   1.5469750526306481      ,   1.5689387609178072      ,  0.97563482829485038     
   1.6626721358961991      ,   1.6858136658766292      ,   1.0599205065801458     
   1.7764250098633685      ,   1.8028248692118054      ,   1.1489299706560232     
   1.8866995519714040      ,   1.9170593339240956      ,   1.2420740599845279     
   1.9920249639213379      ,   2.0248499264203508      ,   1.3384614507544750     
   2.0902227688615800      ,   2.1217681005363196      ,   1.4368443490931841     
   2.1778341506421799      ,   2.2027020523138305      ,   1.5355729780716709     
   2.2498662487696359      ,   2.2620538223631388      ,   1.6325691829374855     
   2.2998459392977000      ,   2.2940825631095625      ,   1.7253318865775926     
   2.3203065529562705      ,   2.2934025096515773      ,   1.8109879719485740     
   2.3038699147619579      ,   2.2556108582566328      ,   1.8864000927656583     
   2.2448044424556826      ,   2.1779756365249536      ,   1.9483366994347122     
   2.1405739259445475      ,   2.0600674067786091      ,   1.9936988387326597     
   1.9927549107973526      ,   1.9041894755754216      ,   2.0197843039439829     
   1.8069227288753429      ,   1.7154692943814802      ,   2.0245557812127513     
   1.5916514898659619      ,   1.5015302430138926      ,   2.0068705581414674     
   1.3572611792081772      ,   1.2717598040209583      ,   1.9666297015238157     
   1.1148117563012856      ,   1.0362971825751546      ,   1.9048163682796677     
  0.87529286811129525      ,  0.80493991239132967      ,   1.8234138682300103     
  0.64882521429193352      ,  0.58618396610125834      ,   1.7252181534258575     
  0.44372856412839584      ,  0.38656124625243360      ,   1.6135790714816123     
  0.26501245311419652      ,  0.21034630813473335      ,   1.4921143988777912     
  0.11291730577100990      ,   5.9608695163686748E-002 ,   1.3644388805009304     
  -1.6161098712845545E-002 ,  -6.5479933137011226E-002 ,   1.2339398472094227     
 -0.12618247749570022      , -0.16620055027530495      ,   1.1036162944159156     
 -0.21866268251143439      , -0.24481000764352695      ,  0.97598429919751772     
 -0.29283501156311448      , -0.30410886996064257      ,  0.85304136147876719     
 -0.34784712288696151      , -0.34709476490187574      ,  0.73627664433751827     
 -0.38442824444135043      , -0.37671289195006802      ,  0.62671257737338548     
 -0.40480064881023248      , -0.39569614814294074      ,  0.52496455981118595     
 -0.41209505648264899      , -0.40647782964416257      ,  0.43130818574931273     
 -0.41009294488090597      , -0.41115746707718875      ,  0.34574645755035577     
 -0.40274347359441443      , -0.41150210621487715      ,  0.26807221390270930     
 -0.39367093823620147      , -0.40896890310199524      ,  0.19792318892810590     
 -0.38600991107934696      , -0.40473875859198022      ,  0.13482868670199558     
 -0.38195250458167729      , -0.39975409662649936      ,   7.8247876867343358E-002
 -0.38211242060057915      , -0.39475651542952789      ,   2.7600314319150377E-002
 -0.38561535699816740      , -0.39032191242298492      ,  -1.7710416716385423E-002
 -0.39084710457577398      , -0.38689192741735651      ,  -5.8278932325788971E-002
 -0.39626782136105548      , -0.38480132170628584      ,  -9.4685166360762144E-002
 -0.40120713705924849      , -0.38430135678688487      , -0.12748546907213734     
 -0.40621738899319387      , -0.38557946906189577      , -0.15720688788408219     
 -0.41248188180176976      , -0.38877563790933228      , -0.18434394603443194     
 -0.42096143214534559      , -0.39399586905819672      , -0.20935734501658584     
 -0.43215255945420500      , -0.40132319833040991      , -0.23267411661505247     
 -0.44620742137203712      , -0.41082658358391927      , -0.25468883757681537     
 -0.46297691570548466      , -0.42256800707019559      , -0.27576559431625691     
 -0.48200469969103826      , -0.43660806267782115      , -0.29624044721241904     
 -0.50258009850833307      , -0.45301025559336150      , -0.31642419513785502     
 -0.52398677936700810      , -0.47184419680003337      , -0.33660528206910106     
 -0.54587943722444321      , -0.49318783156868379      , -0.35705272011539529     
 -0.56848045339090747      , -0.51712879917563415      , -0.37801892807114496     
 -0.59249022416953367      , -0.54376497977004823      , -0.39974240249018106     
 -0.61883426492376525      , -0.57320424278403181      , -0.42245014997122587     
 -0.64835943577776001      , -0.60556336871600913      , -0.44635981535506558     
 -0.68164741003204277      , -0.64096607180850518      , -0.47168144125200534     
 -0.71905228840453994      , -0.67954000459510544      , -0.49861879002709569     
 -0.76075073758521961      , -0.72141257642418488      , -0.52737015029433365     
 -0.80662560732815203      , -0.76670536747726248      , -0.55812853633776005     
 -0.85620354116723518      , -0.81552686917319506      , -0.59108117101442681     
 -0.90880566517642691      , -0.86796323453109814      , -0.62640812116689004     
 -0.96381640564738580      , -0.92406668383501045      , -0.66427993038313904     
  -1.0209700482163837      , -0.98384119101453216      , -0.70485406880495360     
  -1.0804918222945090      ,  -1.0472250883707017      , -0.74826999640014280     
  -1.1429262761760208      ,  -1.1140702913966432      , -0.79464261903395428     
  -1.2087865513331155      ,  -1.1841179882630797      , -0.84405391227026083     
  -1.2783269324550628      ,  -1.2569708943107780      , -0.89654250528706636     
  -1.3515114770441854      ,  -1.3320625811600497      , -0.95209106900782137     
  -1.4279952851828408      ,  -1.4086249955284553      ,  -1.0106114543405447     
  -1.5069377233751731      ,  -1.4856561204709910      ,  -1.0719276969676881     
  -1.5867016317280980      ,  -1.5618908147046162      ,  -1.1357572641826892     
  -1.6647487292448675      ,  -1.6357791596741007      ,  -1.2016912837629112     
  -1.7379770322624166      ,  -1.7054780339848252      ,  -1.2691749722667758     
  -1.8033305188303592      ,  -1.7688628873783263      ,  -1.3374900584707226     
  -1.8582613009253055      ,  -1.8235674200729917      ,  -1.4057416326856329     
  -1.9007623182615314      ,  -1.8670585584756816      ,  -1.4728524544807782     
  -1.9290260494701164      ,  -1.8967521385750084      ,  -1.5375681751794532     
  -1.9410591859149045      ,  -1.9101705150628026      ,  -1.5984769812271005     
  -1.9345751732580188      ,  -1.9051366868038477      ,  -1.6540466183546458     
  -1.9072403692203017      ,  -1.8799909029060546      ,  -1.7026804229180070     
  -1.8571698745152305      ,  -1.8338064567641899      ,  -1.7427917898376235     
  -1.7835156831860230      ,  -1.7665738233804884      ,  -1.7728935811366489     
  -1.6869728642547654      ,  -1.6793193399910480      ,  -1.7916957382361516     
  -1.5700474921620891      ,  -1.5741287994909499      ,  -1.7982014834472844     
  -1.4369857786661735      ,  -1.4540585711738296      ,  -1.7917907942460058     
  -1.2933403779056718      ,  -1.3229355864692047      ,  -1.7722800115972297     
  -1.1452574301149083      ,  -1.1850684983651558      ,  -1.7399488134297523     
 -0.99867098660948372      ,  -1.0449098261764556      ,  -1.6955300711564372     
 -0.85860426762820841      , -0.90671780055009554      ,  -1.6401634518064443     
 -0.72869959685959729      , -0.77426443399857336      ,  -1.5753188259838156     
 -0.61103680815004102      , -0.65062418559314306      ,  -1.5026994293425207     
 -0.50629882641835189      , -0.53805960856055846      ,  -1.4241365517228026     
 -0.41426837959785923      , -0.43800192017994610      ,  -1.3414871510683963     
 -0.33443620658939316      , -0.35111004356225739      ,  -1.2565436330226010     
 -0.26639275688102387      , -0.27738372851379317      ,  -1.1709618668190174     
 -0.20985290308766064      , -0.21630490680726164      ,  -1.0862101432000582     
 -0.16445671619993768      , -0.16698485479310698      ,  -1.0035388660824414     
 -0.12959295943446814      , -0.12830075441590932      , -0.92396866930221366     
 -0.10435091635854493      ,  -9.9011800828282467E-002 , -0.84829344980179178     
  -8.7554010751460520E-002 ,  -7.7850703932708876E-002 , -0.77709439787087953     
  -7.7823467148543851E-002 ,  -6.3590613793592488E-002 , -0.71076127246323817     
  -7.3669834750325930E-002 ,  -5.5090083998159803E-002 , -0.64951768650273467     
  -7.3616975286068684E-002 ,  -5.1319928652182122E-002 , -0.59344783846858606     
  -7.6353861846137489E-002 ,  -5.1376111790610725E-002 , -0.54252281249798806     
  -8.0892707330423003E-002 ,  -5.4482506497482014E-002 , -0.49662518528688282     
  -8.6678257338640291E-002 ,  -5.9986771525834218E-002 , -0.45557118450738321     
  -9.3588174824684150E-002 ,  -6.7351918144290771E-002 , -0.41913003141958882     
 -0.10180831964156056      ,  -7.6145498697450006E-002 , -0.38704037906701927     
 -0.11161933344786534      ,  -8.6027798752510112E-002 , -0.35902394463510756     
 -0.12317085563860659      ,  -9.6739974650656230E-002 , -0.33479655016284376     
 -0.13633657636142604      , -0.10809274326090544      , -0.31407684844854894     
 -0.15070557762023323      , -0.11995598579839001      , -0.29659303637498741     
 -0.16569181343601955      , -0.13224945471734162      , -0.28208785835243927     
 -0.18070127829579927      , -0.14493465480064185      , -0.27032218738771446     
 -0.19529946309951240      , -0.15800789211005009      , -0.26107744707156139     
 -0.20933260835110876      , -0.17149443591142843      , -0.25415710912940392     
 -0.22296723676496918      , -0.18544371031143450      , -0.24938747116086327     
 -0.23663409149659589      , -0.19992541770844602      , -0.24661788975310234     
 -0.25089125995845002      , -0.21502649063002746      , -0.24572061646105828     
 -0.26624630239434899      , -0.23084876878264615      , -0.24659035883437774     
 -0.28299414524723498      , -0.24750730180244249      , -0.24914366600070298     
 -0.30113328467839445      , -0.26512918355277493      , -0.25331821830752771     
 -0.32040525333107461      , -0.28385282959556735      , -0.25907208303752821     
 -0.34044905423245675      , -0.30382761469181757      , -0.26638298299531660     
 -0.36099970257217656      , -0.32521379106320952      , -0.27524761149537930     
 -0.38203882191464311      , -0.34818260996592526      , -0.28568101558953890     
 -0.40384008778040126      , -0.37291656820932029      , -0.29771605884614949     
 -0.42691278495233675      , -0.39960969688581727      , -0.31140296518496530     
 -0.45189484312660588      , -0.42846780097640164      , -0.32680893569513642     
 -0.47945441390980753      , -0.45970854475326928      , -0.34401782048743806     
 -0.51022129657539317      , -0.49356125796539929      , -0.36312981686817919     
 -0.54472783393837654      , -0.53026631045188799      , -0.38426115281641809     
 -0.58334213951224656      , -0.57007386672513005      , -0.40754370016543978     
 -0.62621575296285759      , -0.61324178576453203      , -0.43312444421807728     
 -0.67328960284283712      , -0.66003237338925247      , -0.46116471487057925     
 -0.72438009944955584      , -0.71070762410160104      , -0.49183905773979042     
 -0.77931947999352791      , -0.76552250598750449      , -0.52533359135827784     
 -0.83808677893553862      , -0.82471574748206744      , -0.56184365743896569     
 -0.90086483638187931      , -0.88849748268377926      , -0.60157052509409392     
 -0.96800066155792508      , -0.95703301110356997      , -0.64471685702333670     
  -1.0399033045074053      ,  -1.0304218440011301      , -0.69148058764199649     
  -1.1169362729976744      ,  -1.1086711689674305      , -0.74204680358594444     
  -1.1993274516269596      ,  -1.1916629079707703      , -0.79657716295425818     
  -1.2870686102206295      ,  -1.2791137317463777      , -0.85519635278332806     
  -1.3797755425079226      ,  -1.3705278083744008      , -0.91797508300500474     
  -1.4765406111874340      ,  -1.4651428133852800      , -0.98490917658624821     
  -1.5758664550092238      ,  -1.5618709377351614      ,  -1.0558944769156287     
  -1.6757471206039534      ,  -1.6592384213378226      ,  -1.1306976022292721     
  -1.7738614763440765      ,  -1.7553295920387670      ,  -1.2089230872994532     
  -1.8677497440662894      ,  -1.8477444638281029      ,  -1.2899782167765024     
  -1.9548462767485191      ,  -1.9335823784575716      ,  -1.3730379039287575     
  -2.0323412568494956      ,  -2.0094673378281551      ,  -1.4570132840711101     
  -2.0969610319791414      ,  -2.0716324741702135      ,  -1.5405291632885045     
  -2.1448135604819356      ,  -2.1160799622598705      ,  -1.6219168435451898     
  -2.1714320752802947      ,  -2.1388267571723301      ,  -1.6992297223010837     
  -2.1721015751346675      ,  -2.1362343452227091      ,  -1.7702888766971601     
  -2.1424844246490622      ,  -2.1054020599515408      ,  -1.8327639813947796     
  -2.0794602976441370      ,  -2.0445807668991480      ,  -1.8842909353405151     
  -1.9819756998904969      ,  -1.9535423966589387      ,  -1.9226215166584080     
  -1.8516270550666498      ,  -1.8338290488603362      ,  -1.9457930344686416     
  -1.6927605485741171      ,  -1.6888114028237018      ,  -1.9522989358118306     
  -1.5120649084045128      ,  -1.5235141097589926      ,  -1.9412368422279591     
  -1.3178195894209297      ,  -1.3442120210571691      ,  -1.9124105565793181     
  -1.1189845203973081      ,  -1.1578532144471796      ,  -1.8663681352799042     
 -0.92424190794937078      , -0.97140576902449882      ,  -1.8043683566136113     
 -0.74107218753874171      , -0.79124071353522030      ,  -1.7282803210774276     
 -0.57490298106118842      , -0.62264865754680543      ,  -1.6404321365977033     
 -0.42841762873427286      , -0.46954913069346166      ,  -1.5434317569348321     
 -0.30150714433926479      , -0.33440429339267902      ,  -1.4399846537350298     
 -0.19237255950616983      , -0.21830781663064763      ,  -1.3327295467317848     
  -9.9245248870436106E-002 , -0.12119519779513725      ,  -1.2241066936955947     
  -2.1422349034136284E-002 ,  -4.2115597683410992E-002 ,  -1.1162655197519116     
   4.0988960038674326E-002 ,   2.0486709436646308E-002 ,  -1.0110115465697123     
   8.8013979720605234E-002 ,   6.8517777469615099E-002 , -0.90978775496973741     
  0.12045205414898422      ,  0.10402626193743578      , -0.81368293448099915     
  0.13989904383357779      ,  0.12904874663052246      , -0.72345890814728753     
  0.14852109778786710      ,  0.14550507020936551      , -0.63958917068628618     
  0.14882564288416161      ,  0.15513562773870865      , -0.56230283043951657     
  0.14341402207112558      ,  0.15947093878374241      , -0.49162931722975295     
  0.13477501956736879      ,  0.15982416769303215      , -0.42744079806285401     
  0.12509523962717428      ,  0.15729872395344635      , -0.36949047281843572     
  0.11596417753961052      ,  0.15280484568268940      , -0.31744585488358845     
  0.10810134821762059      ,  0.14708076104513482      , -0.27091679461893292     
  0.10135687619345159      ,  0.14071543813105639      , -0.22947842460269577     
   9.5011298931607396E-002 ,  0.13417102251796589      , -0.19268945063371956     
   8.8261614141181333E-002 ,  0.12780384748378712      , -0.16010633292912446     
   8.0739103006683327E-002 ,  0.12188343978152048      , -0.13129393972555115     
   7.2776842193249480E-002 ,  0.11660929459036382      , -0.10583324203678925     
   6.5258868983286589E-002 ,  0.11212541045637760      ,  -8.3326575815892520E-002
   5.9246344893593220E-002 ,  0.10853270131855734      ,  -6.3400941043187109E-002
   5.5647276812665930E-002 ,  0.10589946947631626      ,  -4.5709745725188280E-002
   5.4987901412384639E-002 ,  0.10427015253733518      ,  -2.9933342086985087E-002
   5.7280121536112477E-002 ,  0.10367256371322282      ,  -1.5778645510833335E-002
   6.2016304736504609E-002 ,  0.10412383785823971      ,  -2.9780755577153233E-003
   6.8313066871631287E-002 ,  0.10563528140448651      ,   8.7119867305855848E-003
   7.5199399855762974E-002 ,  0.10821630655474181      ,   1.9513070123515407E-002
   8.1970838208215005E-002 ,  0.11187761099747581      ,   2.9626691293402192E-002
   8.8459764910589517E-002 ,  0.11663374533339807      ,   3.9236545986113792E-002
   9.5090290135753069E-002 ,  0.12250519210664432      ,   4.8510742915426050E-002
  0.10268275887470012      ,  0.12952006322130361      ,   5.7604029240280456E-002
  0.11211368184323024      ,  0.13771550677706540      ,   6.6659972083182917E-002
  0.12402250208424288      ,  0.14713890001021801      ,   7.5813073027227965E-002
  0.13868182147362981      ,  0.15784889200725963      ,   8.5190802334656729E-002
  0.15600362126112841      ,  0.16991634801598865      ,   9.4915547152699190E-002
  0.17561603715597845      ,  0.18342523629126711      ,  0.10510647354626416     
  0.19697587679855544      ,  0.19847348819084690      ,  0.11588130609579436     
  0.21947895984612775      ,  0.21517385232113451      ,  0.12735803123493067     
  0.24257067422607925      ,  0.23365475348327366      ,  0.13965653162546596     
  0.26590375521236576      ,  0.25406115644904970      ,  0.15290015875808619     
  0.28950067004094227      ,  0.27655542254615456      ,  0.16721724963564050     
  0.31379004016267148      ,  0.30131813284431563      ,  0.18274259076972924     
  0.33948637821649796      ,  0.32854883440907107      ,  0.19961882863850883     
  0.36743154227268043      ,  0.35846664439448767      ,  0.21799781994534886     
  0.39849884252217027      ,  0.39131061915952309      ,  0.23804190709181647     
  0.43352420851168744      ,  0.42733976025768178      ,  0.25992509369566286     
  0.47317836001792363      ,  0.46683248383084736      ,  0.28383408103491098     
  0.51779017790027815      ,  0.51008532201043177      ,  0.30996910807541045     
  0.56723565964740319      ,  0.55741055142552731      ,  0.33854451411498021     
  0.62099375811321567      ,  0.60913235169282998      ,  0.36978891269851522     
  0.67838297099690203      ,  0.66558098285394907      ,  0.40394482676344723     
  0.73890715145248875      ,  0.72708433304494668      ,  0.44126758626840140     
  0.80255523059940870      ,  0.79395602623684047      ,  0.48202322918040019     
  0.86987441850512337      ,  0.86647909879151963      ,  0.52648507335109662     
  0.94177731077816207      ,  0.94488406424180749      ,  0.57492854014299799     
   1.0192703198489699      ,   1.0293200115880103      ,  0.62762371220481183     
   1.1033192581529931      ,   1.1198172657769607      ,  0.68482500244872102     
   1.1948053432692420      ,   1.2162401498838087      ,  0.74675720953346603     
   1.2943004987035942      ,   1.3182286351005581      ,  0.81359715612049432     
   1.4015554792227412      ,   1.4251283035935616      ,  0.88545008151459337     
   1.5149970847524969      ,   1.5359092905780751      ,  0.96232003866968674     
   1.6316980630228286      ,   1.6490769691601981      ,   1.0440737963954980     
   1.7479821563781004      ,   1.7625803520093120      ,   1.1303982621456463     
   1.8603025932942574      ,   1.8737286770511576      ,   1.2207523257973252     
   1.9657807432643990      ,   1.9791323337539792      ,   1.3143153831750887     
   2.0620484247490820      ,   2.0746905761774594      ,   1.4099366878493840     
   2.1465504700226044      ,   2.1556539445227054      ,   1.5060920462594489     
   2.2157980932985413      ,   2.2167915023342668      ,   1.6008569537318578     
   2.2649909368969889      ,   2.2526884218042524      ,   1.6919075042317528     
   2.2881466984510119      ,   2.2581843870692953      ,   1.7765613825387028     
   2.2787411066398300      ,   2.2289354566246842      ,   1.8518697931255470     
   2.2308468074961163      ,   2.1620431645734275      ,   1.9147661847452768     
   2.1406134879943077      ,   2.0566529170936714      ,   1.9622686169821451     
   2.0076414293397149      ,   1.9143940614837531      ,   1.9917204286638490     
   1.8356479686237814      ,   1.7395340488428781      ,   2.0010411052933321     
   1.6320878274272848      ,   1.5387608201874197      ,   1.9889499507456627     
   1.4069764929264610      ,   1.3205875736851553      ,   1.9551235362441517     
   1.1715109416699485      ,   1.0944698721640391      ,   1.9002562817400708     
  0.93685806857349552      ,  0.86980197130440695      ,   1.8260108125278076     
  0.71319342208100711      ,  0.65498696600371087      ,   1.7348662255019947     
  0.50889339648616017      ,  0.45674402410833626      ,   1.6298915649064565     
  0.32937433363915908      ,  0.27974115223213653      ,   1.5144830970439576     
  0.17573234452669734      ,  0.12655500924438956      ,   1.3921050714225933     
   4.5120961020636174E-002 ,  -2.1093609545281568E-003 ,   1.2660659784698975     
  -6.6324810682467789E-002 , -0.10703999294361360      ,   1.1393497488246689     
 -0.16056491429006658      , -0.19008160102014149      ,   1.0145082306768012     
 -0.23725862928534269      , -0.25371953242299472      ,  0.89361081724419855     
 -0.29556759160992130      , -0.30073129688479561      ,  0.77824067797363217     
 -0.33590606107352983      , -0.33392454246025399      ,  0.66952453904332021     
 -0.36012478991419850      , -0.35596005720225277      ,  0.56818335328088643     
 -0.37097149440709359      , -0.36924698732802863      ,  0.47459326396003948     
 -0.37184757255147666      , -0.37589322082260024      ,  0.38884895656509771     
 -0.36647232954384068      , -0.37769423707262845      ,  0.31082411065795684     
 -0.35840782587912956      , -0.37614639022080093      ,  0.24022584882287670     
 -0.35083487071161668      , -0.37247398388673925      ,  0.17664171537082027     
 -0.34616666513395361      , -0.36766269850571237      ,  0.11957883348917736     
 -0.34539979716732033      , -0.36249455027626887      ,   6.8495581330194732E-002
 -0.34800276694358701      , -0.35758150586839088      ,   2.2826506073900316E-002
 -0.35252456701924284      , -0.35339622047587044      ,  -1.7998639778078043E-002
 -0.35737991546988240      , -0.35029923678836039      ,  -5.4540824849171811E-002
 -0.36163253775841908      , -0.34856251030891594      ,  -8.7341759806201569E-002
 -0.36549278384384543      , -0.34838942264384626      , -0.11691723052267909     
 -0.36999126027542217      , -0.34993159229674742      , -0.14375306250130479     
 -0.37618952499419300      , -0.35330285041969134      , -0.16830313786135651     
 -0.38479204882140561      , -0.35859075534454887      , -0.19098898192971681     
 -0.39616190750841684      , -0.36586599856871060      , -0.21220052210168877     
 -0.41032573605070410      , -0.37519002047089617      , -0.23229769598738090     
 -0.42693793983606559      , -0.38662111437854607      , -0.25161264904947012     
 -0.44530962212203290      , -0.40021925684407017      , -0.27045231471455861     
 -0.46462202602820524      , -0.41604986199587363      , -0.28910121329269922     
 -0.48431101329024967      , -0.43418661921318441      , -0.30782434099060302     
 -0.50435543444145092      , -0.45471353602796433      , -0.32687004780146445     
 -0.52529311252690714      , -0.47772627159494169      , -0.34647282392138790     
 -0.54802228170287104      , -0.50333280959024207      , -0.36685592925790400     
 -0.57348790445526754      , -0.53165348217388397      , -0.38823381009042951     
 -0.60241865258055838      , -0.56282031778690689      , -0.41081425140154459     
 -0.63528070637832612      , -0.59697564414214421      , -0.43480021307211597     
 -0.67233592822714061      , -0.63426983296738892      , -0.46039129315319621     
 -0.71358619273429524      , -0.67485802422642949      , -0.48778475182937375     
 -0.75870519163634176      , -0.71889561443919947      , -0.51717601545449898     
 -0.80712641040361799      , -0.76653223684161209      , -0.54875856116675947     
 -0.85825267737202249      , -0.81790390218311593      , -0.58272305918769784     
 -0.91172854867389752      , -0.87312291159351063      , -0.61925562236534037     
 -0.96766156873470133      , -0.93226510369459192      , -0.65853498173058778     
  -1.0265894013423735      , -0.99535396770232754      , -0.70072837453749337     
  -1.0891987449524900      ,  -1.0623411591474730      , -0.74598590049483626     
  -1.1560583504925552      ,  -1.1330830190770358      , -0.79443307761640658     
  -1.2275317311070266      ,  -1.2073128544503686      , -0.84616131890993951     
  -1.3037687153260196      ,  -1.2846090303135032      , -0.90121606603373261     
  -1.3845657928968793      ,  -1.3643594057596606      , -0.95958237131782331     
  -1.4690390185503130      ,  -1.4457233725700702      ,  -1.0211678349887090     
  -1.5553490237504124      ,  -1.5275937779192856      ,  -1.0857830039380234     
  -1.6408244588206344      ,  -1.6085623533591964      ,  -1.1531196477268890     
  -1.7225066661432511      ,  -1.6868938939161400      ,  -1.2227277695525685     
  -1.7977504401083082      ,  -1.7605161903145281      ,  -1.2939927958138346     
  -1.8644673064361836      ,  -1.8270343129837907      ,  -1.3661151039794051     
  -1.9208826582397285      ,  -1.8837787772127064      ,  -1.4380948387112886     
  -1.9650419452064785      ,  -1.9278966816365157      ,  -1.5087257139824952     
  -1.9944466273494956      ,  -1.9564922881605553      ,  -1.5766020145148025     
  -2.0060264494210971      ,  -1.9668179842404507      ,  -1.6401430354681412     
  -1.9964391988298373      ,  -1.9565078935156675      ,  -1.6976384459203631     
  -1.9626165711897257      ,  -1.9238352622592316      ,  -1.7473162883833551     
  -1.9024512230347779      ,  -1.8679631247608479      ,  -1.7874324592804500     
  -1.8154722811978914      ,  -1.7891488963989355      ,  -1.8163767754887499     
  -1.7033080177400750      ,  -1.6888613174542515      ,  -1.8327867172578691     
  -1.5697485959527901      ,  -1.5697756537403367      ,  -1.8356565804305158     
  -1.4203512610520073      ,  -1.4356308657342878      ,  -1.8244281277482193     
  -1.2617168327703474      ,  -1.2909575812169940      ,  -1.7990497282333926     
  -1.1006616347235751      ,  -1.1407118013422741      ,  -1.7599946421626305     
 -0.94346502026870294      , -0.98986866166433762      ,  -1.7082349636031091     
 -0.79526212806109620      , -0.84303727905915227      ,  -1.6451744759519611     
 -0.65959515676429625      , -0.70414998917810345      ,  -1.5725497021054149     
