  0.58529059802386896      ,   2.1229450724483714      ,   1.4655193661558268     
   1.6615870642490498      ,   2.1929852415350255      ,   1.5610585270229873     
   2.1755088895943939      ,   2.2400776937172493      ,   1.6539053462152871     
   2.4038546261755891      ,   2.2589017442634218      ,   1.7415228812149708     
   2.3414652355752739      ,   2.2447042742917840      ,   1.8210630112943438     
   1.9968620325350135      ,   2.1939089102960634      ,   1.8894909061409448     
   1.6778889101864451      ,   2.1047402225179983      ,   1.9437656688917380     
   1.6203898627635376      ,   1.9777454803439807      ,   1.9810672081207392     
   1.5431163602480060      ,   1.8160821072783706      ,   1.9990464820024860     
   1.5520139736953604      ,   1.6254624622894605      ,   1.9960649989817625     
   1.3709565861697457      ,   1.4137129629515430      ,   1.9713841858516696     
   1.2157638986356996      ,   1.1899972664110152      ,   1.9252693066812612     
  0.93094781763116019      ,  0.96384218103004549      ,   1.8589865037522069     
  0.63689321295796286      ,  0.74415591195967179      ,   1.7746919444430655     
  0.41694035473011587      ,  0.53842131673974125      ,   1.6752329415465239     
  0.31904981527014553      ,  0.35218728446955988      ,   1.5638959838847664     
  0.17147880158226436      ,  0.18889565376218667      ,   1.4441420266186100     
  0.12018170544296122      ,   5.0001978019320249E-002 ,   1.3193650556489360     
   5.5147543216724722E-002 ,  -6.4700883798565631E-002 ,   1.1926989228874905     
  -3.1280556612469076E-002 , -0.15666063759309845      ,   1.0668841267543117     
  -9.7336616806814241E-002 , -0.22813426990100699      ,  0.94419438639734021     
 -0.16894353542394563      , -0.28180797976757588      ,  0.82641469034470127     
 -0.23184483185868474      , -0.32049834109380249      ,  0.71485843581946695     
 -0.25745858636717217      , -0.34694074961631782      ,  0.61041059040920653     
 -0.25575990160963991      , -0.36365620077566646      ,  0.51358530372947420     
 -0.27661887345722408      , -0.37288048745330526      ,  0.42458891988492709     
 -0.28947939826774688      , -0.37653861886822665      ,  0.34338204425120999     
 -0.30245710159505917      , -0.37624917459232166      ,  0.26973670639260389     
 -0.30308247737011773      , -0.37334652660465156      ,  0.20328652779630416     
 -0.31780298105245280      , -0.36891220776140959      ,  0.14356912745924336     
 -0.30350962728931796      , -0.36380958762195265      ,   9.0060855130340983E-002
 -0.31957172081272700      , -0.35871823902491112      ,   4.2204439621893741E-002
 -0.33045638980157499      , -0.35416596004674755      ,  -5.6961569239652996E-004
 -0.34907594477256743      , -0.35055746826940914      ,  -3.8826978221081797E-002
 -0.35528023614985005      , -0.34819944144875398      ,  -7.3117879548269940E-002
 -0.37632103148012247      , -0.34732196114584557      , -0.10396913675487859     
 -0.37369972581591260      , -0.34809661831423416      , -0.13187907821838246     
 -0.38159514072079542      , -0.35065163044657438      , -0.15731475324318300     
 -0.38842904965410913      , -0.35508434474769440      , -0.18071090378070817     
 -0.40510334907905071      , -0.36147149037983400      , -0.20247026648446861     
 -0.42078128280917770      , -0.36987751301508459      , -0.22296485238673353     
 -0.44108528526288243      , -0.38036128702789984      , -0.24253791924495635     
 -0.46190897489583682      , -0.39298146021187508      , -0.26150640862046931     
 -0.47669589561525116      , -0.40780064560972051      , -0.28016366693359418     
 -0.50170987664449229      , -0.42488863596647064      , -0.29878230811027573     
 -0.52249383645191350      , -0.44432477860534586      , -0.31761710598075332     
 -0.55311153519990164      , -0.46619961183729980      , -0.33690782818834025     
 -0.57979929818054710      , -0.49061582772856122      , -0.35688194075595159     
 -0.61761005860140405      , -0.51768858938690709      , -0.37775712423213165     
 -0.63999939448383758      , -0.54754519301577265      , -0.39974354894277481     
 -0.67653887206797347      , -0.58032402491292434      , -0.42304585861538374     
 -0.70231667125713004      , -0.61617272046811900      , -0.44786480869756806     
 -0.74310466595448643      , -0.65524538527947807      , -0.47439849813077212     
 -0.78056163207962381      , -0.69769868729453444      , -0.50284312115890861     
 -0.83543538240313264      , -0.74368657348523226      , -0.53339314892254241     
 -0.88620696889483175      , -0.79335330605295495      , -0.56624082914757556     
 -0.94668487731875872      , -0.84682445416439756      , -0.60157486641105617     
  -1.0069385203725763      , -0.90419542278911047      , -0.63957811587315860     
  -1.0716927216512471      , -0.96551705894731876      , -0.68042409129601356     
  -1.1389134434667780      ,  -1.0307778612015503      , -0.72427205599499500     
  -1.2097133803478604      ,  -1.0998823509037625      , -0.77126043706710912     
  -1.2854635125280021      ,  -1.1726252724491224      , -0.82149828508863920     
  -1.3580846670493276      ,  -1.2486615134322572      , -0.87505450283288311     
  -1.4384468806514294      ,  -1.3274720230237296      , -0.93194460068929952     
  -1.5131613241408794      ,  -1.4083266142620134      , -0.99211482113025040     
  -1.5968647828733162      ,  -1.4902454189606513      ,  -1.0554236320282695     
  -1.6748034929349687      ,  -1.5719619618454443      ,  -1.1216208443547895     
  -1.7599432090966991      ,  -1.6518923291820697      ,  -1.1903249890188543     
  -1.8347009696359662      ,  -1.7281166388091584      ,  -1.2610001085055818     
  -1.9100055812647396      ,  -1.7983807511966154      ,  -1.3329337815139992     
  -1.9691727872993752      ,  -1.8601274883067285      ,  -1.4052189689836077     
  -2.0208729293299146      ,  -1.9105669316404634      ,  -1.4767430611370855     
  -2.0534161245288751      ,  -1.9467938643396794      ,  -1.5461881616983577     
  -2.0725821520397862      ,  -1.9659562972366709      ,  -1.6120469374818855     
  -2.0689303941447377      ,  -1.9654717519920386      ,  -1.6726580056065574     
  -2.0451335337895777      ,  -1.9432777608327523      ,  -1.7262635486630262     
  -1.9947292290232848      ,  -1.8980912374186156      ,  -1.7710894706649931     
  -1.9184551480396730      ,  -1.8296406962393050      ,  -1.8054450031124267     
  -1.8150263972233167      ,  -1.7388294866500131      ,  -1.8278346624583925     
  -1.6870827858449773      ,  -1.6277909378168240      ,  -1.8370716452890137     
  -1.5384283201013786      ,  -1.4998095542228083      ,  -1.8323791687938058     
  -1.3741590618803516      ,  -1.3591048903602743      ,  -1.8134659116009328     
  -1.2023861670273281      ,  -1.2105014823689850      ,  -1.7805641330966038     
  -1.0290171264415813      ,  -1.0590317642324893      ,  -1.7344240464755345     
 -0.86370525222397032      , -0.90953204853726333      ,  -1.6762645840380972     
 -0.71090451811475885      , -0.76629045839720311      ,  -1.6076872838821734     
 -0.57742262835746094      , -0.63279111119684861      ,  -1.5305650890616394     
 -0.46268125924197567      , -0.51157614327258938      ,  -1.4469203331926654     
 -0.36802006059265813      , -0.40422348056081997      ,  -1.3588058440310067     
 -0.28891480483352250      , -0.31141976406450217      ,  -1.2682004526181798     
 -0.22435336146474064      , -0.23309778801163680      ,  -1.1769262441082506     
 -0.17060333220602730      , -0.16860623877588951      ,  -1.0865906987991416     
 -0.12733385522172053      , -0.11688420726929609      , -0.99855328422125944     
  -9.2573652155773137E-002 ,  -7.6620826960369842E-002 , -0.91391352682143312     
  -6.6642619041709941E-002 ,  -4.6388750188870759E-002 , -0.83351620498294843     
  -4.8362942367415215E-002 ,  -2.4747247274474339E-002 , -0.75796889974055193     
  -3.7637960935164812E-002 ,  -1.0315729998428632E-002 , -0.68766743138630215     
  -3.3023950080483637E-002 ,  -1.8214478280048640E-003 , -0.62282540323619306     
  -3.3358047456231221E-002 ,   1.8736213420180853E-003 , -0.56350492439458066     
  -3.6832142788518513E-002 ,   1.7615356216361129E-003 , -0.50964642339749555     
  -4.2082682476499017E-002 ,  -1.3118115952818158E-003 , -0.46109619835676158     
  -4.8248978132468798E-002 ,  -6.6396574477651698E-003 , -0.41763093670120399     
  -5.4931938628781145E-002 ,  -1.3643028666461270E-002 , -0.37897887546563841     
  -6.2619358793014057E-002 ,  -2.1857230537399887E-002 , -0.34483757807297111     
  -7.1367510508103818E-002 ,  -3.0917647516997382E-002 , -0.31488850072089442     
  -8.1733443655463020E-002 ,  -4.0545828998756465E-002 , -0.28880863680281205     
  -9.3134022725925358E-002 ,  -5.0536458215814865E-002 , -0.26627958437632082     
 -0.10571372575830973      ,  -6.0745535952676205E-002 , -0.24699439830948178     
 -0.11854626907946582      ,  -7.1079928829461902E-002 , -0.23066257968419340     
 -0.13192253406706203      ,  -8.1488312368645233E-002 , -0.21701353068754367     
 -0.14511539302977666      ,  -9.1953464011745173E-002 , -0.20579877078846398     
 -0.15843996229541196      , -0.10248581711414667      , -0.19679317430099824     
 -0.17106212235616813      , -0.11311816375377477      , -0.18979545356896593     
 -0.18306019713683505      , -0.12390138486828309      , -0.18462807785078555     
 -0.19369916825360900      , -0.13490108585741281      , -0.18113678659492613     
 -0.20325551627873431      , -0.14619502096295234      , -0.17918982768631697     
 -0.21167775060722913      , -0.15787119815256992      , -0.17867702656820605     
 -0.21969497332818363      , -0.17002656630521587      , -0.17950877083502106     
 -0.22782415139141196      , -0.18276619714175962      , -0.18161497674609636     
 -0.23678020392221791      , -0.19620288481528092      , -0.18494408884528565     
 -0.24712554190734212      , -0.21045709584136973      , -0.18946215116338330     
 -0.25913152843918402      , -0.22565721072115474      , -0.19515197798646983     
 -0.27323798354577067      , -0.24194000588268194      , -0.20201244354666020     
 -0.28931150418468615      , -0.25945133017162558      , -0.21005790288735099     
 -0.30770255540695501      , -0.27834693379168085      , -0.21931775023200070     
 -0.32796423889495691      , -0.29879340902458551      , -0.22983611610438576     
 -0.35039123402199157      , -0.32096920087564484      , -0.24167169986552495     
 -0.37444428408838781      , -0.34506564151254326      , -0.25489772989084503     
 -0.40064116326557558      , -0.37128795436713680      , -0.26960203892761031     
 -0.42882032555596061      , -0.39985616123761175      , -0.28588723682235340     
 -0.45994731202477512      , -0.43100580761439661      , -0.30387095630563832     
 -0.49427857075520093      , -0.46498839643186035      , -0.32368613929883611     
 -0.53283027657335480      , -0.50207138687697239      , -0.34548132058916198     
 -0.57576273660157362      , -0.54253757078717313      , -0.36942085189663620     
 -0.62356344576127432      , -0.58668358224765382      , -0.39568499136519159     
 -0.67604695523216773      , -0.63481722373640304      , -0.42446976021377292     
 -0.73316868804745983      , -0.68725320205339335      , -0.45598643837758396     
 -0.79467675772975899      , -0.74430675725310036      , -0.49046053302116105     
 -0.86035506535343043      , -0.80628453708180048      , -0.52813000635325302     
 -0.93022787414961394      , -0.87347191981658512      , -0.56924249093951840     
  -1.0041685469053689      , -0.94611582648685610      , -0.61405115097201413     
  -1.0826047917848476      ,  -1.0244019038421510      , -0.66280876718600912     
  -1.1655459555948600      ,  -1.1084248294944457      , -0.71575953398672687     
  -1.2535910938710835      ,  -1.1981504370039850      , -0.77312796625371349     
  -1.3464827281884217      ,  -1.2933684551491871      , -0.83510423251032928     
  -1.4442662763670282      ,  -1.3936350120537007      , -0.90182518174023896     
  -1.5457501504391422      ,  -1.4982048238685792      , -0.97335034643113805     
  -1.6498609724098046      ,  -1.6059543643073384      ,  -1.0496323335922244     
  -1.7544004250014975      ,  -1.7152995155211928      ,  -1.1304813258783022     
  -1.8573962349862854      ,  -1.8241144286973070      ,  -1.2155239907546520     
  -1.9561251703279758      ,  -1.9296626473165661      ,  -1.3041580287422825     
  -2.0480235688875124      ,  -2.0285567510694142      ,  -1.3955049591156097     
  -2.1298398085899874      ,  -2.1167681279727408      ,  -1.4883655626288721     
  -2.1980299068773972      ,  -2.1897124730225968      ,  -1.5811845732323351     
  -2.2482577626041049      ,  -2.2424368401855683      ,  -1.6720334281675850     
  -2.2756937115819871      ,  -2.2699274515027903      ,  -1.7586215675428791     
  -2.2752170143775814      ,  -2.2675410704442771      ,  -1.8383470568267553     
  -2.2420295413791980      ,  -2.2315354793862863      ,  -1.9083951718011813     
  -2.1725317716907120      ,  -2.1596393728573404      ,  -1.9658881976733313     
  -2.0650807840685013      ,  -2.0515673608482117      ,  -2.0080809159886481     
  -1.9208011395501217      ,  -1.9093654042820782      ,  -2.0325851947350984     
  -1.7436171972559389      ,  -1.7374802521795818      ,  -2.0375963442642169     
  -1.5401463214893008      ,  -1.5424908645419049      ,  -2.0220870557072868     
  -1.3189548159619202      ,  -1.3325138890316865      ,  -1.9859351503616736     
  -1.0901859301575838      ,  -1.1163770895205816      ,  -1.9299604824015189     
 -0.86473303455013639      , -0.90271463970216792      ,  -1.8558625427495614     
 -0.65337587171902911      , -0.69915333805288005      ,  -1.7660691607004873     
 -0.46498680532148579      , -0.51172455627362157      ,  -1.6635226118661581     
 -0.30469283572538020      , -0.34456902251457822      ,  -1.5514380456062040     
 -0.17255902333755513      , -0.19992742058226354      ,  -1.4330689555593126     
  -6.4678460725415499E-002 ,  -7.8353635495356427E-002 ,  -1.3115070018535810     
   2.4054885327616786E-002 ,   2.0938678205007655E-002 ,  -1.1895322925370455     
   9.7336925163459070E-002 ,   9.9683331970804839E-002 ,  -1.0695188846258392     
  0.15678902310407988      ,  0.16018938887226788      , -0.95339135265482711     
  0.20285186826060303      ,  0.20502955102225520      , -0.84262287340932207     
  0.23580720104868494      ,  0.23680505324691808      , -0.73826321303702513     
  0.25620212976968426      ,  0.25798571518553559      , -0.64098540203572851     
  0.26512615073683632      ,  0.27081406721431378      , -0.55114169936627055     
  0.26455255248673376      ,  0.27725876812910116      , -0.46882179683512121     
  0.25719575186396931      ,  0.27900274777112255      , -0.39390850780487019     
  0.24615310222006687      ,  0.27745373025931797      , -0.32612810965688144     
  0.23440526136277137      ,  0.27376767687771925      , -0.26509396378805872     
  0.22419233899057292      ,  0.26887844999022875      , -0.21034304104239709     
  0.21637128792325966      ,  0.26352928555378896      , -0.16136561312245876     
  0.21055432946335964      ,  0.25830338361003830      , -0.11762872548202521     
  0.20573230079892296      ,  0.25365213339961845      ,  -7.8594230329419618E-002
  0.20107653692203695      ,  0.24992028571985089      ,  -4.3732198406493103E-002
  0.19642055883414739      ,  0.24736787928073103      ,  -1.2530495478973122E-002
  0.19240067894816298      ,  0.24618901419420672      ,   1.5498761649762946E-002
  0.18994017619098294      ,  0.24652771658972086      ,   4.0815242249198726E-002
  0.18969346477846183      ,  0.24849120507191619      ,   6.3848395057936713E-002
  0.19183837832033368      ,  0.25216088680275600      ,   8.4996947291091016E-002
  0.19635389419372767      ,  0.25760140041147883      ,  0.10462953672164868     
  0.20332238694675769      ,  0.26486799812752337      ,  0.12308617297080882     
  0.21309513924464568      ,  0.27401252828755540      ,  0.14068028317307485     
  0.22614953634107565      ,  0.28508824596383264      ,  0.15770114704959190     
  0.24279207024538629      ,  0.29815364605313538      ,  0.17441656789863064     
  0.26293593979358543      ,  0.31327548066923111      ,  0.19107565995241765     
  0.28606495136280635      ,  0.33053109129916319      ,  0.20791165978693618     
  0.31146240669452191      ,  0.35001015569947541      ,  0.22514469075587282     
  0.33852166667025391      ,  0.37181591944846470      ,  0.24298442539145085     
  0.36701728054242072      ,  0.39606595177792658      ,  0.26163260189036275     
  0.39710032529890765      ,  0.42289243397840254      ,  0.28128535757025835     
  0.42922140999832070      ,  0.45244195537173576      ,  0.30213534479742682     
  0.46393142642782359      ,  0.48487475552864823      ,  0.32437359347328226     
  0.50178898027099794      ,  0.52036331095555033      ,  0.34819107871969512     
  0.54328637208245800      ,  0.55909011875466963      ,  0.37377994279216353     
  0.58890490580619992      ,  0.60124447776365575      ,  0.40133430624077332     
  0.63903306737549770      ,  0.64701800872700355      ,  0.43105058462564538     
  0.69388462374373949      ,  0.69659858914627970      ,  0.46312720335904639     
  0.75338151701191503      ,  0.75016230682968776      ,  0.49776357426593426     
  0.81715964502033689      ,  0.80786296208517894      ,  0.53515816326300703     
  0.88466377286520448      ,  0.86981857845954313      ,  0.57550543970562862     
  0.95537247600308928      ,  0.93609432723212493      ,  0.61899145589766924     
   1.0290114324876494      ,   1.0066812497723858      ,  0.66578776291098896     
   1.1056332961968434      ,   1.0814702020791576      ,  0.71604333133576936     
   1.1855394493491775      ,   1.1602205871984252      ,  0.76987412117325282     
   1.2690261110751322      ,   1.2425237379106899      ,  0.82734994640491488     
   1.3561075957823574      ,   1.3277613327337383      ,  0.88847832494687062     
   1.4462559917865787      ,   1.4150600519922343      ,  0.95318511823163443     
   1.5383377040716995      ,   1.5032448850857092      ,   1.0212919774044968     
   1.6306468401113103      ,   1.5907951368249806      ,   1.0924909602993793     
   1.7210819374594066      ,   1.6758092336481305      ,   1.1663171991790231     
   1.8072675964206446      ,   1.7559867539213359      ,   1.2421212063624751     
   1.8866763523987851      ,   1.8286383484215454      ,   1.3190432973004009     
   1.9566408530011996      ,   1.8907357477549998      ,   1.3959936298273332     
   2.0143526557775653      ,   1.9390139414672936      ,   1.4716423658616045     
   2.0567977130858797      ,   1.9701347168167749      ,   1.5444252179966029     
   2.0807571071230848      ,   1.9809139931688384      ,   1.6125698074137198     
   2.0828847590947852      ,   1.9686042965658759      ,   1.6741474332865141     
   2.0599608163944043      ,   1.9312090665239734      ,   1.7271526879999526     
   2.0093115541486410      ,   1.8677898948641325      ,   1.7696097139064220     
   1.9293553151577674      ,   1.7787157727778797      ,   1.7996990584772179     
   1.8201206248071118      ,   1.6658004180897077      ,   1.8158938485468463     
   1.6835894416089425      ,   1.5322841264031259      ,   1.8170896522382194     
   1.5237878852440363      ,   1.3826410816817760      ,   1.8027103842661085     
   1.3466485840596369      ,   1.2222271300857113      ,   1.7727740487535097     
   1.1597187809647749      ,   1.0568173954948450      ,   1.7279072363722550     
  0.97167140134069263      ,  0.89210699497372936      ,   1.6693051785598141     
  0.79147902948132898      ,  0.73325371885859658      ,   1.5986429288824242     
  0.62712545082621529      ,  0.58452759738698601      ,   1.5179506812892458     
  0.48408737406257424      ,  0.44910440619877645      ,   1.4294706036630744     
  0.36426121302657771      ,  0.32900804302432490      ,   1.3355131575457599     
  0.26613521593350925      ,  0.22517975761350253      ,   1.2383281301111788     
  0.18622235572853726      ,  0.13763619500143201      ,   1.1400007631493552     
  0.12082581950774388      ,   6.5674125912785541E-002 ,   1.0423779110055031     
   6.7097218383537716E-002 ,   8.0849226673441309E-003 ,  0.94702432864755492     
   2.3188708247935987E-002 ,  -3.6647959318350160E-002 ,  0.85520570116662220     
  -1.1990767980888113E-002 ,  -7.0183985503209742E-002 ,  0.76789306686827385     
  -3.8999186288053087E-002 ,  -9.4198889559875751E-002 ,  0.68578266487044659     
  -5.8166665568850542E-002 , -0.11029539148430681      ,  0.60932557376670549     
  -7.0049090515942464E-002 , -0.11994634888404937      ,  0.53876239312829344     
  -7.5774955831460988E-002 , -0.12446374781749646      ,  0.47415931772987213     
  -7.7084413116362244E-002 , -0.12498684092459350      ,  0.41544303521539272     
  -7.6042957042089868E-002 , -0.12248351306069007      ,  0.36243281295299978     
  -7.4483348890884302E-002 , -0.11776008759970902      ,  0.31486887817539688     
  -7.3445610515745829E-002 , -0.11147595722127562      ,  0.27243673610220331     
  -7.3007865585517723E-002 , -0.10416046098667439      ,  0.23478743889501760     
  -7.2586945659930860E-002 ,  -9.6230268745729916E-002 ,  0.20155404923322520     
  -7.1453481159031024E-002 ,  -8.8006169680094323E-002 ,  0.17236467135236386     
  -6.9168693073499238E-002 ,  -7.9728619465646910E-002 ,  0.14685248014890553     
  -6.5747895079098492E-002 ,  -7.1571715908854167E-002 ,  0.12466318963701144     
  -6.1483652161066799E-002 ,  -6.3655481380319207E-002 ,  0.10546038361411331     
  -5.6627770791200717E-002 ,  -5.6056462123818873E-002 ,   8.8929096525659293E-002
  -5.1237503160263299E-002 ,  -4.8816733180471229E-002 ,   7.4777989758615271E-002
  -4.5292444461012119E-002 ,  -4.1951440676735785E-002 ,   6.2740423449201291E-002
  -3.8926928189758320E-002 ,  -3.5455032936478358E-002 ,   5.2574679744355923E-002
  -3.2570073803940308E-002 ,  -2.9306336777311121E-002 ,   4.4063552248866676E-002
  -2.6866150255355464E-002 ,  -2.3472631137315080E-002 ,   3.7013479116549064E-002
  -2.2424332773663229E-002 ,  -1.7912860613176592E-002 ,   3.1253364298961861E-002
  -1.9559710490653633E-002 ,  -1.2580119031930273E-002 ,   2.6633202873642056E-002
  -1.8165307357943757E-002 ,  -7.4235194168164684E-003 ,   2.3022601941961349E-002
  -1.7759416446991846E-002 ,  -2.3895526643297050E-003 ,   2.0309267999732566E-002
  -1.7665468603050277E-002 ,   2.5769764294678002E-003 ,   1.8397514567913990E-002
  -1.7216648398578206E-002 ,   7.5323600723385788E-003 ,   1.7206829832404586E-002
  -1.5888054137614852E-002 ,   1.2533681512562971E-002 ,   1.6670532691262046E-002
  -1.3338388704627965E-002 ,   1.7638739228033853E-002 ,   1.6734536573687991E-002
  -9.3967901197624642E-003 ,   2.2906157954650883E-002 ,   1.7356233333978746E-002
  -4.0500485484780344E-003 ,   2.8395651775810059E-002 ,   1.8503504123173291E-002
   2.5386805516455784E-003 ,   3.4168411947193139E-002 ,   2.0153860122593532E-002
   1.0005331315737193E-002 ,   4.0287598573695890E-002 ,   2.2293713141477826E-002
   1.7834976532215132E-002 ,   4.6818920772964574E-002 ,   2.4917774122068557E-002
   2.5513084893020066E-002 ,   5.3831294641373525E-002 ,   2.8028576376258642E-002
   3.2732320513987750E-002 ,   6.1397572269541886E-002 ,   3.1636119741692989E-002
   3.9558651522372389E-002 ,   6.9595338313741359E-002 ,   3.5757631659391192E-002
   4.6468145326280526E-002 ,   7.8507773281989768E-002 ,   4.0417441327286856E-002
   5.4214549218873441E-002 ,   8.8224584786854909E-002 ,   4.5646963479192816E-002
   6.3591484379631122E-002 ,   9.8843009576148722E-002 ,   5.1484788894276025E-002
   7.5203405810938456E-002 ,  0.11046889017470396      ,   5.7976879384914290E-002
   8.9335134949462700E-002 ,  0.12321783041693192      ,   6.5176865672310277E-002
  0.10594036525933184      ,  0.13721643393795990      ,   7.3146447170941875E-002
  0.12471945920127744      ,  0.15260362868110805      ,   8.1955893190802181E-002
  0.14523746500616597      ,  0.16953207845828508      ,   9.1684645344361937E-002
  0.16704488745289978      ,  0.18816967925929715      ,  0.10242202090719046     
  0.18979173229717419      ,  0.20870113291326453      ,  0.11426801639108988     
  0.21333652434096079      ,  0.23132958326445305      ,  0.12733420946757795     
  0.23784949193769589      ,  0.25627828942655712      ,  0.14174475538966241     
  0.26387254982910396      ,  0.28379229583655963      ,  0.15763747088302618     
  0.29228638181181460      ,  0.31414003829503662      ,  0.17516499368889293     
  0.32415713438147920      ,  0.34761479704822135      ,  0.19449599897351566     
  0.36050297149597776      ,  0.38453586975492132      ,  0.21581644392278115     
  0.40205801416829789      ,  0.42524928569696840      ,  0.23933079802753432     
  0.44912811024752403      ,  0.47012781380497676      ,  0.26526319755009375     
  0.50159332869572459      ,  0.51956992601299135      ,  0.29385843679191381     
  0.55905551086662275      ,  0.57399725820589576      ,  0.32538267396696935     
  0.62106367289849196      ,  0.63384995688781476      ,  0.36012368314484444     
  0.68733550817006939      ,  0.69957910375106158      ,  0.39839042277848546     
  0.75791121616998924      ,  0.77163516659707754      ,  0.44051161226904401     
  0.83321664657403494      ,  0.85045113084173762      ,  0.48683290717601213     
  0.91403165411211351      ,  0.93641862573563228      ,  0.53771213779833738     
   1.0013537352945765      ,   1.0298549921469877      ,  0.59351192318830193     
   1.0961498444896220      ,   1.1309588877514196      ,  0.65458879492291688     
   1.1990278785389092      ,   1.2397517747754763      ,  0.72127777049431474     
   1.3099206137781372      ,   1.3560026313389530      ,  0.79387112490455902     
   1.4278952874421142      ,   1.4791337050455708      ,  0.87258995955215146     
   1.5511708754791971      ,   1.6081064368808913      ,  0.95754712642466444     
   1.6773316770848832      ,   1.7412893019177593      ,   1.0487002384026967     
   1.8036339123165321      ,   1.8763138155898438      ,   1.1457940364240928     
   1.9272426328503842      ,   2.0099318942507094      ,   1.2482924930836636     
   2.0452660384521995      ,   2.1378973961878445      ,   1.3553029398616954     
   2.1545380604990005      ,   2.2549064777318151      ,   1.4654974099608737     
   2.2512219059193597      ,   2.3546433513064033      ,   1.5770403371301229     
   2.3304113209881363      ,   2.4299858367995242      ,   1.6875364451886767     
   2.3859690531048687      ,   2.4734218891438644      ,   1.7940172231606923     
   2.4108032731471365      ,   2.4777056673536721      ,   1.8929871604190438     
   2.3976550112126982      ,   2.4367331707699966      ,   1.9805495722426576     
   2.3403088157483767      ,   2.3465443731214122      ,   2.0526239233744605     
   2.2349928940130854      ,   2.2062768910334571      ,   2.1052507294668348     
   2.0815709019484436      ,   2.0188375363135775      ,   2.1349578202379615     
   1.8840094347002980      ,   1.7910618331619277      ,   2.1391383069182974     
   1.6498471106655863      ,   1.5332228917328097      ,   2.1163745456471621     
   1.3891032626816144      ,   1.2579174386146803      ,   2.0666422782241312     
   1.1134727414000516      ,  0.97854134297999718      ,   1.9913488137310020     
  0.83601544865678468      ,  0.70769136313762082      ,   1.8931943560315410     
  0.57069207929337573      ,  0.45583824664640421      ,   1.7758848688803412     
  0.33100486536119200      ,  0.23050927023430751      ,   1.6437546594339536     
  0.12706918895353647      ,   3.6050505143438528E-002 ,   1.5013681551015559     
  -3.8220854775325164E-002 , -0.12611607209068093      ,   1.3531623917873992     
 -0.17005213483865000      , -0.25691646736808738      ,   1.2031709132144586     
 -0.27733544637686769      , -0.35892099368569275      ,   1.0548452921163320     
 -0.36700827039736933      , -0.43566570606659138      ,  0.91096991287466522     
 -0.44153149893114957      , -0.49109073009665027      ,  0.77365276665340721     
 -0.50042975857183292      , -0.52913030916021508      ,  0.64436993400604248     
 -0.54311715404499927      , -0.55344944453988010      ,  0.52404215255857545     
 -0.56983046418083805      , -0.56730092427670731      ,  0.41312580382037600     
 -0.58180300324474521      , -0.57347008422848955      ,  0.31170564749703555     
 -0.58208662527111998      , -0.57427697668179878      ,  0.21958131569322537     
 -0.57524062645473339      , -0.57161183544461391      ,  0.13634331255018414     
 -0.56596002376008026      , -0.56698665329823184      ,   6.1436906494710515E-002
 -0.55847283649495694      , -0.56159171937918373      ,  -5.7860203865394491E-003
 -0.55593692974445630      , -0.55635054902165548      ,  -6.6026161440253139E-002
 -0.55925788990267744      , -0.55196980285759600      , -0.12000557659049557     
 -0.56707333236138624      , -0.54898280315761561      , -0.16844453580434451     
 -0.57717123635467660      , -0.54778643087851842      , -0.21204493240616626     
 -0.58773238900520119      , -0.54867180518917957      , -0.25147893945101157     
 -0.59805333121891413      , -0.55184942003972071      , -0.28738176978518815     
 -0.60889004684223014      , -0.55746948611134617      , -0.32034758760914694     
 -0.62171809243245180      , -0.56563819546380900      , -0.35092779030212551     
 -0.63735165286217466      , -0.57643054706452279      , -0.37963102752785310     
 -0.65549101136838483      , -0.58990027587016369      , -0.40692444907360542     
 -0.67530421153664144      , -0.60608733244994850      , -0.43323577496980942     
 -0.69615429231340631      , -0.62502327145361625      , -0.45895586375767139     
 -0.71808969870255801      , -0.64673482781757508      , -0.48444152011735980     
 -0.74178955586815809      , -0.67124588940194041      , -0.51001833407320762     
 -0.76803121605668301      , -0.69857801281065290      , -0.53598338297267722     
 -0.79721901365923009      , -0.72874957445346822      , -0.56260765637729260     
 -0.82922496516274113      , -0.76177360083665890      , -0.59013808461061679     
 -0.86356742042916257      , -0.79765428065106081      , -0.61879906548882424     
 -0.89986492601007129      , -0.83638212735544426      , -0.64879339212775489     
 -0.93815947853850945      , -0.87792773658273071      , -0.68030248910997815     
 -0.97885114402456230      , -0.92223407105529098      , -0.71348586628439714     
  -1.0224675201901054      , -0.96920721151846778      , -0.74847970091958682     
  -1.0694251236852821      ,  -1.0187055419305131      , -0.78539446213172392     
  -1.1197479844721951      ,  -1.0705273990196120      , -0.82431149933192061     
  -1.1729936495584674      ,  -1.1243973202013882      , -0.86527853247538133     
  -1.2284755491984032      ,  -1.1799511806106666      , -0.90830401053099619     
  -1.2854347916490481      ,  -1.2367207301277516      , -0.95335035097060483     
  -1.3430553429941585      ,  -1.2941183324021865      ,  -1.0003261428697443     
  -1.4004475050530398      ,  -1.3514230708375985      ,  -1.0490774950421622     
  -1.4565809778034995      ,  -1.4077698097463391      ,  -1.0993788430539364     
  -1.5102250454815700      ,  -1.4621432513207209      ,  -1.1509236968342043     
  -1.5600336502999534      ,  -1.5133794522476787      ,  -1.2033160107705185     
  -1.6046901201560215      ,  -1.5601775654106953      ,  -1.2560630796131806     
  -1.6429547613088942      ,  -1.6011246243680743      ,  -1.3085710842048905     
  -1.6735974312080337      ,  -1.6347358360637099      ,  -1.3601445955361895     
  -1.6952910990493828      ,  -1.6595119318158782      ,  -1.4099914444430315     
  -1.7065615948444894      ,  -1.6740135290221811      ,  -1.4572343171030444     
  -1.7058834701308769      ,  -1.6769501584963395      ,  -1.5009301808173732     
  -1.6918988351059259      ,  -1.6672787674971616      ,  -1.5400981306903612     
  -1.6636692258759633      ,  -1.6443034919369328      ,  -1.5737554593945751     
  -1.6208726268180571      ,  -1.6077659040101648      ,  -1.6009607280829263     
  -1.5638778313228419      ,  -1.5579135285661139      ,  -1.6208614663653091     
  -1.4937130191464927      ,  -1.4955348932514001      ,  -1.6327430334951276     
  -1.4120120319122056      ,  -1.4219521617279289      ,  -1.6360743587605571     
  -1.3209612375493636      ,  -1.3389674036710908      ,  -1.6305459717501778     
  -1.2232250433167482      ,  -1.2487650483012311      ,  -1.6160960912620492     
  -1.1218314724002005      ,  -1.1537797725597216      ,  -1.5929215969596866     
  -1.0199804603468852      ,  -1.0565444878607058      ,  -1.5614723340519292     
 -0.92075925214430210      , -0.95953593668434656      ,  -1.5224291288345679     
 -0.82682468357973937      , -0.86503506073693992      ,  -1.4766677720079291     
 -0.74014521746743334      , -0.77501596540308193      ,  -1.4252127180413876     
 -0.66187279146995825      , -0.69107193118611820      ,  -1.3691851115140485     
 -0.59238550266862411      , -0.61438085835291323      ,  -1.3097498964083438     
 -0.53147964946946558      , -0.54570708471447615      ,  -1.2480662595137457     
 -0.47862351691292832      , -0.48543260907053182      ,  -1.1852446890097597     
 -0.43318177318217627      , -0.43360875900124374      ,  -1.1223127313895014     
 -0.39456260670290644      , -0.39001913247825576      ,  -1.0601903307828902     
 -0.36227553750170077      , -0.35424575937535829      , -0.99967460534226515     
 -0.33591949163366275      , -0.32573229227028422      , -0.94143315192369736     
 -0.31513481576804298      , -0.30384011645547843      , -0.88600449845689855     
 -0.29954968582295249      , -0.28789518263124692      , -0.83380411625177198     
 -0.28874574415991183      , -0.27722489743748402      , -0.78513440532441636     
 -0.28225918797445437      , -0.27118548665555725      , -0.74019720831002611     
 -0.27961495930118957      , -0.26918090226847574      , -0.69910763092864081     
 -0.28037755721519519      , -0.27067465841662991      , -0.66190819981108051     
 -0.28419494957812208      , -0.27519604925744096      , -0.62858263694646577     
 -0.29081357963327487      , -0.28234211350831079      , -0.59906875283833150     
 -0.30005786200456719      , -0.29177653783712260      , -0.57327014725614533     
 -0.31178882925924295      , -0.30322648557970211      , -0.55106655451075470     
 -0.32586480351511399      , -0.31647813139018632      , -0.53232278152552437     
 -0.34212062413032263      , -0.33137149483996187      , -0.51689626622335638     
 -0.36036997771322893      , -0.34779500501769461      , -0.50464333648177084     
 -0.38042111102018350      , -0.36568009573819377      , -0.49542428169247349     
 -0.40209102633469296      , -0.38499602525408183      , -0.48910736481874190     
 -0.42521158935582737      , -0.40574503181382809      , -0.48557190700941305     
 -0.44963167619346911      , -0.42795787285999853      , -0.48471057270616202     
 -0.47522256634113996      , -0.45168974702394493      , -0.48643097339798735     
 -0.50189202183881287      , -0.47701656066061776      , -0.49065669468592232     
 -0.52960498559115665      , -0.50403147131716031      , -0.49732783551610799     
 -0.55840195439710782      , -0.53284161661660823      , -0.50640113126787600     
 -0.58840579611015931      , -0.56356491644376672      , -0.51784971444532857     
 -0.61981359301744376      , -0.59632681739133375      , -0.53166254835454352     
 -0.65287528033071074      , -0.63125682995497168      , -0.54784355050508726     
 -0.68786518062296609      , -0.66848469021474177      , -0.56641040358499717     
 -0.72505357510451907      , -0.70813595849571220      , -0.58739303269851206     
 -0.76468269231916708      , -0.75032684820996909      , -0.61083170811569854     
 -0.80694804118583985      , -0.79515806005460743      , -0.63677471314776146     
 -0.85198479830643647      , -0.84270738243510879      , -0.66527549721122536     
 -0.89985852082938311      , -0.89302081239096343      , -0.69638921528000819     
 -0.95055993970478980      , -0.94610195840523448      , -0.73016853783086644     
  -1.0040040092518701      ,  -1.0018995157737431      , -0.76665860183091661     
  -1.0600310910052460      ,  -1.0602926681694629      , -0.80589096597885568     
  -1.1184055330970633      ,  -1.1210743804092265      , -0.84787643615008990     
  -1.1788062285110013      ,  -1.1839327250420781      , -0.89259664507869874     
  -1.2408059900775348      ,  -1.2484306490633519      , -0.93999431056875693     
  -1.3038409613038966      ,  -1.3139849560736494      , -0.98996216730446873     
  -1.3671770777775285      ,  -1.3798457674096958      ,  -1.0423306780223585     
  -1.4298831545937460      ,  -1.4450783338110693      ,  -1.0968547897873986     
  -1.4908186087743400      ,  -1.5085497731547308      ,  -1.1532002176860552     
  -1.5486390764848461      ,  -1.5689240468697017      ,  -1.2109300134128256     
  -1.6018183157711714      ,  -1.6246691407812124      ,  -1.2694925020919510     
  -1.6486818525590941      ,  -1.6740808026929315      ,  -1.3282120238056812     
  -1.6874493904556644      ,  -1.7153270618634235      ,  -1.3862842519564700     
  -1.7162872248677823      ,  -1.7465168280709595      ,  -1.4427781088534570     
  -1.7333762398929233      ,  -1.7657938748848623      ,  -1.4966463657802502     
  -1.7370029943678806      ,  -1.7714543110066963      ,  -1.5467467920685003     
  -1.7256790961420589      ,  -1.7620813487078815      ,  -1.5918751048897211     
  -1.6982869219024579      ,  -1.7366862849086970      ,  -1.6308099101921392     
  -1.6542396866797822      ,  -1.6948400507549732      ,  -1.6623683407229719     
  -1.5936341242436804      ,  -1.6367767362150747      ,  -1.6854693344275800     
  -1.5173682056830375      ,  -1.5634504866980163      ,  -1.6991997322826975     
  -1.4271970695391807      ,  -1.4765310201841704      ,  -1.7028769857454698     
  -1.3257063091255070      ,  -1.3783307488594123      ,  -1.6961016460448777     
  -1.2161892949245372      ,  -1.2716669436537500      ,  -1.6787932562460715     
  -1.1024227003035219      ,  -1.1596733249467557      ,  -1.6512048610538417     
 -0.98834664339675993      ,  -1.0455842051320325      ,  -1.6139138845134358     
 -0.87767975171910551      , -0.93251858183882830      ,  -1.5677901395865363     
 -0.77353435025934136      , -0.82329035218042435      ,  -1.5139446234270537     
 -0.67812537898567216      , -0.72026464386512257      ,  -1.4536649478973556     
 -0.59266033431297116      , -0.62527101860698397      ,  -1.3883443792293637     
 -0.51744070656331020      , -0.53957446906770634      ,  -1.3194114175192606     
 -0.45212136023370209      , -0.46389691918436793      ,  -1.2482658107355322     
 -0.39601776699720348      , -0.39847670576091254      ,  -1.1762252245048130     
 -0.34835908249332559      , -0.34315158107041943      ,  -1.1044848893203174     
 -0.30843941337489356      , -0.29745160266351045      ,  -1.0340907775608119     
 -0.27567053535254676      , -0.26069089022894731      , -0.96592546022966486     
 -0.24956052286769917      , -0.23205059843253328      , -0.90070485909712150     
 -0.22964771973943174      , -0.21064875873199193      , -0.83898363355433903     
 -0.21542608632942056      , -0.19559537939723376      , -0.78116684156170324     
 -0.20630094182436007      , -0.18603315816078411      , -0.72752567936784129     
 -0.20160112634389829      , -0.18116536963129981      , -0.67821542530855661     
 -0.20064621785757308      , -0.18027307394903186      , -0.63329409850843954     
 -0.20283825793627741      , -0.18272393010137675      , -0.59274072934587274     
 -0.20773210598630321      , -0.18797475401396574      , -0.55647248585787767     
 -0.21504921810170213      , -0.19556967171577358      , -0.52436018980393284     
 -0.22463195969005198      , -0.20513537557731906      , -0.49624198298935779     
 -0.23636771569114046      , -0.21637465526718860      , -0.47193507244194055     
 -0.25012371573694048      , -0.22905907577723930      , -0.45124560031800964     
 -0.26572059541605192      , -0.24302142513539784      , -0.43397676066707219     
 -0.28294559011499604      , -0.25814835544495218      , -0.41993532984433485     
 -0.30158304851820517      , -0.27437348785925458      , -0.40893679872533489     
 -0.32143631806811745      , -0.29167113772052305      , -0.40080929976955437     
 -0.34233110655088966      , -0.31005073261561378      , -0.39539651574186374     
 -0.36411011179429154      , -0.32955193639568431      , -0.39255974355020584     
 -0.38663601512710383      , -0.35024045017466282      , -0.39217926911047751     
 -0.40981184374790658      , -0.37220443197803904      , -0.39415518944159794     
 -0.43361307931749743      , -0.39555145607950276      , -0.39840779768278439     
 -0.45811606565561130      , -0.42040591799337096      , -0.40487762625429907     
 -0.48350790721400327      , -0.44690677909479126      , -0.41352522341094500     
 -0.51007215434494801      , -0.47520553392195697      , -0.42433071913709575     
 -0.53815588243868206      , -0.50546427174952702      , -0.43729321766365337     
 -0.56813076499695081      , -0.53785369066681721      , -0.45243003565478301     
 -0.60035996654966528      , -0.57255090604011283      , -0.46977578700513067     
 -0.63517605081393003      , -0.60973687501055940      , -0.48938129681772835     
 -0.67286819573078993      , -0.64959323398722135      , -0.51131230806695893     
 -0.71367446547432711      , -0.69229831675282183      , -0.53564792425562802     
 -0.75777713152403881      , -0.73802208723464602      , -0.56247870966875946     
 -0.80530262532031793      , -0.78691968457225403      , -0.59190434535887448     
 -0.85632819781749059      , -0.83912324162272045      , -0.62403071376360286     
 -0.91089334114905030      , -0.89473160635231996      , -0.65896625826376010     
 -0.96900834759332766      , -0.95379757650101715      , -0.69681743709137578     
  -1.0306497124448968      ,  -1.0163122633497086      , -0.73768306581018306     
  -1.0957353728365404      ,  -1.0821862475180342      , -0.78164732251353786     
  -1.1640812426964227      ,  -1.1512273020640964      , -0.82877118020333218     
  -1.2353495456694070      ,  -1.2231146665016239      , -0.87908203927150175     
  -1.3090035249288667      ,  -1.2973701971690170      , -0.93256137033902720     
  -1.3842797726507465      ,  -1.3733272361202213      , -0.98913025796572596     
  -1.4601809058698003      ,  -1.4500987710790152      ,  -1.0486328760822481     
  -1.5354826287586159      ,  -1.5265474263521797      ,  -1.1108181454454200     
  -1.6087448971540057      ,  -1.6012610163540415      ,  -1.1753201399794371     
  -1.6783185782393386      ,  -1.6725387318242921      ,  -1.2416382341557344     
  -1.7423451784138868      ,  -1.7383943355206446      ,  -1.3091185144058646     
  -1.7987550693464187      ,  -1.7965837066088675      ,  -1.3769385845074287     
  -1.8452767638088894      ,  -1.8446642303873391      ,  -1.4440985090625240     
  -1.8794746129931612      ,  -1.8800923057294496      ,  -1.5094211411549825     
  -1.8988333561002906      ,  -1.9003620552261886      ,  -1.5715652975031595     
  -1.9009035194932289      ,  -1.9031827982302114      ,  -1.6290549666315841     
  -1.8835105052513965      ,  -1.8866851170226828      ,  -1.6803267568421569     
  -1.8450132304910354      ,  -1.8496363551116888      ,  -1.7237959816215145     
  -1.7845793804716086      ,  -1.7916380410675179      ,  -1.7579391792960299     
  -1.7024307372579832      ,  -1.7132726957006661      ,  -1.7813877595971110     
  -1.6000112708220871      ,  -1.6161684807156373      ,  -1.7930244250309093     
  -1.4800447866181150      ,  -1.5029588695350191      ,  -1.7920717886868647     
  -1.3464677945727916      ,  -1.3771305048812259      ,  -1.7781619623086107     
  -1.2042293195831077      ,  -1.2427725453127778      ,  -1.7513773102249932     
  -1.0589388078166317      ,  -1.1042599496768615      ,  -1.7122560386931081     
 -0.91634244895286943      , -0.96591582889212391      ,  -1.6617612036872165     
 -0.78165494923781853      , -0.83170052098099057      ,  -1.6012170039848961     
 -0.65887387407681186      , -0.70496700230654741      ,  -1.5322206851177955     
 -0.55030227087040262      , -0.58830656487150945      ,  -1.4565410779602899     
 -0.45649750373135067      , -0.48349030064061937      ,  -1.3760153333794944     
 -0.37668352609025180      , -0.39149578312941646      ,  -1.2924539848468182     
 -0.30941152874196631      , -0.31259772590773183      ,  -1.2075617072594529     
 -0.25314965660477429      , -0.24649732083023929      ,  -1.1228778477963137     
 -0.20661070865074149      , -0.19246644036208602      ,  -1.0397377047734631     
 -0.16883365148078847      , -0.14948788969210711      , -0.95925310181428824     
 -0.13912473321885932      , -0.11637925082458615      , -0.88230924416551371     
 -0.11692495802490721      ,  -9.1893903499562668E-002 , -0.80957411805612767     
 -0.10163910068198342      ,  -7.4797586472046762E-002 , -0.74151662997261869     
  -9.2489780372175978E-002 ,  -6.3922072050415557E-002 , -0.67843005825751912     
  -8.8471189736621741E-002 ,  -5.8199293618304448E-002 , -0.62045799615403852     
  -8.8435610178452792E-002 ,  -5.6679925827361408E-002 , -0.56762064194083117     
  -9.1285994272725476E-002 ,  -5.8540348368154201E-002 , -0.51983993214592517     
  -9.6188195499759502E-002 ,  -6.3081452805168317E-002 , -0.47696256091195804     
 -0.10268843072328278      ,  -6.9722116155089525E-002 , -0.43878036149152644     
 -0.11067157594568491      ,  -7.7989515728857151E-002 , -0.40504784664213661     
 -0.12019479385622683      ,  -8.7507878633341765E-002 , -0.37549692761449566     
 -0.13129605576892567      ,  -9.7986779594274140E-002 , -0.34984897538591037     
 -0.14387520482761837      , -0.10920972673848564      , -0.32782447175601614     
 -0.15769258359445612      , -0.12102349597512529      , -0.30915053859972014     
 -0.17245302248406164      , -0.13332847406205278      , -0.29356664452594172     
 -0.18789135643847604      , -0.14607013108359065      , -0.28082877981958682     
 -0.20379589134357318      , -0.15923164952925400      , -0.27071237047079422     
 -0.21997424744746844      , -0.17282767687931797      , -0.26301417569665608     
 -0.23621445984999956      , -0.18689913183338283      , -0.25755338429269542     
 -0.25229088400019983      , -0.20150897378470639      , -0.25417209580375427     
 -0.26802449974380299      , -0.21673883553326737      , -0.25273534436015060     
 -0.28336551574458796      , -0.23268641671678922      , -0.25313079693558804     
 -0.29845137982928094      , -0.24946353727361886      , -0.25526823416466127     
 -0.31360866811832305      , -0.26719475444867991      , -0.25907890083227025     
 -0.32929798787555742      , -0.28601645195124986      , -0.26451479464037853     
 -0.34602965634446464      , -0.30607631475629160      , -0.27154794566341145     
 -0.36428809955870811      , -0.32753310681370912      , -0.28016972472774587     
 -0.38448892384794414      , -0.35055667081892139      , -0.29039020643681313     
 -0.40696822543838773      , -0.37532806847835753      , -0.30223760130804356     
 -0.43198811559790645      , -0.40203977563750370      , -0.31575776104721937     
 -0.45974350481799098      , -0.43089583842782897      , -0.33101375087482215     
 -0.49036891836331958      , -0.46211188333042980      , -0.34808547250654798     
 -0.52395719812365960      , -0.49591485471487706      , -0.36706931029059908     
 -0.56059984892523407      , -0.53254232681396518      , -0.38807776046718501     
 -0.60044212015333887      , -0.57224120193494643      , -0.41123898881699250     
 -0.64372909451792604      , -0.61526556162170254      , -0.43669624430404413     
 -0.69081476163203004      , -0.66187338119341854      , -0.46460703482419996     
 -0.74211928677680472      , -0.71232174967747208      , -0.49514194493394065     
 -0.79804528525359397      , -0.76686015654029704      , -0.52848294357277537     
 -0.85888548179669155      , -0.82572131529877424      , -0.56482099157809673     
 -0.92475687689705011      , -0.88910889631946843      , -0.60435271386681955     
 -0.99558065534649265      , -0.95718144561732144      , -0.64727584989268017     
  -1.0711044095128190      ,  -1.0300316888973573      , -0.69378314002236041     
  -1.1509466157626527      ,  -1.1076603862467747      , -0.74405424852281254     
  -1.2346396059399170      ,  -1.1899439527310121      , -0.79824527282869806     
  -1.3216540669659678      ,  -1.2765952520927344      , -0.85647535524582685     
  -1.4113965622396729      ,  -1.3671173852263221      , -0.91880991527361622     
  -1.5031753320427506      ,  -1.4607510350535038      , -0.98524008462433921     
  -1.5961304637917533      ,  -1.5564171138177354      ,  -1.0556580887928402     
  -1.6891302783626332      ,  -1.6526582029154728      ,  -1.1298286242713289     
  -1.7806506613367679      ,  -1.7475846497656911      ,  -1.2073567810173433     
  -1.8686702190251361      ,  -1.8388341462472721      ,  -1.2876538045436170     
  -1.9506175629827289      ,  -1.9235568958115867      ,  -1.3699030094540989     
  -2.0233921067126555      ,  -1.9984414754470683      ,  -1.4530294256971485     
  -2.0834553790200054      ,  -2.0597981597360326      ,  -1.5356781714554506     
  -2.1269736234526175      ,  -2.1037152903137084      ,  -1.6162078635177315     
  -2.1499979659012931      ,  -2.1262985059202357      ,  -1.6927062008074754     
  -2.1486929556905556      ,  -2.1239908924464261      ,  -1.7630346532475247     
  -2.1196467743530851      ,  -2.0939542405694795      ,  -1.8249073791125396     
  -2.0602889056345779      ,  -2.0344698460352229      ,  -1.8760056647451384     
  -1.9693880476261900      ,  -1.9452969176045305      ,  -1.9141233645507050     
  -1.8475242428524523      ,  -1.8279153874829066      ,  -1.9373317682185185     
  -1.6973878407552516      ,  -1.6855855241203963      ,  -1.9441455890870691     
  -1.5238137533734375      ,  -1.5231832073349167      ,  -1.9336674312105187     
  -1.3335741917711963      ,  -1.3468136481388202      ,  -1.9056880830014979     
  -1.1349873346086257      ,  -1.1632561703974931      ,  -1.8607252165892612     
 -0.93729710051758752      , -0.97933229922058140      ,  -1.7999928104286804     
 -0.74969196677297079      , -0.80130503042066714      ,  -1.7253055011865772     
 -0.57993158082174945      , -0.63440384938197447      ,  -1.6389329214769353     
 -0.43287154286941582      , -0.48253394132337513      ,  -1.5434260887480573     
 -0.30961226596736191      , -0.34818283590830196      ,  -1.4414396800717835     
 -0.20802174038811216      , -0.23249812814134732      ,  -1.3355709038006018     
 -0.12448814643710213      , -0.13548555971593074      ,  -1.2282293332833776     
  -5.5743875296648530E-002 ,  -5.6269906219155272E-002 ,  -1.1215446562215881     
   2.9791742853385594E-004 ,   6.6318975710786821E-003 ,  -1.0173126590833490     
   4.4744076093675478E-002 ,   5.5061524558877140E-002 , -0.91697499538263172     
   7.8247067849321755E-002 ,   9.1014157251776917E-002 , -0.82162566727776609     
  0.10135609033378520      ,  0.11648438835860699      , -0.73203639435533829     
  0.11480129985461762      ,  0.13336077817771405      , -0.64869359043157415     
  0.11979254295195180      ,  0.14336166147433382      , -0.57184093095123456     
  0.11812523144537670      ,  0.14800295290998974      , -0.50152299788620158     
  0.11202580838862146      ,  0.14858893126008563      , -0.43762692591034791     
  0.10380393960189988      ,  0.14621829166196354      , -0.37992018122204974     
   9.5336879560100757E-002 ,  0.14179943589764171      , -0.32808352909402183     
   8.7606297223982235E-002 ,  0.13607060347492927      , -0.28173890008174274     
   8.0638121798675161E-002 ,  0.12962183015824019      , -0.24047229154001515     
   7.3881631023358207E-002 ,  0.12291679566143585      , -0.20385209363802392     
   6.6748899372679499E-002 ,  0.11631340530896644      , -0.17144335712803233     
   5.9043686113761672E-002 ,  0.11008249150981247      , -0.14281856471464840     
   5.1089430598853007E-002 ,  0.10442437711713656      , -0.11756546009112379     
   4.3496126861868468E-002 ,   9.9483265975480822E-002 ,  -9.5292450698742537E-002
   3.6790886974969322E-002 ,   9.5359557810579046E-002 ,  -7.5632046969053610E-002
   3.1245951753585015E-002 ,   9.2120256097234787E-002 ,  -5.8242741815565935E-002
   2.6982780226800510E-002 ,   8.9807670522331809E-002 ,  -4.2809675278040152E-002
   2.4179427300003220E-002 ,   8.8446624947945987E-002 ,  -2.9044373790967137E-002
   2.3184252818348960E-002 ,   8.8050377067792895E-002 ,  -1.6683803224649796E-002
   2.4439596872149048E-002 ,   8.8625443418063860E-002 ,  -5.4889303017962065E-003
   2.8270997440712022E-002 ,   9.0175506903978228E-002 ,   4.7570517042281801E-003
   3.4691181880657805E-002 ,   9.2704565893845861E-002 ,   1.4250710197358178E-002
   4.3337776404304904E-002 ,   9.6219465629758111E-002 ,   2.3170478593267770E-002
   5.3583204653841823E-002 ,  0.10073193503900983      ,   3.1678808289697137E-002
   6.4761794178794088E-002 ,  0.10626023546901686      ,   3.9924315065625528E-002
   7.6382952231461923E-002 ,  0.11283051264599034      ,   4.8043883403733036E-002
   8.8225718972209113E-002 ,  0.12047792935848968      ,   5.6164704860415256E-002
  0.10031278814993382      ,  0.12924764397219127      ,   6.4406236612651963E-002
  0.11282628740162420      ,  0.13919568879702723      ,   7.2882074089193616E-002
  0.12603270018330412      ,  0.15038979239713457      ,   8.1701737491125151E-002
  0.14026059347078798      ,  0.16291018095003260      ,   9.0972376317400280E-002
  0.15590660851576635      ,  0.17685038546522014      ,  0.10080039897459114     
  0.17339876203054205      ,  0.19231807375030874      ,  0.11129303635303416     
  0.19309506523210465      ,  0.20943591808758993      ,  0.12255984902471209     
  0.21516510732752600      ,  0.22834250119983526      ,  0.13471418753482758     
  0.23952457919073913      ,  0.24919325368583059      ,  0.14787461413054032     
  0.26588107278417977      ,  0.27216140501006614      ,  0.16216629213985403     
  0.29389568400443522      ,  0.29743891648856235      ,  0.17772234594660688     
  0.32338649536160141      ,  0.32523734746483168      ,  0.19468518987864572     
  0.35447383035369961      ,  0.35578858369275485      ,  0.21320781800241143     
  0.38761130364990376      ,  0.38934532818804513      ,  0.23345503833546014     
  0.42350733455002809      ,  0.42618121744158366      ,  0.25560462372991749     
  0.46298247630135253      ,  0.46659037743175252      ,  0.27984833683908750     
  0.50682345670917961      ,  0.51088617139247883      ,  0.30639276713294245     
  0.55567664605398548      ,  0.55939881143258230      ,  0.33545989260639347     
  0.60998994754230274      ,  0.61247140525082377      ,  0.36728724609690205     
  0.66998955702269702      ,  0.67045388387585647      ,  0.40212752422049775     
  0.73568044314168324      ,  0.73369410400377422      ,  0.44024742390437027     
  0.80688036659157469      ,  0.80252523878664739      ,  0.48192542541007199     
  0.88330398044145986      ,  0.87724836805713469      ,  0.52744816004763362     
  0.96468653974691509      ,  0.95810896533412482      ,  0.57710490493869326     
   1.0509055431357590      ,   1.0452657805728223      ,  0.63117963775002872     
   1.1420442559330670      ,   1.1387504820354777      ,  0.68993996663175328     
   1.2383414398562975      ,   1.2384164273482181      ,  0.75362213632406572     
   1.3400022165367251      ,   1.3438752066554114      ,  0.82241122208398265     
   1.4469113660086017      ,   1.4544203201472676      ,  0.89641559472431365     
   1.5583496339569676      ,   1.5689387609178072      ,  0.97563482829485038     
   1.6728197193917396      ,   1.6858136658766292      ,   1.0599205065801458     
   1.7880404555046749      ,   1.8028248692118054      ,   1.1489299706560232     
   1.9010872461749080      ,   1.9170593339240956      ,   1.2420740599845279     
   2.0085860097133525      ,   2.0248499264203508      ,   1.3384614507544750     
   2.1068514392086461      ,   2.1217681005363196      ,   1.4368443490931841     
   2.1919065435086904      ,   2.2027020523138305      ,   1.5355729780716709     
   2.2593981871337911      ,   2.2620538223631388      ,   1.6325691829374855     
   2.3045007554862416      ,   2.2940825631095625      ,   1.7253318865775926     
   2.3219510603423421      ,   2.2934025096515773      ,   1.8109879719485740     
   2.3063615114077960      ,   2.2556108582566328      ,   1.8864000927656583     
   2.2528956779228912      ,   2.1779756365249536      ,   1.9483366994347122     
   2.1582480040742285      ,   2.0600674067786091      ,   1.9936988387326597     
   2.0216695155444340      ,   1.9041894755754216      ,   2.0197843039439829     
   1.8456356083602310      ,   1.7154692943814802      ,   2.0245557812127513     
   1.6358643422522809      ,   1.5015302430138926      ,   2.0068705581414674     
   1.4008153355964845      ,   1.2717598040209583      ,   1.9666297015238157     
   1.1511095810647909      ,   1.0362971825751546      ,   1.9048163682796677     
  0.89903473208973728      ,  0.80493991239132967      ,   1.8234138682300103     
  0.65775970747070567      ,  0.58618396610125834      ,   1.7252181534258575     
  0.43972045976388086      ,  0.38656124625243360      ,   1.6135790714816123     
  0.25390503212564525      ,  0.21034630813473335      ,   1.4921143988777912     
  0.10296117334398734      ,   5.9608695163686748E-002 ,   1.3644388805009304     
  -1.7206551907310966E-002 ,  -6.5479933137011226E-002 ,   1.2339398472094227     
 -0.11405186455289942      , -0.16620055027530495      ,   1.1036162944159156     
 -0.19389305278751606      , -0.24481000764352695      ,  0.97598429919751772     
 -0.25974183022474645      , -0.30410886996064257      ,  0.85304136147876719     
 -0.31219031180334578      , -0.34709476490187574      ,  0.73627664433751827     
 -0.35130561716375053      , -0.37671289195006802      ,  0.62671257737338548     
 -0.37738248184643258      , -0.39569614814294074      ,  0.52496455981118595     
 -0.39116902469256520      , -0.40647782964416257      ,  0.43130818574931273     
 -0.39451124893772804      , -0.41115746707718875      ,  0.34574645755035577     
 -0.39045332813446398      , -0.41150210621487715      ,  0.26807221390270930     
 -0.38261315162500470      , -0.40896890310199524      ,  0.19792318892810590     
 -0.37468605426475010      , -0.40473875859198022      ,  0.13482868670199558     
 -0.36972629884659991      , -0.39975409662649936      ,   7.8247876867343358E-002
 -0.36908333176678298      , -0.39475651542952789      ,   2.7600314319150377E-002
 -0.37217716706490417      , -0.39032191242298492      ,  -1.7710416716385423E-002
 -0.37740286937775813      , -0.38689192741735651      ,  -5.8278932325788971E-002
 -0.38319338990033669      , -0.38480132170628584      ,  -9.4685166360762144E-002
 -0.38878951164238817      , -0.38430135678688487      , -0.12748546907213734     
 -0.39459473860242306      , -0.38557946906189577      , -0.15720688788408219     
 -0.40168067151290554      , -0.38877563790933228      , -0.18434394603443194     
 -0.41077298062112988      , -0.39399586905819672      , -0.20935734501658584     
 -0.42180639107233214      , -0.40132319833040991      , -0.23267411661505247     
 -0.43428993273190908      , -0.41082658358391927      , -0.25468883757681537     
 -0.44790401074677594      , -0.42256800707019559      , -0.27576559431625691     
 -0.46290753329767098      , -0.43660806267782115      , -0.29624044721241904     
 -0.48008197345979409      , -0.45301025559336150      , -0.31642419513785502     
 -0.50026985918206468      , -0.47184419680003337      , -0.33660528206910106     
 -0.52392849004600017      , -0.49318783156868379      , -0.35705272011539529     
 -0.55095875008634265      , -0.51712879917563415      , -0.37801892807114496     
 -0.58085086780440709      , -0.54376497977004823      , -0.39974240249018106     
 -0.61307304541773600      , -0.57320424278403181      , -0.42245014997122587     
 -0.64740799557732942      , -0.60556336871600913      , -0.44635981535506558     
 -0.68400974171543805      , -0.64096607180850518      , -0.47168144125200534     
 -0.72327373158754782      , -0.67954000459510544      , -0.49861879002709569     
 -0.76566302372015227      , -0.72141257642418488      , -0.52737015029433365     
 -0.81153184136100787      , -0.76670536747726248      , -0.55812853633776005     
 -0.86109054794437212      , -0.81552686917319506      , -0.59108117101442681     
 -0.91453909441045633      , -0.86796323453109814      , -0.62640812116689004     
 -0.97212083612318634      , -0.92406668383501045      , -0.66427993038313904     
  -1.0340032915262212      , -0.98384119101453216      , -0.70485406880495360     
  -1.1001118113048320      ,  -1.0472250883707017      , -0.74826999640014280     
  -1.1699990412012240      ,  -1.1140702913966432      , -0.79464261903395428     
  -1.2428355311132286      ,  -1.1841179882630797      , -0.84405391227026083     
  -1.3175960919890528      ,  -1.2569708943107780      , -0.89654250528706636     
  -1.3933207883892633      ,  -1.3320625811600497      , -0.95209106900782137     
  -1.4692511061594737      ,  -1.4086249955284553      ,  -1.0106114543405447     
  -1.5447654626736720      ,  -1.4856561204709910      ,  -1.0719276969676881     
  -1.6191617500238469      ,  -1.5618908147046162      ,  -1.1357572641826892     
  -1.6913887704838366      ,  -1.6357791596741007      ,  -1.2016912837629112     
  -1.7598658066661637      ,  -1.7054780339848252      ,  -1.2691749722667758     
  -1.8224680152944006      ,  -1.7688628873783263      ,  -1.3374900584707226     
  -1.8766581579450370      ,  -1.8235674200729917      ,  -1.4057416326856329     
  -1.9196890629258836      ,  -1.8670585584756816      ,  -1.4728524544807782     
  -1.9487863334423041      ,  -1.8967521385750084      ,  -1.5375681751794532     
  -1.9612803619093784      ,  -1.9101705150628026      ,  -1.5984769812271005     
  -1.9547354432451298      ,  -1.9051366868038477      ,  -1.6540466183546458     
  -1.9271164632125311      ,  -1.8799909029060546      ,  -1.7026804229180070     
  -1.8770058766935096      ,  -1.8338064567641899      ,  -1.7427917898376235     
  -1.8038685820852249      ,  -1.7665738233804884      ,  -1.7728935811366489     
  -1.7083137127017607      ,  -1.6793193399910480      ,  -1.7916957382361516     
  -1.5922789795652654      ,  -1.5741287994909499      ,  -1.7982014834472844     
  -1.4590956318241877      ,  -1.4540585711738296      ,  -1.7917907942460058     
  -1.3134160420962844      ,  -1.3229355864692047      ,  -1.7722800115972297     
  -1.1609707343079174      ,  -1.1850684983651558      ,  -1.7399488134297523     
  -1.0081115332874473      ,  -1.0449098261764556      ,  -1.6955300711564372     
 -0.86112118094899948      , -0.90671780055009554      ,  -1.6401634518064443     
 -0.72535875308562903      , -0.77426443399857336      ,  -1.5753188259838156     
 -0.60446082039790405      , -0.65062418559314306      ,  -1.5026994293425207     
 -0.49992831629524143      , -0.53805960856055846      ,  -1.4241365517228026     
 -0.41133002451418410      , -0.43800192017994610      ,  -1.3414871510683963     
 -0.33702891917735234      , -0.35111004356225739      ,  -1.2565436330226010     
 -0.27503680012916171      , -0.27738372851379317      ,  -1.1709618668190174     
 -0.22360647150395210      , -0.21630490680726164      ,  -1.0862101432000582     
 -0.18144610076188511      , -0.16698485479310698      ,  -1.0035388660824414     
 -0.14768561723155513      , -0.12830075441590932      , -0.92396866930221366     
 -0.12173810945938043      ,  -9.9011800828282467E-002 , -0.84829344980179178     
 -0.10310266154979729      ,  -7.7850703932708876E-002 , -0.77709439787087953     
  -9.1149847967545911E-002 ,  -6.3590613793592488E-002 , -0.71076127246323817     
  -8.4980645339369443E-002 ,  -5.5090083998159803E-002 , -0.64951768650273467     
  -8.3433232226337417E-002 ,  -5.1319928652182122E-002 , -0.59344783846858606     
  -8.5247253143263674E-002 ,  -5.1376111790610725E-002 , -0.54252281249798806     
  -8.9325411850661146E-002 ,  -5.4482506497482014E-002 , -0.49662518528688282     
  -9.4962671733192505E-002 ,  -5.9986771525834218E-002 , -0.45557118450738321     
 -0.10191019857217221      ,  -6.7351918144290771E-002 , -0.41913003141958882     
 -0.11024390006644966      ,  -7.6145498697450006E-002 , -0.38704037906701927     
 -0.12012785747357511      ,  -8.6027798752510112E-002 , -0.35902394463510756     
 -0.13160609866625086      ,  -9.6739974650656230E-002 , -0.33479655016284376     
 -0.14452245471874831      , -0.10809274326090544      , -0.31407684844854894     
 -0.15858349262494748      , -0.11995598579839001      , -0.29659303637498741     
 -0.17348372408046725      , -0.13224945471734162      , -0.28208785835243927     
 -0.18898197793631102      , -0.14493465480064185      , -0.27032218738771446     
 -0.20488440404834171      , -0.15800789211005009      , -0.26107744707156139     
 -0.22097942007923663      , -0.17149443591142843      , -0.25415710912940392     
 -0.23700304657497079      , -0.18544371031143450      , -0.24938747116086327     
 -0.25267933455980918      , -0.19992541770844602      , -0.24661788975310234     
 -0.26781935970973281      , -0.21502649063002746      , -0.24572061646105828     
 -0.28242156893573178      , -0.23084876878264615      , -0.24659035883437774     
 -0.29671856950064146      , -0.24750730180244249      , -0.24914366600070298     
 -0.31114755180506920      , -0.26512918355277493      , -0.25331821830752771     
 -0.32626124059687756      , -0.28385282959556735      , -0.25907208303752821     
 -0.34262387364562202      , -0.30382761469181757      , -0.26638298299531660     
 -0.36073492413217495      , -0.32521379106320952      , -0.27524761149537930     
 -0.38099658402122666      , -0.34818260996592526      , -0.28568101558953890     
 -0.40371304112981576      , -0.37291656820932029      , -0.29771605884614949     
 -0.42909935792154558      , -0.39960969688581727      , -0.31140296518496530     
 -0.45728754496114760      , -0.42846780097640164      , -0.32680893569513642     
 -0.48833814292453565      , -0.45970854475326928      , -0.34401782048743806     
 -0.52227569421171094      , -0.49356125796539929      , -0.36312981686817919     
 -0.55915342587035644      , -0.53026631045188799      , -0.38426115281641809     
 -0.59912740595446035      , -0.57007386672513005      , -0.40754370016543978     
 -0.64250403636906261      , -0.61324178576453203      , -0.43312444421807728     
 -0.68972826550333277      , -0.66003237338925247      , -0.46116471487057925     
 -0.74130576878823717      , -0.71070762410160104      , -0.49183905773979042     
 -0.79768695163796566      , -0.76552250598750449      , -0.52533359135827784     
 -0.85915999327824599      , -0.82471574748206744      , -0.56184365743896569     
 -0.92579202292081431      , -0.88849748268377926      , -0.60157052509409392     
 -0.99743083450911940      , -0.95703301110356997      , -0.64471685702333670     
  -1.0737521990389276      ,  -1.0304218440011301      , -0.69148058764199649     
  -1.1543235138811219      ,  -1.1086711689674305      , -0.74204680358594444     
  -1.2386572323193994      ,  -1.1916629079707703      , -0.79657716295425818     
  -1.3262387688629556      ,  -1.2791137317463777      , -0.85519635278332806     
  -1.4165219099825017      ,  -1.3705278083744008      , -0.91797508300500474     
  -1.5088850142950905      ,  -1.4651428133852800      , -0.98490917658624821     
  -1.6025410717401354      ,  -1.5618709377351614      ,  -1.0558944769156287     
  -1.6964057590035098      ,  -1.6592384213378226      ,  -1.1306976022292721     
  -1.7889513269884196      ,  -1.7553295920387670      ,  -1.2089230872994532     
  -1.8780930808756380      ,  -1.8477444638281029      ,  -1.2899782167765024     
  -1.9611514244298061      ,  -1.9335823784575716      ,  -1.3730379039287575     
  -2.0349042407776019      ,  -2.0094673378281551      ,  -1.4570132840711101     
  -2.0957098243328529      ,  -2.0716324741702135      ,  -1.5405291632885045     
  -2.1396645626489179      ,  -2.1160799622598705      ,  -1.6219168435451898     
  -2.1627761691837128      ,  -2.1388267571723301      ,  -1.6992297223010837     
  -2.1611720147691864      ,  -2.1362343452227091      ,  -1.7702888766971601     
  -2.1313929633674960      ,  -2.1054020599515408      ,  -1.8327639813947796     
  -2.0708133309843406      ,  -2.0445807668991480      ,  -1.8842909353405151     
  -1.9781623555262020      ,  -1.9535423966589387      ,  -1.9226215166584080     
  -1.8540284238117894      ,  -1.8338290488603362      ,  -1.9457930344686416     
  -1.7011786272998237      ,  -1.6888114028237018      ,  -1.9522989358118306     
  -1.5245905870801875      ,  -1.5235141097589926      ,  -1.9412368422279591     
  -1.3312255890156830      ,  -1.3442120210571691      ,  -1.9124105565793181     
  -1.1296137424712014      ,  -1.1578532144471796      ,  -1.8663681352799042     
 -0.92921037068884293      , -0.97140576902449882      ,  -1.8043683566136113     
 -0.73938566417557294      , -0.79124071353522030      ,  -1.7282803210774276     
 -0.56801065981145260      , -0.62264865754680543      ,  -1.6404321365977033     
 -0.41993621276617921      , -0.46954913069346166      ,  -1.5434317569348321     
 -0.29612773460414199      , -0.33440429339267902      ,  -1.4399846537350298     
 -0.19424872545062735      , -0.21830781663064763      ,  -1.3327295467317848     
 -0.11052181089186436      , -0.12119519779513725      ,  -1.2241066936955947     
  -4.1621539816239964E-002 ,  -4.2115597683410992E-002 ,  -1.1162655197519116     
   1.4505594410528042E-002 ,   2.0486709436646308E-002 ,  -1.0110115465697123     
   5.8908033949755891E-002 ,   6.8517777469615099E-002 , -0.90978775496973741     
   9.2202043437701692E-002 ,  0.10402626193743578      , -0.81368293448099915     
  0.11493101810748024      ,  0.12904874663052246      , -0.72345890814728753     
  0.12785152355042834      ,  0.14550507020936551      , -0.63958917068628618     
  0.13223417890573674      ,  0.15513562773870865      , -0.56230283043951657     
  0.12995490699481793      ,  0.15947093878374241      , -0.49162931722975295     
  0.12332039737683845      ,  0.15982416769303215      , -0.42744079806285401     
  0.11470593582060107      ,  0.15729872395344635      , -0.36949047281843572     
  0.10602166435698826      ,  0.15280484568268940      , -0.31744585488358845     
   9.8237382777929982E-002 ,  0.14708076104513482      , -0.27091679461893292     
   9.1335828054660506E-002 ,  0.14071543813105639      , -0.22947842460269577     
   8.4720334044837864E-002 ,  0.13417102251796589      , -0.19268945063371956     
   7.7776505116107175E-002 ,  0.12780384748378712      , -0.16010633292912446     
   7.0311361698337085E-002 ,  0.12188343978152048      , -0.13129393972555115     
   6.2675966858899354E-002 ,  0.11660929459036382      , -0.10583324203678925     
   5.5510011265396085E-002 ,  0.11212541045637760      ,  -8.3326575815892520E-002
   4.9351981239770290E-002 ,  0.10853270131855734      ,  -6.3400941043187109E-002
   4.4467438882265668E-002 ,  0.10589946947631626      ,  -4.5709745725188280E-002
   4.0967043691562198E-002 ,  0.10427015253733518      ,  -2.9933342086985087E-002
   3.9025663940690326E-002 ,  0.10367256371322282      ,  -1.5778645510833335E-002
   3.8998364137878133E-002 ,  0.10412383785823971      ,  -2.9780755577153233E-003
   4.1336635693443514E-002 ,  0.10563528140448651      ,   8.7119867305855848E-003
   4.6367607250836780E-002 ,  0.10821630655474181      ,   1.9513070123515407E-002
   5.4093748849177260E-002 ,  0.11187761099747581      ,   2.9626691293402192E-002
   6.4134381016499417E-002 ,  0.11663374533339807      ,   3.9236545986113792E-002
   7.5846119516889451E-002 ,  0.12250519210664432      ,   4.8510742915426050E-002
   8.8561944948751387E-002 ,  0.12952006322130361      ,   5.7604029240280456E-002
  0.10180942810918663      ,  0.13771550677706540      ,   6.6659972083182917E-002
  0.11540102717148500      ,  0.14713890001021801      ,   7.5813073027227965E-002
  0.12939981474242931      ,  0.15784889200725963      ,   8.5190802334656729E-002
  0.14402776060077188      ,  0.16991634801598865      ,   9.4915547152699190E-002
  0.15958614257778328      ,  0.18342523629126711      ,  0.10510647354626416     
  0.17643340118287348      ,  0.19847348819084690      ,  0.11588130609579436     
  0.19499291438736041      ,  0.21517385232113451      ,  0.12735803123493067     
  0.21571496405443558      ,  0.23365475348327366      ,  0.13965653162546596     
  0.23897218558899683      ,  0.25406115644904970      ,  0.15290015875808619     
  0.26494026541055726      ,  0.27655542254615456      ,  0.16721724963564050     
  0.29353550246752569      ,  0.30131813284431563      ,  0.18274259076972924     
  0.32446764430155378      ,  0.32854883440907107      ,  0.19961882863850883     
  0.35741023231671254      ,  0.35846664439448767      ,  0.21799781994534886     
  0.39220946871878726      ,  0.39131061915952309      ,  0.23804190709181647     
  0.42902819825037430      ,  0.42733976025768178      ,  0.25992509369566286     
  0.46836978115578803      ,  0.46683248383084736      ,  0.28383408103491098     
  0.51098882785000610      ,  0.51008532201043177      ,  0.30996910807541045     
  0.55773645706025876      ,  0.55741055142552731      ,  0.33854451411498021     
  0.60940372320606451      ,  0.60913235169282998      ,  0.36978891269851522     
  0.66660798517338415      ,  0.66558098285394907      ,  0.40394482676344723     
  0.72973226883582831      ,  0.72708433304494668      ,  0.44126758626840140     
  0.79890409601774548      ,  0.79395602623684047      ,  0.48202322918040019     
  0.87400162756137012      ,  0.86647909879151963      ,  0.52648507335109662     
  0.95469519181205265      ,  0.94488406424180749      ,  0.57492854014299799     
   1.0405375471221530      ,   1.0293200115880103      ,  0.62762371220481183     
   1.1310872538363703      ,   1.1198172657769607      ,  0.68482500244872102     
   1.2260184108680718      ,   1.2162401498838087      ,  0.74675720953346603     
   1.3251573968599919      ,   1.3182286351005581      ,  0.81359715612049432     
   1.4283919120095394      ,   1.4251283035935616      ,  0.88545008151459337     
   1.5354379482080174      ,   1.5359092905780751      ,  0.96232003866968674     
   1.6455268037949833      ,   1.6490769691601981      ,   1.0440737963954980     
   1.7571321429631195      ,   1.7625803520093120      ,   1.1303982621456463     
   1.8678466309294901      ,   1.8737286770511576      ,   1.2207523257973252     
   1.9744470970545114      ,   1.9791323337539792      ,   1.3143153831750887     
   2.0730941340990325      ,   2.0746905761774594      ,   1.4099366878493840     
   2.1595518886774472      ,   2.1556539445227054      ,   1.5060920462594489     
   2.2293292377326446      ,   2.2167915023342668      ,   1.6008569537318578     
   2.2777246089273042      ,   2.2526884218042524      ,   1.6919075042317528     
   2.2998531759589698      ,   2.2581843870692953      ,   1.7765613825387028     
   2.2908015642945183      ,   2.2289354566246842      ,   1.8518697931255470     
   2.2460530543902442      ,   2.1620431645734275      ,   1.9147661847452768     
   2.1622293204400718      ,   2.0566529170936714      ,   1.9622686169821451     
   2.0380086754926383      ,   1.9143940614837531      ,   1.9917204286638490     
   1.8748912201495433      ,   1.7395340488428781      ,   2.0010411052933321     
   1.6774755354516449      ,   1.5387608201874197      ,   1.9889499507456627     
   1.4532097031455029      ,   1.3205875736851553      ,   1.9551235362441517     
   1.2119187705267334      ,   1.0944698721640391      ,   1.9002562817400708     
  0.96531812045573662      ,  0.86980197130440695      ,   1.8260108125278076     
  0.72627115427534517      ,  0.65498696600371087      ,   1.7348662255019947     
  0.50732405032754946      ,  0.45674402410833626      ,   1.6298915649064565     
  0.31823843071488028      ,  0.27974115223213653      ,   1.5144830970439576     
  0.16312668080333889      ,  0.12655500924438956      ,   1.3921050714225933     
   3.9403553450270343E-002 ,  -2.1093609545281568E-003 ,   1.2660659784698975     
  -5.9707274805502870E-002 , -0.10703999294361360      ,   1.1393497488246689     
 -0.14086166220581722      , -0.19008160102014149      ,   1.0145082306768012     
 -0.20786363780364586      , -0.25371953242299472      ,  0.89361081724419855     
 -0.26187432220529933      , -0.30073129688479561      ,  0.77824067797363217     
 -0.30312443651286530      , -0.33392454246025399      ,  0.66952453904332021     
 -0.33188775421283750      , -0.35596005720225277      ,  0.56818335328088643     
 -0.34870177823719845      , -0.36924698732802863      ,  0.47459326396003948     
 -0.35493140422509889      , -0.37589322082260024      ,  0.38884895656509771     
 -0.35311201984451618      , -0.37769423707262845      ,  0.31082411065795684     
 -0.34653377769056221      , -0.37614639022080093      ,  0.24022584882287670     
 -0.33875032588858811      , -0.37247398388673925      ,  0.17664171537082027     
 -0.33296000348601418      , -0.36766269850571237      ,  0.11957883348917736     
 -0.33097162761737942      , -0.36249455027626887      ,   6.8495581330194732E-002
 -0.33270050981252364      , -0.35758150586839088      ,   2.2826506073900316E-002
 -0.33680109516381690      , -0.35339622047587044      ,  -1.7998639778078043E-002
 -0.34170185419729315      , -0.35029923678836039      ,  -5.4540824849171811E-002
 -0.34642799006476588      , -0.34856251030891594      ,  -8.7341759806201569E-002
 -0.35107383780847434      , -0.34838942264384626      , -0.11691723052267909     
 -0.35654542831220198      , -0.34993159229674742      , -0.14375306250130479     
 -0.36365498259999074      , -0.35330285041969134      , -0.16830313786135651     
 -0.37251986505159473      , -0.35859075534454887      , -0.19098898192971681     
 -0.38275517900257089      , -0.36586599856871060      , -0.21220052210168877     
 -0.39402713599346756      , -0.37519002047089617      , -0.23229769598738090     
 -0.40650270213578471      , -0.38662111437854607      , -0.25161264904947012     
 -0.42090179654623883      , -0.40021925684407017      , -0.27045231471455861     
 -0.43810999638063630      , -0.41604986199587363      , -0.28910121329269922     
 -0.45870793827085915      , -0.43418661921318441      , -0.30782434099060302     
 -0.48272951029363259      , -0.45471353602796433      , -0.32687004780146445     
 -0.50972644165377490      , -0.47772627159494169      , -0.34647282392138790     
 -0.53910217227740886      , -0.50333280959024207      , -0.36685592925790400     
 -0.57048214898437233      , -0.53165348217388397      , -0.38823381009042951     
 -0.60385606183959861      , -0.56282031778690689      , -0.41081425140154459     
 -0.63950226468653582      , -0.59697564414214421      , -0.43480021307211597     
 -0.67783907609956073      , -0.63426983296738892      , -0.46039129315319621     
 -0.71926312446467344      , -0.67485802422642949      , -0.48778475182937375     
 -0.76408570278721788      , -0.71889561443919947      , -0.51717601545449898     
 -0.81263779008821069      , -0.76653223684161209      , -0.54875856116675947     
 -0.86534434551329620      , -0.81790390218311593      , -0.58272305918769784     
 -0.92261668525270135      , -0.87312291159351063      , -0.61925562236534037     
 -0.98465745875879140      , -0.93226510369459192      , -0.65853498173058778     
  -1.0512910628716290      , -0.99535396770232754      , -0.70072837453749337     
  -1.1219107208274173      ,  -1.0623411591474730      , -0.74598590049483626     
  -1.1956342742930957      ,  -1.1330830190770358      , -0.79443307761640658     
  -1.2715917855236276      ,  -1.2073128544503686      , -0.84616131890993951     
  -1.3491383022382857      ,  -1.2846090303135032      , -0.90121606603373261     
  -1.4278701469023021      ,  -1.3643594057596606      , -0.95958237131782331     
  -1.5074582071605827      ,  -1.4457233725700702      ,  -1.0211678349887090     
  -1.5873765949819314      ,  -1.5275937779192856      ,  -1.0857830039380234     
  -1.6666512253819736      ,  -1.6085623533591964      ,  -1.1531196477268890     
  -1.7437338180621365      ,  -1.6868938939161400      ,  -1.2227277695525685     
  -1.8165226421772782      ,  -1.7605161903145281      ,  -1.2939927958138346     
  -1.8824885379423613      ,  -1.8270343129837907      ,  -1.3661151039794051     
  -1.9388277750827574      ,  -1.8837787772127064      ,  -1.4380948387112886     
  -1.9825858058957730      ,  -1.9278966816365157      ,  -1.5087257139824952     
  -2.0107647475677903      ,  -1.9564922881605553      ,  -1.5766020145148025     
  -2.0204453032283944      ,  -1.9668179842404507      ,  -1.6401430354681412     
  -2.0089426266929284      ,  -1.9565078935156675      ,  -1.6976384459203631     
  -1.9740278532395914      ,  -1.9238352622592316      ,  -1.7473162883833551     
  -1.9142210663031543      ,  -1.8679631247608479      ,  -1.7874324592804500     
  -1.8291135125641385      ,  -1.7891488963989355      ,  -1.8163767754887499     
  -1.7196594192495183      ,  -1.6888613174542515      ,  -1.8327867172578691     
  -1.5883772307210666      ,  -1.5697756537403367      ,  -1.8356565804305158     
  -1.4394031400150549      ,  -1.4356308657342878      ,  -1.8244281277482193     
  -1.2783617846347179      ,  -1.2909575812169940      ,  -1.7990497282333926     
  -1.1120231953664024      ,  -1.1407118013422741      ,  -1.7599946421626305     
 -0.94769565251474308      , -0.98986866166433762      ,  -1.7082349636031091     
 -0.79233641326675142      , -0.84303727905915227      ,  -1.6451744759519611     
 -0.65150223950345409      , -0.70414998917810345      ,  -1.5725497021054149     
