  0.56608303530911019      ,   2.1229450724483714      ,   1.4655193661558268     
   1.6197245295569149      ,   2.1929852415350255      ,   1.5610585270229873     
   2.1462824389058865      ,   2.2400776937172493      ,   1.6539053462152871     
   2.4211289587333997      ,   2.2589017442634218      ,   1.7415228812149708     
   2.4070322166804052      ,   2.2447042742917840      ,   1.8210630112943438     
   2.0712422857379864      ,   2.1939089102960634      ,   1.8894909061409448     
   1.7233034240961860      ,   2.1047402225179983      ,   1.9437656688917380     
   1.6328291489571571      ,   1.9777454803439807      ,   1.9810672081207392     
   1.5380978333304092      ,   1.8160821072783706      ,   1.9990464820024860     
   1.5534459256860718      ,   1.6254624622894605      ,   1.9960649989817625     
   1.3900612224141951      ,   1.4137129629515430      ,   1.9713841858516696     
   1.2485494476569587      ,   1.1899972664110152      ,   1.9252693066812612     
  0.96371218199451991      ,  0.96384218103004549      ,   1.8589865037522069     
  0.66037272848962936      ,  0.74415591195967179      ,   1.7746919444430655     
  0.42118108657681375      ,  0.53842131673974125      ,   1.6752329415465239     
  0.30839807667530816      ,  0.35218728446955988      ,   1.5638959838847664     
  0.15661167663257708      ,  0.18889565376218667      ,   1.4441420266186100     
  0.10875299263128260      ,   5.0001978019320249E-002 ,   1.3193650556489360     
   5.3112950288566628E-002 ,  -6.4700883798565631E-002 ,   1.1926989228874905     
  -2.3405076699710835E-002 , -0.15666063759309845      ,   1.0668841267543117     
  -8.7639207028522625E-002 , -0.22813426990100699      ,  0.94419438639734021     
 -0.16446702177779207      , -0.28180797976757588      ,  0.82641469034470127     
 -0.23605618237361703      , -0.32049834109380249      ,  0.71485843581946695     
 -0.26933422797147688      , -0.34694074961631782      ,  0.61041059040920653     
 -0.26867391549321218      , -0.36365620077566646      ,  0.51358530372947420     
 -0.28753983323540611      , -0.37288048745330526      ,  0.42458891988492709     
 -0.29708932314334746      , -0.37653861886822665      ,  0.34338204425120999     
 -0.30823190585285559      , -0.37624917459232166      ,  0.26973670639260389     
 -0.30794871934480011      , -0.37334652660465156      ,  0.20328652779630416     
 -0.32288216190643332      , -0.36891220776140959      ,  0.14356912745924336     
 -0.30764537101647060      , -0.36380958762195265      ,   9.0060855130340983E-002
 -0.32159685477539174      , -0.35871823902491112      ,   4.2204439621893741E-002
 -0.32903240715603699      , -0.35416596004674755      ,  -5.6961569239652996E-004
 -0.34587109740588007      , -0.35055746826940914      ,  -3.8826978221081797E-002
 -0.35087120368039704      , -0.34819944144875398      ,  -7.3117879548269940E-002
 -0.37179695561948928      , -0.34732196114584557      , -0.10396913675487859     
 -0.36951450099378075      , -0.34809661831423416      , -0.13187907821838246     
 -0.37661670591148566      , -0.35065163044657438      , -0.15731475324318300     
 -0.38156148082841379      , -0.35508434474769440      , -0.18071090378070817     
 -0.39597767449632681      , -0.36147149037983400      , -0.20247026648446861     
 -0.41003984363120499      , -0.36987751301508459      , -0.22296485238673353     
 -0.42956371169815455      , -0.38036128702789984      , -0.24253791924495635     
 -0.45068590133513542      , -0.39298146021187508      , -0.26150640862046931     
 -0.46602105639497532      , -0.40780064560972051      , -0.28016366693359418     
 -0.49173651388616790      , -0.42488863596647064      , -0.29878230811027573     
 -0.51240989815338445      , -0.44432477860534586      , -0.31761710598075332     
 -0.54339722594095696      , -0.46619961183729980      , -0.33690782818834025     
 -0.57092797637410031      , -0.49061582772856122      , -0.35688194075595159     
 -0.61098188965442290      , -0.51768858938690709      , -0.37775712423213165     
 -0.63605011343450868      , -0.54754519301577265      , -0.39974354894277481     
 -0.67495714421946740      , -0.58032402491292434      , -0.42304585861538374     
 -0.70181170219376643      , -0.61617272046811900      , -0.44786480869756806     
 -0.74231277857455158      , -0.65524538527947807      , -0.47439849813077212     
 -0.77862686064743236      , -0.69769868729453444      , -0.50284312115890861     
 -0.83268999379334829      , -0.74368657348523226      , -0.53339314892254241     
 -0.88366655446720888      , -0.79335330605295495      , -0.56624082914757556     
 -0.94516570342700357      , -0.84682445416439756      , -0.60157486641105617     
  -1.0070021013243415      , -0.90419542278911047      , -0.63957811587315860     
  -1.0729573395172383      , -0.96551705894731876      , -0.68042409129601356     
  -1.1410877698441730      ,  -1.0307778612015503      , -0.72427205599499500     
  -1.2121340127115665      ,  -1.0998823509037625      , -0.77126043706710912     
  -1.2883119549871747      ,  -1.1726252724491224      , -0.82149828508863920     
  -1.3613200843246176      ,  -1.2486615134322572      , -0.87505450283288311     
  -1.4421002264131080      ,  -1.3274720230237296      , -0.93194460068929952     
  -1.5165892929002849      ,  -1.4083266142620134      , -0.99211482113025040     
  -1.5994114461732047      ,  -1.4902454189606513      ,  -1.0554236320282695     
  -1.6757308435809928      ,  -1.5719619618454443      ,  -1.1216208443547895     
  -1.7591259583904577      ,  -1.6518923291820697      ,  -1.1903249890188543     
  -1.8324349703690954      ,  -1.7281166388091584      ,  -1.2610001085055818     
  -1.9069279616381198      ,  -1.7983807511966154      ,  -1.3329337815139992     
  -1.9658034713890098      ,  -1.8601274883067285      ,  -1.4052189689836077     
  -2.0173134341615966      ,  -1.9105669316404634      ,  -1.4767430611370855     
  -2.0495947183407925      ,  -1.9467938643396794      ,  -1.5461881616983577     
  -2.0682838811856987      ,  -1.9659562972366709      ,  -1.6120469374818855     
  -2.0642251258752786      ,  -1.9654717519920386      ,  -1.6726580056065574     
  -2.0402708938618681      ,  -1.9432777608327523      ,  -1.7262635486630262     
  -1.9902450100043978      ,  -1.8980912374186156      ,  -1.7710894706649931     
  -1.9147226508365740      ,  -1.8296406962393050      ,  -1.8054450031124267     
  -1.8123108202548941      ,  -1.7388294866500131      ,  -1.8278346624583925     
  -1.6852687374925237      ,  -1.6277909378168240      ,  -1.8370716452890137     
  -1.5372999093786510      ,  -1.4998095542228083      ,  -1.8323791687938058     
  -1.3732882715921453      ,  -1.3591048903602743      ,  -1.8134659116009328     
  -1.2014773344779932      ,  -1.2105014823689850      ,  -1.7805641330966038     
  -1.0278025490664962      ,  -1.0590317642324893      ,  -1.7344240464755345     
 -0.86217124050416083      , -0.90953204853726333      ,  -1.6762645840380972     
 -0.70915647498258616      , -0.76629045839720311      ,  -1.6076872838821734     
 -0.57577097234733843      , -0.63279111119684861      ,  -1.5305650890616394     
 -0.46149637327491211      , -0.51157614327258938      ,  -1.4469203331926654     
 -0.36767377292101378      , -0.40422348056081997      ,  -1.3588058440310067     
 -0.28964788232945798      , -0.31141976406450217      ,  -1.2682004526181798     
 -0.22615698666342682      , -0.23309778801163680      ,  -1.1769262441082506     
 -0.17322480591687733      , -0.16860623877588951      ,  -1.0865906987991416     
 -0.13027222246179365      , -0.11688420726929609      , -0.99855328422125944     
  -9.5265771857181269E-002 ,  -7.6620826960369842E-002 , -0.91391352682143312     
  -6.8533896924681620E-002 ,  -4.6388750188870759E-002 , -0.83351620498294843     
  -4.9112712934811883E-002 ,  -2.4747247274474339E-002 , -0.75796889974055193     
  -3.7116797519280501E-002 ,  -1.0315729998428632E-002 , -0.68766743138630215     
  -3.1423300017467702E-002 ,  -1.8214478280048640E-003 , -0.62282540323619306     
  -3.1036949940833884E-002 ,   1.8736213420180853E-003 , -0.56350492439458066     
  -3.4321980055282295E-002 ,   1.7615356216361129E-003 , -0.50964642339749555     
  -3.9863745884250394E-002 ,  -1.3118115952818158E-003 , -0.46109619835676158     
  -4.6779866900244146E-002 ,  -6.6396574477651698E-003 , -0.41763093670120399     
  -5.4494649408721715E-002 ,  -1.3643028666461270E-002 , -0.37897887546563841     
  -6.3424165813600442E-002 ,  -2.1857230537399887E-002 , -0.34483757807297111     
  -7.3453771986092403E-002 ,  -3.0917647516997382E-002 , -0.31488850072089442     
  -8.5055737620311822E-002 ,  -4.0545828998756465E-002 , -0.28880863680281205     
  -9.7461074745874066E-002 ,  -5.0536458215814865E-002 , -0.26627958437632082     
 -0.11070175326536000      ,  -6.0745535952676205E-002 , -0.24699439830948178     
 -0.12372219380518396      ,  -7.1079928829461902E-002 , -0.23066257968419340     
 -0.13682951152975098      ,  -8.1488312368645233E-002 , -0.21701353068754367     
 -0.14940375680804688      ,  -9.1953464011745173E-002 , -0.20579877078846398     
 -0.16197467398067855      , -0.10248581711414667      , -0.19679317430099824     
 -0.17393763145988431      , -0.11311816375377477      , -0.18979545356896593     
 -0.18551728585961627      , -0.12390138486828309      , -0.18462807785078555     
 -0.19603258085524378      , -0.13490108585741281      , -0.18113678659492613     
 -0.20565987287476223      , -0.14619502096295234      , -0.17918982768631697     
 -0.21423352651871519      , -0.15787119815256992      , -0.17867702656820605     
 -0.22231364639709633      , -0.17002656630521587      , -0.17950877083502106     
 -0.23036991510778990      , -0.18276619714175962      , -0.18161497674609636     
 -0.23907318138489833      , -0.19620288481528092      , -0.18494408884528565     
 -0.24907833129816470      , -0.21045709584136973      , -0.18946215116338330     
 -0.26070651970366243      , -0.22565721072115474      , -0.19515197798646983     
 -0.27453320276162219      , -0.24194000588268194      , -0.20201244354666020     
 -0.29048895772856803      , -0.25945133017162558      , -0.21005790288735099     
 -0.30903999341487981      , -0.27834693379168085      , -0.21931775023200070     
 -0.32977511625389133      , -0.29879340902458551      , -0.22983611610438576     
 -0.35301445019305250      , -0.32096920087564484      , -0.24167169986552495     
 -0.37814255752481585      , -0.34506564151254326      , -0.25489772989084503     
 -0.40554391530041572      , -0.37128795436713680      , -0.26960203892761031     
 -0.43487939418619764      , -0.39985616123761175      , -0.28588723682235340     
 -0.46693462152420928      , -0.43100580761439661      , -0.30387095630563832     
 -0.50187597488542446      , -0.46498839643186035      , -0.32368613929883611     
 -0.54068663165695519      , -0.50207138687697239      , -0.34548132058916198     
 -0.58363180833407902      , -0.54253757078717313      , -0.36942085189663620     
 -0.63129806030691671      , -0.58668358224765382      , -0.39568499136519159     
 -0.68367233312043796      , -0.63481722373640304      , -0.42446976021377292     
 -0.74078164170420302      , -0.68725320205339335      , -0.45598643837758396     
 -0.80247179677653779      , -0.74430675725310036      , -0.49046053302116105     
 -0.86849938170632757      , -0.80628453708180048      , -0.52813000635325302     
 -0.93888260013520863      , -0.87347191981658512      , -0.56924249093951840     
  -1.0133767980648882      , -0.94611582648685610      , -0.61405115097201413     
  -1.0923110964194980      ,  -1.0244019038421510      , -0.66280876718600912     
  -1.1755308905112216      ,  -1.1084248294944457      , -0.71575953398672687     
  -1.2635314827096744      ,  -1.1981504370039850      , -0.77312796625371349     
  -1.3559908032901931      ,  -1.2933684551491871      , -0.83510423251032928     
  -1.4529949603961172      ,  -1.3936350120537007      , -0.90182518174023896     
  -1.5534699250776201      ,  -1.4982048238685792      , -0.97335034643113805     
  -1.6564826820903220      ,  -1.6059543643073384      ,  -1.0496323335922244     
  -1.7599655804890968      ,  -1.7152995155211928      ,  -1.1304813258783022     
  -1.8619775031863812      ,  -1.8241144286973070      ,  -1.2155239907546520     
  -1.9597863919467748      ,  -1.9296626473165661      ,  -1.3041580287422825     
  -2.0507446491370964      ,  -2.0285567510694142      ,  -1.3955049591156097     
  -2.1315760041400802      ,  -2.1167681279727408      ,  -1.4883655626288721     
  -2.1987424017051680      ,  -2.1897124730225968      ,  -1.5811845732323351     
  -2.2480398256723810      ,  -2.2424368401855683      ,  -1.6720334281675850     
  -2.2748057962958130      ,  -2.2699274515027903      ,  -1.7586215675428791     
  -2.2741275521025059      ,  -2.2675410704442771      ,  -1.8383470568267553     
  -2.2413199425510566      ,  -2.2315354793862863      ,  -1.9083951718011813     
  -2.1727791255850484      ,  -2.1596393728573404      ,  -1.9658881976733313     
  -2.0666649189888018      ,  -2.0515673608482117      ,  -2.0080809159886481     
  -1.9237779567235789      ,  -1.9093654042820782      ,  -2.0325851947350984     
  -1.7476534217835424      ,  -1.7374802521795818      ,  -2.0375963442642169     
  -1.5445994327642276      ,  -1.5424908645419049      ,  -2.0220870557072868     
  -1.3230392506703967      ,  -1.3325138890316865      ,  -1.9859351503616736     
  -1.0932175620550100      ,  -1.1163770895205816      ,  -1.9299604824015189     
 -0.86636255652366323      , -0.90271463970216792      ,  -1.8558625427495614     
 -0.65373401041321633      , -0.69915333805288005      ,  -1.7660691607004873     
 -0.46465725982911349      , -0.51172455627362157      ,  -1.6635226118661581     
 -0.30453302310950370      , -0.34456902251457822      ,  -1.5514380456062040     
 -0.17345695038481707      , -0.19992742058226354      ,  -1.4330689555593126     
  -6.7283648770145144E-002 ,  -7.8353635495356427E-002 ,  -1.3115070018535810     
   1.9552027922888186E-002 ,   2.0938678205007655E-002 ,  -1.1895322925370455     
   9.1298636790144744E-002 ,   9.9683331970804839E-002 ,  -1.0695188846258392     
  0.15001419785827808      ,  0.16018938887226788      , -0.95339135265482711     
  0.19631838189540951      ,  0.20502955102225520      , -0.84262287340932207     
  0.23039218939648259      ,  0.23680505324691808      , -0.73826321303702513     
  0.25250835218020679      ,  0.25798571518553559      , -0.64098540203572851     
  0.26341067921876954      ,  0.27081406721431378      , -0.55114169936627055     
  0.26473514917310209      ,  0.27725876812910116      , -0.46882179683512121     
  0.25891639200432431      ,  0.27900274777112255      , -0.39390850780487019     
  0.24887857836352331      ,  0.27745373025931797      , -0.32612810965688144     
  0.23754919199343255      ,  0.27376767687771925      , -0.26509396378805872     
  0.22722510816711919      ,  0.26887844999022875      , -0.21034304104239709     
  0.21886943796220637      ,  0.26352928555378896      , -0.16136561312245876     
  0.21218850168979200      ,  0.25830338361003830      , -0.11762872548202521     
  0.20623299368903092      ,  0.25365213339961845      ,  -7.8594230329419618E-002
  0.20023770393465470      ,  0.24992028571985089      ,  -4.3732198406493103E-002
  0.19414565604924400      ,  0.24736787928073103      ,  -1.2530495478973122E-002
  0.18876459033463464      ,  0.24618901419420672      ,   1.5498761649762946E-002
  0.18522001240248731      ,  0.24652771658972086      ,   4.0815242249198726E-002
  0.18431658800587561      ,  0.24849120507191619      ,   6.3848395057936713E-002
  0.18624158023483270      ,  0.25216088680275600      ,   8.4996947291091016E-002
  0.19081555814802492      ,  0.25760140041147883      ,  0.10462953672164868     
  0.19786792533576109      ,  0.26486799812752337      ,  0.12308617297080882     
  0.20752720110219183      ,  0.27401252828755540      ,  0.14068028317307485     
  0.22019306042667511      ,  0.28508824596383264      ,  0.15770114704959190     
  0.23626593235347704      ,  0.29815364605313538      ,  0.17441656789863064     
  0.25586414208745939      ,  0.31327548066923111      ,  0.19107565995241765     
  0.27867148313284579      ,  0.33053109129916319      ,  0.20791165978693618     
  0.30407245495386148      ,  0.35001015569947541      ,  0.22514469075587282     
  0.33142999968893588      ,  0.37181591944846470      ,  0.24298442539145085     
  0.36040557492396064      ,  0.39606595177792658      ,  0.26163260189036275     
  0.39103238814848673      ,  0.42289243397840254      ,  0.28128535757025835     
  0.42369243952810692      ,  0.45244195537173576      ,  0.30213534479742682     
  0.45891163438933819      ,  0.48487475552864823      ,  0.32437359347328226     
  0.49722687476095317      ,  0.52036331095555033      ,  0.34819107871969512     
  0.53908156871171242      ,  0.55909011875466963      ,  0.37377994279216353     
  0.58489483780511431      ,  0.60124447776365575      ,  0.40133430624077332     
  0.63503459915294802      ,  0.64701800872700355      ,  0.43105058462564538     
  0.68978218329852758      ,  0.69659858914627970      ,  0.46312720335904639     
  0.74921808913997978      ,  0.75016230682968776      ,  0.49776357426593426     
  0.81316702883245162      ,  0.80786296208517894      ,  0.53515816326300703     
  0.88120886738065263      ,  0.86981857845954313      ,  0.57550543970562862     
  0.95283577522013096      ,  0.93609432723212493      ,  0.61899145589766924     
   1.0276620676749724      ,   1.0066812497723858      ,  0.66578776291098896     
   1.1055464748442672      ,   1.0814702020791576      ,  0.71604333133576936     
   1.1865824265581093      ,   1.1602205871984252      ,  0.76987412117325282     
   1.2708983344702138      ,   1.2425237379106899      ,  0.82734994640491488     
   1.3584173939897282      ,   1.3277613327337383      ,  0.88847832494687062     
   1.4486045938771082      ,   1.4150600519922343      ,  0.95318511823163443     
   1.5403947517722754      ,   1.5032448850857092      ,   1.0212919774044968     
   1.6322024800268471      ,   1.5907951368249806      ,   1.0924909602993793     
   1.7220694688667988      ,   1.6758092336481305      ,   1.1663171991790231     
   1.8077520661673883      ,   1.7559867539213359      ,   1.2421212063624751     
   1.8868116342222350      ,   1.8286383484215454      ,   1.3190432973004009     
   1.9566090023963090      ,   1.8907357477549998      ,   1.3959936298273332     
   2.0143078133380614      ,   1.9390139414672936      ,   1.4716423658616045     
   2.0568421781873365      ,   1.9701347168167749      ,   1.5444252179966029     
   2.0809603650266619      ,   1.9809139931688384      ,   1.6125698074137198     
   2.0833357699995960      ,   1.9686042965658759      ,   1.6741474332865141     
   2.0608137708863552      ,   1.9312090665239734      ,   1.7271526879999526     
   2.0107836986696377      ,   1.8677898948641325      ,   1.7696097139064220     
   1.9316551214206046      ,   1.7787157727778797      ,   1.7996990584772179     
   1.8233316793202106      ,   1.6658004180897077      ,   1.8158938485468463     
   1.6875648154546603      ,   1.5322841264031259      ,   1.8170896522382194     
   1.5281157800438698      ,   1.3826410816817760      ,   1.8027103842661085     
   1.3507178368296409      ,   1.2222271300857113      ,   1.7727740487535097     
   1.1628750211398953      ,   1.0568173954948450      ,   1.7279072363722550     
  0.97341755956401621      ,  0.89210699497372936      ,   1.6693051785598141     
  0.79165407997155779      ,  0.73325371885859658      ,   1.5986429288824242     
  0.62599382687337379      ,  0.58452759738698601      ,   1.5179506812892458     
  0.48230115074228747      ,  0.44910440619877645      ,   1.4294706036630744     
  0.36269548016316588      ,  0.32900804302432490      ,   1.3355131575457599     
  0.26563473160943007      ,  0.22517975761350253      ,   1.2383281301111788     
  0.18734116082194513      ,  0.13763619500143201      ,   1.1400007631493552     
  0.12366427113158183      ,   6.5674125912785541E-002 ,   1.0423779110055031     
   7.1300425672017609E-002 ,   8.0849226673441309E-003 ,  0.94702432864755492     
   2.8082919422852556E-002 ,  -3.6647959318350160E-002 ,  0.85520570116662220     
  -7.2044974849454213E-003 ,  -7.0183985503209742E-002 ,  0.76789306686827385     
  -3.5062432048076908E-002 ,  -9.4198889559875751E-002 ,  0.68578266487044659     
  -5.5615450542156178E-002 , -0.11029539148430681      ,  0.60932557376670549     
  -6.9109341847511621E-002 , -0.11994634888404937      ,  0.53876239312829344     
  -7.6319620432451662E-002 , -0.12446374781749646      ,  0.47415931772987213     
  -7.8672764862994668E-002 , -0.12498684092459350      ,  0.41544303521539272     
  -7.8041937490342855E-002 , -0.12248351306069007      ,  0.36243281295299978     
  -7.6232365560188434E-002 , -0.11776008759970902      ,  0.31486887817539688     
  -7.4394524268311946E-002 , -0.11147595722127562      ,  0.27243673610220331     
  -7.2780342943666240E-002 , -0.10416046098667439      ,  0.23478743889501760     
  -7.0979521812380930E-002 ,  -9.6230268745729916E-002 ,  0.20155404923322520     
  -6.8417960183492249E-002 ,  -8.8006169680094323E-002 ,  0.17236467135236386     
  -6.4814688916589508E-002 ,  -7.9728619465646910E-002 ,  0.14685248014890553     
  -6.0367766995702260E-002 ,  -7.1571715908854167E-002 ,  0.12466318963701144     
  -5.5562021704529445E-002 ,  -6.3655481380319207E-002 ,  0.10546038361411331     
  -5.0782240264025974E-002 ,  -5.6056462123818873E-002 ,   8.8929096525659293E-002
  -4.6073154078869680E-002 ,  -4.8816733180471229E-002 ,   7.4777989758615271E-002
  -4.1220649012206442E-002 ,  -4.1951440676735785E-002 ,   6.2740423449201291E-002
  -3.6038066193585266E-002 ,  -3.5455032936478358E-002 ,   5.2574679744355923E-002
  -3.0629692032242140E-002 ,  -2.9306336777311121E-002 ,   4.4063552248866676E-002
  -2.5440376333041161E-002 ,  -2.3472631137315080E-002 ,   3.7013479116549064E-002
  -2.1072199644326522E-002 ,  -1.7912860613176592E-002 ,   3.1253364298961861E-002
  -1.8002242296557270E-002 ,  -1.2580119031930273E-002 ,   2.6633202873642056E-002
  -1.6364826971312686E-002 ,  -7.4235194168164684E-003 ,   2.3022601941961349E-002
  -1.5894545256728225E-002 ,  -2.3895526643297050E-003 ,   2.0309267999732566E-002
  -1.6033623506608322E-002 ,   2.5769764294678002E-003 ,   1.8397514567913990E-002
  -1.6119438204169317E-002 ,   7.5323600723385788E-003 ,   1.7206829832404586E-002
  -1.5545975391080318E-002 ,   1.2533681512562971E-002 ,   1.6670532691262046E-002
  -1.3851133004461114E-002 ,   1.7638739228033853E-002 ,   1.6734536573687991E-002
  -1.0734777826242201E-002 ,   2.2906157954650883E-002 ,   1.7356233333978746E-002
  -6.0549519494736311E-003 ,   2.8395651775810059E-002 ,   1.8503504123173291E-002
   1.5067078529434940E-004 ,   3.4168411947193139E-002 ,   2.0153860122593532E-002
   7.6201806545550879E-003 ,   4.0287598573695890E-002 ,   2.2293713141477826E-002
   1.5877075422341402E-002 ,   4.6818920772964574E-002 ,   2.4917774122068557E-002
   2.4343152322266113E-002 ,   5.3831294641373525E-002 ,   2.8028576376258642E-002
   3.2539265897459611E-002 ,   6.1397572269541886E-002 ,   3.1636119741692989E-002
   4.0293678987632295E-002 ,   6.9595338313741359E-002 ,   3.5757631659391192E-002
   4.7858302335150288E-002 ,   7.8507773281989768E-002 ,   4.0417441327286856E-002
   5.5856778229183945E-002 ,   8.8224584786854909E-002 ,   4.5646963479192816E-002
   6.5086792554592571E-002 ,   9.8843009576148722E-002 ,   5.1484788894276025E-002
   7.6274057046465532E-002 ,  0.11046889017470396      ,   5.7976879384914290E-002
   8.9884186260208929E-002 ,  0.12321783041693192      ,   6.5176865672310277E-002
  0.10604827173270345      ,  0.13721643393795990      ,   7.3146447170941875E-002
  0.12459936640416593      ,  0.15260362868110805      ,   8.1955893190802181E-002
  0.14517766425984374      ,  0.16953207845828508      ,   9.1684645344361937E-002
  0.16735426292031996      ,  0.18816967925929715      ,  0.10242202090719046     
  0.19074921602601952      ,  0.20870113291326453      ,  0.11426801639108988     
  0.21513917079362810      ,  0.23132958326445305      ,  0.12733420946757795     
  0.24056200459017393      ,  0.25627828942655712      ,  0.14174475538966241     
  0.26739490843150437      ,  0.28379229583655963      ,  0.15763747088302618     
  0.29636370089485908      ,  0.31414003829503662      ,  0.17516499368889293     
  0.32844424227467411      ,  0.34761479704822135      ,  0.19449599897351566     
  0.36466970398566079      ,  0.38453586975492132      ,  0.21581644392278115     
  0.40589665583456569      ,  0.42524928569696840      ,  0.23933079802753432     
  0.45261956978418255      ,  0.47012781380497676      ,  0.26526319755009375     
  0.50490687910203391      ,  0.51956992601299135      ,  0.29385843679191381     
  0.56248641327642801      ,  0.57399725820589576      ,  0.32538267396696935     
  0.62493903311163368      ,  0.63384995688781476      ,  0.36012368314484444     
  0.69192660934327632      ,  0.69957910375106158      ,  0.39839042277848546     
  0.76337743253369195      ,  0.77163516659707754      ,  0.44051161226904401     
  0.83958051174998027      ,  0.85045113084173762      ,  0.48683290717601213     
  0.92117130922562729      ,  0.93641862573563228      ,  0.53771213779833738     
   1.0090068842991586      ,   1.0298549921469877      ,  0.59351192318830193     
   1.1039411976641809      ,   1.1309588877514196      ,  0.65458879492291688     
   1.2065336391715755      ,   1.2397517747754763      ,  0.72127777049431474     
   1.3167638892770681      ,   1.3560026313389530      ,  0.79387112490455902     
   1.4338384505205599      ,   1.4791337050455708      ,  0.87258995955215146     
   1.5561599111434692      ,   1.6081064368808913      ,  0.95754712642466444     
   1.6814652703245250      ,   1.7412893019177593      ,   1.0487002384026967     
   1.8070697382188470      ,   1.8763138155898438      ,   1.1457940364240928     
   1.9300883594722309      ,   2.0099318942507094      ,   1.2482924930836636     
   2.0475102235511367      ,   2.1378973961878445      ,   1.3553029398616954     
   2.1560563490744635      ,   2.2549064777318151      ,   1.4654974099608737     
   2.2518635642451650      ,   2.3546433513064033      ,   1.5770403371301229     
   2.3301416820694443      ,   2.4299858367995242      ,   1.6875364451886767     
   2.3850151639702131      ,   2.4734218891438644      ,   1.7940172231606923     
   2.4097327192633067      ,   2.4777056673536721      ,   1.8929871604190438     
   2.3973271005072210      ,   2.4367331707699966      ,   1.9805495722426576     
   2.3416792368031336      ,   2.3465443731214122      ,   2.0526239233744605     
   2.2388153281826946      ,   2.2062768910334571      ,   2.1052507294668348     
   2.0881022204379240      ,   2.0188375363135775      ,   2.1349578202379615     
   1.8928519241577142      ,   1.7910618331619277      ,   2.1391383069182974     
   1.6600092610389030      ,   1.5332228917328097      ,   2.1163745456471621     
   1.3992530195975004      ,   1.2579174386146803      ,   2.0666422782241312     
   1.1222996027071723      ,  0.97854134297999718      ,   1.9913488137310020     
  0.84262660311694537      ,  0.70769136313762082      ,   1.8931943560315410     
  0.57492211133256199      ,  0.45583824664640421      ,   1.7758848688803412     
  0.33346150939618280      ,  0.23050927023430751      ,   1.6437546594339536     
  0.12890504365065655      ,   3.6050505143438528E-002 ,   1.5013681551015559     
  -3.5629719534986337E-002 , -0.12611607209068093      ,   1.3531623917873992     
 -0.16547429671889982      , -0.25691646736808738      ,   1.2031709132144586     
 -0.27011077543072415      , -0.35892099368569275      ,   1.0548452921163320     
 -0.35734385864914447      , -0.43566570606659138      ,  0.91096991287466522     
 -0.43045157732193479      , -0.49109073009665027      ,  0.77365276665340721     
 -0.48937017245639713      , -0.52913030916021508      ,  0.64436993400604248     
 -0.53341816357739635      , -0.55344944453988010      ,  0.52404215255857545     
 -0.56242722325791583      , -0.56730092427670731      ,  0.41312580382037600     
 -0.57715022036866981      , -0.57347008422848955      ,  0.31170564749703555     
 -0.58019785552214842      , -0.57427697668179878      ,  0.21958131569322537     
 -0.57579432988644585      , -0.57161183544461391      ,  0.13634331255018414     
 -0.56843138383835956      , -0.56698665329823184      ,   6.1436906494710515E-002
 -0.56224856123429945      , -0.56159171937918373      ,  -5.7860203865394491E-003
 -0.56042664061586223      , -0.55635054902165548      ,  -6.6026161440253139E-002
 -0.56396630236939460      , -0.55196980285759600      , -0.12000557659049557     
 -0.57156531414228207      , -0.54898280315761561      , -0.16844453580434451     
 -0.58099083707461374      , -0.54778643087851842      , -0.21204493240616626     
 -0.59040280491051034      , -0.54867180518917957      , -0.25147893945101157     
 -0.59917029414272704      , -0.55184942003972071      , -0.28738176978518815     
 -0.60824954317343505      , -0.55746948611134617      , -0.32034758760914694     
 -0.61943370840322420      , -0.56563819546380900      , -0.35092779030212551     
 -0.63387299111282580      , -0.57643054706452279      , -0.37963102752785310     
 -0.65144527143056752      , -0.58990027587016369      , -0.40692444907360542     
 -0.67123751098305073      , -0.60608733244994850      , -0.43323577496980942     
 -0.69233734524426682      , -0.62502327145361625      , -0.45895586375767139     
 -0.71449555806940235      , -0.64673482781757508      , -0.48444152011735980     
 -0.73824484883287278      , -0.67124588940194041      , -0.51001833407320762     
 -0.76442998377120419      , -0.69857801281065290      , -0.53598338297267722     
 -0.79365446964711450      , -0.72874957445346822      , -0.56260765637729260     
 -0.82597216436191390      , -0.76177360083665890      , -0.59013808461061679     
 -0.86095209321152899      , -0.79765428065106081      , -0.61879906548882424     
 -0.89811798927068220      , -0.83638212735544426      , -0.64879339212775489     
 -0.93735646400905703      , -0.87792773658273071      , -0.68030248910997815     
 -0.97896196950231829      , -0.92223407105529098      , -0.71348586628439714     
  -1.0234559352556964      , -0.96920721151846778      , -0.74847970091958682     
  -1.0713163192879709      ,  -1.0187055419305131      , -0.78539446213172392     
  -1.1226202253647311      ,  -1.0705273990196120      , -0.82431149933192061     
  -1.1769017295471440      ,  -1.1243973202013882      , -0.86527853247538133     
  -1.2333700177871878      ,  -1.1799511806106666      , -0.90830401053099619     
  -1.2911477388129564      ,  -1.2367207301277516      , -0.95335035097060483     
  -1.3493618745702511      ,  -1.2941183324021865      ,  -1.0003261428697443     
  -1.4071572779799053      ,  -1.3514230708375985      ,  -1.0490774950421622     
  -1.4636012514126713      ,  -1.4077698097463391      ,  -1.0993788430539364     
  -1.5175545791971203      ,  -1.4621432513207209      ,  -1.1509236968342043     
  -1.5676950318306990      ,  -1.5133794522476787      ,  -1.2033160107705185     
  -1.6126553472408547      ,  -1.5601775654106953      ,  -1.2560630796131806     
  -1.6511197582845738      ,  -1.6011246243680743      ,  -1.3085710842048905     
  -1.6818200105437431      ,  -1.6347358360637099      ,  -1.3601445955361895     
  -1.7034630178473065      ,  -1.6595119318158782      ,  -1.4099914444430315     
  -1.7146641056709961      ,  -1.6740135290221811      ,  -1.4572343171030444     
  -1.7139863598786258      ,  -1.6769501584963395      ,  -1.5009301808173732     
  -1.7001012380597365      ,  -1.6672787674971616      ,  -1.5400981306903612     
  -1.6720163371919547      ,  -1.6443034919369328      ,  -1.5737554593945751     
  -1.6292931846804488      ,  -1.6077659040101648      ,  -1.6009607280829263     
  -1.5721707666120557      ,  -1.5579135285661139      ,  -1.6208614663653091     
  -1.5015811448941156      ,  -1.4955348932514001      ,  -1.6327430334951276     
  -1.4191200352637965      ,  -1.4219521617279289      ,  -1.6360743587605571     
  -1.3269951933676114      ,  -1.3389674036710908      ,  -1.6305459717501778     
  -1.2279408513873078      ,  -1.2487650483012311      ,  -1.6160960912620492     
  -1.1250907715366065      ,  -1.1537797725597216      ,  -1.5929215969596866     
  -1.0217767485816811      ,  -1.0565444878607058      ,  -1.5614723340519292     
 -0.92123052002489747      , -0.95953593668434656      ,  -1.5224291288345679     
 -0.82624253222983579      , -0.86503506073693992      ,  -1.4766677720079291     
 -0.73887483527862918      , -0.77501596540308193      ,  -1.4252127180413876     
 -0.66030879519810903      , -0.69107193118611820      ,  -1.3691851115140485     
 -0.59087807600050779      , -0.61438085835291323      ,  -1.3097498964083438     
 -0.53027130743072970      , -0.54570708471447615      ,  -1.2480662595137457     
 -0.47781532214585559      , -0.48543260907053182      ,  -1.1852446890097597     
 -0.43273767336876207      , -0.43360875900124374      ,  -1.1223127313895014     
 -0.39434758492881389      , -0.39001913247825576      ,  -1.0601903307828902     
 -0.36211319507006046      , -0.35424575937535829      , -0.99967460534226515     
 -0.33565022720774718      , -0.32573229227028422      , -0.94143315192369736     
 -0.31465880887543551      , -0.30384011645547843      , -0.88600449845689855     
 -0.29884689367414619      , -0.28789518263124692      , -0.83380411625177198     
 -0.28787324143611775      , -0.27722489743748402      , -0.78513440532441636     
 -0.28133175087502987      , -0.27118548665555725      , -0.74019720831002611     
 -0.27877736460229874      , -0.26918090226847574      , -0.69910763092864081     
 -0.27977640521022618      , -0.27067465841662991      , -0.66190819981108051     
 -0.28395497569707728      , -0.27519604925744096      , -0.62858263694646577     
 -0.29102000316283844      , -0.28234211350831079      , -0.59906875283833150     
 -0.30074397837125083      , -0.29177653783712260      , -0.57327014725614533     
 -0.31292783043003009      , -0.30322648557970211      , -0.55106655451075470     
 -0.32736669341559638      , -0.31647813139018632      , -0.53232278152552437     
 -0.34383707819244957      , -0.33137149483996187      , -0.51689626622335638     
 -0.36210999679035899      , -0.34779500501769461      , -0.50464333648177084     
 -0.38197741891642945      , -0.36568009573819377      , -0.49542428169247349     
 -0.40327232327517071      , -0.38499602525408183      , -0.48910736481874190     
 -0.42587188926182690      , -0.40574503181382809      , -0.48557190700941305     
 -0.44968792848322531      , -0.42795787285999853      , -0.48471057270616202     
 -0.47465583950252094      , -0.45168974702394493      , -0.48643097339798735     
 -0.50073364127608389      , -0.47701656066061776      , -0.49065669468592232     
 -0.52791434071645249      , -0.50403147131716031      , -0.49732783551610799     
 -0.55624475973335674      , -0.53284161661660823      , -0.50640113126787600     
 -0.58583987690325878      , -0.56356491644376672      , -0.51784971444532857     
 -0.61688528155229450      , -0.59632681739133375      , -0.53166254835454352     
 -0.64962540953803605      , -0.63125682995497168      , -0.54784355050508726     
 -0.68434079887144406      , -0.66848469021474177      , -0.56641040358499717     
 -0.72132052495662691      , -0.70813595849571220      , -0.58739303269851206     
 -0.76083473982965533      , -0.75032684820996909      , -0.61083170811569854     
 -0.80310953550633746      , -0.79515806005460743      , -0.63677471314776146     
 -0.84830532107262269      , -0.84270738243510879      , -0.66527549721122536     
 -0.89649963288449763      , -0.89302081239096343      , -0.69638921528000819     
 -0.94767590880260821      , -0.94610195840523448      , -0.73016853783086644     
  -1.0017202505327154      ,  -1.0018995157737431      , -0.76665860183091661     
  -1.0584254058180025      ,  -1.0602926681694629      , -0.80589096597885568     
  -1.1174972887483352      ,  -1.1210743804092265      , -0.84787643615008990     
  -1.1785569243279339      ,  -1.1839327250420781      , -0.89259664507869874     
  -1.2411315083896932      ,  -1.2484306490633519      , -0.93999431056875693     
  -1.3046321834797057      ,  -1.3139849560736494      , -0.98996216730446873     
  -1.3683229033390145      ,  -1.3798457674096958      ,  -1.0423306780223585     
  -1.4312895555919125      ,  -1.4450783338110693      ,  -1.0968547897873986     
  -1.4924193735011431      ,  -1.5085497731547308      ,  -1.1532002176860552     
  -1.5503974090705124      ,  -1.5689240468697017      ,  -1.2109300134128256     
  -1.6037217921977771      ,  -1.6246691407812124      ,  -1.2694925020919510     
  -1.6507348858815865      ,  -1.6740808026929315      ,  -1.3282120238056812     
  -1.6896667402969368      ,  -1.7153270618634235      ,  -1.3862842519564700     
  -1.7186898907822177      ,  -1.7465168280709595      ,  -1.4427781088534570     
  -1.7359885562440751      ,  -1.7657938748848623      ,  -1.4966463657802502     
  -1.7398481590865180      ,  -1.7714543110066963      ,  -1.5467467920685003     
  -1.7287704387501177      ,  -1.7620813487078815      ,  -1.5918751048897211     
  -1.7016140118299101      ,  -1.7366862849086970      ,  -1.6308099101921392     
  -1.6577512754356192      ,  -1.6948400507549732      ,  -1.6623683407229719     
  -1.5972228753509095      ,  -1.6367767362150747      ,  -1.6854693344275800     
  -1.5208639425481982      ,  -1.5634504866980163      ,  -1.6991997322826975     
  -1.4303748857856973      ,  -1.4765310201841704      ,  -1.7028769857454698     
  -1.3283130006238353      ,  -1.3783307488594123      ,  -1.6961016460448777     
  -1.2179865659964813      ,  -1.2716669436537500      ,  -1.6787932562460715     
  -1.1032394170771389      ,  -1.1596733249467557      ,  -1.6512048610538417     
 -0.98812676159563795      ,  -1.0455842051320325      ,  -1.6139138845134358     
 -0.87651005359626200      , -0.93251858183882830      ,  -1.5677901395865363     
 -0.77163936160474222      , -0.82329035218042435      ,  -1.5139446234270537     
 -0.67582619831056323      , -0.72026464386512257      ,  -1.4536649478973556     
 -0.59030651639840759      , -0.62527101860698397      ,  -1.3883443792293637     
 -0.51533447898455320      , -0.53957446906770634      ,  -1.3194114175192606     
 -0.45045652114950208      , -0.46389691918436793      ,  -1.2482658107355322     
 -0.39485009577786995      , -0.39847670576091254      ,  -1.1762252245048130     
 -0.34761387011661726      , -0.34315158107041943      ,  -1.1044848893203174     
 -0.30795027106885392      , -0.29745160266351045      ,  -1.0340907775608119     
 -0.27523623613292247      , -0.26069089022894731      , -0.96592546022966486     
 -0.24900418697799326      , -0.23205059843253328      , -0.90070485909712150     
 -0.22886399957943726      , -0.21064875873199193      , -0.83898363355433903     
 -0.21440609322834475      , -0.19559537939723376      , -0.78116684156170324     
 -0.20513086629708641      , -0.18603315816078411      , -0.72752567936784129     
 -0.20043779428915184      , -0.18116536963129981      , -0.67821542530855661     
 -0.19967922053200574      , -0.18027307394903186      , -0.63329409850843954     
 -0.20225112735277012      , -0.18272393010137675      , -0.59274072934587274     
 -0.20767246713178122      , -0.18797475401396574      , -0.55647248585787767     
 -0.21561122627942997      , -0.19556967171577358      , -0.52436018980393284     
 -0.22584794604096162      , -0.20513537557731906      , -0.49624198298935779     
 -0.23820391339648470      , -0.21637465526718860      , -0.47193507244194055     
 -0.25247797366597624      , -0.22905907577723930      , -0.45124560031800964     
 -0.26842522183882217      , -0.24302142513539784      , -0.43397676066707219     
 -0.28578135973215918      , -0.25814835544495218      , -0.41993532984433485     
 -0.30430773207545020      , -0.27437348785925458      , -0.40893679872533489     
 -0.32382366477367436      , -0.29167113772052305      , -0.40080929976955437     
 -0.34420884312864469      , -0.31005073261561378      , -0.39539651574186374     
 -0.36538355219040919      , -0.32955193639568431      , -0.39255974355020584     
 -0.38728912634878465      , -0.35024045017466282      , -0.39217926911047751     
 -0.40988723755593837      , -0.37220443197803904      , -0.39415518944159794     
 -0.43318101195950787      , -0.39555145607950276      , -0.39840779768278439     
 -0.45724577302516811      , -0.42040591799337096      , -0.40487762625429907     
 -0.48225156550261150      , -0.44690677909479126      , -0.41352522341094500     
 -0.50846486035986249      , -0.47520553392195697      , -0.42433071913709575     
 -0.53622812248238905      , -0.50546427174952702      , -0.43729321766365337     
 -0.56592597482265783      , -0.53785369066681721      , -0.45243003565478301     
 -0.59794991729605729      , -0.57255090604011283      , -0.46977578700513067     
 -0.63266956998131818      , -0.60973687501055940      , -0.48938129681772835     
 -0.67041171971149272      , -0.64959323398722135      , -0.51131230806695893     
 -0.71144447721983495      , -0.69229831675282183      , -0.53564792425562802     
 -0.75596486364750670      , -0.73802208723464602      , -0.56247870966875946     
 -0.80409196592686349      , -0.78691968457225403      , -0.59190434535887448     
 -0.85586958227375343      , -0.83912324162272045      , -0.62403071376360286     
 -0.91127903943062660      , -0.89473160635231996      , -0.65896625826376010     
 -0.97025620521333056      , -0.95379757650101715      , -0.69681743709137578     
  -1.0327013567755987      ,  -1.0163122633497086      , -0.73768306581018306     
  -1.0984707505511053      ,  -1.0821862475180342      , -0.78164732251353786     
  -1.1673455694129651      ,  -1.1512273020640964      , -0.82877118020333218     
  -1.2389840879761389      ,  -1.2231146665016239      , -0.87908203927150175     
  -1.3128705590450505      ,  -1.2973701971690170      , -0.93256137033902720     
  -1.3882751630096284      ,  -1.3733272361202213      , -0.98913025796572596     
  -1.4642333614117686      ,  -1.4500987710790152      ,  -1.0486328760822481     
  -1.5395439854929325      ,  -1.5265474263521797      ,  -1.1108181454454200     
  -1.6127784207372511      ,  -1.6012610163540415      ,  -1.1753201399794371     
  -1.6822916547225937      ,  -1.6725387318242921      ,  -1.2416382341557344     
  -1.7462298471680806      ,  -1.7383943355206446      ,  -1.3091185144058646     
  -1.8025361948465086      ,  -1.7965837066088675      ,  -1.3769385845074287     
  -1.8489643678637457      ,  -1.8446642303873391      ,  -1.4440985090625240     
  -1.8831145465312666      ,  -1.8800923057294496      ,  -1.5094211411549825     
  -1.9025095438453561      ,  -1.9003620552261886      ,  -1.5715652975031595     
  -1.9047261480492570      ,  -1.9031827982302114      ,  -1.6290549666315841     
  -1.8875882384827403      ,  -1.8866851170226828      ,  -1.6803267568421569     
  -1.8494133228060967      ,  -1.8496363551116888      ,  -1.7237959816215145     
  -1.7892855564029257      ,  -1.7916380410675179      ,  -1.7579391792960299     
  -1.7073122927624484      ,  -1.7132726957006661      ,  -1.7813877595971110     
  -1.6048160801063955      ,  -1.6161684807156373      ,  -1.7930244250309093     
  -1.4844238612773815      ,  -1.5029588695350191      ,  -1.7920717886868647     
  -1.3500317527598540      ,  -1.3771305048812259      ,  -1.7781619623086107     
  -1.2066293809304975      ,  -1.2427725453127778      ,  -1.7513773102249932     
  -1.0599566390308515      ,  -1.1042599496768615      ,  -1.7122560386931081     
 -0.91596474000334438      , -0.96591582889212391      ,  -1.6617612036872165     
 -0.78010502199215304      , -0.83170052098099057      ,  -1.6012170039848961     
 -0.65658094325090932      , -0.70496700230654741      ,  -1.5322206851177955     
 -0.54780931437795932      , -0.58830656487150945      ,  -1.4565410779602899     
 -0.45433216452544334      , -0.48349030064061937      ,  -1.3760153333794944     
 -0.37523207677115561      , -0.39149578312941646      ,  -1.2924539848468182     
 -0.30883590473750228      , -0.31259772590773183      ,  -1.2075617072594529     
 -0.25337073567499879      , -0.24649732083023929      ,  -1.1228778477963137     
 -0.20735593998269664      , -0.19246644036208602      ,  -1.0397377047734631     
 -0.16972742002124824      , -0.14948788969210711      , -0.95925310181428824     
 -0.13979292147131728      , -0.11637925082458615      , -0.88230924416551371     
 -0.11708799520862924      ,  -9.1893903499562668E-002 , -0.80957411805612767     
 -0.10117426974917396      ,  -7.4797586472046762E-002 , -0.74151662997261869     
  -9.1451386946642649E-002 ,  -6.3922072050415557E-002 , -0.67843005825751912     
  -8.7066764156549278E-002 ,  -5.8199293618304448E-002 , -0.62045799615403852     
  -8.6967835740922872E-002 ,  -5.6679925827361408E-002 , -0.56762064194083117     
  -9.0081117939598609E-002 ,  -5.8540348368154201E-002 , -0.51983993214592517     
  -9.5535332396770783E-002 ,  -6.3081452805168317E-002 , -0.47696256091195804     
 -0.10280478792281825      ,  -6.9722116155089525E-002 , -0.43878036149152644     
 -0.11169136362789844      ,  -7.7989515728857151E-002 , -0.40504784664213661     
 -0.12216753505956274      ,  -8.7507878633341765E-002 , -0.37549692761449566     
 -0.13418120074419321      ,  -9.7986779594274140E-002 , -0.34984897538591037     
 -0.14753194048445470      , -0.10920972673848564      , -0.32782447175601614     
 -0.16187757771607503      , -0.12102349597512529      , -0.30915053859972014     
 -0.17684378031043105      , -0.13332847406205278      , -0.29356664452594172     
 -0.19214236173775232      , -0.14607013108359065      , -0.28082877981958682     
 -0.20761397803628626      , -0.15923164952925400      , -0.27071237047079422     
 -0.22318365038485316      , -0.17282767687931797      , -0.26301417569665608     
 -0.23878284282950993      , -0.18689913183338283      , -0.25755338429269542     
 -0.25430543186644983      , -0.20150897378470639      , -0.25417209580375427     
 -0.26963101801710065      , -0.21673883553326737      , -0.25273534436015060     
 -0.28469940564595114      , -0.23268641671678922      , -0.25313079693558804     
 -0.29958949526521733      , -0.24946353727361886      , -0.25526823416466127     
 -0.31455770183021275      , -0.26719475444867991      , -0.25907890083227025     
 -0.33001695554520361      , -0.28601645195124986      , -0.26451479464037853     
 -0.34647054845419040      , -0.30607631475629160      , -0.27154794566341145     
 -0.36443550961011167      , -0.32753310681370912      , -0.28016972472774587     
 -0.38438597641519606      , -0.35055667081892139      , -0.29039020643681313     
 -0.40672621226092837      , -0.37532806847835753      , -0.30223760130804356     
 -0.43178347428156194      , -0.40203977563750370      , -0.31575776104721937     
 -0.45980518127784642      , -0.43089583842782897      , -0.33101375087482215     
 -0.49095524101218446      , -0.46211188333042980      , -0.34808547250654798     
 -0.52532041701536325      , -0.49591485471487706      , -0.36706931029059908     
 -0.56294131951544812      , -0.53254232681396518      , -0.38807776046718501     
 -0.60386886454465438      , -0.57224120193494643      , -0.41123898881699250     
 -0.64822737468437153      , -0.61526556162170254      , -0.43669624430404413     
 -0.69625368282300337      , -0.66187338119341854      , -0.46460703482419996     
 -0.74828677946840638      , -0.71232174967747208      , -0.49514194493394065     
 -0.80470502252446385      , -0.76686015654029704      , -0.52848294357277537     
 -0.86583424984918278      , -0.82572131529877424      , -0.56482099157809673     
 -0.93186277781355631      , -0.88910889631946843      , -0.60435271386681955     
  -1.0027920978688918      , -0.95718144561732144      , -0.64727584989268017     
  -1.0784320894373787      ,  -1.0300316888973573      , -0.69378314002236041     
  -1.1584291121091281      ,  -1.1076603862467747      , -0.74405424852281254     
  -1.2423048817833662      ,  -1.1899439527310121      , -0.79824527282869806     
  -1.3294859635182048      ,  -1.2765952520927344      , -0.85647535524582685     
  -1.4193117824359858      ,  -1.3671173852263221      , -0.91880991527361622     
  -1.5110153629981522      ,  -1.4607510350535038      , -0.98524008462433921     
  -1.6036731870966392      ,  -1.5564171138177354      ,  -1.0556580887928402     
  -1.6961236605560355      ,  -1.6526582029154728      ,  -1.1298286242713289     
  -1.7868636353712777      ,  -1.7475846497656911      ,  -1.2073567810173433     
  -1.8739466757631875      ,  -1.8388341462472721      ,  -1.2876538045436170     
  -1.9549150590330251      ,  -1.9235568958115867      ,  -1.3699030094540989     
  -2.0267922013562223      ,  -1.9984414754470683      ,  -1.4530294256971485     
  -2.0861452575806236      ,  -2.0597981597360326      ,  -1.5356781714554506     
  -2.1292106242537225      ,  -2.1037152903137084      ,  -1.6162078635177315     
  -2.1520718034957724      ,  -2.1262985059202357      ,  -1.6927062008074754     
  -2.1508933246741613      ,  -2.1239908924464261      ,  -1.7630346532475247     
  -2.1222327854257768      ,  -2.0939542405694795      ,  -1.8249073791125396     
  -2.0634509334980993      ,  -2.0344698460352229      ,  -1.8760056647451384     
  -1.9731981954157221      ,  -1.9452969176045305      ,  -1.9141233645507050     
  -1.8518862614348348      ,  -1.8279153874829066      ,  -1.9373317682185185     
  -1.7020103215138171      ,  -1.6855855241203963      ,  -1.9441455890870691     
  -1.5282316307384887      ,  -1.5231832073349167      ,  -1.9336674312105187     
  -1.3372327860008977      ,  -1.3468136481388202      ,  -1.9056880830014979     
  -1.1373850824009120      ,  -1.1632561703974931      ,  -1.8607252165892612     
 -0.93815568545717287      , -0.97933229922058140      ,  -1.7999928104286804     
 -0.74908977472489557      , -0.80130503042066714      ,  -1.7253055011865772     
 -0.57833122675025606      , -0.63440384938197447      ,  -1.6389329214769353     
 -0.43101791295565389      , -0.48253394132337513      ,  -1.5434260887480573     
 -0.30833357052579674      , -0.34818283590830196      ,  -1.4414396800717835     
 -0.20799188238519997      , -0.23249812814134732      ,  -1.3355709038006018     
 -0.12602317649396647      , -0.13548555971593074      ,  -1.2282293332833776     
  -5.8710048844138538E-002 ,  -5.6269906219155272E-002 ,  -1.1215446562215881     
  -3.5748853451031057E-003 ,   6.6318975710786821E-003 ,  -1.0173126590833490     
   4.0702709415832102E-002 ,   5.5061524558877140E-002 , -0.91697499538263172     
   7.4777406042172534E-002 ,   9.1014157251776917E-002 , -0.82162566727776609     
   9.9030757505925160E-002 ,  0.11648438835860699      , -0.73203639435533829     
  0.11392583557626407      ,  0.13336077817771405      , -0.64869359043157415     
  0.12037275770093045      ,  0.14336166147433382      , -0.57184093095123456     
  0.11989404365813791      ,  0.14800295290998974      , -0.50152299788620158     
  0.11452252364439702      ,  0.14858893126008563      , -0.43762692591034791     
  0.10648766651067064      ,  0.14621829166196354      , -0.37992018122204974     
   9.7697549703414280E-002 ,  0.14179943589764171      , -0.32808352909402183     
   8.9232404168925916E-002 ,  0.13607060347492927      , -0.28173890008174274     
   8.1228417615339985E-002 ,  0.12962183015824019      , -0.24047229154001515     
   7.3228835568272185E-002 ,  0.12291679566143585      , -0.20385209363802392     
   6.4735931703741756E-002 ,  0.11631340530896644      , -0.17144335712803233     
   5.5670074000898156E-002 ,  0.11008249150981247      , -0.14281856471464840     
   4.6512644737205344E-002 ,  0.10442437711713656      , -0.11756546009112379     
   3.8047926153757676E-002 ,   9.9483265975480822E-002 ,  -9.5292450698742537E-002
   3.0927081167159545E-002 ,   9.5359557810579046E-002 ,  -7.5632046969053610E-002
   2.5423993319420406E-002 ,   9.2120256097234787E-002 ,  -5.8242741815565935E-002
   2.1515745182148979E-002 ,   8.9807670522331809E-002 ,  -4.2809675278040152E-002
   1.9141069280145254E-002 ,   8.8446624947945987E-002 ,  -2.9044373790967137E-002
   1.8417170288165537E-002 ,   8.8050377067792895E-002 ,  -1.6683803224649796E-002
   1.9663163460255314E-002 ,   8.8625443418063860E-002 ,  -5.4889303017962065E-003
   2.3232198377426842E-002 ,   9.0175506903978228E-002 ,   4.7570517042281801E-003
   2.9283648670878865E-002 ,   9.2704565893845861E-002 ,   1.4250710197358178E-002
   3.7638846478161778E-002 ,   9.6219465629758111E-002 ,   2.3170478593267770E-002
   4.7804629779340649E-002 ,  0.10073193503900983      ,   3.1678808289697137E-002
   5.9151552630870040E-002 ,  0.10626023546901686      ,   3.9924315065625528E-002
   7.1133569105221214E-002 ,  0.11283051264599034      ,   4.8043883403733036E-002
   8.3428673464426090E-002 ,  0.12047792935848968      ,   5.6164704860415256E-002
   9.5961064361842319E-002 ,  0.12924764397219127      ,   6.4406236612651963E-002
  0.10883739705547663      ,  0.13919568879702723      ,   7.2882074089193616E-002
  0.12226385036834690      ,  0.15038979239713457      ,   8.1701737491125151E-002
  0.13651184046684015      ,  0.16291018095003260      ,   9.0972376317400280E-002
  0.15193274836542542      ,  0.17685038546522014      ,  0.10080039897459114     
  0.16895294031484956      ,  0.19231807375030874      ,  0.11129303635303416     
  0.18800466425289736      ,  0.20943591808758993      ,  0.12255984902471209     
  0.20941144304232834      ,  0.22834250119983526      ,  0.13471418753482758     
  0.23328348474791516      ,  0.24919325368583059      ,  0.14787461413054032     
  0.25949453526121397      ,  0.27216140501006614      ,  0.16216629213985403     
  0.28778083351838507      ,  0.29743891648856235      ,  0.17772234594660688     
  0.31792241550319728      ,  0.32523734746483168      ,  0.19468518987864572     
  0.34991369842157111      ,  0.35578858369275485      ,  0.21320781800241143     
  0.38404627698629584      ,  0.38934532818804513      ,  0.23345503833546014     
  0.42087937007967391      ,  0.42618121744158366      ,  0.25560462372991749     
  0.46112515075324656      ,  0.46659037743175252      ,  0.27984833683908750     
  0.50550966618847559      ,  0.51088617139247883      ,  0.30639276713294245     
  0.55466442936648219      ,  0.55939881143258230      ,  0.33545989260639347     
  0.60906919710285534      ,  0.61247140525082377      ,  0.36728724609690205     
  0.66903181234608877      ,  0.67045388387585647      ,  0.40212752422049775     
  0.73468196716462963      ,  0.73369410400377422      ,  0.44024742390437027     
  0.80597741197387995      ,  0.80252523878664739      ,  0.48192542541007199     
  0.88274140249419264      ,  0.87724836805713469      ,  0.52744816004763362     
  0.96473863884494182      ,  0.95810896533412482      ,  0.57710490493869326     
   1.0517707470507858      ,   1.0452657805728223      ,  0.63117963775002872     
   1.1437500660063256      ,   1.1387504820354777      ,  0.68993996663175328     
   1.2406962728914719      ,   1.2384164273482181      ,  0.75362213632406572     
   1.3426162447491148      ,   1.3438752066554114      ,  0.82241122208398265     
   1.4492833003207073      ,   1.4544203201472676      ,  0.89641559472431365     
   1.5599897904998765      ,   1.5689387609178072      ,  0.97563482829485038     
   1.6733642805876294      ,   1.6858136658766292      ,   1.0599205065801458     
   1.7873166485813479      ,   1.8028248692118054      ,   1.1489299706560232     
   1.8991127132771748      ,   1.9170593339240956      ,   1.2420740599845279     
   2.0055154780329802      ,   2.0248499264203508      ,   1.3384614507544750     
   2.1029045449534798      ,   2.1217681005363196      ,   1.4368443490931841     
   2.1873139901264489      ,   2.2027020523138305      ,   1.5355729780716709     
   2.2543908318378834      ,   2.2620538223631388      ,   1.6325691829374855     
   2.2993441219412727      ,   2.2940825631095625      ,   1.7253318865775926     
   2.3170026598601936      ,   2.2934025096515773      ,   1.8109879719485740     
   2.3021076319902991      ,   2.2556108582566328      ,   1.8864000927656583     
   2.2499197325600688      ,   2.1779756365249536      ,   1.9483366994347122     
   2.1571062981478617      ,   2.0600674067786091      ,   1.9936988387326597     
   2.0227016627546526      ,   1.9041894755754216      ,   2.0197843039439829     
   1.8487900212372561      ,   1.7154692943814802      ,   2.0245557812127513     
   1.6406317732822595      ,   1.5015302430138926      ,   2.0068705581414674     
   1.4063187812356648      ,   1.2717598040209583      ,   1.9666297015238157     
   1.1563369663668974      ,   1.0362971825751546      ,   1.9048163682796677     
  0.90315606299628826      ,  0.80493991239132967      ,   1.8234138682300103     
  0.66041610870641076      ,  0.58618396610125834      ,   1.7252181534258575     
  0.44114183541465118      ,  0.38656124625243360      ,   1.6135790714816123     
  0.25482390005437289      ,  0.21034630813473335      ,   1.4921143988777912     
  0.10441735604833788      ,   5.9608695163686748E-002 ,   1.3644388805009304     
  -1.4151411529951481E-002 ,  -6.5479933137011226E-002 ,   1.2339398472094227     
 -0.10870337427947194      , -0.16620055027530495      ,   1.1036162944159156     
 -0.18625442269906373      , -0.24481000764352695      ,  0.97598429919751772     
 -0.25056050446270051      , -0.30410886996064257      ,  0.85304136147876719     
 -0.30267055030579387      , -0.34709476490187574      ,  0.73627664433751827     
 -0.34268402892089411      , -0.37671289195006802      ,  0.62671257737338548     
 -0.37062827511153368      , -0.39569614814294074      ,  0.52496455981118595     
 -0.38686418395349004      , -0.40647782964416257      ,  0.43130818574931273     
 -0.39281951120536673      , -0.41115746707718875      ,  0.34574645755035577     
 -0.39114755673955454      , -0.41150210621487715      ,  0.26807221390270930     
 -0.38515921035437278      , -0.40896890310199524      ,  0.19792318892810590     
 -0.37836303915386466      , -0.40473875859198022      ,  0.13482868670199558     
 -0.37377933333127217      , -0.39975409662649936      ,   7.8247876867343358E-002
 -0.37286085514648365      , -0.39475651542952789      ,   2.7600314319150377E-002
 -0.37517174126636621      , -0.39032191242298492      ,  -1.7710416716385423E-002
 -0.37921316976057856      , -0.38689192741735651      ,  -5.8278932325788971E-002
 -0.38350648573279450      , -0.38480132170628584      ,  -9.4685166360762144E-002
 -0.38742330134787800      , -0.38430135678688487      , -0.12748546907213734     
 -0.39157491119495791      , -0.38557946906189577      , -0.15720688788408219     
 -0.39731333194332324      , -0.38877563790933228      , -0.18434394603443194     
 -0.40563544845095212      , -0.39399586905819672      , -0.20935734501658584     
 -0.41658667749869416      , -0.40132319833040991      , -0.23267411661505247     
 -0.42953159107916139      , -0.41082658358391927      , -0.25468883757681537     
 -0.44380614011908787      , -0.42256800707019559      , -0.27576559431625691     
 -0.45929517009185100      , -0.43660806267782115      , -0.29624044721241904     
 -0.47656394056500057      , -0.45301025559336150      , -0.31642419513785502     
 -0.49648881819530333      , -0.47184419680003337      , -0.33660528206910106     
 -0.51975715952238255      , -0.49318783156868379      , -0.35705272011539529     
 -0.54655084621743899      , -0.51712879917563415      , -0.37801892807114496     
 -0.57654973111745256      , -0.54376497977004823      , -0.39974240249018106     
 -0.60925254884096525      , -0.57320424278403181      , -0.42245014997122587     
 -0.64434675994151058      , -0.60556336871600913      , -0.44635981535506558     
 -0.68185996498533741      , -0.64096607180850518      , -0.47168144125200534     
 -0.72210614193854850      , -0.67954000459510544      , -0.49861879002709569     
 -0.76551967431430590      , -0.72141257642418488      , -0.52737015029433365     
 -0.81243077150124710      , -0.76670536747726248      , -0.55812853633776005     
 -0.86297510814007194      , -0.81552686917319506      , -0.59108117101442681     
 -0.91722418000455974      , -0.86796323453109814      , -0.62640812116689004     
 -0.97530700211910337      , -0.92406668383501045      , -0.66427993038313904     
  -1.0373763962005285      , -0.98384119101453216      , -0.70485406880495360     
  -1.1034762024501199      ,  -1.0472250883707017      , -0.74826999640014280     
  -1.1733632708604254      ,  -1.1140702913966432      , -0.79464261903395428     
  -1.2463916822063730      ,  -1.1841179882630797      , -0.84405391227026083     
  -1.3215985371692800      ,  -1.2569708943107780      , -0.89654250528706636     
  -1.3979362609778669      ,  -1.3320625811600497      , -0.95209106900782137     
  -1.4744631913214676      ,  -1.4086249955284553      ,  -1.0106114543405447     
  -1.5503719178109820      ,  -1.4856561204709910      ,  -1.0719276969676881     
  -1.6248489618243334      ,  -1.5618908147046162      ,  -1.1357572641826892     
  -1.6968376417284547      ,  -1.6357791596741007      ,  -1.2016912837629112     
  -1.7648406377642096      ,  -1.7054780339848252      ,  -1.2691749722667758     
  -1.8268615890619022      ,  -1.7688628873783263      ,  -1.3374900584707226     
  -1.8804934625896323      ,  -1.8235674200729917      ,  -1.4057416326856329     
  -1.9230933244264896      ,  -1.8670585584756816      ,  -1.4728524544807782     
  -1.9519532456221254      ,  -1.8967521385750084      ,  -1.5375681751794532     
  -1.9644277450145091      ,  -1.9101705150628026      ,  -1.5984769812271005     
  -1.9580594276545120      ,  -1.9051366868038477      ,  -1.6540466183546458     
  -1.9307466230950550      ,  -1.8799909029060546      ,  -1.7026804229180070     
  -1.8809702880155124      ,  -1.8338064567641899      ,  -1.7427917898376235     
  -1.8080776272472883      ,  -1.7665738233804884      ,  -1.7728935811366489     
  -1.7125675133431986      ,  -1.6793193399910480      ,  -1.7916957382361516     
  -1.5962961441148307      ,  -1.5741287994909499      ,  -1.7982014834472844     
  -1.4625555395871279      ,  -1.4540585711738296      ,  -1.7917907942460058     
  -1.3160091544504564      ,  -1.3229355864692047      ,  -1.7722800115972297     
  -1.1624566910969001      ,  -1.1850684983651558      ,  -1.7399488134297523     
  -1.0083821692130508      ,  -1.0449098261764556      ,  -1.6955300711564372     
 -0.86025394791377752      , -0.90671780055009554      ,  -1.6401634518064443     
 -0.72363601853508697      , -0.77426443399857336      ,  -1.5753188259838156     
 -0.60233419985205672      , -0.65062418559314306      ,  -1.5026994293425207     
 -0.49792571979600980      , -0.53805960856055846      ,  -1.4241365517228026     
 -0.40992736231877186      , -0.43800192017994610      ,  -1.3414871510683963     
 -0.33652658706561628      , -0.35111004356225739      ,  -1.2565436330226010     
 -0.27548368367622722      , -0.27738372851379317      ,  -1.1709618668190174     
 -0.22479741074831477      , -0.21630490680726164      ,  -1.0862101432000582     
 -0.18299034190642913      , -0.16698485479310698      ,  -1.0035388660824414     
 -0.14911983383624572      , -0.12830075441590932      , -0.92396866930221366     
 -0.12264868828783473      ,  -9.9011800828282467E-002 , -0.84829344980179178     
 -0.10322582309936258      ,  -7.7850703932708876E-002 , -0.77709439787087953     
  -9.0427856718280464E-002 ,  -6.3590613793592488E-002 , -0.71076127246323817     
  -8.3564087399564696E-002 ,  -5.5090083998159803E-002 , -0.64951768650273467     
  -8.1632692073574695E-002 ,  -5.1319928652182122E-002 , -0.59344783846858606     
  -8.3452288149045095E-002 ,  -5.1376111790610725E-002 , -0.54252281249798806     
  -8.7919633645976880E-002 ,  -5.4482506497482014E-002 , -0.49662518528688282     
  -9.4262067033697786E-002 ,  -5.9986771525834218E-002 , -0.45557118450738321     
 -0.10213499608773077      ,  -6.7351918144290771E-002 , -0.41913003141958882     
 -0.11151379797352991      ,  -7.6145498697450006E-002 , -0.38704037906701927     
 -0.12246147917587567      ,  -8.6027798752510112E-002 , -0.35902394463510756     
 -0.13491291232096209      ,  -9.6739974650656230E-002 , -0.33479655016284376     
 -0.14859243395563834      , -0.10809274326090544      , -0.31407684844854894     
 -0.16309442953381639      , -0.11995598579839001      , -0.29659303637498741     
 -0.17804545779829389      , -0.13224945471734162      , -0.28208785835243927     
 -0.19321715202854994      , -0.14493465480064185      , -0.27032218738771446     
 -0.20851923408971090      , -0.15800789211005009      , -0.26107744707156139     
 -0.22390519059714101      , -0.17149443591142843      , -0.25415710912940392     
 -0.23927968414587442      , -0.18544371031143450      , -0.24938747116086327     
 -0.25448021417304412      , -0.19992541770844602      , -0.24661788975310234     
 -0.26934440989821867      , -0.21502649063002746      , -0.24572061646105828     
 -0.28381765468214010      , -0.23084876878264615      , -0.24659035883437774     
 -0.29803757479565690      , -0.24750730180244249      , -0.24914366600070298     
 -0.31235161052664073      , -0.26512918355277493      , -0.25331821830752771     
 -0.32726353696301269      , -0.28385282959556735      , -0.25907208303752821     
 -0.34334202095230859      , -0.30382761469181757      , -0.26638298299531660     
 -0.36113573634009882      , -0.32521379106320952      , -0.27524761149537930     
 -0.38112207960341471      , -0.34818260996592526      , -0.28568101558953890     
 -0.40368866352861160      , -0.37291656820932029      , -0.29771605884614949     
 -0.42912915027624182      , -0.39960969688581727      , -0.31140296518496530     
 -0.45763733042660021      , -0.42846780097640164      , -0.32680893569513642     
 -0.48930346347931325      , -0.45970854475326928      , -0.34401782048743806     
 -0.52413332964522130      , -0.49356125796539929      , -0.36312981686817919     
 -0.56210403256817465      , -0.53026631045188799      , -0.38426115281641809     
 -0.60324624532550186      , -0.57007386672513005      , -0.40754370016543978     
 -0.64771970412460322      , -0.61324178576453203      , -0.43312444421807728     
 -0.69584183695621271      , -0.66003237338925247      , -0.46116471487057925     
 -0.74804677877470549      , -0.71070762410160104      , -0.49183905773979042     
 -0.80478646886527816      , -0.76552250598750449      , -0.52533359135827784     
 -0.86641422770973797      , -0.82471574748206744      , -0.56184365743896569     
 -0.93309595995277461      , -0.88849748268377926      , -0.60157052509409392     
  -1.0047756876243259      , -0.95703301110356997      , -0.64471685702333670     
  -1.0811944206922695      ,  -1.0304218440011301      , -0.69148058764199649     
  -1.1619399629140474      ,  -1.1086711689674305      , -0.74204680358594444     
  -1.2464998049379894      ,  -1.1916629079707703      , -0.79657716295425818     
  -1.3342967608908478      ,  -1.2791137317463777      , -0.85519635278332806     
  -1.4246972378037739      ,  -1.3705278083744008      , -0.91797508300500474     
  -1.5169861289700799      ,  -1.4651428133852800      , -0.98490917658624821     
  -1.6103022987948274      ,  -1.5618709377351614      ,  -1.0558944769156287     
  -1.7035342057037315      ,  -1.6592384213378226      ,  -1.1306976022292721     
  -1.7951921186041548      ,  -1.7553295920387670      ,  -1.2089230872994532     
  -1.8832919752101347      ,  -1.8477444638281029      ,  -1.2899782167765024     
  -1.9652914308020430      ,  -1.9335823784575716      ,  -1.3730379039287575     
  -2.0381039380420978      ,  -2.0094673378281551      ,  -1.4570132840711101     
  -2.0981895318267862      ,  -2.0716324741702135      ,  -1.5405291632885045     
  -2.1417001353033713      ,  -2.1160799622598705      ,  -1.6219168435451898     
  -2.1646600038305857      ,  -2.1388267571723301      ,  -1.6992297223010837     
  -2.1631879444875506      ,  -2.1362343452227091      ,  -1.7702888766971601     
  -2.1337959605995476      ,  -2.1054020599515408      ,  -1.8327639813947796     
  -2.0737982259783814      ,  -2.0445807668991480      ,  -1.8842909353405151     
  -1.9818142424452283      ,  -1.9535423966589387      ,  -1.9226215166584080     
  -1.8582665537979488      ,  -1.8338290488603362      ,  -1.9457930344686416     
  -1.7057218793371980      ,  -1.6888114028237018      ,  -1.9522989358118306     
  -1.5289741690243699      ,  -1.5235141097589926      ,  -1.9412368422279591     
  -1.3348857063441943      ,  -1.3442120210571691      ,  -1.9124105565793181     
  -1.1320360966045429      ,  -1.1578532144471796      ,  -1.8663681352799042     
 -0.93010823813489019      , -0.97140576902449882      ,  -1.8043683566136113     
 -0.73883855030472345      , -0.79124071353522030      ,  -1.7282803210774276     
 -0.56649080599341217      , -0.62264865754680543      ,  -1.6404321365977033     
 -0.41820110781302883      , -0.46954913069346166      ,  -1.5434317569348321     
 -0.29501510896050109      , -0.33440429339267902      ,  -1.4399846537350298     
 -0.19443358670669370      , -0.21830781663064763      ,  -1.3327295467317848     
 -0.11230892122446411      , -0.12119519779513725      ,  -1.2241066936955947     
  -4.4853655434045216E-002 ,  -4.2115597683410992E-002 ,  -1.1162655197519116     
   1.0382540119703423E-002 ,   2.0486709436646308E-002 ,  -1.0110115465697123     
   5.4658198026615340E-002 ,   6.8517777469615099E-002 , -0.90978775496973741     
   8.8581150458401300E-002 ,  0.10402626193743578      , -0.81368293448099915     
  0.11251515021872201      ,  0.12904874663052246      , -0.72345890814728753     
  0.12694050316494498      ,  0.14550507020936551      , -0.63958917068628618     
  0.13282272453445307      ,  0.15513562773870865      , -0.56230283043951657     
  0.13176296050345215      ,  0.15947093878374241      , -0.49162931722975295     
  0.12587528172334575      ,  0.15982416769303215      , -0.42744079806285401     
  0.11745769858792351      ,  0.15729872395344635      , -0.36949047281843572     
  0.10845473049952842      ,  0.15280484568268940      , -0.31744585488358845     
   9.9937238055973848E-002 ,  0.14708076104513482      , -0.27091679461893292     
   9.1998438718188830E-002 ,  0.14071543813105639      , -0.22947842460269577     
   8.4134194834475817E-002 ,  0.13417102251796589      , -0.19268945063371956     
   7.5819201987209817E-002 ,  0.12780384748378712      , -0.16010633292912446     
   6.6977760764811448E-002 ,  0.12188343978152048      , -0.13129393972555115     
   5.8121381034538899E-002 ,  0.11660929459036382      , -0.10583324203678925     
   5.0067197261673024E-002 ,  0.11212541045637760      ,  -8.3326575815892520E-002
   4.3479370635970224E-002 ,  0.10853270131855734      ,  -6.3400941043187109E-002
   3.8623350765631649E-002 ,  0.10589946947631626      ,  -4.5709745725188280E-002
   3.5460726448238278E-002 ,  0.10427015253733518      ,  -2.9933342086985087E-002
   3.3922281982778961E-002 ,  0.10367256371322282      ,  -1.5778645510833335E-002
   3.4130563819261460E-002 ,  0.10412383785823971      ,  -2.9780755577153233E-003
   3.6417657742046881E-002 ,  0.10563528140448651      ,   8.7119867305855848E-003
   4.1146082346055601E-002 ,  0.10821630655474181      ,   1.9513070123515407E-002
   4.8473145361855735E-002 ,  0.11187761099747581      ,   2.9626691293402192E-002
   5.8206720029235368E-002 ,  0.11663374533339807      ,   3.9236545986113792E-002
   6.9837366995956884E-002 ,  0.12250519210664432      ,   4.8510742915426050E-002
   8.2729403599648574E-002 ,  0.12952006322130361      ,   5.7604029240280456E-002
   9.6348960912119488E-002 ,  0.13771550677706540      ,   6.6659972083182917E-002
  0.11040396385586236      ,  0.14713890001021801      ,   7.5813073027227965E-002
  0.12485942847195149      ,  0.15784889200725963      ,   8.5190802334656729E-002
  0.13986481851700747      ,  0.16991634801598865      ,   9.4915547152699190E-002
  0.15566386227673742      ,  0.18342523629126711      ,  0.10510647354626416     
  0.17255851412488768      ,  0.19847348819084690      ,  0.11588130609579436     
  0.19092575799391773      ,  0.21517385232113451      ,  0.12735803123493067     
  0.21121325125425672      ,  0.23365475348327366      ,  0.13965653162546596     
  0.23386884280627596      ,  0.25406115644904970      ,  0.15290015875808619     
  0.25922509669435267      ,  0.27655542254615456      ,  0.16721724963564050     
  0.28739578448031577      ,  0.30131813284431563      ,  0.18274259076972924     
  0.31825723974474401      ,  0.32854883440907107      ,  0.19961882863850883     
  0.35155492195208526      ,  0.35846664439448767      ,  0.21799781994534886     
  0.38709117038556706      ,  0.39131061915952309      ,  0.23804190709181647     
  0.42489669386949508      ,  0.42733976025768178      ,  0.25992509369566286     
  0.46530779100213959      ,  0.46683248383084736      ,  0.28383408103491098     
  0.50892639532087713      ,  0.51008532201043177      ,  0.30996910807541045     
  0.55649305609061073      ,  0.55741055142552731      ,  0.33854451411498021     
  0.60873720327545755      ,  0.60913235169282998      ,  0.36978891269851522     
  0.66626217765402285      ,  0.66558098285394907      ,  0.40394482676344723     
  0.72948594415269019      ,  0.72708433304494668      ,  0.44126758626840140     
  0.79862218435911192      ,  0.79395602623684047      ,  0.48202322918040019     
  0.87367705805894857      ,  0.86647909879151963      ,  0.52648507335109662     
  0.95445928731385143      ,  0.94488406424180749      ,  0.57492854014299799     
   1.0406210383602630      ,   1.0293200115880103      ,  0.62762371220481183     
   1.1317333894318411      ,   1.1198172657769607      ,  0.68482500244872102     
   1.2273731309107501      ,   1.2162401498838087      ,  0.74675720953346603     
   1.3271763431056034      ,   1.3182286351005581      ,  0.81359715612049432     
   1.4308033707002585      ,   1.4251283035935616      ,  0.88545008151459337     
   1.5377834971780109      ,   1.5359092905780751      ,  0.96232003866968674     
   1.6472714678115901      ,   1.6490769691601981      ,   1.0440737963954980     
   1.7578052581979453      ,   1.7625803520093120      ,   1.1303982621456463     
   1.8671600626209122      ,   1.8737286770511576      ,   1.2207523257973252     
   1.9723491495447378      ,   1.9791323337539792      ,   1.3143153831750887     
   2.0697499746790542      ,   2.0746905761774594      ,   1.4099366878493840     
   2.1552754116129895      ,   2.1556539445227054      ,   1.5060920462594489     
   2.2245077332178869      ,   2.2167915023342668      ,   1.6008569537318578     
   2.2727701926198169      ,   2.2526884218042524      ,   1.6919075042317528     
   2.2951911972540118      ,   2.2581843870692953      ,   1.7765613825387028     
   2.2868788829798334      ,   2.2289354566246842      ,   1.8518697931255470     
   2.2433306960278365      ,   2.1620431645734275      ,   1.9147661847452768     
   2.1611260173025904      ,   2.0566529170936714      ,   1.9622686169821451     
   2.0387899010116399      ,   1.9143940614837531      ,   1.9917204286638490     
   1.8775416811329699      ,   1.7395340488428781      ,   2.0010411052933321     
   1.6816216469833276      ,   1.5387608201874197      ,   1.9889499507456627     
   1.4581476187129616      ,   1.3205875736851553      ,   1.9551235362441517     
   1.2167659153106933      ,   1.0944698721640391      ,   1.9002562817400708     
  0.96926700008276434      ,  0.86980197130440695      ,   1.8260108125278076     
  0.72886874839382676      ,  0.65498696600371087      ,   1.7348662255019947     
  0.50864308795943070      ,  0.45674402410833626      ,   1.6298915649064565     
  0.31886133206709877      ,  0.27974115223213653      ,   1.5144830970439576     
  0.16399457610073953      ,  0.12655500924438956      ,   1.3921050714225933     
   4.1568393747266945E-002 ,  -2.1093609545281568E-003 ,   1.2660659784698975     
  -5.5443133983442375E-002 , -0.10703999294361360      ,   1.1393497488246689     
 -0.13430124397043502      , -0.19008160102014149      ,   1.0145082306768012     
 -0.19954487308928204      , -0.25371953242299472      ,  0.89361081724419855     
 -0.25287229613159112      , -0.30073129688479561      ,  0.77824067797363217     
 -0.29465983514650501      , -0.33392454246025399      ,  0.66952453904332021     
 -0.32499478166965734      , -0.35596005720225277      ,  0.56818335328088643     
 -0.34406567925576953      , -0.36924698732802863      ,  0.47459326396003948     
 -0.35283029597379878      , -0.37589322082260024      ,  0.38884895656509771     
 -0.35341771050471116      , -0.37769423707262845      ,  0.31082411065795684     
 -0.34877486903431826      , -0.37614639022080093      ,  0.24022584882287670     
 -0.34222491885367695      , -0.37247398388673925      ,  0.17664171537082027     
 -0.33688949824717579      , -0.36766269850571237      ,  0.11957883348917736     
 -0.33465602517350845      , -0.36249455027626887      ,   6.8495581330194732E-002
 -0.33559275326660121      , -0.35758150586839088      ,   2.2826506073900316E-002
 -0.33848820831891802      , -0.35339622047587044      ,  -1.7998639778078043E-002
 -0.34187768048182327      , -0.35029923678836039      ,  -5.4540824849171811E-002
 -0.34491698599538645      , -0.34856251030891594      ,  -8.7341759806201569E-002
 -0.34789550139143310      , -0.34838942264384626      , -0.11691723052267909     
 -0.35198442897953414      , -0.34993159229674742      , -0.14375306250130479     
 -0.35826910080926461      , -0.35330285041969134      , -0.16830313786135651     
 -0.36700905296848330      , -0.35859075534454887      , -0.19098898192971681     
 -0.37771741286113697      , -0.36586599856871060      , -0.21220052210168877     
 -0.38973626219470398      , -0.37519002047089617      , -0.23229769598738090     
 -0.40283672344182841      , -0.38662111437854607      , -0.25161264904947012     
 -0.41746379207201778      , -0.40021925684407017      , -0.27045231471455861     
 -0.43447220144828030      , -0.41604986199587363      , -0.28910121329269922     
 -0.45463802688988408      , -0.43418661921318441      , -0.30782434099060302     
 -0.47828818094899805      , -0.45471353602796433      , -0.32687004780146445     
 -0.50521431501687275      , -0.47772627159494169      , -0.34647282392138790     
 -0.53491190625661855      , -0.50333280959024207      , -0.36685592925790400     
 -0.56695187716136874      , -0.53165348217388397      , -0.38823381009042951     
 -0.60120141329279120      , -0.56282031778690689      , -0.41081425140154459     
 -0.63783428456495106      , -0.59697564414214421      , -0.43480021307211597     
 -0.67721287633886229      , -0.63426983296738892      , -0.46039129315319621     
 -0.71969564433428512      , -0.67485802422642949      , -0.48778475182937375     
 -0.76552032239917189      , -0.71889561443919947      , -0.51717601545449898     
 -0.81489230967082027      , -0.76653223684161209      , -0.54875856116675947     
 -0.86811213994330394      , -0.81790390218311593      , -0.58272305918769784     
 -0.92555511616446107      , -0.87312291159351063      , -0.61925562236534037     
 -0.98752699299138125      , -0.93226510369459192      , -0.65853498173058778     
  -1.0540652920228100      , -0.99535396770232754      , -0.70072837453749337     
  -1.1247853821633886      ,  -1.0623411591474730      , -0.74598590049483626     
  -1.1989208310018815      ,  -1.1330830190770358      , -0.79443307761640658     
  -1.2755548413703925      ,  -1.2073128544503686      , -0.84616131890993951     
  -1.3538657736731308      ,  -1.2846090303135032      , -0.90121606603373261     
  -1.4332316771206297      ,  -1.3643594057596606      , -0.95958237131782331     
  -1.5131507077996851      ,  -1.4457233725700702      ,  -1.0211678349887090     
  -1.5930192453231580      ,  -1.5275937779192856      ,  -1.0857830039380234     
  -1.6718841497421477      ,  -1.6085623533591964      ,  -1.1531196477268890     
  -1.7482901840548863      ,  -1.6868938939161400      ,  -1.2227277695525685     
  -1.8202667734066340      ,  -1.7605161903145281      ,  -1.2939927958138346     
  -1.8854254037064746      ,  -1.8270343129837907      ,  -1.3661151039794051     
  -1.9410901697983078      ,  -1.8837787772127064      ,  -1.4380948387112886     
  -1.9844018673660497      ,  -1.9278966816365157      ,  -1.5087257139824952     
  -2.0124080787487069      ,  -1.9564922881605553      ,  -1.5766020145148025     
  -2.0221771943538767      ,  -1.9668179842404507      ,  -1.6401430354681412     
  -2.0109622344911999      ,  -1.9565078935156675      ,  -1.6976384459203631     
  -1.9764429367588294      ,  -1.9238352622592316      ,  -1.7473162883833551     
  -1.9170417699449891      ,  -1.8679631247608479      ,  -1.7874324592804500     
  -1.8322606987480043      ,  -1.7891488963989355      ,  -1.8163767754887499     
  -1.7229742774507191      ,  -1.6888613174542515      ,  -1.8327867172578691     
  -1.5916261466797261      ,  -1.5697756537403367      ,  -1.8356565804305158     
  -1.4422869641857512      ,  -1.4356308657342878      ,  -1.8244281277482193     
  -1.2805486178896532      ,  -1.2909575812169940      ,  -1.7990497282333926     
  -1.1132185266822370      ,  -1.1407118013422741      ,  -1.7599946421626305     
 -0.94774074748859549      , -0.98986866166433762      ,  -1.7082349636031091     
 -0.79129715695865754      , -0.84303727905915227      ,  -1.6451744759519611     
 -0.64970048113182910      , -0.70414998917810345      ,  -1.5725497021054149     
