  0.60437561537774642      ,   2.1229450724483714      ,   1.4655193661558268     
   1.7021215614370704      ,   2.1929852415350255      ,   1.5610585270229873     
   2.2010930132155924      ,   2.2400776937172493      ,   1.6539053462152871     
   2.3822288087625290      ,   2.2589017442634218      ,   1.7415228812149708     
   2.2746194871098875      ,   2.2447042742917840      ,   1.8210630112943438     
   1.9264870050357941      ,   2.1939089102960634      ,   1.8894909061409448     
   1.6393751979662925      ,   2.1047402225179983      ,   1.9437656688917380     
   1.6127731180907887      ,   1.9777454803439807      ,   1.9810672081207392     
   1.5485877187427242      ,   1.8160821072783706      ,   1.9990464820024860     
   1.5477264118456788      ,   1.6254624622894605      ,   1.9960649989817625     
   1.3490211714840306      ,   1.4137129629515430      ,   1.9713841858516696     
   1.1840530999820442      ,   1.1899972664110152      ,   1.9252693066812612     
  0.90446325041836784      ,  0.96384218103004549      ,   1.8589865037522069     
  0.62293462614038164      ,  0.74415591195967179      ,   1.7746919444430655     
  0.42191323098094058      ,  0.53842131673974125      ,   1.6752329415465239     
  0.33618170460976049      ,  0.35218728446955988      ,   1.5638959838847664     
  0.18892600263750353      ,  0.18889565376218667      ,   1.4441420266186100     
  0.13162855308405635      ,   5.0001978019320249E-002 ,   1.3193650556489360     
   5.7104203703582553E-002 ,  -6.4700883798565631E-002 ,   1.1926989228874905     
  -3.7190682488242130E-002 , -0.15666063759309845      ,   1.0668841267543117     
 -0.10303870578356963      , -0.22813426990100699      ,  0.94419438639734021     
 -0.16866835955836507      , -0.28180797976757588      ,  0.82641469034470127     
 -0.22447627607953635      , -0.32049834109380249      ,  0.71485843581946695     
 -0.24554725484854203      , -0.34694074961631782      ,  0.61041059040920653     
 -0.24517660007264511      , -0.36365620077566646      ,  0.51358530372947420     
 -0.26910971105245407      , -0.37288048745330526      ,  0.42458891988492709     
 -0.28511077457847417      , -0.37653861886822665      ,  0.34338204425120999     
 -0.29923053149570022      , -0.37624917459232166      ,  0.26973670639260389     
 -0.30022216139004759      , -0.37334652660465156      ,  0.20328652779630416     
 -0.31481164657747457      , -0.36891220776140959      ,  0.14356912745924336     
 -0.30191835970323427      , -0.36380958762195265      ,   9.0060855130340983E-002
 -0.32042033080302768      , -0.35871823902491112      ,   4.2204439621893741E-002
 -0.33452784659547841      , -0.35416596004674755      ,  -5.6961569239652996E-004
 -0.35420618955222549      , -0.35055746826940914      ,  -3.8826978221081797E-002
 -0.36065490018512264      , -0.34819944144875398      ,  -7.3117879548269940E-002
 -0.38123743669711241      , -0.34732196114584557      , -0.10396913675487859     
 -0.37839404318633213      , -0.34809661831423416      , -0.13187907821838246     
 -0.38780603866835173      , -0.35065163044657438      , -0.15731475324318300     
 -0.39739315799353153      , -0.35508434474769440      , -0.18071090378070817     
 -0.41686522126249220      , -0.36147149037983400      , -0.20247026648446861     
 -0.43427056942211939      , -0.36987751301508459      , -0.22296485238673353     
 -0.45515301048502721      , -0.38036128702789984      , -0.24253791924495635     
 -0.47532253525782425      , -0.39298146021187508      , -0.26150640862046931     
 -0.48920530524371503      , -0.40780064560972051      , -0.28016366693359418     
 -0.51331886952416417      , -0.42488863596647064      , -0.29878230811027573     
 -0.53375737809695123      , -0.44432477860534586      , -0.31761710598075332     
 -0.56324474857846851      , -0.46619961183729980      , -0.33690782818834025     
 -0.58802841041375109      , -0.49061582772856122      , -0.35688194075595159     
 -0.62280651170467982      , -0.51768858938690709      , -0.37775712423213165     
 -0.64222716785247258      , -0.54754519301577265      , -0.39974354894277481     
 -0.67680851567364020      , -0.58032402491292434      , -0.42304585861538374     
 -0.70230092860661675      , -0.61617272046811900      , -0.44786480869756806     
 -0.74409264967806976      , -0.65524538527947807      , -0.47439849813077212     
 -0.78282464501719495      , -0.69769868729453444      , -0.50284312115890861     
 -0.83811523776214947      , -0.74368657348523226      , -0.53339314892254241     
 -0.88795113872098141      , -0.79335330605295495      , -0.56624082914757556     
 -0.94675269369208936      , -0.84682445416439756      , -0.60157486641105617     
  -1.0050130213993733      , -0.90419542278911047      , -0.63957811587315860     
  -1.0683748068822565      , -0.96551705894731876      , -0.68042409129601356     
  -1.1345730448073457      ,  -1.0307778612015503      , -0.72427205599499500     
  -1.2049145437367133      ,  -1.0998823509037625      , -0.77126043706710912     
  -1.2800648038523323      ,  -1.1726252724491224      , -0.82149828508863920     
  -1.3523440404109655      ,  -1.2486615134322572      , -0.87505450283288311     
  -1.4327802841997772      ,  -1.3274720230237296      , -0.93194460068929952     
  -1.5085442064644867      ,  -1.4083266142620134      , -0.99211482113025040     
  -1.5940618609261661      ,  -1.4902454189606513      ,  -1.0554236320282695     
  -1.6742352696363298      ,  -1.5719619618454443      ,  -1.1216208443547895     
  -1.7613101803001343      ,  -1.6518923291820697      ,  -1.1903249890188543     
  -1.8372703503229901      ,  -1.7281166388091584      ,  -1.2610001085055818     
  -1.9130987938191311      ,  -1.7983807511966154      ,  -1.3329337815139992     
  -1.9724310240696232      ,  -1.8601274883067285      ,  -1.4052189689836077     
  -2.0245298212912726      ,  -1.9105669316404634      ,  -1.4767430611370855     
  -2.0577455197993464      ,  -1.9467938643396794      ,  -1.5461881616983577     
  -2.0778603305792056      ,  -1.9659562972366709      ,  -1.6120469374818855     
  -2.0749694103129102      ,  -1.9654717519920386      ,  -1.6726580056065574     
  -2.0515420980554251      ,  -1.9432777608327523      ,  -1.7262635486630262     
  -2.0008682064868899      ,  -1.8980912374186156      ,  -1.7710894706649931     
  -1.9239165004939915      ,  -1.8296406962393050      ,  -1.8054450031124267     
  -1.8195276432007057      ,  -1.7388294866500131      ,  -1.8278346624583925     
  -1.6906676341031719      ,  -1.6277909378168240      ,  -1.8370716452890137     
  -1.5412143993433063      ,  -1.4998095542228083      ,  -1.8323791687938058     
  -1.3764438654893685      ,  -1.3591048903602743      ,  -1.8134659116009328     
  -1.2043988553401050      ,  -1.2105014823689850      ,  -1.7805641330966038     
  -1.0310229076212825      ,  -1.0590317642324893      ,  -1.7344240464755345     
 -0.86580468603988059      , -0.90953204853726333      ,  -1.6762645840380972     
 -0.71309140913090807      , -0.76629045839720311      ,  -1.6076872838821734     
 -0.57946737195586251      , -0.63279111119684861      ,  -1.5305650890616394     
 -0.46421923147314170      , -0.51157614327258938      ,  -1.4469203331926654     
 -0.36863041914835309      , -0.40422348056081997      ,  -1.3588058440310067     
 -0.28827368879782600      , -0.31141976406450217      ,  -1.2682004526181798     
 -0.22241150536481136      , -0.23309778801163680      ,  -1.1769262441082506     
 -0.16760731099765555      , -0.16860623877588951      ,  -1.0865906987991416     
 -0.12383307779010053      , -0.11688420726929609      , -0.99855328422125944     
  -8.9219817880378499E-002 ,  -7.6620826960369842E-002 , -0.91391352682143312     
  -6.4078390952901923E-002 ,  -4.6388750188870759E-002 , -0.83351620498294843     
  -4.7006773513567371E-002 ,  -2.4747247274474339E-002 , -0.75796889974055193     
  -3.7668215721481234E-002 ,  -1.0315729998428632E-002 , -0.68766743138630215     
  -3.4292487694452894E-002 ,  -1.8214478280048640E-003 , -0.62282540323619306     
  -3.5537361287873090E-002 ,   1.8736213420180853E-003 , -0.56350492439458066     
  -3.9428091248389946E-002 ,   1.7615356216361129E-003 , -0.50964642339749555     
  -4.4630174589736948E-002 ,  -1.3118115952818158E-003 , -0.46109619835676158     
  -5.0289733324865943E-002 ,  -6.6396574477651698E-003 , -0.41763093670120399     
  -5.6148866731195998E-002 ,  -1.3643028666461270E-002 , -0.37897887546563841     
  -6.2760057584139078E-002 ,  -2.1857230537399887E-002 , -0.34483757807297111     
  -7.0347429968728364E-002 ,  -3.0917647516997382E-002 , -0.31488850072089442     
  -7.9580754823273897E-002 ,  -4.0545828998756465E-002 , -0.28880863680281205     
  -9.0076527200254719E-002 ,  -5.0536458215814865E-002 , -0.26627958437632082     
 -0.10209495766318888      ,  -6.0745535952676205E-002 , -0.24699439830948178     
 -0.11479765364209821      ,  -7.1079928829461902E-002 , -0.23066257968419340     
 -0.12840189923725787      ,  -8.1488312368645233E-002 , -0.21701353068754367     
 -0.14201298703152415      ,  -9.1953464011745173E-002 , -0.20579877078846398     
 -0.15571600601012181      , -0.10248581711414667      , -0.19679317430099824     
 -0.16849066866647819      , -0.11311816375377477      , -0.18979545356896593     
 -0.18036442349227666      , -0.12390138486828309      , -0.18462807785078555     
 -0.19066697640909633      , -0.13490108585741281      , -0.18113678659492613     
 -0.19986774757646131      , -0.14619502096295234      , -0.17918982768631697     
 -0.20808209932110464      , -0.15787119815256992      , -0.17867702656820605     
 -0.21619667390024694      , -0.17002656630521587      , -0.17950877083502106     
 -0.22473119669836536      , -0.18276619714175962      , -0.18161497674609636     
 -0.23436068521924847      , -0.19620288481528092      , -0.18494408884528565     
 -0.24547540273512430      , -0.21045709584136973      , -0.18946215116338330     
 -0.25820718278654053      , -0.22565721072115474      , -0.19515197798646983     
 -0.27280311528534218      , -0.24194000588268194      , -0.20201244354666020     
 -0.28902332349476312      , -0.25945133017162558      , -0.21005790288735099     
 -0.30711621239623899      , -0.27834693379168085      , -0.21931775023200070     
 -0.32664363361384813      , -0.29879340902458551      , -0.22983611610438576     
 -0.34796540432085327      , -0.32096920087564484      , -0.24167169986552495     
 -0.37070795679242569      , -0.34506564151254326      , -0.25489772989084503     
 -0.39559927716706378      , -0.37128795436713680      , -0.26960203892761031     
 -0.42268141648111990      , -0.39985616123761175      , -0.28588723682235340     
 -0.45307680081150259      , -0.43100580761439661      , -0.30387095630563832     
 -0.48706596336621955      , -0.46498839643186035      , -0.32368613929883611     
 -0.52561473388068891      , -0.50207138687697239      , -0.34548132058916198     
 -0.56870965799666495      , -0.54253757078717313      , -0.36942085189663620     
 -0.61669464056225864      , -0.58668358224765382      , -0.39568499136519159     
 -0.66920933168813046      , -0.63481722373640304      , -0.42446976021377292     
 -0.72615640389365887      , -0.68725320205339335      , -0.45598643837758396     
 -0.78723662463776090      , -0.74430675725310036      , -0.49046053302116105     
 -0.85231253583995659      , -0.80628453708180048      , -0.52813000635325302     
 -0.92147980926924244      , -0.87347191981658512      , -0.56924249093951840     
 -0.99477606338763180      , -0.94611582648685610      , -0.61405115097201413     
  -1.0727655873865085      ,  -1.0244019038421510      , -0.66280876718600912     
  -1.1556175334397552      ,  -1.1084248294944457      , -0.71575953398672687     
  -1.2440004156162554      ,  -1.1981504370039850      , -0.77312796625371349     
  -1.3376439413392032      ,  -1.2933684551491871      , -0.83510423251032928     
  -1.4364669691153777      ,  -1.3936350120537007      , -0.90182518174023896     
  -1.5390856333892280      ,  -1.4982048238685792      , -0.97335034643113805     
  -1.6442584574660191      ,  -1.6059543643073384      ,  -1.0496323335922244     
  -1.7496809902488664      ,  -1.7152995155211928      ,  -1.1304813258783022     
  -1.8534170916647832      ,  -1.8241144286973070      ,  -1.2155239907546520     
  -1.9528346611352529      ,  -1.9296626473165661      ,  -1.3041580287422825     
  -2.0455209667361625      ,  -2.0285567510694142      ,  -1.3955049591156097     
  -2.1282861261340429      ,  -2.1167681279727408      ,  -1.4883655626288721     
  -2.1975784760311239      ,  -2.1897124730225968      ,  -1.5811845732323351     
  -2.2489012865050340      ,  -2.2424368401855683      ,  -1.6720334281675850     
  -2.2772083383106616      ,  -2.2699274515027903      ,  -1.7586215675428791     
  -2.2771228365261660      ,  -2.2675410704442771      ,  -1.8383470568267553     
  -2.2436938397363311      ,  -2.2315354793862863      ,  -1.9083951718011813     
  -2.1733086396543522      ,  -2.1596393728573404      ,  -1.9658881976733313     
  -2.0645172863504984      ,  -2.0515673608482117      ,  -2.0080809159886481     
  -1.9187740924292231      ,  -1.9093654042820782      ,  -2.0325851947350984     
  -1.7403972131377676      ,  -1.7374802521795818      ,  -2.0375963442642169     
  -1.5363272603200624      ,  -1.5424908645419049      ,  -2.0220870557072868     
  -1.3153066943738527      ,  -1.3325138890316865      ,  -1.9859351503616736     
  -1.0874373135783508      ,  -1.1163770895205816      ,  -1.9299604824015189     
 -0.86334363695605654      , -0.90271463970216792      ,  -1.8558625427495614     
 -0.65336164215939907      , -0.69915333805288005      ,  -1.7660691607004873     
 -0.46588253959312514      , -0.51172455627362157      ,  -1.6635226118661581     
 -0.30566352022198623      , -0.34456902251457822      ,  -1.5514380456062040     
 -0.17261922316778805      , -0.19992742058226354      ,  -1.4330689555593126     
  -6.3002549115445616E-002 ,  -7.8353635495356427E-002 ,  -1.3115070018535810     
   2.7836723106983933E-002 ,   2.0938678205007655E-002 ,  -1.1895322925370455     
  0.10298702206866131      ,   9.9683331970804839E-002 ,  -1.0695188846258392     
  0.16355430952785160      ,  0.16018938887226788      , -0.95339135265482711     
  0.20972214663244154      ,  0.20502955102225520      , -0.84262287340932207     
  0.24180851607142304      ,  0.23680505324691808      , -0.73826321303702513     
  0.26060653870649519      ,  0.25798571518553559      , -0.64098540203572851     
  0.26756783818880814      ,  0.27081406721431378      , -0.55114169936627055     
  0.26504069183947304      ,  0.27725876812910116      , -0.46882179683512121     
  0.25604650497063619      ,  0.27900274777112255      , -0.39390850780487019     
  0.24386524240365365      ,  0.27745373025931797      , -0.32612810965688144     
  0.23152902425055433      ,  0.27376767687771925      , -0.26509396378805872     
  0.22122293343224009      ,  0.26887844999022875      , -0.21034304104239709     
  0.21371529222011143      ,  0.26352928555378896      , -0.16136561312245876     
  0.20855193366579222      ,  0.25830338361003830      , -0.11762872548202521     
  0.20467791074391767      ,  0.25365213339961845      ,  -7.8594230329419618E-002
  0.20119002887658644      ,  0.24992028571985089      ,  -4.3732198406493103E-002
  0.19778928287313111      ,  0.24736787928073103      ,  -1.2530495478973122E-002
  0.19492830997132707      ,  0.24618901419420672      ,   1.5498761649762946E-002
  0.19334756375296286      ,  0.24652771658972086      ,   4.0815242249198726E-002
  0.19361295039968351      ,  0.24849120507191619      ,   6.3848395057936713E-002
  0.19597953612269842      ,  0.25216088680275600      ,   8.4996947291091016E-002
  0.20064859191467227      ,  0.25760140041147883      ,  0.10462953672164868     
  0.20794992729726952      ,  0.26486799812752337      ,  0.12308617297080882     
  0.21836698889851444      ,  0.27401252828755540      ,  0.14068028317307485     
  0.23231012144769728      ,  0.28508824596383264      ,  0.15770114704959190     
  0.24985474050263781      ,  0.29815364605313538      ,  0.17441656789863064     
  0.27063714906227410      ,  0.31327548066923111      ,  0.19107565995241765     
  0.29395543718906814      ,  0.33053109129916319      ,  0.20791165978693618     
  0.31907304956695631      ,  0.35001015569947541      ,  0.22514469075587282     
  0.34551655868071107      ,  0.37181591944846470      ,  0.24298442539145085     
  0.37325472269543442      ,  0.39606595177792658      ,  0.26163260189036275     
  0.40259901054799124      ,  0.42289243397840254      ,  0.28128535757025835     
  0.43408660431700202      ,  0.45244195537173576      ,  0.30213534479742682     
  0.46830691671275376      ,  0.48487475552864823      ,  0.32437359347328226     
  0.50585248942998351      ,  0.52036331095555033      ,  0.34819107871969512     
  0.54725606893144441      ,  0.55909011875466963      ,  0.37377994279216353     
  0.59300810366241563      ,  0.60124447776365575      ,  0.40133430624077332     
  0.64341880296297604      ,  0.64701800872700355      ,  0.43105058462564538     
  0.69852373720642991      ,  0.69659858914627970      ,  0.46312720335904639     
  0.75801766742800314      ,  0.75016230682968776      ,  0.49776357426593426     
  0.82135973293502007      ,  0.80786296208517894      ,  0.53515816326300703     
  0.88794915329244439      ,  0.86981857845954313      ,  0.57550543970562862     
  0.95737135104465854      ,  0.93609432723212493      ,  0.61899145589766924     
   1.0295583066895866      ,   1.0066812497723858      ,  0.66578776291098896     
   1.1047970748218185      ,   1.0814702020791576      ,  0.71604333133576936     
   1.1835931538238491      ,   1.1602205871984252      ,  0.76987412117325282     
   1.2663863753042843      ,   1.2425237379106899      ,  0.82734994640491488     
   1.3532494302315399      ,   1.3277613327337383      ,  0.88847832494687062     
   1.4436130552746149      ,   1.4150600519922343      ,  0.95318511823163443     
   1.5362039954256721      ,   1.5032448850857092      ,   1.0212919774044968     
   1.6291142979310627      ,   1.5907951368249806      ,   1.0924909602993793     
   1.7200414879029056      ,   1.6758092336481305      ,   1.1663171991790231     
   1.8064782062769971      ,   1.7559867539213359      ,   1.2421212063624751     
   1.8858747503949731      ,   1.8286383484215454      ,   1.3190432973004009     
   1.9556440656824048      ,   1.8907357477549998      ,   1.3959936298273332     
   2.0131106851882192      ,   1.9390139414672936      ,   1.4716423658616045     
   2.0553732959232556      ,   1.9701347168167749      ,   1.5444252179966029     
   2.0792440486462471      ,   1.9809139931688384      ,   1.6125698074137198     
   2.0813006670899408      ,   1.9686042965658759      ,   1.6741474332865141     
   2.0581736851554142      ,   1.9312090665239734      ,   1.7271526879999526     
   2.0070496764829859      ,   1.8677898948641325      ,   1.7696097139064220     
   1.9263147527607098      ,   1.7787157727778797      ,   1.7996990584772179     
   1.8161268390790615      ,   1.6658004180897077      ,   1.8158938485468463     
   1.6787388882864864      ,   1.5322841264031259      ,   1.8170896522382194     
   1.5184983784407589      ,   1.3826410816817760      ,   1.8027103842661085     
   1.3415902862183011      ,   1.2222271300857113      ,   1.7727740487535097     
   1.1556418954517107      ,   1.0568173954948450      ,   1.7279072363722550     
  0.96918171188775915      ,  0.89210699497372936      ,   1.6693051785598141     
  0.79082881728867671      ,  0.73325371885859658      ,   1.5986429288824242     
  0.62809010858277914      ,  0.58452759738698601      ,   1.5179506812892458     
  0.48597891053977205      ,  0.44910440619877645      ,   1.4294706036630744     
  0.36609872159687940      ,  0.32900804302432490      ,   1.3355131575457599     
  0.26693837546804505      ,  0.22517975761350253      ,   1.2383281301111788     
  0.18532099005330438      ,  0.13763619500143201      ,   1.1400007631493552     
  0.11805157421405205      ,   6.5674125912785541E-002 ,   1.0423779110055031     
   6.2789031783898608E-002 ,   8.0849226673441309E-003 ,  0.94702432864755492     
   1.8050108486421586E-002 ,  -3.6647959318350160E-002 ,  0.85520570116662220     
  -1.7096139925545196E-002 ,  -7.0183985503209742E-002 ,  0.76789306686827385     
  -4.3254767217580856E-002 ,  -9.4198889559875751E-002 ,  0.68578266487044659     
  -6.0986122997820150E-002 , -0.11029539148430681      ,  0.60932557376670549     
  -7.1201561775692881E-002 , -0.11994634888404937      ,  0.53876239312829344     
  -7.5418411221647552E-002 , -0.12446374781749646      ,  0.47415931772987213     
  -7.5695959170319044E-002 , -0.12498684092459350      ,  0.41544303521539272     
  -7.4267375766248561E-002 , -0.12248351306069007      ,  0.36243281295299978     
  -7.2957544561388241E-002 , -0.11776008759970902      ,  0.31486887817539688     
  -7.2674288963626446E-002 , -0.11147595722127562      ,  0.27243673610220331     
  -7.3322778745699244E-002 , -0.10416046098667439      ,  0.23478743889501760     
  -7.4157791525530231E-002 ,  -9.6230268745729916E-002 ,  0.20155404923322520     
  -7.4298263906377435E-002 ,  -8.8006169680094323E-002 ,  0.17236467135236386     
  -7.3140587891167577E-002 ,  -7.9728619465646910E-002 ,  0.14685248014890553     
  -7.0513943490018993E-002 ,  -7.1571715908854167E-002 ,  0.12466318963701144     
  -6.6543181945230789E-002 ,  -6.3655481380319207E-002 ,  0.10546038361411331     
  -6.1416858086347767E-002 ,  -5.6056462123818873E-002 ,   8.8929096525659293E-002
  -5.5307716039822347E-002 ,  -4.8816733180471229E-002 ,   7.4777989758615271E-002
  -4.8479064596386567E-002 ,  -4.1951440676735785E-002 ,   6.2740423449201291E-002
  -4.1406634903911985E-002 ,  -3.5455032936478358E-002 ,   5.2574679744355923E-002
  -3.4764515333636732E-002 ,  -2.9306336777311121E-002 ,   4.4063552248866676E-002
  -2.9235040962114704E-002 ,  -2.3472631137315080E-002 ,   3.7013479116549064E-002
  -2.5252312464392114E-002 ,  -1.7912860613176592E-002 ,   3.1253364298961861E-002
  -2.2834292889440024E-002 ,  -1.2580119031930273E-002 ,   2.6633202873642056E-002
  -2.1584841896070385E-002 ,  -7.4235194168164684E-003 ,   2.3022601941961349E-002
  -2.0846602424653894E-002 ,  -2.3895526643297050E-003 ,   2.0309267999732566E-002
  -1.9925933133428542E-002 ,   2.5769764294678002E-003 ,   1.8397514567913990E-002
  -1.8277533534822178E-002 ,   7.5323600723385788E-003 ,   1.7206829832404586E-002
  -1.5577300215349976E-002 ,   1.2533681512562971E-002 ,   1.6670532691262046E-002
  -1.1702394242126064E-002 ,   1.7638739228033853E-002 ,   1.6734536573687991E-002
  -6.6798542893703712E-003 ,   2.2906157954650883E-002 ,   1.7356233333978746E-002
  -6.5729971792680445E-004 ,   2.8395651775810059E-002 ,   1.8503504123173291E-002
   6.0934584386564379E-003 ,   3.4168411947193139E-002 ,   2.0153860122593532E-002
   1.3181380600693599E-002 ,   4.0287598573695890E-002 ,   2.2293713141477826E-002
   2.0178184460404328E-002 ,   4.6818920772964574E-002 ,   2.4917774122068557E-002
   2.6774622595615957E-002 ,   5.3831294641373525E-002 ,   2.8028576376258642E-002
   3.2945280740861310E-002 ,   6.1397572269541886E-002 ,   3.1636119741692989E-002
   3.9030874319964028E-002 ,   6.9595338313741359E-002 ,   3.5757631659391192E-002
   4.5680560147552937E-002 ,   7.8507773281989768E-002 ,   4.0417441327286856E-002
   5.3659611758103472E-002 ,   8.8224584786854909E-002 ,   4.5646963479192816E-002
   6.3618475265583674E-002 ,   9.8843009576148722E-002 ,   5.1484788894276025E-002
   7.5929358982949363E-002 ,  0.11046889017470396      ,   5.7976879384914290E-002
   9.0640443881462029E-002 ,  0.12321783041693192      ,   6.5176865672310277E-002
  0.10752768082810073      ,  0.13721643393795990      ,   7.3146447170941875E-002
  0.12619966901483759      ,  0.15260362868110805      ,   8.1955893190802181E-002
  0.14621440037310973      ,  0.16953207845828508      ,   9.1684645344361937E-002
  0.16718788623122291      ,  0.18816967925929715      ,  0.10242202090719046     
  0.18889528244646256      ,  0.20870113291326453      ,  0.11426801639108988     
  0.21136612375131417      ,  0.23132958326445305      ,  0.12733420946757795     
  0.23496306557391877      ,  0.25627828942655712      ,  0.14174475538966241     
  0.26039900439637581      ,  0.28379229583655963      ,  0.15763747088302618     
  0.28864854745567786      ,  0.31414003829503662      ,  0.17516499368889293     
  0.32075098636749189      ,  0.34761479704822135      ,  0.19449599897351566     
  0.35757272013641045      ,  0.38453586975492132      ,  0.21581644392278115     
  0.39961628300290747      ,  0.42524928569696840      ,  0.23933079802753432     
  0.44695355968941641      ,  0.47012781380497676      ,  0.26526319755009375     
  0.49930531922454180      ,  0.51956992601299135      ,  0.29385843679191381     
  0.55623451973830063      ,  0.57399725820589576      ,  0.32538267396696935     
  0.61736976823048528      ,  0.63384995688781476      ,  0.36012368314484444     
  0.68258440412697119      ,  0.69957910375106158      ,  0.39839042277848546     
  0.75209483272800115      ,  0.77163516659707754      ,  0.44051161226904401     
  0.82648610587839844      ,  0.85045113084173762      ,  0.48683290717601213     
  0.90666775179699444      ,  0.93641862573563228      ,  0.53771213779833738     
  0.99373128052062820      ,   1.0298549921469877      ,  0.59351192318830193     
   1.0886813751955398      ,   1.1309588877514196      ,  0.65458879492291688     
   1.1920780880756126      ,   1.2397517747754763      ,  0.72127777049431474     
   1.3037111402662140      ,   1.3560026313389530      ,  0.79387112490455902     
   1.4224461473949286      ,   1.4791337050455708      ,  0.87258995955215146     
   1.5463211707704305      ,   1.6081064368808913      ,  0.95754712642466444     
   1.6728435029328428      ,   1.7412893019177593      ,   1.0487002384026967     
   1.7993321252330381      ,   1.8763138155898438      ,   1.1457940364240928     
   1.9231187567517616      ,   2.0099318942507094      ,   1.2482924930836636     
   2.0414956963033606      ,   2.1378973961878445      ,   1.3553029398616954     
   2.1514072557749420      ,   2.2549064777318151      ,   1.4654974099608737     
   2.2489912758099031      ,   2.3546433513064033      ,   1.5770403371301229     
   2.3291586625652285      ,   2.4299858367995242      ,   1.6875364451886767     
   2.3854578485173943      ,   2.4734218891438644      ,   1.7940172231606923     
   2.4104333461782961      ,   2.4777056673536721      ,   1.8929871604190438     
   2.3965431870227238      ,   2.4367331707699966      ,   1.9805495722426576     
   2.3375078526495257      ,   2.3465443731214122      ,   2.0526239233744605     
   2.2297952619112604      ,   2.2062768910334571      ,   2.1052507294668348     
   2.0737847863358412      ,   2.0188375363135775      ,   2.1349578202379615     
   1.8740822739298406      ,   1.7910618331619277      ,   2.1391383069182974     
   1.6387842747580823      ,   1.5332228917328097      ,   2.1163745456471621     
   1.3782356664704218      ,   1.2579174386146803      ,   2.0666422782241312     
   1.1041471814163453      ,  0.97854134297999718      ,   1.9913488137310020     
  0.82923479937850353      ,  0.70769136313762082      ,   1.8931943560315410     
  0.56678322707439421      ,  0.45583824664640421      ,   1.7758848688803412     
  0.32948263789112259      ,  0.23050927023430751      ,   1.6437546594339536     
  0.12674239425266876      ,   3.6050505143438528E-002 ,   1.5013681551015559     
  -3.8973279552701266E-002 , -0.12611607209068093      ,   1.3531623917873992     
 -0.17280475557366010      , -0.25691646736808738      ,   1.2031709132144586     
 -0.28302542849157142      , -0.35892099368569275      ,   1.0548452921163320     
 -0.37555819033751470      , -0.43566570606659138      ,  0.91096991287466522     
 -0.45192631348926665      , -0.49109073009665027      ,  0.77365276665340721     
 -0.51118327880863168      , -0.52913030916021508      ,  0.64436993400604248     
 -0.55279596342989579      , -0.55344944453988010      ,  0.52404215255857545     
 -0.57738207424802246      , -0.56730092427670731      ,  0.41312580382037600     
 -0.58669729013036309      , -0.57347008422848955      ,  0.31170564749703555     
 -0.58430414997673785      , -0.57427697668179878      ,  0.21958131569322537     
 -0.57512761041975746      , -0.57161183544461391      ,  0.13634331255018414     
 -0.56406413480853668      , -0.56698665329823184      ,   6.1436906494710515E-002
 -0.55540915479055009      , -0.56159171937918373      ,  -5.7860203865394491E-003
 -0.55225761373482707      , -0.55635054902165548      ,  -6.6026161440253139E-002
 -0.55539553414742127      , -0.55196980285759600      , -0.12000557659049557     
 -0.56340879193548643      , -0.54898280315761561      , -0.16844453580434451     
 -0.57410857259312698      , -0.54778643087851842      , -0.21204493240616626     
 -0.58567155644060298      , -0.54867180518917957      , -0.25147893945101157     
 -0.59730120109063434      , -0.55184942003972071      , -0.28738176978518815     
 -0.60955940720366386      , -0.55746948611134617      , -0.32034758760914694     
 -0.62363835990547412      , -0.56563819546380900      , -0.35092779030212551     
 -0.64009551647273688      , -0.57643054706452279      , -0.37963102752785310     
 -0.65857366884813073      , -0.58990027587016369      , -0.40692444907360542     
 -0.67842531888083446      , -0.60608733244994850      , -0.43323577496980942     
 -0.69931363905936306      , -0.62502327145361625      , -0.45895586375767139     
 -0.72150483244720232      , -0.64673482781757508      , -0.48444152011735980     
 -0.74566832126093441      , -0.67124588940194041      , -0.51001833407320762     
 -0.77236392265176801      , -0.69857801281065290      , -0.53598338297267722     
 -0.80172886888400940      , -0.72874957445346822      , -0.56260765637729260     
 -0.83348246548045835      , -0.76177360083665890      , -0.59013808461061679     
 -0.86717583547831278      , -0.79765428065106081      , -0.61879906548882424     
 -0.90259531204288812      , -0.83638212735544426      , -0.64879339212775489     
 -0.93995794285903145      , -0.87792773658273071      , -0.68030248910997815     
 -0.97974469113920792      , -0.92223407105529098      , -0.71348586628439714     
  -1.0224648706358079      , -0.96920721151846778      , -0.74847970091958682     
  -1.0684824266235420      ,  -1.0187055419305131      , -0.78539446213172392     
  -1.1178068767304867      ,  -1.0705273990196120      , -0.82431149933192061     
  -1.1700541053416755      ,  -1.1243973202013882      , -0.86527853247538133     
  -1.2246329620031577      ,  -1.1799511806106666      , -0.90830401053099619     
  -1.2808434539249673      ,  -1.2367207301277516      , -0.95335035097060483     
  -1.3378560668380852      ,  -1.2941183324021865      ,  -1.0003261428697443     
  -1.3947179532745562      ,  -1.3514230708375985      ,  -1.0490774950421622     
  -1.4503408108031928      ,  -1.4077698097463391      ,  -1.0993788430539364     
  -1.5034934098145532      ,  -1.4621432513207209      ,  -1.1509236968342043     
  -1.5528975103739611      ,  -1.5133794522476787      ,  -1.2033160107705185     
  -1.5973290163646841      ,  -1.5601775654106953      ,  -1.2560630796131806     
  -1.6356003159865453      ,  -1.6011246243680743      ,  -1.3085710842048905     
  -1.6664502764645897      ,  -1.6347358360637099      ,  -1.3601445955361895     
  -1.6884397979488761      ,  -1.6595119318158782      ,  -1.4099914444430315     
  -1.6999477962863290      ,  -1.6740135290221811      ,  -1.4572343171030444     
  -1.6993359744007719      ,  -1.6769501584963395      ,  -1.5009301808173732     
  -1.6852209742223652      ,  -1.6672787674971616      ,  -1.5400981306903612     
  -1.6567375168420706      ,  -1.6443034919369328      ,  -1.5737554593945751     
  -1.6137031731149702      ,  -1.6077659040101648      ,  -1.6009607280829263     
  -1.5566381523352411      ,  -1.5579135285661139      ,  -1.6208614663653091     
  -1.4866872989045783      ,  -1.4955348932514001      ,  -1.6327430334951276     
  -1.4055434965849101      ,  -1.4219521617279289      ,  -1.6360743587605571     
  -1.3153915189507062      ,  -1.3389674036710908      ,  -1.6305459717501778     
  -1.2188406219946031      ,  -1.2487650483012311      ,  -1.6160960912620492     
  -1.1188182593200338      ,  -1.1537797725597216      ,  -1.5929215969596866     
  -1.0183867837196878      ,  -1.0565444878607058      ,  -1.5614723340519292     
 -0.92047628169900442      , -0.95953593668434656      ,  -1.5224291288345679     
 -0.82759711187471374      , -0.86503506073693992      ,  -1.4766677720079291     
 -0.74161563458274660      , -0.77501596540308193      ,  -1.4252127180413876     
 -0.66365057537706784      , -0.69107193118611820      ,  -1.3691851115140485     
 -0.59412277431781757      , -0.61438085835291323      ,  -1.3097498964083438     
 -0.53293327422140024      , -0.54570708471447615      ,  -1.2480662595137457     
 -0.47968649390235479      , -0.48543260907053182      ,  -1.1852446890097597     
 -0.43387882006994161      , -0.43360875900124374      ,  -1.1223127313895014     
 -0.39501602082437492      , -0.39001913247825576      ,  -1.0601903307828902     
 -0.36265451160324103      , -0.35424575937535829      , -0.99967460534226515     
 -0.33638828566862317      , -0.32573229227028422      , -0.94143315192369736     
 -0.31581195381721738      , -0.30384011645547843      , -0.88600449845689855     
 -0.30048482873441817      , -0.28789518263124692      , -0.83380411625177198     
 -0.28991577840489113      , -0.27722489743748402      , -0.78513440532441636     
 -0.28358052573851183      , -0.27118548665555725      , -0.74019720831002611     
 -0.28096565367152115      , -0.26918090226847574      , -0.69910763092864081     
 -0.28162227876837309      , -0.27067465841662991      , -0.66190819981108051     
 -0.28520777643791151      , -0.27519604925744096      , -0.62858263694646577     
 -0.29149654126055935      , -0.28234211350831079      , -0.59906875283833150     
 -0.30035537550231772      , -0.29177653783712260      , -0.57327014725614533     
 -0.31169816470374972      , -0.30322648557970211      , -0.55106655451075470     
 -0.32544073817038005      , -0.31647813139018632      , -0.53232278152552437     
 -0.34147102942922658      , -0.33137149483996187      , -0.51689626622335638     
 -0.35964005989592962      , -0.34779500501769461      , -0.50464333648177084     
 -0.37976779848211278      , -0.36568009573819377      , -0.49542428169247349     
 -0.40165411034426740      , -0.38499602525408183      , -0.48910736481874190     
 -0.42509124359482497      , -0.40574503181382809      , -0.48557190700941305     
 -0.44988011199909744      , -0.42795787285999853      , -0.48471057270616202     
 -0.47585170173862928      , -0.45168974702394493      , -0.48643097339798735     
 -0.50289233602067940      , -0.47701656066061776      , -0.49065669468592232     
 -0.53096647263553975      , -0.50403147131716031      , -0.49732783551610799     
 -0.56012826256982473      , -0.53284161661660823      , -0.50640113126787600     
 -0.59051651932332816      , -0.56356491644376672      , -0.51784971444532857     
 -0.62233474776700692      , -0.59632681739133375      , -0.53166254835454352     
 -0.65582203034170816      , -0.63125682995497168      , -0.54784355050508726     
 -0.69122295635837527      , -0.66848469021474177      , -0.56641040358499717     
 -0.72876360443523558      , -0.70813595849571220      , -0.58739303269851206     
 -0.76863630092641999      , -0.75032684820996909      , -0.61083170811569854     
 -0.81099179507621766      , -0.79515806005460743      , -0.63677471314776146     
 -0.85593616449324972      , -0.84270738243510879      , -0.66527549721122536     
 -0.90352936506607162      , -0.89302081239096343      , -0.69638921528000819     
 -0.95378324925347280      , -0.94610195840523448      , -0.73016853783086644     
  -1.0066579969620499      ,  -1.0018995157737431      , -0.76665860183091661     
  -1.0620548852253793      ,  -1.0602926681694629      , -0.80589096597885568     
  -1.1198024071802910      ,  -1.1210743804092265      , -0.84787643615008990     
  -1.1796335478006172      ,  -1.1839327250420781      , -0.89259664507869874     
  -1.2411548679489102      ,  -1.2484306490633519      , -0.93999431056875693     
  -1.3038117898886028      ,  -1.3139849560736494      , -0.98996216730446873     
  -1.3668582489108312      ,  -1.3798457674096958      ,  -1.0423306780223585     
  -1.4293386221948061      ,  -1.4450783338110693      ,  -1.0968547897873986     
  -1.4900860917466714      ,  -1.5085497731547308      ,  -1.1532002176860552     
  -1.5477363606099923      ,  -1.5689240468697017      ,  -1.2109300134128256     
  -1.6007523028463713      ,  -1.6246691407812124      ,  -1.2694925020919510     
  -1.6474549674529124      ,  -1.6740808026929315      ,  -1.3282120238056812     
  -1.6860605201317809      ,  -1.7153270618634235      ,  -1.3862842519564700     
  -1.7147280100136604      ,  -1.7465168280709595      ,  -1.4427781088534570     
  -1.7316265891655691      ,  -1.7657938748848623      ,  -1.4966463657802502     
  -1.7350308715971583      ,  -1.7714543110066963      ,  -1.5467467920685003     
  -1.7234485206837229      ,  -1.7620813487078815      ,  -1.5918751048897211     
  -1.6957750722993516      ,  -1.7366862849086970      ,  -1.6308099101921392     
  -1.6514600256209016      ,  -1.6948400507549732      ,  -1.6623683407229719     
  -1.5906588965915285      ,  -1.6367767362150747      ,  -1.6854693344275800     
  -1.5143419028290945      ,  -1.5634504866980163      ,  -1.6991997322826975     
  -1.4243333268015850      ,  -1.4765310201841704      ,  -1.7028769857454698     
  -1.3232641403177350      ,  -1.3783307488594123      ,  -1.6961016460448777     
  -1.2144298390953281      ,  -1.2716669436537500      ,  -1.6787932562460715     
  -1.1015538447669195      ,  -1.1596733249467557      ,  -1.6512048610538417     
 -0.98846872864028634      ,  -1.0455842051320325      ,  -1.6139138845134358     
 -0.87874890124174576      , -0.93251858183882830      ,  -1.5677901395865363     
 -0.77535813255558494      , -0.82329035218042435      ,  -1.5139446234270537     
 -0.68039720489023336      , -0.72026464386512257      ,  -1.4536649478973556     
 -0.59502615662820535      , -0.62527101860698397      ,  -1.3883443792293637     
 -0.51957934254056304      , -0.53957446906770634      ,  -1.3194114175192606     
 -0.45381416509531081      , -0.46389691918436793      ,  -1.2482658107355322     
 -0.39718758883410743      , -0.39847670576091254      ,  -1.1762252245048130     
 -0.34906997587815392      , -0.34315158107041943      ,  -1.1044848893203174     
 -0.30886123704563562      , -0.29745160266351045      ,  -1.0340907775608119     
 -0.27602133517324262      , -0.26069089022894731      , -0.96592546022966486     
 -0.25004342310155636      , -0.23205059843253328      , -0.90070485909712150     
 -0.23039873594518628      , -0.21064875873199193      , -0.83898363355433903     
 -0.21648510020456749      , -0.19559537939723376      , -0.78116684156170324     
 -0.20761051816585546      , -0.18603315816078411      , -0.72752567936784129     
 -0.20302905893793477      , -0.18116536963129981      , -0.67821542530855661     
 -0.20202096268249087      , -0.18027307394903186      , -0.63329409850843954     
 -0.20398462410526064      , -0.18272393010137675      , -0.59274072934587274     
 -0.20849854570295931      , -0.18797475401396574      , -0.55647248585787767     
 -0.21532514625441632      , -0.19556967171577358      , -0.52436018980393284     
 -0.22435877632049769      , -0.20513537557731906      , -0.49624198298935779     
 -0.23554721476390689      , -0.21637465526718860      , -0.47193507244194055     
 -0.24882322792704384      , -0.22905907577723930      , -0.45124560031800964     
 -0.26406965264764376      , -0.24302142513539784      , -0.43397676066707219     
 -0.28111851088209328      , -0.25814835544495218      , -0.41993532984433485     
 -0.29976733719073512      , -0.27437348785925458      , -0.40893679872533489     
 -0.31979531611841505      , -0.29167113772052305      , -0.40080929976955437     
 -0.34097489073114379      , -0.31005073261561378      , -0.39539651574186374     
 -0.36308656836337677      , -0.32955193639568431      , -0.39255974355020584     
 -0.38594492930949026      , -0.35024045017466282      , -0.39217926911047751     
 -0.40943406897108509      , -0.37220443197803904      , -0.39415518944159794     
 -0.43354052473268412      , -0.39555145607950276      , -0.39840779768278439     
 -0.45836925162758935      , -0.42040591799337096      , -0.40487762625429907     
 -0.48413461581651818      , -0.44690677909479126      , -0.41352522341094500     
 -0.51112909821355146      , -0.47520553392195697      , -0.42433071913709575     
 -0.53968142510472350      , -0.50546427174952702      , -0.43729321766365337     
 -0.57011859386234942      , -0.53785369066681721      , -0.45243003565478301     
 -0.60274162432396650      , -0.57255090604011283      , -0.46977578700513067     
 -0.63781639571202420      , -0.60973687501055940      , -0.48938129681772835     
 -0.67557437547213040      , -0.64959323398722135      , -0.51131230806695893     
 -0.71621681015931837      , -0.69229831675282183      , -0.53564792425562802     
 -0.75991896618216059      , -0.73802208723464602      , -0.56247870966875946     
 -0.80683439578235205      , -0.78691968457225403      , -0.59190434535887448     
 -0.85709940075040714      , -0.83912324162272045      , -0.62403071376360286     
 -0.91083466613862996      , -0.89473160635231996      , -0.65896625826376010     
 -0.96813758795806293      , -0.95379757650101715      , -0.69681743709137578     
  -1.0290589532169065      ,  -1.0163122633497086      , -0.73768306581018306     
  -1.0935628328172156      ,  -1.0821862475180342      , -0.78164732251353786     
  -1.1614766468003637      ,  -1.1512273020640964      , -0.82877118020333218     
  -1.2324442906351498      ,  -1.2231146665016239      , -0.87908203927150175     
  -1.3058946528172477      ,  -1.2973701971690170      , -0.93256137033902720     
  -1.3810307496472323      ,  -1.3733272361202213      , -0.98913025796572596     
  -1.4568352889078455      ,  -1.4500987710790152      ,  -1.0486328760822481     
  -1.5320820651794069      ,  -1.5265474263521797      ,  -1.1108181454454200     
  -1.6053422598203888      ,  -1.6012610163540415      ,  -1.1753201399794371     
  -1.6749799654804511      ,  -1.6725387318242921      ,  -1.2416382341557344     
  -1.7391392077483032      ,  -1.7383943355206446      ,  -1.3091185144058646     
  -1.7957325796729622      ,  -1.7965837066088675      ,  -1.3769385845074287     
  -1.8424477004915596      ,  -1.8446642303873391      ,  -1.4440985090625240     
  -1.8767909514776215      ,  -1.8800923057294496      ,  -1.5094211411549825     
  -1.8961867013967038      ,  -1.9003620552261886      ,  -1.5715652975031595     
  -1.8981427546425533      ,  -1.9031827982302114      ,  -1.6290549666315841     
  -1.8804787647414796      ,  -1.8866851170226828      ,  -1.6803267568421569     
  -1.8415964017578108      ,  -1.8496363551116888      ,  -1.7237959816215145     
  -1.7807532006634319      ,  -1.7916380410675179      ,  -1.7579391792960299     
  -1.6982927164944517      ,  -1.7132726957006661      ,  -1.7813877595971110     
  -1.5957873833483300      ,  -1.6161684807156373      ,  -1.7930244250309093     
  -1.4760668850937717      ,  -1.5029588695350191      ,  -1.7920717886868647     
  -1.3431229601212558      ,  -1.3771305048812259      ,  -1.7781619623086107     
  -1.2018861271118475      ,  -1.2427725453127778      ,  -1.7513773102249932     
  -1.0578606069434799      ,  -1.1042599496768615      ,  -1.7122560386931081     
 -0.91660649781187709      , -0.96591582889212391      ,  -1.6617612036872165     
 -0.78310423871539980      , -0.83170052098099057      ,  -1.6012170039848961     
 -0.66112665865918097      , -0.70496700230654741      ,  -1.5322206851177955     
 -0.55282836564764082      , -0.58830656487150945      ,  -1.4565410779602899     
 -0.45874519296666916      , -0.48349030064061937      ,  -1.3760153333794944     
 -0.37821780166534708      , -0.39149578312941646      ,  -1.2924539848468182     
 -0.31001696171829490      , -0.31259772590773183      ,  -1.2075617072594529     
 -0.25286601127795982      , -0.24649732083023929      ,  -1.1228778477963137     
 -0.20569721912905070      , -0.19246644036208602      ,  -1.0397377047734631     
 -0.16768114112847410      , -0.14948788969210711      , -0.95925310181428824     
 -0.13814454405654525      , -0.11637925082458615      , -0.88230924416551371     
 -0.11644411651957721      ,  -9.1893903499562668E-002 , -0.80957411805612767     
 -0.10182726215380339      ,  -7.4797586472046762E-002 , -0.74151662997261869     
  -9.3334105865807940E-002 ,  -6.3922072050415557E-002 , -0.67843005825751912     
  -8.9800416411824263E-002 ,  -5.8199293618304448E-002 , -0.62045799615403852     
  -8.9979035182818801E-002 ,  -5.6679925827361408E-002 , -0.56762064194083117     
  -9.2742661606194890E-002 ,  -5.8540348368154201E-002 , -0.51983993214592517     
  -9.7281968851462328E-002 ,  -6.3081452805168317E-002 , -0.47696256091195804     
 -0.10319803705231706      ,  -6.9722116155089525E-002 , -0.43878036149152644     
 -0.11044250705133463      ,  -7.7989515728857151E-002 , -0.40504784664213661     
 -0.11914800350303813      ,  -8.7507878633341765E-002 , -0.37549692761449566     
 -0.12944176004883146      ,  -9.7986779594274140E-002 , -0.34984897538591037     
 -0.14132597242164457      , -0.10920972673848564      , -0.32782447175601614     
 -0.15465909459988272      , -0.12102349597512529      , -0.30915053859972014     
 -0.16920753689466114      , -0.13332847406205278      , -0.29356664452594172     
 -0.18470091666019597      , -0.14607013108359065      , -0.28082877981958682     
 -0.20084961466346504      , -0.15923164952925400      , -0.27071237047079422     
 -0.21733907159304311      , -0.17282767687931797      , -0.26301417569665608     
 -0.23384214807917983      , -0.18689913183338283      , -0.25755338429269542     
 -0.25007294527206758      , -0.20150897378470639      , -0.25417209580375427     
 -0.26586756331362027      , -0.21673883553326737      , -0.25273534436015060     
 -0.28125175169699246      , -0.23268641671678922      , -0.25313079693558804     
 -0.29645914038142357      , -0.24946353727361886      , -0.25526823416466127     
 -0.31188877727493525      , -0.26719475444867991      , -0.25907890083227025     
 -0.32801958070124015      , -0.28601645195124986      , -0.26451479464037853     
 -0.34531867284923318      , -0.30607631475629160      , -0.27154794566341145     
 -0.36417938643416592      , -0.32753310681370912      , -0.28016972472774587     
 -0.38490290624325352      , -0.35055667081892139      , -0.29039020643681313     
 -0.40771254119419487      , -0.37532806847835753      , -0.30223760130804356     
 -0.43277933759377391      , -0.40203977563750370      , -0.31575776104721937     
 -0.46024444374843149      , -0.43089583842782897      , -0.33101375087482215     
 -0.49023840172801803      , -0.46211188333042980      , -0.34808547250654798     
 -0.52290705108246160      , -0.49591485471487706      , -0.36706931029059908     
 -0.55844826486458732      , -0.53254232681396518      , -0.38807776046718501     
 -0.59714828066793879      , -0.57224120193494643      , -0.41123898881699250     
 -0.63939535933280278      , -0.61526556162170254      , -0.43669624430404413     
 -0.68565161750036885      , -0.66187338119341854      , -0.46460703482419996     
 -0.73638204938870955      , -0.71232174967747208      , -0.49514194493394065     
 -0.79196362723184544      , -0.76686015654029704      , -0.52848294357277537     
 -0.85260994715607197      , -0.82572131529877424      , -0.56482099157809673     
 -0.91833866488739135      , -0.88910889631946843      , -0.60435271386681955     
 -0.98898698984084743      , -0.95718144561732144      , -0.64727584989268017     
  -1.0642593249499714      ,  -1.0300316888973573      , -0.69378314002236041     
  -1.1437812930804401      ,  -1.1076603862467747      , -0.74405424852281254     
  -1.2271380189755332      ,  -1.1899439527310121      , -0.79824527282869806     
  -1.3138848936174965      ,  -1.2765952520927344      , -0.85647535524582685     
  -1.4035262861747955      ,  -1.3671173852263221      , -0.91880991527361622     
  -1.4954585015317983      ,  -1.4607510350535038      , -0.98524008462433921     
  -1.5888742298997169      ,  -1.5564171138177354      ,  -1.0556580887928402     
  -1.6826362557637431      ,  -1.6526582029154728      ,  -1.1298286242713289     
  -1.7751479741042631      ,  -1.7475846497656911      ,  -1.2073567810173433     
  -1.8642623521426653      ,  -1.8388341462472721      ,  -1.2876538045436170     
  -1.9472635532239888      ,  -1.9235568958115867      ,  -1.3699030094540989     
  -2.0209277514679371      ,  -1.9984414754470683      ,  -1.4530294256971485     
  -2.0816408322563240      ,  -2.0597981597360326      ,  -1.5356781714554506     
  -2.1255428196818600      ,  -2.1037152903137084      ,  -1.6162078635177315     
  -2.1486901050594702      ,  -2.1262985059202357      ,  -1.6927062008074754     
  -2.1472630936345816      ,  -2.1239908924464261      ,  -1.7630346532475247     
  -2.1178697564156170      ,  -2.0939542405694795      ,  -1.8249073791125396     
  -2.0579768717150042      ,  -2.0344698460352229      ,  -1.8760056647451384     
  -1.9664320725927604      ,  -1.9452969176045305      ,  -1.9141233645507050     
  -1.8439511829735244      ,  -1.8279153874829066      ,  -1.9373317682185185     
  -1.6934070151314720      ,  -1.6855855241203963      ,  -1.9441455890870691     
  -1.5198243188636269      ,  -1.5231832073349167      ,  -1.9336674312105187     
  -1.3301113317140238      ,  -1.3468136481388202      ,  -1.9056880830014979     
  -1.1325991718931170      ,  -1.1632561703974931      ,  -1.8607252165892612     
 -0.93637088362947896      , -0.97933229922058140      ,  -1.7999928104286804     
 -0.75028791177265441      , -0.80130503042066714      ,  -1.7253055011865772     
 -0.58170160595418063      , -0.63440384938197447      ,  -1.6389329214769353     
 -0.43510954441107047      , -0.48253394132337513      ,  -1.5434260887480573     
 -0.31143336601137073      , -0.34818283590830196      ,  -1.4414396800717835     
 -0.20862596987705323      , -0.23249812814134732      ,  -1.3355709038006018     
 -0.12341744858629841      , -0.13548555971593074      ,  -1.2282293332833776     
  -5.3022260514671363E-002 ,  -5.6269906219155272E-002 ,  -1.1215446562215881     
   4.1980825499070007E-003 ,   6.6318975710786821E-003 ,  -1.0173126590833490     
   4.9074251781332331E-002 ,   5.5061524558877140E-002 , -0.91697499538263172     
   8.2203400533753107E-002 ,   9.1014157251776917E-002 , -0.82162566727776609     
  0.10427376749693507      ,  0.11648438835860699      , -0.73203639435533829     
  0.11628573827284200      ,  0.13336077817771405      , -0.64869359043157415     
  0.11977132086143477      ,  0.14336166147433382      , -0.57184093095123456     
  0.11681949604027553      ,  0.14800295290998974      , -0.50152299788620158     
  0.10985904181757916      ,  0.14858893126008563      , -0.43762692591034791     
  0.10128035608092570      ,  0.14621829166196354      , -0.37992018122204974     
   9.2933187405205897E-002 ,  0.14179943589764171      , -0.32808352909402183     
   8.5715877732152862E-002 ,  0.13607060347492927      , -0.28173890008174274     
   7.9567932521067655E-002 ,  0.12962183015824019      , -0.24047229154001515     
   7.3861692501149698E-002 ,  0.12291679566143585      , -0.20385209363802392     
   6.7917844773241073E-002 ,  0.11631340530896644      , -0.17144335712803233     
   6.1409034698372666E-002 ,  0.11008249150981247      , -0.14281856471464840     
   5.4490514918072386E-002 ,  0.10442437711713656      , -0.11756546009112379     
   4.7612296584793337E-002 ,   9.9483265975480822E-002 ,  -9.5292450698742537E-002
   4.1227222954381484E-002 ,   9.5359557810579046E-002 ,  -7.5632046969053610E-002
   3.5678566739883170E-002 ,   9.2120256097234787E-002 ,  -5.8242741815565935E-002
   3.1290438460744294E-002 ,   8.9807670522331809E-002 ,  -4.2809675278040152E-002
   2.8482668638439117E-002 ,   8.8446624947945987E-002 ,  -2.9044373790967137E-002
   2.7763029817301693E-002 ,   8.8050377067792895E-002 ,  -1.6683803224649796E-002
   2.9570167902240582E-002 ,   8.8625443418063860E-002 ,  -5.4889303017962065E-003
   3.4067819048319258E-002 ,   9.0175506903978228E-002 ,   4.7570517042281801E-003
   4.1030618972378370E-002 ,   9.2704565893845861E-002 ,   1.4250710197358178E-002
   4.9891027670246640E-002 ,   9.6219465629758111E-002 ,   2.3170478593267770E-002
   5.9932480264777932E-002 ,  0.10073193503900983      ,   3.1678808289697137E-002
   7.0539701471043700E-002 ,  0.10626023546901686      ,   3.9924315065625528E-002
   8.1372772170294108E-002 ,  0.11283051264599034      ,   4.8043883403733036E-002
   9.2392442005151232E-002 ,  0.12047792935848968      ,   5.6164704860415256E-002
  0.10377889248798858      ,  0.12924764397219127      ,   6.4406236612651963E-002
  0.11582852785422920      ,  0.13919568879702723      ,   7.2882074089193616E-002
  0.12888478733708275      ,  0.15038979239713457      ,   8.1701737491125151E-002
  0.14331841437637552      ,  0.16291018095003260      ,   9.0972376317400280E-002
  0.15951560249658850      ,  0.17685038546522014      ,  0.10080039897459114     
  0.17781417306210517      ,  0.19231807375030874      ,  0.11129303635303416     
  0.19839470412813712      ,  0.20943591808758993      ,  0.12255984902471209     
  0.22119569946576462      ,  0.22834250119983526      ,  0.13471418753482758     
  0.24591913518422598      ,  0.24919325368583059      ,  0.14787461413054032     
  0.27215322384747415      ,  0.27216140501006614      ,  0.16216629213985403     
  0.29957417701984146      ,  0.29743891648856235      ,  0.17772234594660688     
  0.32813169114704244      ,  0.32523734746483168      ,  0.19468518987864572     
  0.35813558806484191      ,  0.35578858369275485      ,  0.21320781800241143     
  0.39022511015730910      ,  0.38934532818804513      ,  0.23345503833546014     
  0.42525132034896757      ,  0.42618121744158366      ,  0.25560462372991749     
  0.46412038624160434      ,  0.46659037743175252      ,  0.27984833683908750     
  0.50764639786711063      ,  0.51088617139247883      ,  0.30639276713294245     
  0.55644376689921027      ,  0.55939881143258230      ,  0.33545989260639347     
  0.61086654903630822      ,  0.61247140525082377      ,  0.36728724609690205     
  0.67099236116066197      ,  0.67045388387585647      ,  0.40212752422049775     
  0.73665327269434966      ,  0.73369410400377422      ,  0.44024742390437027     
  0.80752326254674556      ,  0.80252523878664739      ,  0.48192542541007199     
  0.88325850884989621      ,  0.87724836805713469      ,  0.52744816004763362     
  0.96365251495878934      ,  0.95810896533412482      ,  0.57710490493869326     
   1.0487504220577444      ,   1.0452657805728223      ,  0.63117963775002872     
   1.1388719769510123      ,   1.1387504820354777      ,  0.68993996663175328     
   1.2345010310791560      ,   1.2384164273482181      ,  0.75362213632406572     
   1.3360291416737722      ,   1.3438752066554114      ,  0.82241122208398265     
   1.4434101396924828      ,   1.4544203201472676      ,  0.89641559472431365     
   1.5558478144066195      ,   1.5689387609178072      ,  0.97563482829485038     
   1.6716418460743028      ,   1.6858136658766292      ,   1.0599205065801458     
   1.7882501122238350      ,   1.8028248692118054      ,   1.1489299706560232     
   1.9025187477386649      ,   1.9170593339240956      ,   1.2420740599845279     
   2.0109458093233128      ,   2.0248499264203508      ,   1.3384614507544750     
   2.1098375845868529      ,   2.1217681005363196      ,   1.4368443490931841     
   2.1952899965648975      ,   2.2027020523138305      ,   1.5355729780716709     
   2.2630316091274674      ,   2.2620538223631388      ,   1.6325691829374855     
   2.3082547723956610      ,   2.2940825631095625      ,   1.7253318865775926     
   2.3256120727725622      ,   2.2934025096515773      ,   1.8109879719485740     
   2.3095504844525792      ,   2.2556108582566328      ,   1.8864000927656583     
   2.2550718561202383      ,   2.1779756365249536      ,   1.9483366994347122     
   2.1588306797231422      ,   2.0600674067786091      ,   1.9936988387326597     
   2.0202478067997234      ,   1.9041894755754216      ,   2.0197843039439829     
   1.8421750182300964      ,   1.7154692943814802      ,   2.0245557812127513     
   1.6308077233724174      ,   1.5015302430138926      ,   2.0068705581414674     
   1.3950253244992163      ,   1.2717598040209583      ,   1.9666297015238157     
   1.1456578928655787      ,   1.0362971825751546      ,   1.9048163682796677     
  0.89487955997975976      ,  0.80493991239132967      ,   1.8234138682300103     
  0.65541183044847340      ,  0.58618396610125834      ,   1.7252181534258575     
  0.43904884005967432      ,  0.38656124625243360      ,   1.6135790714816123     
  0.25414355017313867      ,  0.21034630813473335      ,   1.4921143988777912     
  0.10288065690038747      ,   5.9608695163686748E-002 ,   1.3644388805009304     
  -1.8936912200527123E-002 ,  -6.5479933137011226E-002 ,   1.2339398472094227     
 -0.11835337806198547      , -0.16620055027530495      ,   1.1036162944159156     
 -0.20087581065747523      , -0.24481000764352695      ,  0.97598429919751772     
 -0.26866696883840779      , -0.30410886996064257      ,  0.85304136147876719     
 -0.32179785521408044      , -0.34709476490187574      ,  0.73627664433751827     
 -0.36025779030777721      , -0.37671289195006802      ,  0.62671257737338548     
 -0.38458337574122126      , -0.39569614814294074      ,  0.52496455981118595     
 -0.39593670849426998      , -0.40647782964416257      ,  0.43130818574931273     
 -0.39664607107578620      , -0.41115746707718875      ,  0.34574645755035577     
 -0.39019820786244391      , -0.41150210621487715      ,  0.26807221390270930     
 -0.38053805707544586      , -0.40896890310199524      ,  0.19792318892810590     
 -0.37153574207807050      , -0.40473875859198022      ,  0.13482868670199558     
 -0.36624337541492941      , -0.39975409662649936      ,   7.8247876867343358E-002
 -0.36587763719618815      , -0.39475651542952789      ,   2.7600314319150377E-002
 -0.36971132759690173      , -0.39032191242298492      ,  -1.7710416716385423E-002
 -0.37603451315335373      , -0.38689192741735651      ,  -5.8278932325788971E-002
 -0.38317330049815290      , -0.38480132170628584      ,  -9.4685166360762144E-002
 -0.39021195402960263      , -0.38430135678688487      , -0.12748546907213734     
 -0.39733715467732533      , -0.38557946906189577      , -0.15720688788408219     
 -0.40536646611849714      , -0.38877563790933228      , -0.18434394603443194     
 -0.41483805453907480      , -0.39399586905819672      , -0.20935734501658584     
 -0.42571275491534605      , -0.40132319833040991      , -0.23267411661505247     
 -0.43777617061759549      , -0.41082658358391927      , -0.25468883757681537     
 -0.45110407153092480      , -0.42256800707019559      , -0.27576559431625691     
 -0.46625442418199914      , -0.43660806267782115      , -0.29624044721241904     
 -0.48404231872868908      , -0.45301025559336150      , -0.31642419513785502     
 -0.50506772720925186      , -0.47184419680003337      , -0.33660528206910106     
 -0.52941579578098086      , -0.49318783156868379      , -0.35705272011539529     
 -0.55667682366291249      , -0.51712879917563415      , -0.37801892807114496     
 -0.58622019308606454      , -0.54376497977004823      , -0.39974240249018106     
 -0.61759804704802213      , -0.57320424278403181      , -0.42245014997122587     
 -0.65079127287234406      , -0.60556336871600913      , -0.44635981535506558     
 -0.68614390673480474      , -0.64096607180850518      , -0.47168144125200534     
 -0.72416804609268803      , -0.67954000459510544      , -0.49861879002709569     
 -0.76538701243132035      , -0.72141257642418488      , -0.52737015029433365     
 -0.81021513522332456      , -0.76670536747726248      , -0.55812853633776005     
 -0.85895773615502979      , -0.81552686917319506      , -0.59108117101442681     
 -0.91191040389675959      , -0.86796323453109814      , -0.62640812116689004     
 -0.96932747344616588      , -0.92406668383501045      , -0.66427993038313904     
  -1.0312492345630524      , -0.98384119101453216      , -0.70485406880495360     
  -1.0973707632206411      ,  -1.0472250883707017      , -0.74826999640014280     
  -1.1670211488048738      ,  -1.1140702913966432      , -0.79464261903395428     
  -1.2392753499796767      ,  -1.1841179882630797      , -0.84405391227026083     
  -1.3131960053183638      ,  -1.2569708943107780      , -0.89654250528706636     
  -1.3880473450381272      ,  -1.3320625811600497      , -0.95209106900782137     
  -1.4633216340124200      ,  -1.4086249955284553      ,  -1.0106114543405447     
  -1.5385750757416150      ,  -1.4856561204709910      ,  -1.0719276969676881     
  -1.6131614196990709      ,  -1.5618908147046162      ,  -1.1357572641826892     
  -1.6859642856835320      ,  -1.6357791596741007      ,  -1.2016912837629112     
  -1.7552516436167771      ,  -1.7054780339848252      ,  -1.2691749722667758     
  -1.8187101515670683      ,  -1.7688628873783263      ,  -1.3374900584707226     
  -1.8736257781576962      ,  -1.8235674200729917      ,  -1.4057416326856329     
  -1.9171259849105373      ,  -1.8670585584756816      ,  -1.4728524544807782     
  -1.9463856410533835      ,  -1.8967521385750084      ,  -1.5375681751794532     
  -1.9587625800284343      ,  -1.9101705150628026      ,  -1.5984769812271005     
  -1.9519111008364745      ,  -1.9051366868038477      ,  -1.6540466183546458     
  -1.9239172990144660      ,  -1.8799909029060546      ,  -1.7026804229180070     
  -1.8734809282180944      ,  -1.8338064567641899      ,  -1.7427917898376235     
  -1.8001555911022484      ,  -1.7665738233804884      ,  -1.7728935811366489     
  -1.7046032420459831      ,  -1.6793193399910480      ,  -1.7916957382361516     
  -1.5887877473314891      ,  -1.5741287994909499      ,  -1.7982014834472844     
  -1.4560557428510290      ,  -1.4540585711738296      ,  -1.7917907942460058     
  -1.3110692036098115      ,  -1.3229355864692047      ,  -1.7722800115972297     
  -1.1595447952672668      ,  -1.1850684983651558      ,  -1.7399488134297523     
  -1.0077649329239549      ,  -1.0449098261764556      ,  -1.6955300711564372     
 -0.86186645471365708      , -0.90671780055009554      ,  -1.6401634518064443     
 -0.72700175084047913      , -0.77426443399857336      ,  -1.5753188259838156     
 -0.60659783831454706      , -0.65062418559314306      ,  -1.5026994293425207     
 -0.50202233742321634      , -0.53805960856055846      ,  -1.4241365517228026     
 -0.41285006849086492      , -0.43800192017994610      ,  -1.3414871510683963     
 -0.33760320790558324      , -0.35111004356225739      ,  -1.2565436330226010     
 -0.27456000010095921      , -0.27738372851379317      ,  -1.1709618668190174     
 -0.22226133673694956      , -0.21630490680726164      ,  -1.0862101432000582     
 -0.17963769386413214      , -0.16698485479310698      ,  -1.0035388660824414     
 -0.14591816628131982      , -0.12830075441590932      , -0.92396866930221366     
 -0.12047703493779950      ,  -9.9011800828282467E-002 , -0.84829344980179178     
 -0.10266109451522248      ,  -7.7850703932708876E-002 , -0.77709439787087953     
  -9.1626806302801317E-002 ,  -6.3590613793592488E-002 , -0.71076127246323817     
  -8.6260514710924538E-002 ,  -5.5090083998159803E-002 , -0.64951768650273467     
  -8.5237680193541734E-002 ,  -5.1319928652182122E-002 , -0.59344783846858606     
  -8.7215979096927576E-002 ,  -5.1376111790610725E-002 , -0.54252281249798806     
  -9.1095491186980279E-002 ,  -5.4482506497482014E-002 , -0.49662518528688282     
  -9.6223023876676902E-002 ,  -5.9986771525834218E-002 , -0.45557118450738321     
 -0.10242700710414340      ,  -6.7351918144290771E-002 , -0.41913003141958882     
 -0.10987084878060692      ,  -7.6145498697450006E-002 , -0.38704037906701927     
 -0.11881758512404979      ,  -8.6027798752510112E-002 , -0.35902394463510756     
 -0.12942647837504667      ,  -9.6739974650656230E-002 , -0.33479655016284376     
 -0.14166445305241179      , -0.10809274326090544      , -0.31407684844854894     
 -0.15533903556579895      , -0.11995598579839001      , -0.29659303637498741     
 -0.17018186424068751      , -0.13224945471734162      , -0.28208785835243927     
 -0.18589783043119246      , -0.14493465480064185      , -0.27032218738771446     
 -0.20215958740851867      , -0.15800789211005009      , -0.26107744707156139     
 -0.21859439936652333      , -0.17149443591142843      , -0.25415710912940392     
 -0.23481727812185010      , -0.18544371031143450      , -0.24938747116086327     
 -0.25051999884601017      , -0.19992541770844602      , -0.24661788975310234     
 -0.26557602419401027      , -0.21502649063002746      , -0.24572061646105828     
 -0.28010528876361740      , -0.23084876878264615      , -0.24659035883437774     
 -0.29446508149576273      , -0.24750730180244249      , -0.24914366600070298     
 -0.30917003078404304      , -0.26512918355277493      , -0.25331821830752771     
 -0.32477605533457071      , -0.28385282959556735      , -0.25907208303752821     
 -0.34177774000986366      , -0.30382761469181757      , -0.26638298299531660     
 -0.36055468202600388      , -0.32521379106320952      , -0.27524761149537930     
 -0.38136973409882996      , -0.34818260996592526      , -0.28568101558953890     
 -0.40439662008777977      , -0.37291656820932029      , -0.29771605884614949     
 -0.42975145725670916      , -0.39960969688581727      , -0.31140296518496530     
 -0.45751739627321508      , -0.42846780097640164      , -0.32680893569513642     
 -0.48777073565273099      , -0.45970854475326928      , -0.34401782048743806     
 -0.52062173332259631      , -0.49356125796539929      , -0.36312981686817919     
 -0.55626835780553785      , -0.53026631045188799      , -0.38426115281641809     
 -0.59504042071947283      , -0.57007386672513005      , -0.40754370016543978     
 -0.63740339175127170      , -0.61324178576453203      , -0.43312444421807728     
 -0.68390299337138127      , -0.66003237338925247      , -0.46116471487057925     
 -0.73506115841717257      , -0.71070762410160104      , -0.49183905773979042     
 -0.79126285463698021      , -0.76552250598750449      , -0.52533359135827784     
 -0.85267943848336081      , -0.82471574748206744      , -0.56184365743896569     
 -0.91925386011543786      , -0.88849748268377926      , -0.60157052509409392     
 -0.99074256056357024      , -0.95703301110356997      , -0.64471685702333670     
  -1.0667866340527794      ,  -1.0304218440011301      , -0.69148058764199649     
  -1.1469799193585535      ,  -1.1086711689674305      , -0.74204680358594444     
  -1.2309121543327612      ,  -1.1916629079707703      , -0.79657716295425818     
  -1.3181785792476846      ,  -1.2791137317463777      , -0.85519635278332806     
  -1.4083523533052871      ,  -1.3705278083744008      , -0.91797508300500474     
  -1.5009127376328772      ,  -1.4651428133852800      , -0.98490917658624821     
  -1.5951237766972588      ,  -1.5618709377351614      ,  -1.0558944769156287     
  -1.6898770254853948      ,  -1.6592384213378226      ,  -1.1306976022292721     
  -1.7835410711870199      ,  -1.7553295920387670      ,  -1.2089230872994532     
  -1.8738736388892274      ,  -1.8477444638281029      ,  -1.2899782167765024     
  -1.9580317852536813      ,  -1.9335823784575716      ,  -1.3730379039287575     
  -2.0326721260359384      ,  -2.0094673378281551      ,  -1.4570132840711101     
  -2.0940972537261304      ,  -2.0716324741702135      ,  -1.5405291632885045     
  -2.1384035592934838      ,  -2.1160799622598705      ,  -1.6219168435451898     
  -2.1616231056813815      ,  -2.1388267571723301      ,  -1.6992297223010837     
  -2.1599031192656906      ,  -2.1362343452227091      ,  -1.7702888766971601     
  -2.1297939504833647      ,  -2.1054020599515408      ,  -1.8327639813947796     
  -2.0686903889320365      ,  -2.0445807668991480      ,  -1.8842909353405151     
  -1.9753870874835340      ,  -1.9535423966589387      ,  -1.9226215166584080     
  -1.8506046376359055      ,  -1.8338290488603362      ,  -1.9457930344686416     
  -1.6972997107884291      ,  -1.6888114028237018      ,  -1.9522989358118306     
  -1.5206531563629013      ,  -1.5235141097589926      ,  -1.9412368422279591     
  -1.3277751789705969      ,  -1.3442120210571691      ,  -1.9124105565793181     
  -1.1272150343327978      ,  -1.1578532144471796      ,  -1.8663681352799042     
 -0.92826374172633608      , -0.97140576902449882      ,  -1.8043683566136113     
 -0.73995381729948684      , -0.79124071353522030      ,  -1.7282803210774276     
 -0.56973660230956857      , -0.62264865754680543      ,  -1.6404321365977033     
 -0.42209816595231442      , -0.46954913069346166      ,  -1.5434317569348321     
 -0.29782525426546347      , -0.33440429339267902      ,  -1.4399846537350298     
 -0.19467424582714699      , -0.21830781663064763      ,  -1.3327295467317848     
 -0.10922419862613947      , -0.12119519779513725      ,  -1.2241066936955947     
  -3.8647018176100521E-002 ,  -4.2115597683410992E-002 ,  -1.1162655197519116     
   1.8653926475418782E-002 ,   2.0486709436646308E-002 ,  -1.0110115465697123     
   6.3452862263749077E-002 ,   6.8517777469615099E-002 , -0.90978775496973741     
   9.6320601962850319E-002 ,  0.10402626193743578      , -0.81368293448099915     
  0.11795181459962101      ,  0.12904874663052246      , -0.72345890814728753     
  0.12938380435661653      ,  0.14550507020936551      , -0.63958917068628618     
  0.13221616980089387      ,  0.15513562773870865      , -0.56230283043951657     
  0.12862094178105343      ,  0.15947093878374241      , -0.49162931722975295     
  0.12110612280548452      ,  0.15982416769303215      , -0.42744079806285401     
  0.11212452789081290      ,  0.15729872395344635      , -0.36949047281843572     
  0.10355508857152235      ,  0.15280484568268940      , -0.31744585488358845     
   9.6282048965906614E-002 ,  0.14708076104513482      , -0.27091679461893292     
   9.0201871172379433E-002 ,  0.14071543813105639      , -0.22947842460269577     
   8.4642119680902059E-002 ,  0.13417102251796589      , -0.19268945063371956     
   7.8897136100921417E-002 ,  0.12780384748378712      , -0.16010633292912446     
   7.2641226155218563E-002 ,  0.12188343978152048      , -0.13129393972555115     
   6.6054584685407342E-002 ,  0.11660929459036382      , -0.10583324203678925     
   5.9614660803875869E-002 ,  0.11212541045637760      ,  -8.3326575815892520E-002
   5.3786000645130172E-002 ,  0.10853270131855734      ,  -6.3400941043187109E-002
   4.8909154361833893E-002 ,  0.10589946947631626      ,  -4.5709745725188280E-002
   4.5303140660470170E-002 ,  0.10427015253733518      ,  -2.9933342086985087E-002
   4.3388227624801795E-002 ,  0.10367256371322282      ,  -1.5778645510833335E-002
   4.3677243737908836E-002 ,  0.10412383785823971      ,  -2.9780755577153233E-003
   4.6610766831611000E-002 ,  0.10563528140448651      ,   8.7119867305855848E-003
   5.2344458774485604E-002 ,  0.10821630655474181      ,   1.9513070123515407E-002
   6.0635228679622698E-002 ,  0.11187761099747581      ,   2.9626691293402192E-002
   7.0895403490435049E-002 ,  0.11663374533339807      ,   3.9236545986113792E-002
   8.2397005280877511E-002 ,  0.12250519210664432      ,   4.8510742915426050E-002
   9.4531330726249765E-002 ,  0.12952006322130361      ,   5.7604029240280456E-002
  0.10698340770245784      ,  0.13771550677706540      ,   6.6659972083182917E-002
  0.11974943502021934      ,  0.14713890001021801      ,   7.5813073027227965E-002
  0.13304707759192375      ,  0.15784889200725963      ,   8.5190802334656729E-002
  0.14720760378647427      ,  0.16991634801598865      ,   9.4915547152699190E-002
  0.16260550108524585      ,  0.18342523629126711      ,  0.10510647354626416     
  0.17964024244610896      ,  0.19847348819084690      ,  0.11588130609579436     
  0.19872497401761421      ,  0.21517385232113451      ,  0.12735803123493067     
  0.22021902947765398      ,  0.23365475348327366      ,  0.13965653162546596     
  0.24431485691319441      ,  0.25406115644904970      ,  0.15290015875808619     
  0.27095372506281945      ,  0.27655542254615456      ,  0.16721724963564050     
  0.29983722698512871      ,  0.30131813284431563      ,  0.18274259076972924     
  0.33055907989498567      ,  0.32854883440907107      ,  0.19961882863850883     
  0.36281480068249794      ,  0.35846664439448767      ,  0.21799781994534886     
  0.39658956491600317      ,  0.39131061915952309      ,  0.23804190709181647     
  0.43224107321401284      ,  0.42733976025768178      ,  0.25992509369566286     
  0.47046149342156990      ,  0.46683248383084736      ,  0.28383408103491098     
  0.51215042119285514      ,  0.51008532201043177      ,  0.30996910807541045     
  0.55824683065518921      ,  0.55741055142552731      ,  0.33854451411498021     
  0.60957021245012633      ,  0.60913235169282998      ,  0.36978891269851522     
  0.66670377665899472      ,  0.66558098285394907      ,  0.40394482676344723     
  0.72993046676879281      ,  0.72708433304494668      ,  0.44126758626840140     
  0.79922149162954592      ,  0.79395602623684047      ,  0.48202322918040019     
  0.87427823016734019      ,  0.86647909879151963      ,  0.52648507335109662     
  0.95463219912145325      ,  0.94488406424180749      ,  0.57492854014299799     
   1.0397929168179232      ,   1.0293200115880103      ,  0.62762371220481183     
   1.1293998562053078      ,   1.1198172657769607      ,  0.68482500244872102     
   1.2233194275927681      ,   1.2162401498838087      ,  0.74675720953346603     
   1.3216342585564149      ,   1.3182286351005581      ,  0.81359715612049432     
   1.4244831858936902      ,   1.4251283035935616      ,  0.88545008151459337     
   1.5317515283209073      ,   1.5359092905780751      ,  0.96232003866968674     
   1.6426951588986201      ,   1.6490769691601981      ,   1.0440737963954980     
   1.7556467863799878      ,   1.7625803520093120      ,   1.1303982621456463     
   1.8679324386071019      ,   1.8737286770511576      ,   1.2207523257973252     
   1.9760262006710061      ,   1.9791323337539792      ,   1.3143153831750887     
   2.0758479225365765      ,   2.0746905761774594      ,   1.4099366878493840     
   2.1630421449655417      ,   2.1556539445227054      ,   1.5060920462594489     
   2.2331160026904087      ,   2.2167915023342668      ,   1.6008569537318578     
   2.2814304981367055      ,   2.2526884218042524      ,   1.6919075042317528     
   2.3031597753252613      ,   2.2581843870692953      ,   1.7765613825387028     
   2.2934027124516523      ,   2.2289354566246842      ,   1.8518697931255470     
   2.2476152184476867      ,   2.1620431645734275      ,   1.9147661847452768     
   2.1624088005886550      ,   2.0566529170936714      ,   1.9622686169821451     
   2.0365439244978685      ,   1.9143940614837531      ,   1.9917204286638490     
   1.8717388222764637      ,   1.7395340488428781      ,   2.0010411052933321     
   1.6729226200649958      ,   1.5387608201874197      ,   1.9889499507456627     
   1.4478979777278498      ,   1.3205875736851553      ,   1.9551235362441517     
   1.2067415212952106      ,   1.0944698721640391      ,   1.9002562817400708     
  0.96118231515819197      ,  0.86980197130440695      ,   1.8260108125278076     
  0.72378168977207613      ,  0.65498696600371087      ,   1.7348662255019947     
  0.50653235751063608      ,  0.45674402410833626      ,   1.6298915649064565     
  0.31857019167442646      ,  0.27974115223213653      ,   1.5144830970439576     
  0.16349245849388711      ,  0.12655500924438956      ,   1.3921050714225933     
   3.8499725878337852E-002 ,  -2.1093609545281568E-003 ,   1.2660659784698975     
  -6.2923561277440157E-002 , -0.10703999294361360      ,   1.1393497488246689     
 -0.14673019960285172      , -0.19008160102014149      ,   1.0145082306768012     
 -0.21587999168092462      , -0.25371953242299472      ,  0.89361081724419855     
 -0.27092108680988347      , -0.30073129688479561      ,  0.77824067797363217     
 -0.31188807273121266      , -0.33392454246025399      ,  0.66952453904332021     
 -0.33921044313187698      , -0.35596005720225277      ,  0.56818335328088643     
 -0.35379028501758586      , -0.36924698732802863      ,  0.47459326396003948     
 -0.35745877721422087      , -0.37589322082260024      ,  0.38884895656509771     
 -0.35321508370989108      , -0.37769423707262845      ,  0.31082411065795684     
 -0.34471986863941079      , -0.37614639022080093      ,  0.24022584882287670     
 -0.33575089480248982      , -0.37247398388673925      ,  0.17664171537082027     
 -0.32954976977304828      , -0.36766269850571237      ,  0.11957883348917736     
 -0.32781351538942588      , -0.36249455027626887      ,   6.8495581330194732E-002
 -0.33029633052919904      , -0.35758150586839088      ,   2.2826506073900316E-002
 -0.33552208700296771      , -0.35339622047587044      ,  -1.7998639778078043E-002
 -0.34180024206185111      , -0.35029923678836039      ,  -5.4540824849171811E-002
 -0.34799978145146271      , -0.34856251030891594      ,  -8.7341759806201569E-002
 -0.35400386114553828      , -0.34838942264384626      , -0.11691723052267909     
 -0.36046856344037964      , -0.34993159229674742      , -0.14375306250130479     
 -0.36800344563362086      , -0.35330285041969134      , -0.16830313786135651     
 -0.37671387146221469      , -0.35859075534454887      , -0.19098898192971681     
 -0.38645943026428659      , -0.36586599856871060      , -0.21220052210168877     
 -0.39730725798445216      , -0.37519002047089617      , -0.23229769598738090     
 -0.40977426608113476      , -0.38662111437854607      , -0.25161264904947012     
 -0.42468819512634076      , -0.40021925684407017      , -0.27045231471455861     
 -0.44274677465939849      , -0.41604986199587363      , -0.28910121329269922     
 -0.46416180679964125      , -0.43418661921318441      , -0.30782434099060302     
 -0.48860849249266985      , -0.45471353602796433      , -0.32687004780146445     
 -0.51544317445033938      , -0.47772627159494169      , -0.34647282392138790     
 -0.54408891815127003      , -0.50333280959024207      , -0.36685592925790400     
 -0.57434607516652869      , -0.53165348217388397      , -0.38823381009042951     
 -0.60641612723411631      , -0.56282031778690689      , -0.41081425140154459     
 -0.64073700918694743      , -0.59697564414214421      , -0.43480021307211597     
 -0.67782319562694127      , -0.63426983296738892      , -0.46039129315319621     
 -0.71814745829228877      , -0.67485802422642949      , -0.48778475182937375     
 -0.76211812676355417      , -0.71889561443919947      , -0.51717601545449898     
 -0.81016750420097505      , -0.76653223684161209      , -0.54875856116675947     
 -0.86274888865568278      , -0.81790390218311593      , -0.58272305918769784     
 -0.92016107271530168      , -0.87312291159351063      , -0.61925562236534037     
 -0.98236561078629403      , -0.93226510369459192      , -0.65853498173058778     
  -1.0489170316175904      , -0.99535396770232754      , -0.70072837453749337     
  -1.1190445350719951      ,  -1.0623411591474730      , -0.74598590049483626     
  -1.1918953020253085      ,  -1.1330830190770358      , -0.79443307761640658     
  -1.2668050838196923      ,  -1.2073128544503686      , -0.84616131890993951     
  -1.3434092973983196      ,  -1.2846090303135032      , -0.90121606603373261     
  -1.4215467401202941      ,  -1.3643594057596606      , -0.95958237131782331     
  -1.5010250364211344      ,  -1.4457233725700702      ,  -1.0211678349887090     
  -1.5813324147576067      ,  -1.5275937779192856      ,  -1.0857830039380234     
  -1.6614030408184335      ,  -1.6085623533591964      ,  -1.1531196477268890     
  -1.7395226934507904      ,  -1.6868938939161400      ,  -1.2227277695525685     
  -1.8133883983423054      ,  -1.7605161903145281      ,  -1.2939927958138346     
  -1.8802797505934608      ,  -1.8270343129837907      ,  -1.3661151039794051     
  -1.9372566861621432      ,  -1.8837787772127064      ,  -1.4380948387112886     
  -1.9813138791313440      ,  -1.9278966816365157      ,  -1.5087257139824952     
  -2.0094918673148001      ,  -1.9564922881605553      ,  -1.5766020145148025     
  -2.0189709883381339      ,  -1.9668179842404507      ,  -1.6401430354681412     
  -2.0071797372832458      ,  -1.9565078935156675      ,  -1.6976384459203631     
  -1.9719737909077311      ,  -1.9238352622592316      ,  -1.7473162883833551     
  -1.9119118983672869      ,  -1.8679631247608479      ,  -1.7874324592804500     
  -1.8265932713773920      ,  -1.7891488963989355      ,  -1.8163767754887499     
  -1.7169865951912804      ,  -1.6888613174542515      ,  -1.8327867172578691     
  -1.5856648356551313      ,  -1.5697756537403367      ,  -1.8356565804305158     
  -1.4368612404868133      ,  -1.4356308657342878      ,  -1.8244281277482193     
  -1.2763006416738820      ,  -1.2909575812169940      ,  -1.7990497282333926     
  -1.1107891070564093      ,  -1.1407118013422741      ,  -1.7599946421626305     
 -0.94754799199155226      , -0.98986866166433762      ,  -1.7082349636031091     
 -0.79331567679738657      , -0.84303727905915227      ,  -1.6451744759519611     
 -0.65335581090249339      , -0.70414998917810345      ,  -1.5725497021054149     
