  0.57437388415205515      ,   2.1229450724483714      ,   1.4655193661558268     
   1.0209860685503158      ,   2.1929852415350255      ,   1.5610585270229873     
   1.1649974464096178      ,   2.2400776937172493      ,   1.6539053462152871     
   1.2749749072008514      ,   2.2589017442634218      ,   1.7415228812149708     
   1.3219075084121896      ,   2.2447042742917840      ,   1.8210630112943438     
   1.3353172616769138      ,   2.1939089102960634      ,   1.8894909061409448     
   1.3331681464035308      ,   2.1047402225179983      ,   1.9437656688917380     
   1.3307494374182027      ,   1.9777454803439807      ,   1.9810672081207392     
   1.3302661474687714      ,   1.8160821072783706      ,   1.9990464820024860     
   1.3298744163024911      ,   1.6254624622894605      ,   1.9960649989817625     
   1.3261830584567815      ,   1.4137129629515430      ,   1.9713841858516696     
   1.3167469933581868      ,   1.1899972664110152      ,   1.9252693066812612     
   1.3001713400737775      ,  0.96384218103004549      ,   1.8589865037522069     
   1.2758181163859923      ,  0.74415591195967179      ,   1.7746919444430655     
   1.2434806498109638      ,  0.53842131673974125      ,   1.6752329415465239     
   1.2033580334630354      ,  0.35218728446955988      ,   1.5638959838847664     
   1.1562375492352879      ,  0.18889565376218667      ,   1.4441420266186100     
   1.1037614500559996      ,   5.0001978019320249E-002 ,   1.3193650556489360     
   1.0485346792419277      ,  -6.4700883798565631E-002 ,   1.1926989228874905     
  0.99372942177160484      , -0.15666063759309845      ,   1.0668841267543117     
  0.94187164900018228      , -0.22813426990100699      ,  0.94419438639734021     
  0.89294465711943438      , -0.28180797976757588      ,  0.82641469034470127     
  0.84300663356677719      , -0.32049834109380249      ,  0.71485843581946695     
  0.78501521842874433      , -0.34694074961631782      ,  0.61041059040920653     
  0.71175173043620088      , -0.36365620077566646      ,  0.51358530372947420     
  0.61881812443935591      , -0.37288048745330526      ,  0.42458891988492709     
  0.50638795088976829      , -0.37653861886822665      ,  0.34338204425120999     
  0.37927440995000550      , -0.37624917459232166      ,  0.26973670639260389     
  0.24492863658571493      , -0.37334652660465156      ,  0.20328652779630416     
  0.11064587328107944      , -0.36891220776140959      ,  0.14356912745924336     
  -1.7388134171016326E-002 , -0.36380958762195265      ,   9.0060855130340983E-002
 -0.13320942014662013      , -0.35871823902491112      ,   4.2204439621893741E-002
 -0.23100157954086262      , -0.35416596004674755      ,  -5.6961569239652996E-004
 -0.30646288724309401      , -0.35055746826940914      ,  -3.8826978221081797E-002
 -0.35783105399784781      , -0.34819944144875398      ,  -7.3117879548269940E-002
 -0.38551127678126496      , -0.34732196114584557      , -0.10396913675487859     
 -0.39044404682996581      , -0.34809661831423416      , -0.13187907821838246     
 -0.37279451122525631      , -0.35065163044657438      , -0.15731475324318300     
 -0.33365882258112822      , -0.35508434474769440      , -0.18071090378070817     
 -0.27847976451400835      , -0.36147149037983400      , -0.20247026648446861     
 -0.21774938061092558      , -0.36987751301508459      , -0.22296485238673353     
 -0.16408402445584583      , -0.38036128702789984      , -0.24253791924495635     
 -0.12804196972701432      , -0.39298146021187508      , -0.26150640862046931     
 -0.11555923400467996      , -0.40780064560972051      , -0.28016366693359418     
 -0.12830025464673558      , -0.42488863596647064      , -0.29878230811027573     
 -0.16532264709965561      , -0.44432477860534586      , -0.31761710598075332     
 -0.22393796325902995      , -0.46619961183729980      , -0.33690782818834025     
 -0.29944890306398358      , -0.49061582772856122      , -0.35688194075595159     
 -0.38448446122926982      , -0.51768858938690709      , -0.37775712423213165     
 -0.46912908412597021      , -0.54754519301577265      , -0.39974354894277481     
 -0.54309886096476923      , -0.58032402491292434      , -0.42304585861538374     
 -0.59936129310491248      , -0.61617272046811900      , -0.44786480869756806     
 -0.63650875201693458      , -0.65524538527947807      , -0.47439849813077212     
 -0.65816403566731496      , -0.69769868729453444      , -0.50284312115890861     
 -0.67036989577177564      , -0.74368657348523226      , -0.53339314892254241     
 -0.67884930426039813      , -0.79335330605295495      , -0.56624082914757556     
 -0.68761333193450547      , -0.84682445416439756      , -0.60157486641105617     
 -0.69930611345195670      , -0.90419542278911047      , -0.63957811587315860     
 -0.71613192091248212      , -0.96551705894731876      , -0.68042409129601356     
 -0.74004521839404624      ,  -1.0307778612015503      , -0.72427205599499500     
 -0.77206210518927620      ,  -1.0998823509037625      , -0.77126043706710912     
 -0.81144157281214291      ,  -1.1726252724491224      , -0.82149828508863920     
 -0.85557325468847711      ,  -1.2486615134322572      , -0.87505450283288311     
 -0.90086639728645301      ,  -1.3274720230237296      , -0.93194460068929952     
 -0.94413692974136088      ,  -1.4083266142620134      , -0.99211482113025040     
 -0.98362380655809534      ,  -1.4902454189606513      ,  -1.0554236320282695     
  -1.0191314941739853      ,  -1.5719619618454443      ,  -1.1216208443547895     
  -1.0514422358187341      ,  -1.6518923291820697      ,  -1.1903249890188543     
  -1.0815114801851327      ,  -1.7281166388091584      ,  -1.2610001085055818     
  -1.1099156027133348      ,  -1.7983807511966154      ,  -1.3329337815139992     
  -1.1367367414204248      ,  -1.8601274883067285      ,  -1.4052189689836077     
  -1.1617712383041918      ,  -1.9105669316404634      ,  -1.4767430611370855     
  -1.1848011171815775      ,  -1.9467938643396794      ,  -1.5461881616983577     
  -1.2057233165646253      ,  -1.9659562972366709      ,  -1.6120469374818855     
  -1.2245032096931676      ,  -1.9654717519920386      ,  -1.6726580056065574     
  -1.2410539026281731      ,  -1.9432777608327523      ,  -1.7262635486630262     
  -1.2551545999869764      ,  -1.8980912374186156      ,  -1.7710894706649931     
  -1.2664492754746801      ,  -1.8296406962393050      ,  -1.8054450031124267     
  -1.2744999188114512      ,  -1.7388294866500131      ,  -1.8278346624583925     
  -1.2788507883819982      ,  -1.6277909378168240      ,  -1.8370716452890137     
  -1.2790775934543663      ,  -1.4998095542228083      ,  -1.8323791687938058     
  -1.2748179851599735      ,  -1.3591048903602743      ,  -1.8134659116009328     
  -1.2657918219912399      ,  -1.2105014823689850      ,  -1.7805641330966038     
  -1.2518226292272869      ,  -1.0590317642324893      ,  -1.7344240464755345     
  -1.2328708115487406      , -0.90953204853726333      ,  -1.6762645840380972     
  -1.2090858919982335      , -0.76629045839720311      ,  -1.6076872838821734     
  -1.1808766363636007      , -0.63279111119684861      ,  -1.5305650890616394     
  -1.1489807290168506      , -0.51157614327258938      ,  -1.4469203331926654     
  -1.1144898653610513      , -0.40422348056081997      ,  -1.3588058440310067     
  -1.0787625196404385      , -0.31141976406450217      ,  -1.2682004526181798     
  -1.0431612845109164      , -0.23309778801163680      ,  -1.1769262441082506     
  -1.0086179532028690      , -0.16860623877588951      ,  -1.0865906987991416     
 -0.97516571062205037      , -0.11688420726929609      , -0.99855328422125944     
 -0.94170911740112717      ,  -7.6620826960369842E-002 , -0.91391352682143312     
 -0.90626150074364542      ,  -4.6388750188870759E-002 , -0.83351620498294843     
 -0.86659127488323862      ,  -2.4747247274474339E-002 , -0.75796889974055193     
 -0.82091926093554168      ,  -1.0315729998428632E-002 , -0.68766743138630215     
 -0.76830499230341354      ,  -1.8214478280048640E-003 , -0.62282540323619306     
 -0.70861201507801097      ,   1.8736213420180853E-003 , -0.56350492439458066     
 -0.64221328394228605      ,   1.7615356216361129E-003 , -0.50964642339749555     
 -0.56975591352369381      ,  -1.3118115952818158E-003 , -0.46109619835676158     
 -0.49224433809140161      ,  -6.6396574477651698E-003 , -0.41763093670120399     
 -0.41139182781936068      ,  -1.3643028666461270E-002 , -0.37897887546563841     
 -0.32990039994734482      ,  -2.1857230537399887E-002 , -0.34483757807297111     
 -0.25137205519658473      ,  -3.0917647516997382E-002 , -0.31488850072089442     
 -0.17985656503093589      ,  -4.0545828998756465E-002 , -0.28880863680281205     
 -0.11928560331600581      ,  -5.0536458215814865E-002 , -0.26627958437632082     
  -7.3059347612854569E-002 ,  -6.0745535952676205E-002 , -0.24699439830948178     
  -4.3870533106271731E-002 ,  -7.1079928829461902E-002 , -0.23066257968419340     
  -3.3613774547520008E-002 ,  -8.1488312368645233E-002 , -0.21701353068754367     
  -4.3128432940407947E-002 ,  -9.1953464011745173E-002 , -0.20579877078846398     
  -7.1642533738520753E-002 , -0.10248581711414667      , -0.19679317430099824     
 -0.11606679852768978      , -0.11311816375377477      , -0.18979545356896593     
 -0.17064709787303781      , -0.12390138486828309      , -0.18462807785078555     
 -0.22758105630778064      , -0.13490108585741281      , -0.18113678659492613     
 -0.27866938549341436      , -0.14619502096295234      , -0.17918982768631697     
 -0.31727950460106807      , -0.15787119815256992      , -0.17867702656820605     
 -0.33962895351237976      , -0.17002656630521587      , -0.17950877083502106     
 -0.34489021990592034      , -0.18276619714175962      , -0.18161497674609636     
 -0.33436184040345751      , -0.19620288481528092      , -0.18494408884528565     
 -0.31039138666472915      , -0.21045709584136973      , -0.18946215116338330     
 -0.27583340310711696      , -0.22565721072115474      , -0.19515197798646983     
 -0.23436029963183869      , -0.24194000588268194      , -0.20201244354666020     
 -0.19100083573554244      , -0.25945133017162558      , -0.21005790288735099     
 -0.15200482427283471      , -0.27834693379168085      , -0.21931775023200070     
 -0.12386112597919088      , -0.29879340902458551      , -0.22983611610438576     
 -0.11202984697742482      , -0.32096920087564484      , -0.24167169986552495     
 -0.12001159709861503      , -0.34506564151254326      , -0.25489772989084503     
 -0.14890983440696021      , -0.37128795436713680      , -0.26960203892761031     
 -0.19725640409626050      , -0.39985616123761175      , -0.28588723682235340     
 -0.26097792705731560      , -0.43100580761439661      , -0.30387095630563832     
 -0.33369214514160461      , -0.46498839643186035      , -0.32368613929883611     
 -0.40761346245234048      , -0.50207138687697239      , -0.34548132058916198     
 -0.47515439747359983      , -0.54253757078717313      , -0.36942085189663620     
 -0.53084341904606758      , -0.58668358224765382      , -0.39568499136519159     
 -0.57266502085171445      , -0.63481722373640304      , -0.42446976021377292     
 -0.60205535276661482      , -0.68725320205339335      , -0.45598643837758396     
 -0.62266684716145360      , -0.74430675725310036      , -0.49046053302116105     
 -0.63878432919210926      , -0.80628453708180048      , -0.52813000635325302     
 -0.65432617749485489      , -0.87347191981658512      , -0.56924249093951840     
 -0.67268546457264577      , -0.94611582648685610      , -0.61405115097201413     
 -0.69683247379930580      ,  -1.0244019038421510      , -0.66280876718600912     
 -0.72900776827757596      ,  -1.1084248294944457      , -0.71575953398672687     
 -0.76996933339522888      ,  -1.1981504370039850      , -0.77312796625371349     
 -0.81837086928240743      ,  -1.2933684551491871      , -0.83510423251032928     
 -0.87095418340594200      ,  -1.3936350120537007      , -0.90182518174023896     
 -0.92371858035139731      ,  -1.4982048238685792      , -0.97335034643113805     
 -0.97343652452431106      ,  -1.6059543643073384      ,  -1.0496323335922244     
  -1.0185874408380700      ,  -1.7152995155211928      ,  -1.1304813258783022     
  -1.0592858514405907      ,  -1.8241144286973070      ,  -1.2155239907546520     
  -1.0965094346724416      ,  -1.9296626473165661      ,  -1.3041580287422825     
  -1.1312477016264293      ,  -2.0285567510694142      ,  -1.3955049591156097     
  -1.1640294831055316      ,  -2.1167681279727408      ,  -1.4883655626288721     
  -1.1949187281988114      ,  -2.1897124730225968      ,  -1.5811845732323351     
  -1.2237606068420188      ,  -2.2424368401855683      ,  -1.6720334281675850     
  -1.2503819490388668      ,  -2.2699274515027903      ,  -1.7586215675428791     
  -1.2746048133950747      ,  -2.2675410704442771      ,  -1.8383470568267553     
  -1.2961428909704285      ,  -2.2315354793862863      ,  -1.9083951718011813     
  -1.3145269368892676      ,  -2.1596393728573404      ,  -1.9658881976733313     
  -1.3291300514313540      ,  -2.0515673608482117      ,  -2.0080809159886481     
  -1.3392609045767438      ,  -1.9093654042820782      ,  -2.0325851947350984     
  -1.3442578455194913      ,  -1.7374802521795818      ,  -2.0375963442642169     
  -1.3435425521158109      ,  -1.5424908645419049      ,  -2.0220870557072868     
  -1.3366298297358494      ,  -1.3325138890316865      ,  -1.9859351503616736     
  -1.3231133093246126      ,  -1.1163770895205816      ,  -1.9299604824015189     
  -1.3026555496687822      , -0.90271463970216792      ,  -1.8558625427495614     
  -1.2750138604962939      , -0.69915333805288005      ,  -1.7660691607004873     
  -1.2401338677382399      , -0.51172455627362157      ,  -1.6635226118661581     
  -1.1983350436341331      , -0.34456902251457822      ,  -1.5514380456062040     
  -1.1505766647124249      , -0.19992742058226354      ,  -1.4330689555593126     
  -1.0987063020788279      ,  -7.8353635495356427E-002 ,  -1.3115070018535810     
  -1.0454650013962865      ,   2.0938678205007655E-002 ,  -1.1895322925370455     
 -0.99393220575007046      ,   9.9683331970804839E-002 ,  -1.0695188846258392     
 -0.94620222575008717      ,  0.16018938887226788      , -0.95339135265482711     
 -0.90165123220355692      ,  0.20502955102225520      , -0.84262287340932207     
 -0.85609596531330900      ,  0.23680505324691808      , -0.73826321303702513     
 -0.80308431642770528      ,  0.25798571518553559      , -0.64098540203572851     
 -0.73662909441746161      ,  0.27081406721431378      , -0.55114169936627055     
 -0.65348392427918944      ,  0.27725876812910116      , -0.46882179683512121     
 -0.55406876083902268      ,  0.27900274777112255      , -0.39390850780487019     
 -0.44200912781035367      ,  0.27745373025931797      , -0.32612810965688144     
 -0.32252741773353838      ,  0.27376767687771925      , -0.26509396378805872     
 -0.20082624140302807      ,  0.26887844999022875      , -0.21034304104239709     
  -8.1774669314759671E-002 ,  0.26352928555378896      , -0.16136561312245876     
   2.9394499463310002E-002 ,  0.25830338361003830      , -0.11762872548202521     
  0.12694815792656697      ,  0.25365213339961845      ,  -7.8594230329419618E-002
  0.20568619192582069      ,  0.24992028571985089      ,  -4.3732198406493103E-002
  0.26208331246521271      ,  0.24736787928073103      ,  -1.2530495478973122E-002
  0.29453715607971559      ,  0.24618901419420672      ,   1.5498761649762946E-002
  0.30276283930017495      ,  0.24652771658972086      ,   4.0815242249198726E-002
  0.28704123200327036      ,  0.24849120507191619      ,   6.3848395057936713E-002
  0.24875831867368872      ,  0.25216088680275600      ,   8.4996947291091016E-002
  0.19255660816214504      ,  0.25760140041147883      ,  0.10462953672164868     
  0.12756722188255942      ,  0.26486799812752337      ,  0.12308617297080882     
   6.5746152221371215E-002 ,  0.27401252828755540      ,  0.14068028317307485     
   1.8383632994998674E-002 ,  0.28508824596383264      ,  0.15770114704959190     
  -6.7537485519778145E-003 ,  0.29815364605313538      ,  0.17441656789863064     
  -6.0158211793110003E-003 ,  0.31327548066923111      ,  0.19107565995241765     
   2.1194997410918622E-002 ,  0.33053109129916319      ,  0.20791165978693618     
   7.3394363779499275E-002 ,  0.35001015569947541      ,  0.22514469075587282     
  0.14710879888800282      ,  0.37181591944846470      ,  0.24298442539145085     
  0.23616220137559868      ,  0.39606595177792658      ,  0.26163260189036275     
  0.33097636560181964      ,  0.42289243397840254      ,  0.28128535757025835     
  0.41968919741652005      ,  0.45244195537173576      ,  0.30213534479742682     
  0.49174903488807303      ,  0.48487475552864823      ,  0.32437359347328226     
  0.54175842148746367      ,  0.52036331095555033      ,  0.34819107871969512     
  0.57060697963966633      ,  0.55909011875466963      ,  0.37377994279216353     
  0.58353939319194414      ,  0.60124447776365575      ,  0.40133430624077332     
  0.58690410836291873      ,  0.64701800872700355      ,  0.43105058462564538     
  0.58563898375184986      ,  0.69659858914627970      ,  0.46312720335904639     
  0.58314413290443201      ,  0.75016230682968776      ,  0.49776357426593426     
  0.58291297097965666      ,  0.80786296208517894      ,  0.53515816326300703     
  0.58952864360887747      ,  0.86981857845954313      ,  0.57550543970562862     
  0.60787235110459226      ,  0.93609432723212493      ,  0.61899145589766924     
  0.64114493738115408      ,   1.0066812497723858      ,  0.66578776291098896     
  0.68899243716054137      ,   1.0814702020791576      ,  0.71604333133576936     
  0.74705656605433546      ,   1.1602205871984252      ,  0.76987412117325282     
  0.80854351154029092      ,   1.2425237379106899      ,  0.82734994640491488     
  0.86703596222997903      ,   1.3277613327337383      ,  0.88847832494687062     
  0.91881196811058041      ,   1.4150600519922343      ,  0.95318511823163443     
  0.96339207930101722      ,   1.5032448850857092      ,   1.0212919774044968     
   1.0024493023842020      ,   1.5907951368249806      ,   1.0924909602993793     
   1.0381406772366124      ,   1.6758092336481305      ,   1.1663171991790231     
   1.0718598205365801      ,   1.7559867539213359      ,   1.2421212063624751     
   1.1038701073466186      ,   1.8286383484215454      ,   1.3190432973004009     
   1.1337022154196164      ,   1.8907357477549998      ,   1.3959936298273332     
   1.1608184462245519      ,   1.9390139414672936      ,   1.4716423658616045     
   1.1850298036103568      ,   1.9701347168167749      ,   1.5444252179966029     
   1.2064761138115072      ,   1.9809139931688384      ,   1.6125698074137198     
   1.2253486377511489      ,   1.9686042965658759      ,   1.6741474332865141     
   1.2416450503654515      ,   1.9312090665239734      ,   1.7271526879999526     
   1.2551010854339839      ,   1.8677898948641325      ,   1.7696097139064220     
   1.2652641745392723      ,   1.7787157727778797      ,   1.7996990584772179     
   1.2716084912665480      ,   1.6658004180897077      ,   1.8158938485468463     
   1.2736229703600770      ,   1.5322841264031259      ,   1.8170896522382194     
   1.2708586014119703      ,   1.3826410816817760      ,   1.8027103842661085     
   1.2629517192797919      ,   1.2222271300857113      ,   1.7727740487535097     
   1.2496443748456474      ,   1.0568173954948450      ,   1.7279072363722550     
   1.2308176923562912      ,  0.89210699497372936      ,   1.6693051785598141     
   1.2065485254354953      ,  0.73325371885859658      ,   1.5986429288824242     
   1.1771910217458608      ,  0.58452759738698601      ,   1.5179506812892458     
   1.1434658113636249      ,  0.44910440619877645      ,   1.4294706036630744     
   1.1065075355494243      ,  0.32900804302432490      ,   1.3355131575457599     
   1.0677869236548523      ,  0.22517975761350253      ,   1.2383281301111788     
   1.0288181380906687      ,  0.13763619500143201      ,   1.1400007631493552     
  0.99063220020711484      ,   6.5674125912785541E-002 ,   1.0423779110055031     
  0.95316933394368342      ,   8.0849226673441309E-003 ,  0.94702432864755492     
  0.91493960601395052      ,  -3.6647959318350160E-002 ,  0.85520570116662220     
  0.87328565860715535      ,  -7.0183985503209742E-002 ,  0.76789306686827385     
  0.82520353467798269      ,  -9.4198889559875751E-002 ,  0.68578266487044659     
  0.76826174299791716      , -0.11029539148430681      ,  0.60932557376670549     
  0.70116282893037141      , -0.11994634888404937      ,  0.53876239312829344     
  0.62382444664059955      , -0.12446374781749646      ,  0.47415931772987213     
  0.53716310377658583      , -0.12498684092459350      ,  0.41544303521539272     
  0.44290872006922155      , -0.12248351306069007      ,  0.36243281295299978     
  0.34365638220306893      , -0.11776008759970902      ,  0.31486887817539688     
  0.24301335648994746      , -0.11147595722127562      ,  0.27243673610220331     
  0.14553018477678500      , -0.10416046098667439      ,  0.23478743889501760     
   5.6273512643404598E-002 ,  -9.6230268745729916E-002 ,  0.20155404923322520     
  -1.9851268443725357E-002 ,  -8.8006169680094323E-002 ,  0.17236467135236386     
  -7.8717259069436593E-002 ,  -7.9728619465646910E-002 ,  0.14685248014890553     
 -0.11724035386994761      ,  -7.1571715908854167E-002 ,  0.12466318963701144     
 -0.13334577532844472      ,  -6.3655481380319207E-002 ,  0.10546038361411331     
 -0.12597575240281358      ,  -5.6056462123818873E-002 ,   8.8929096525659293E-002
  -9.5517145419705504E-002 ,  -4.8816733180471229E-002 ,   7.4777989758615271E-002
  -4.4864744946386655E-002 ,  -4.1951440676735785E-002 ,   6.2740423449201291E-002
   1.9518297391863209E-002 ,  -3.5455032936478358E-002 ,   5.2574679744355923E-002
   8.7935801076696074E-002 ,  -2.9306336777311121E-002 ,   4.4063552248866676E-002
  0.14964709886378788      ,  -2.3472631137315080E-002 ,   3.7013479116549064E-002
  0.19571684996548733      ,  -1.7912860613176592E-002 ,   3.1253364298961861E-002
  0.22082413880652307      ,  -1.2580119031930273E-002 ,   2.6633202873642056E-002
  0.22330136897526712      ,  -7.4235194168164684E-003 ,   2.3022601941961349E-002
  0.20401571887834408      ,  -2.3895526643297050E-003 ,   2.0309267999732566E-002
  0.16508476863031821      ,   2.5769764294678002E-003 ,   1.8397514567913990E-002
  0.10937670269788868      ,   7.5323600723385788E-003 ,   1.7206829832404586E-002
   4.1372240484251734E-002 ,   1.2533681512562971E-002 ,   1.6670532691262046E-002
  -3.1698591260723379E-002 ,   1.7638739228033853E-002 ,   1.6734536573687991E-002
 -0.10029676095511850      ,   2.2906157954650883E-002 ,   1.7356233333978746E-002
 -0.15481303628176921      ,   2.8395651775810059E-002 ,   1.8503504123173291E-002
 -0.18807128184749880      ,   3.4168411947193139E-002 ,   2.0153860122593532E-002
 -0.19650490809322843      ,   4.0287598573695890E-002 ,   2.2293713141477826E-002
 -0.17980657243389378      ,   4.6818920772964574E-002 ,   2.4917774122068557E-002
 -0.13991539024738364      ,   5.3831294641373525E-002 ,   2.8028576376258642E-002
  -8.0233995360845342E-002 ,   6.1397572269541886E-002 ,   3.1636119741692989E-002
  -5.7897051759696989E-003 ,   6.9595338313741359E-002 ,   3.5757631659391192E-002
   7.5977200453925781E-002 ,   7.8507773281989768E-002 ,   4.0417441327286856E-002
  0.15538349419989142      ,   8.8224584786854909E-002 ,   4.5646963479192816E-002
  0.22246739715475375      ,   9.8843009576148722E-002 ,   5.1484788894276025E-002
  0.26966377730478419      ,  0.11046889017470396      ,   5.7976879384914290E-002
  0.29335904256985368      ,  0.12321783041693192      ,   6.5176865672310277E-002
  0.29363136709301263      ,  0.13721643393795990      ,   7.3146447170941875E-002
  0.27286835124863829      ,  0.15260362868110805      ,   8.1955893190802181E-002
  0.23435590969441922      ,  0.16953207845828508      ,   9.1684645344361937E-002
  0.18205715680646953      ,  0.18816967925929715      ,  0.10242202090719046     
  0.12173651977667994      ,  0.20870113291326453      ,  0.11426801639108988     
   6.1684117651534837E-002 ,  0.23132958326445305      ,  0.12733420946757795     
   1.1672469335482737E-002 ,  0.25627828942655712      ,  0.14174475538966241     
  -1.9246422967876819E-002 ,  0.28379229583655963      ,  0.15763747088302618     
  -2.4586569541749509E-002 ,  0.31414003829503662      ,  0.17516499368889293     
  -1.1359404430835497E-003 ,  0.34761479704822135      ,  0.19449599897351566     
   5.0966259911102846E-002 ,  0.38453586975492132      ,  0.21581644392278115     
  0.12812203972527988      ,  0.42524928569696840      ,  0.23933079802753432     
  0.22323338099686402      ,  0.47012781380497676      ,  0.26526319755009375     
  0.32613896846205831      ,  0.51956992601299135      ,  0.29385843679191381     
  0.42506297240520741      ,  0.57399725820589576      ,  0.32538267396696935     
  0.50956040419476001      ,  0.63384995688781476      ,  0.36012368314484444     
  0.57399649743452508      ,  0.69957910375106158      ,  0.39839042277848546     
  0.61908843900446697      ,  0.77163516659707754      ,  0.44051161226904401     
  0.65039058114544535      ,  0.85045113084173762      ,  0.48683290717601213     
  0.67500155459128885      ,  0.93641862573563228      ,  0.53771213779833738     
  0.69868583069097179      ,   1.0298549921469877      ,  0.59351192318830193     
  0.72520342980748498      ,   1.1309588877514196      ,  0.65458879492291688     
  0.75734352645206737      ,   1.2397517747754763      ,  0.72127777049431474     
  0.79739566583150800      ,   1.3560026313389530      ,  0.79387112490455902     
  0.84621691147329636      ,   1.4791337050455708      ,  0.87258995955215146     
  0.90209575214840965      ,   1.6081064368808913      ,  0.95754712642466444     
  0.96091559101814017      ,   1.7412893019177593      ,   1.0487002384026967     
   1.0179011178870521      ,   1.8763138155898438      ,   1.1457940364240928     
   1.0697116230717294      ,   2.0099318942507094      ,   1.2482924930836636     
   1.1154098747777703      ,   2.1378973961878445      ,   1.3553029398616954     
   1.1559512391373212      ,   2.2549064777318151      ,   1.4654974099608737     
   1.1929178124297981      ,   2.3546433513064033      ,   1.5770403371301229     
   1.2274452260514510      ,   2.4299858367995242      ,   1.6875364451886767     
   1.2598341287582986      ,   2.4734218891438644      ,   1.7940172231606923     
   1.2897332751233157      ,   2.4777056673536721      ,   1.8929871604190438     
   1.3164758764483873      ,   2.4367331707699966      ,   1.9805495722426576     
   1.3392769523077439      ,   2.3465443731214122      ,   2.0526239233744605     
   1.3572939082034223      ,   2.2062768910334571      ,   2.1052507294668348     
   1.3696737927002482      ,   2.0188375363135775      ,   2.1349578202379615     
   1.3756262289958188      ,   1.7910618331619277      ,   2.1391383069182974     
   1.3744731424832606      ,   1.5332228917328097      ,   2.1163745456471621     
   1.3656386169990733      ,   1.2579174386146803      ,   2.0666422782241312     
   1.3485954900623500      ,  0.97854134297999718      ,   1.9913488137310020     
   1.3228158324287453      ,  0.70769136313762082      ,   1.8931943560315410     
   1.2877809369454500      ,  0.45583824664640421      ,   1.7758848688803412     
   1.2431143553681883      ,  0.23050927023430751      ,   1.6437546594339536     
   1.1889032376638116      ,   3.6050505143438528E-002 ,   1.5013681551015559     
   1.1262174811011805      , -0.12611607209068093      ,   1.3531623917873992     
   1.0576555237350420      , -0.25691646736808738      ,   1.2031709132144586     
  0.98746008472170954      , -0.35892099368569275      ,   1.0548452921163320     
  0.92047114748173964      , -0.43566570606659138      ,  0.91096991287466522     
  0.85915908380523476      , -0.49109073009665027      ,  0.77365276665340721     
  0.79962031063904560      , -0.52913030916021508      ,  0.64436993400604248     
  0.73092748064029656      , -0.55344944453988010      ,  0.52404215255857545     
  0.64044023158880758      , -0.56730092427670731      ,  0.41312580382037600     
  0.52075100134198671      , -0.57347008422848955      ,  0.31170564749703555     
  0.37414274270321451      , -0.57427697668179878      ,  0.21958131569322537     
  0.21255871230915938      , -0.57161183544461391      ,  0.13634331255018414     
   5.1037831700745183E-002 , -0.56698665329823184      ,   6.1436906494710515E-002
  -9.9405781173736149E-002 , -0.56159171937918373      ,  -5.7860203865394491E-003
 -0.23175907385486569      , -0.55635054902165548      ,  -6.6026161440253139E-002
 -0.34061498190432066      , -0.55196980285759600      , -0.12000557659049557     
 -0.42298856573976623      , -0.54898280315761561      , -0.16844453580434451     
 -0.47994019736403493      , -0.54778643087851842      , -0.21204493240616626     
 -0.51603371158225830      , -0.54867180518917957      , -0.25147893945101157     
 -0.53555751379629912      , -0.55184942003972071      , -0.28738176978518815     
 -0.53839368961522316      , -0.55746948611134617      , -0.32034758760914694     
 -0.52249275709348342      , -0.56563819546380900      , -0.35092779030212551     
 -0.49047179866381480      , -0.57643054706452279      , -0.37963102752785310     
 -0.45158366649838061      , -0.58990027587016369      , -0.40692444907360542     
 -0.41854255678356483      , -0.60608733244994850      , -0.43323577496980942     
 -0.40231724698203991      , -0.62502327145361625      , -0.45895586375767139     
 -0.40790855789789432      , -0.64673482781757508      , -0.48444152011735980     
 -0.43411948734711425      , -0.67124588940194041      , -0.51001833407320762     
 -0.47631407888845162      , -0.69857801281065290      , -0.53598338297267722     
 -0.52887700691554840      , -0.72874957445346822      , -0.56260765637729260     
 -0.58631354113613132      , -0.76177360083665890      , -0.59013808461061679     
 -0.64368822945657700      , -0.79765428065106081      , -0.61879906548882424     
 -0.69690414697819303      , -0.83638212735544426      , -0.64879339212775489     
 -0.74310509923348400      , -0.87792773658273071      , -0.68030248910997815     
 -0.78120927197876433      , -0.92223407105529098      , -0.71348586628439714     
 -0.81205434610665694      , -0.96920721151846778      , -0.74847970091958682     
 -0.83785114781968328      ,  -1.0187055419305131      , -0.78539446213172392     
 -0.86126077288853842      ,  -1.0705273990196120      , -0.82431149933192061     
 -0.88453050106662079      ,  -1.1243973202013882      , -0.86527853247538133     
 -0.90895517884469768      ,  -1.1799511806106666      , -0.90830401053099619     
 -0.93477136096779534      ,  -1.2367207301277516      , -0.95335035097060483     
 -0.96142863794131783      ,  -1.2941183324021865      ,  -1.0003261428697443     
 -0.98804936273282129      ,  -1.3514230708375985      ,  -1.0490774950421622     
  -1.0138490081826999      ,  -1.4077698097463391      ,  -1.0993788430539364     
  -1.0383576954510845      ,  -1.4621432513207209      ,  -1.1509236968342043     
  -1.0614181116157162      ,  -1.5133794522476787      ,  -1.2033160107705185     
  -1.0830512254624949      ,  -1.5601775654106953      ,  -1.2560630796131806     
  -1.1033104698256417      ,  -1.6011246243680743      ,  -1.3085710842048905     
  -1.1221980576181232      ,  -1.6347358360637099      ,  -1.3601445955361895     
  -1.1396520446796186      ,  -1.6595119318158782      ,  -1.4099914444430315     
  -1.1555720854318576      ,  -1.6740135290221811      ,  -1.4572343171030444     
  -1.1698457842072005      ,  -1.6769501584963395      ,  -1.5009301808173732     
  -1.1823555777169543      ,  -1.6672787674971616      ,  -1.5400981306903612     
  -1.1929688658680908      ,  -1.6443034919369328      ,  -1.5737554593945751     
  -1.2015259255453381      ,  -1.6077659040101648      ,  -1.6009607280829263     
  -1.2078377908780416      ,  -1.5579135285661139      ,  -1.6208614663653091     
  -1.2116971384081274      ,  -1.4955348932514001      ,  -1.6327430334951276     
  -1.2128980309505049      ,  -1.4219521617279289      ,  -1.6360743587605571     
  -1.2112586632242561      ,  -1.3389674036710908      ,  -1.6305459717501778     
  -1.2066433760871131      ,  -1.2487650483012311      ,  -1.6160960912620492     
  -1.1989829651376125      ,  -1.1537797725597216      ,  -1.5929215969596866     
  -1.1882936425535646      ,  -1.0565444878607058      ,  -1.5614723340519292     
  -1.1746944082455024      , -0.95953593668434656      ,  -1.5224291288345679     
  -1.1584203621985101      , -0.86503506073693992      ,  -1.4766677720079291     
  -1.1398263261881696      , -0.77501596540308193      ,  -1.4252127180413876     
  -1.1193722999084983      , -0.69107193118611820      ,  -1.3691851115140485     
  -1.0975819623114613      , -0.61438085835291323      ,  -1.3097498964083438     
  -1.0749704442890429      , -0.54570708471447615      ,  -1.2480662595137457     
  -1.0519495194028954      , -0.48543260907053182      ,  -1.1852446890097597     
  -1.0287345037454856      , -0.43360875900124374      ,  -1.1223127313895014     
  -1.0052886292889942      , -0.39001913247825576      ,  -1.0601903307828902     
 -0.98133558871449356      , -0.35424575937535829      , -0.99967460534226515     
 -0.95644464717645483      , -0.32573229227028422      , -0.94143315192369736     
 -0.93015714973537267      , -0.30384011645547843      , -0.88600449845689855     
 -0.90210219464128061      , -0.28789518263124692      , -0.83380411625177198     
 -0.87205867094005618      , -0.27722489743748402      , -0.78513440532441636     
 -0.83995496162487593      , -0.27118548665555725      , -0.74019720831002611     
 -0.80583454332564997      , -0.26918090226847574      , -0.69910763092864081     
 -0.76983308727982380      , -0.27067465841662991      , -0.66190819981108051     
 -0.73219988637440758      , -0.27519604925744096      , -0.62858263694646577     
 -0.69336158344423993      , -0.28234211350831079      , -0.59906875283833150     
 -0.65399291692767314      , -0.29177653783712260      , -0.57327014725614533     
 -0.61505002282345778      , -0.30322648557970211      , -0.55106655451075470     
 -0.57774063882937299      , -0.31647813139018632      , -0.53232278152552437     
 -0.54343646361970632      , -0.33137149483996187      , -0.51689626622335638     
 -0.51355427947321297      , -0.34779500501769461      , -0.50464333648177084     
 -0.48943259865505867      , -0.36568009573819377      , -0.49542428169247349     
 -0.47221463684624659      , -0.38499602525408183      , -0.48910736481874190     
 -0.46273256340843882      , -0.40574503181382809      , -0.48557190700941305     
 -0.46138692780991741      , -0.42795787285999853      , -0.48471057270616202     
 -0.46803243703253694      , -0.45168974702394493      , -0.48643097339798735     
 -0.48190715326412342      , -0.47701656066061776      , -0.49065669468592232     
 -0.50165761859216795      , -0.50403147131716031      , -0.49732783551610799     
 -0.52549839798553599      , -0.53284161661660823      , -0.50640113126787600     
 -0.55149702786095389      , -0.56356491644376672      , -0.51784971444532857     
 -0.57791562271438734      , -0.59632681739133375      , -0.53166254835454352     
 -0.60350533107661819      , -0.63125682995497168      , -0.54784355050508726     
 -0.62766438318862328      , -0.66848469021474177      , -0.56641040358499717     
 -0.65042705784079624      , -0.70813595849571220      , -0.58739303269851206     
 -0.67231554713259445      , -0.75032684820996909      , -0.61083170811569854     
 -0.69412435782065662      , -0.79515806005460743      , -0.63677471314776146     
 -0.71670414602227439      , -0.84270738243510879      , -0.66527549721122536     
 -0.74078270832324633      , -0.89302081239096343      , -0.69638921528000819     
 -0.76683323782674473      , -0.94610195840523448      , -0.73016853783086644     
 -0.79499255639633537      ,  -1.0018995157737431      , -0.76665860183091661     
 -0.82503986032050758      ,  -1.0602926681694629      , -0.80589096597885568     
 -0.85644897455305691      ,  -1.1210743804092265      , -0.84787643615008990     
 -0.88850999523474117      ,  -1.1839327250420781      , -0.89259664507869874     
 -0.92048652887248350      ,  -1.2484306490633519      , -0.93999431056875693     
 -0.95175520290944604      ,  -1.3139849560736494      , -0.98996216730446873     
 -0.98188230771840479      ,  -1.3798457674096958      ,  -1.0423306780223585     
  -1.0106246010884767      ,  -1.4450783338110693      ,  -1.0968547897873986     
  -1.0378762546019724      ,  -1.5085497731547308      ,  -1.1532002176860552     
  -1.0636010286775335      ,  -1.5689240468697017      ,  -1.2109300134128256     
  -1.0877820678182166      ,  -1.6246691407812124      ,  -1.2694925020919510     
  -1.1104004614902689      ,  -1.6740808026929315      ,  -1.3282120238056812     
  -1.1314334171537364      ,  -1.7153270618634235      ,  -1.3862842519564700     
  -1.1508548848073781      ,  -1.7465168280709595      ,  -1.4427781088534570     
  -1.1686270405879384      ,  -1.7657938748848623      ,  -1.4966463657802502     
  -1.1846827073852575      ,  -1.7714543110066963      ,  -1.5467467920685003     
  -1.1989072072896416      ,  -1.7620813487078815      ,  -1.5918751048897211     
  -1.2111288406905998      ,  -1.7366862849086970      ,  -1.6308099101921392     
  -1.2211221872783242      ,  -1.6948400507549732      ,  -1.6623683407229719     
  -1.2286226861756679      ,  -1.6367767362150747      ,  -1.6854693344275800     
  -1.2333479688278017      ,  -1.5634504866980163      ,  -1.6991997322826975     
  -1.2350215705830059      ,  -1.4765310201841704      ,  -1.7028769857454698     
  -1.2333964520986647      ,  -1.3783307488594123      ,  -1.6961016460448777     
  -1.2282777547595147      ,  -1.2716669436537500      ,  -1.6787932562460715     
  -1.2195456782337160      ,  -1.1596733249467557      ,  -1.6512048610538417     
  -1.2071799434289694      ,  -1.0455842051320325      ,  -1.6139138845134358     
  -1.1912864646000749      , -0.93251858183882830      ,  -1.5677901395865363     
  -1.1721238922713537      , -0.82329035218042435      ,  -1.5139446234270537     
  -1.1501222675251273      , -0.72026464386512257      ,  -1.4536649478973556     
  -1.1258792045780341      , -0.62527101860698397      ,  -1.3883443792293637     
  -1.1001144161772307      , -0.53957446906770634      ,  -1.3194114175192606     
  -1.0735674138318285      , -0.46389691918436793      ,  -1.2482658107355322     
  -1.0468422688525296      , -0.39847670576091254      ,  -1.1762252245048130     
  -1.0202368388980514      , -0.34315158107041943      ,  -1.1044848893203174     
 -0.99362600708459070      , -0.29745160266351045      ,  -1.0340907775608119     
 -0.96646943166733879      , -0.26069089022894731      , -0.96592546022966486     
 -0.93796371954401070      , -0.23205059843253328      , -0.90070485909712150     
 -0.90727894975982493      , -0.21064875873199193      , -0.83898363355433903     
 -0.87376984000853763      , -0.19559537939723376      , -0.78116684156170324     
 -0.83707343996077210      , -0.18603315816078411      , -0.72752567936784129     
 -0.79708071391778734      , -0.18116536963129981      , -0.67821542530855661     
 -0.75384738540715535      , -0.18027307394903186      , -0.63329409850843954     
 -0.70754341264955989      , -0.18272393010137675      , -0.59274072934587274     
 -0.65850707767533911      , -0.18797475401396574      , -0.55647248585787767     
 -0.60738654253077584      , -0.19556967171577358      , -0.52436018980393284     
 -0.55527862787976456      , -0.20513537557731906      , -0.49624198298935779     
 -0.50376737351608669      , -0.21637465526718860      , -0.47193507244194055     
 -0.45482502910705080      , -0.22905907577723930      , -0.45124560031800964     
 -0.41061525699259177      , -0.24302142513539784      , -0.43397676066707219     
 -0.37327571444727642      , -0.25814835544495218      , -0.41993532984433485     
 -0.34473436710276367      , -0.27437348785925458      , -0.40893679872533489     
 -0.32655756760983251      , -0.29167113772052305      , -0.40080929976955437     
 -0.31978628616424970      , -0.31005073261561378      , -0.39539651574186374     
 -0.32472437924984648      , -0.32955193639568431      , -0.39255974355020584     
 -0.34070257473644022      , -0.35024045017466282      , -0.39217926911047751     
 -0.36592300232104519      , -0.37220443197803904      , -0.39415518944159794     
 -0.39753210955484031      , -0.39555145607950276      , -0.39840779768278439     
 -0.43201569298349851      , -0.42040591799337096      , -0.40487762625429907     
 -0.46585848671726671      , -0.44690677909479126      , -0.41352522341094500     
 -0.49625243389611229      , -0.47520553392195697      , -0.42433071913709575     
 -0.52159086242322350      , -0.50546427174952702      , -0.43729321766365337     
 -0.54159067065352084      , -0.53785369066681721      , -0.45243003565478301     
 -0.55706952198823156      , -0.57255090604011283      , -0.46977578700513067     
 -0.56955072246162686      , -0.60973687501055940      , -0.48938129681772835     
 -0.58089263942967484      , -0.64959323398722135      , -0.51131230806695893     
 -0.59304032509620663      , -0.69229831675282183      , -0.53564792425562802     
 -0.60785918772445546      , -0.73802208723464602      , -0.56247870966875946     
 -0.62694895676663231      , -0.78691968457225403      , -0.59190434535887448     
 -0.65139077910191767      , -0.83912324162272045      , -0.62403071376360286     
 -0.68148890996340006      , -0.89473160635231996      , -0.65896625826376010     
 -0.71664074581265436      , -0.95379757650101715      , -0.69681743709137578     
 -0.75545100233636420      ,  -1.0163122633497086      , -0.73768306581018306     
 -0.79609856616230479      ,  -1.0821862475180342      , -0.78164732251353786     
 -0.83682640155564236      ,  -1.1512273020640964      , -0.82877118020333218     
 -0.87634874611798796      ,  -1.2231146665016239      , -0.87908203927150175     
 -0.91401561105606377      ,  -1.2973701971690170      , -0.93256137033902720     
 -0.94971118955400025      ,  -1.3733272361202213      , -0.98913025796572596     
 -0.98359414677092061      ,  -1.4500987710790152      ,  -1.0486328760822481     
  -1.0158375054383029      ,  -1.5265474263521797      ,  -1.1108181454454200     
  -1.0464850322230892      ,  -1.6012610163540415      ,  -1.1753201399794371     
  -1.0754516628458419      ,  -1.6725387318242921      ,  -1.2416382341557344     
  -1.1026132871013465      ,  -1.7383943355206446      ,  -1.3091185144058646     
  -1.1278979447116817      ,  -1.7965837066088675      ,  -1.3769385845074287     
  -1.1513156104958329      ,  -1.8446642303873391      ,  -1.4440985090625240     
  -1.1729196801928758      ,  -1.8800923057294496      ,  -1.5094211411549825     
  -1.1927368024855407      ,  -1.9003620552261886      ,  -1.5715652975031595     
  -1.2107087425142455      ,  -1.9031827982302114      ,  -1.6290549666315841     
  -1.2266689729394780      ,  -1.8866851170226828      ,  -1.6803267568421569     
  -1.2403517540174267      ,  -1.8496363551116888      ,  -1.7237959816215145     
  -1.2514192497800374      ,  -1.7916380410675179      ,  -1.7579391792960299     
  -1.2594936598773001      ,  -1.7132726957006661      ,  -1.7813877595971110     
  -1.2641880448513689      ,  -1.6161684807156373      ,  -1.7930244250309093     
  -1.2651342880303447      ,  -1.5029588695350191      ,  -1.7920717886868647     
  -1.2620083366552155      ,  -1.3771305048812259      ,  -1.7781619623086107     
  -1.2545539144208546      ,  -1.2427725453127778      ,  -1.7513773102249932     
  -1.2426077948498613      ,  -1.1042599496768615      ,  -1.7122560386931081     
  -1.2261315229260539      , -0.96591582889212391      ,  -1.6617612036872165     
  -1.2052538635359453      , -0.83170052098099057      ,  -1.6012170039848961     
  -1.1803227930181435      , -0.70496700230654741      ,  -1.5322206851177955     
  -1.1519538265257157      , -0.58830656487150945      ,  -1.4565410779602899     
  -1.1210439419411484      , -0.48349030064061937      ,  -1.3760153333794944     
  -1.0887049488510570      , -0.39149578312941646      ,  -1.2924539848468182     
  -1.0560736916827629      , -0.31259772590773183      ,  -1.2075617072594529     
  -1.0239996788500390      , -0.24649732083023929      ,  -1.1228778477963137     
 -0.99269810175006290      , -0.19246644036208602      ,  -1.0397377047734631     
 -0.96154411285435992      , -0.14948788969210711      , -0.95925310181428824     
 -0.92917571508044849      , -0.11637925082458615      , -0.88230924416551371     
 -0.89390867820669428      ,  -9.1893903499562668E-002 , -0.80957411805612767     
 -0.85425530626183943      ,  -7.4797586472046762E-002 , -0.74151662997261869     
 -0.80927802024101325      ,  -6.3922072050415557E-002 , -0.67843005825751912     
 -0.75864309170113564      ,  -5.8199293618304448E-002 , -0.62045799615403852     
 -0.70244096200364403      ,  -5.6679925827361408E-002 , -0.56762064194083117     
 -0.64098436052574959      ,  -5.8540348368154201E-002 , -0.51983993214592517     
 -0.57480258873505452      ,  -6.3081452805168317E-002 , -0.47696256091195804     
 -0.50488064564354929      ,  -6.9722116155089525E-002 , -0.43878036149152644     
 -0.43295894636791910      ,  -7.7989515728857151E-002 , -0.40504784664213661     
 -0.36163181855436655      ,  -8.7507878633341765E-002 , -0.37549692761449566     
 -0.29413214078418465      ,  -9.7986779594274140E-002 , -0.34984897538591037     
 -0.23391108934586111      , -0.10920972673848564      , -0.32782447175601614     
 -0.18422529737606469      , -0.12102349597512529      , -0.30915053859972014     
 -0.14787327176416740      , -0.13332847406205278      , -0.29356664452594172     
 -0.12705712434003247      , -0.14607013108359065      , -0.28082877981958682     
 -0.12321393617246881      , -0.15923164952925400      , -0.27071237047079422     
 -0.13666602199137642      , -0.17282767687931797      , -0.26301417569665608     
 -0.16609649264301360      , -0.18689913183338283      , -0.25755338429269542     
 -0.20809667140060287      , -0.20150897378470639      , -0.25417209580375427     
 -0.25720632205802146      , -0.21673883553326737      , -0.25273534436015060     
 -0.30674598495297073      , -0.23268641671678922      , -0.25313079693558804     
 -0.35027250925010395      , -0.24946353727361886      , -0.25526823416466127     
 -0.38302945534815885      , -0.26719475444867991      , -0.25907890083227025     
 -0.40273282451064563      , -0.28601645195124986      , -0.26451479464037853     
 -0.40945210739346805      , -0.30607631475629160      , -0.27154794566341145     
 -0.40485744643800003      , -0.32753310681370912      , -0.28016972472774587     
 -0.39139838697397089      , -0.35055667081892139      , -0.29039020643681313     
 -0.37193603848254048      , -0.37532806847835753      , -0.30223760130804356     
 -0.34989286151239374      , -0.40203977563750370      , -0.31575776104721937     
 -0.32945384315088905      , -0.43089583842782897      , -0.33101375087482215     
 -0.31533389325115707      , -0.46211188333042980      , -0.34808547250654798     
 -0.31205695807920714      , -0.49591485471487706      , -0.36706931029059908     
 -0.32304693217044067      , -0.53254232681396518      , -0.38807776046718501     
 -0.34986289150724592      , -0.57224120193494643      , -0.41123898881699250     
 -0.39175665134911397      , -0.61526556162170254      , -0.43669624430404413     
 -0.44564476607786252      , -0.66187338119341854      , -0.46460703482419996     
 -0.50661719340069089      , -0.71232174967747208      , -0.49514194493394065     
 -0.56902282290648565      , -0.76686015654029704      , -0.52848294357277537     
 -0.62787997311977040      , -0.82572131529877424      , -0.56482099157809673     
 -0.68009938290517225      , -0.88910889631946843      , -0.60435271386681955     
 -0.72501899283123639      , -0.95718144561732144      , -0.64727584989268017     
 -0.76405632661938738      ,  -1.0300316888973573      , -0.69378314002236041     
 -0.79972604221025034      ,  -1.1076603862467747      , -0.74405424852281254     
 -0.83454357076148122      ,  -1.1899439527310121      , -0.79824527282869806     
 -0.87025361022525916      ,  -1.2765952520927344      , -0.85647535524582685     
 -0.90752606940309777      ,  -1.3671173852263221      , -0.91880991527361622     
 -0.94603895286226991      ,  -1.4607510350535038      , -0.98524008462433921     
 -0.98482215529008843      ,  -1.5564171138177354      ,  -1.0556580887928402     
  -1.0227284343465362      ,  -1.6526582029154728      ,  -1.1298286242713289     
  -1.0588487392159054      ,  -1.7475846497656911      ,  -1.2073567810173433     
  -1.0927128235987300      ,  -1.8388341462472721      ,  -1.2876538045436170     
  -1.1242532587182859      ,  -1.9235568958115867      ,  -1.3699030094540989     
  -1.1536321081524330      ,  -1.9984414754470683      ,  -1.4530294256971485     
  -1.1810506526420919      ,  -2.0597981597360326      ,  -1.5356781714554506     
  -1.2066179166107009      ,  -2.1037152903137084      ,  -1.6162078635177315     
  -1.2302954062372253      ,  -2.1262985059202357      ,  -1.6927062008074754     
  -1.2518939643602252      ,  -2.1239908924464261      ,  -1.7630346532475247     
  -1.2710902349823288      ,  -2.0939542405694795      ,  -1.8249073791125396     
  -1.2874480801403625      ,  -2.0344698460352229      ,  -1.8760056647451384     
  -1.3004484034078108      ,  -1.9452969176045305      ,  -1.9141233645507050     
  -1.3095313755116795      ,  -1.8279153874829066      ,  -1.9373317682185185     
  -1.3141440485793496      ,  -1.6855855241203963      ,  -1.9441455890870691     
  -1.3137800704863629      ,  -1.5231832073349167      ,  -1.9336674312105187     
  -1.3080035191459145      ,  -1.3468136481388202      ,  -1.9056880830014979     
  -1.2964605795052551      ,  -1.1632561703974931      ,  -1.8607252165892612     
  -1.2788932810224269      , -0.97933229922058140      ,  -1.7999928104286804     
  -1.2551751753707923      , -0.80130503042066714      ,  -1.7253055011865772     
  -1.2253883746642156      , -0.63440384938197447      ,  -1.6389329214769353     
  -1.1899508367253449      , -0.48253394132337513      ,  -1.5434260887480573     
  -1.1497734449477037      , -0.34818283590830196      ,  -1.4414396800717835     
  -1.1063716953706826      , -0.23249812814134732      ,  -1.3355709038006018     
  -1.0617908164117442      , -0.13548555971593074      ,  -1.2282293332833776     
  -1.0181795409012482      ,  -5.6269906219155272E-002 ,  -1.1215446562215881     
 -0.97695774614749198      ,   6.6318975710786821E-003 ,  -1.0173126590833490     
 -0.93784411536521606      ,   5.5061524558877140E-002 , -0.91697499538263172     
 -0.89840321067903173      ,   9.1014157251776917E-002 , -0.82162566727776609     
 -0.85468720719211233      ,  0.11648438835860699      , -0.73203639435533829     
 -0.80270860902058294      ,  0.13336077817771405      , -0.64869359043157415     
 -0.73980040507364808      ,  0.14336166147433382      , -0.57184093095123456     
 -0.66520626167001973      ,  0.14800295290998974      , -0.50152299788620158     
 -0.57986802146261729      ,  0.14858893126008563      , -0.43762692591034791     
 -0.48576457905434284      ,  0.14621829166196354      , -0.37992018122204974     
 -0.38539405933654841      ,  0.14179943589764171      , -0.32808352909402183     
 -0.28180206297581822      ,  0.13607060347492927      , -0.28173890008174274     
 -0.17891442850605921      ,  0.12962183015824019      , -0.24047229154001515     
  -8.1603551240679112E-002 ,  0.12291679566143585      , -0.20385209363802392     
   4.8148274055581121E-003 ,  0.11631340530896644      , -0.17144335712803233     
   7.5452729386613085E-002 ,  0.11008249150981247      , -0.14281856471464840     
  0.12653571416454945      ,  0.10442437711713656      , -0.11756546009112379     
  0.15557164433948548      ,   9.9483265975480822E-002 ,  -9.5292450698742537E-002
  0.16121608123333619      ,   9.5359557810579046E-002 ,  -7.5632046969053610E-002
  0.14327944818909383      ,   9.2120256097234787E-002 ,  -5.8242741815565935E-002
  0.10335040772993273      ,   8.9807670522331809E-002 ,  -4.2809675278040152E-002
   4.6050865270150391E-002 ,   8.8446624947945987E-002 ,  -2.9044373790967137E-002
  -2.0297858236084498E-002 ,   8.8050377067792895E-002 ,  -1.6683803224649796E-002
  -8.4914742092216611E-002 ,   8.8625443418063860E-002 ,  -5.4889303017962065E-003
 -0.13732517693248358      ,   9.0175506903978228E-002 ,   4.7570517042281801E-003
 -0.16993066356893599      ,   9.2704565893845861E-002 ,   1.4250710197358178E-002
 -0.17895252741164225      ,   9.6219465629758111E-002 ,   2.3170478593267770E-002
 -0.16379486762809131      ,  0.10073193503900983      ,   3.1678808289697137E-002
 -0.12586007360062920      ,  0.10626023546901686      ,   3.9924315065625528E-002
  -6.7742258868126598E-002 ,  0.11283051264599034      ,   4.8043883403733036E-002
   6.4578565781819837E-003 ,  0.12047792935848968      ,   5.6164704860415256E-002
   8.9965783970804264E-002 ,  0.12924764397219127      ,   6.4406236612651963E-002
  0.17313890340559021      ,  0.13919568879702723      ,   7.2882074089193616E-002
  0.24543897772598042      ,  0.15038979239713457      ,   8.1701737491125151E-002
  0.29852798793598301      ,  0.16291018095003260      ,   9.0972376317400280E-002
  0.32831814559960665      ,  0.17685038546522014      ,  0.10080039897459114     
  0.33489821663528690      ,  0.19231807375030874      ,  0.11129303635303416     
  0.32097375302710640      ,  0.20943591808758993      ,  0.12255984902471209     
  0.29002038888609921      ,  0.22834250119983526      ,  0.13471418753482758     
  0.24558700191655425      ,  0.24919325368583059      ,  0.14787461413054032     
  0.19240182167492909      ,  0.27216140501006614      ,  0.16216629213985403     
  0.13764823250967775      ,  0.29743891648856235      ,  0.17772234594660688     
   9.0530972186229602E-002 ,  0.32523734746483168      ,  0.19468518987864572     
   6.0290797359668795E-002 ,  0.35578858369275485      ,  0.21320781800241143     
   5.4101740599936346E-002 ,  0.38934532818804513      ,  0.23345503833546014     
   7.5907070613057695E-002 ,  0.42618121744158366      ,  0.25560462372991749     
  0.12602795518156076      ,  0.46659037743175252      ,  0.27984833683908750     
  0.20092414065302269      ,  0.51088617139247883      ,  0.30639276713294245     
  0.29324405222225514      ,  0.55939881143258230      ,  0.33545989260639347     
  0.39268730226808074      ,  0.61247140525082377      ,  0.36728724609690205     
  0.48786380169824134      ,  0.67045388387585647      ,  0.40212752422049775     
  0.56916986313030971      ,  0.73369410400377422      ,  0.44024742390437027     
  0.63185012294397247      ,  0.80252523878664739      ,  0.48192542541007199     
  0.67718763550900163      ,  0.87724836805713469      ,  0.52744816004763362     
  0.71083716785733608      ,  0.95810896533412482      ,  0.57710490493869326     
  0.73960292685112028      ,   1.0452657805728223      ,  0.63117963775002872     
  0.76877320090154322      ,   1.1387504820354777      ,  0.68993996663175328     
  0.80137722902492425      ,   1.2384164273482181      ,  0.75362213632406572     
  0.83882462178896966      ,   1.3438752066554114      ,  0.82241122208398265     
  0.88137045172908401      ,   1.4544203201472676      ,  0.89641559472431365     
  0.92801901629279726      ,   1.5689387609178072      ,  0.97563482829485038     
  0.97660497468569896      ,   1.6858136658766292      ,   1.0599205065801458     
   1.0244713896154163      ,   1.8028248692118054      ,   1.1489299706560232     
   1.0694094349669263      ,   1.9170593339240956      ,   1.2420740599845279     
   1.1102991429208000      ,   2.0248499264203508      ,   1.3384614507544750     
   1.1471500130115015      ,   2.1217681005363196      ,   1.4368443490931841     
   1.1806311131735294      ,   2.2027020523138305      ,   1.5355729780716709     
   1.2114537486224550      ,   2.2620538223631388      ,   1.6325691829374855     
   1.2399625618281895      ,   2.2940825631095625      ,   1.7253318865775926     
   1.2660519709666371      ,   2.2934025096515773      ,   1.8109879719485740     
   1.2892869252868517      ,   2.2556108582566328      ,   1.8864000927656583     
   1.3090506458839191      ,   2.1779756365249536      ,   1.9483366994347122     
   1.3246399752023164      ,   2.0600674067786091      ,   1.9936988387326597     
   1.3353256900549628      ,   1.9041894755754216      ,   2.0197843039439829     
   1.3404055429284507      ,   1.7154692943814802      ,   2.0245557812127513     
   1.3392453185179718      ,   1.5015302430138926      ,   2.0068705581414674     
   1.3312931207829231      ,   1.2717598040209583      ,   1.9666297015238157     
   1.3160712329873552      ,   1.0362971825751546      ,   1.9048163682796677     
   1.2931725693350591      ,  0.80493991239132967      ,   1.8234138682300103     
   1.2623015291868374      ,  0.58618396610125834      ,   1.7252181534258575     
   1.2234020698132515      ,  0.38656124625243360      ,   1.6135790714816123     
   1.1769012445513956      ,  0.21034630813473335      ,   1.4921143988777912     
   1.1240376969917318      ,   5.9608695163686748E-002 ,   1.3644388805009304     
   1.0671174046202383      ,  -6.5479933137011226E-002 ,   1.2339398472094227     
   1.0093750932576022      , -0.16620055027530495      ,   1.1036162944159156     
  0.95403496492311068      , -0.24481000764352695      ,  0.97598429919751772     
  0.90239942129794970      , -0.30410886996064257      ,  0.85304136147876719     
  0.85178184345128882      , -0.34709476490187574      ,  0.73627664433751827     
  0.79532613223029114      , -0.37671289195006802      ,  0.62671257737338548     
  0.72470159591525862      , -0.39569614814294074      ,  0.52496455981118595     
  0.63379234686101837      , -0.40647782964416257      ,  0.43130818574931273     
  0.52130267171524614      , -0.41115746707718875      ,  0.34574645755035577     
  0.39157095857015545      , -0.41150210621487715      ,  0.26807221390270930     
  0.25281620747684941      , -0.40896890310199524      ,  0.19792318892810590     
  0.11354022828490970      , -0.40473875859198022      ,  0.13482868670199558     
  -1.9441241794650576E-002 , -0.39975409662649936      ,   7.8247876867343358E-002
 -0.14009945612189567      , -0.39475651542952789      ,   2.7600314319150377E-002
 -0.24257294504787882      , -0.39032191242298492      ,  -1.7710416716385423E-002
 -0.32243854464640592      , -0.38689192741735651      ,  -5.8278932325788971E-002
 -0.37799596072898295      , -0.38480132170628584      ,  -9.4685166360762144E-002
 -0.41004592567761955      , -0.38430135678688487      , -0.12748546907213734     
 -0.42005668846799493      , -0.38557946906189577      , -0.15720688788408219     
 -0.40825562998367143      , -0.38877563790933228      , -0.18434394603443194     
 -0.37500777987602585      , -0.39399586905819672      , -0.20935734501658584     
 -0.32473184965350044      , -0.40132319833040991      , -0.23267411661505247     
 -0.26728731420346225      , -0.41082658358391927      , -0.25468883757681537     
 -0.21533310884829523      , -0.42256800707019559      , -0.27576559431625691     
 -0.17995611785736815      , -0.43660806267782115      , -0.29624044721241904     
 -0.16757530049633365      , -0.45301025559336150      , -0.31642419513785502     
 -0.17993374151832534      , -0.47184419680003337      , -0.33660528206910106     
 -0.21587391973792944      , -0.49318783156868379      , -0.35705272011539529     
 -0.27247008465988309      , -0.51712879917563415      , -0.37801892807114496     
 -0.34495283028858315      , -0.54376497977004823      , -0.39974240249018106     
 -0.42623485593203914      , -0.57320424278403181      , -0.42245014997122587     
 -0.50712825969552267      , -0.60556336871600913      , -0.44635981535506558     
 -0.57827564157603539      , -0.64096607180850518      , -0.47168144125200534     
 -0.63334197186159225      , -0.67954000459510544      , -0.49861879002709569     
 -0.67114976959627604      , -0.72141257642418488      , -0.52737015029433365     
 -0.69515013834921291      , -0.76670536747726248      , -0.55812853633776005     
 -0.71104407457506746      , -0.81552686917319506      , -0.59108117101442681     
 -0.72428145295709967      , -0.86796323453109814      , -0.62640812116689004     
 -0.73868650373008471      , -0.92406668383501045      , -0.66427993038313904     
 -0.75651566409049242      , -0.98384119101453216      , -0.70485406880495360     
 -0.77911437319575838      ,  -1.0472250883707017      , -0.74826999640014280     
 -0.80719434224469933      ,  -1.1140702913966432      , -0.79464261903395428     
 -0.84060202013287255      ,  -1.1841179882630797      , -0.84405391227026083     
 -0.87807876513585970      ,  -1.2569708943107780      , -0.89654250528706636     
 -0.91747183636783536      ,  -1.3320625811600497      , -0.95209106900782137     
 -0.95642244127866016      ,  -1.4086249955284553      ,  -1.0106114543405447     
 -0.99314272930724468      ,  -1.4856561204709910      ,  -1.0719276969676881     
  -1.0268330933401399      ,  -1.5618908147046162      ,  -1.1357572641826892     
  -1.0575816792516353      ,  -1.6357791596741007      ,  -1.2016912837629112     
  -1.0859250530637043      ,  -1.7054780339848252      ,  -1.2691749722667758     
  -1.1123857824564922      ,  -1.7688628873783263      ,  -1.3374900584707226     
  -1.1372188511447872      ,  -1.8235674200729917      ,  -1.4057416326856329     
  -1.1604098583713041      ,  -1.8670585584756816      ,  -1.4728524544807782     
  -1.1818116009345492      ,  -1.8967521385750084      ,  -1.5375681751794532     
  -1.2012678591551380      ,  -1.9101705150628026      ,  -1.5984769812271005     
  -1.2186447441094490      ,  -1.9051366868038477      ,  -1.6540466183546458     
  -1.2337880715948328      ,  -1.8799909029060546      ,  -1.7026804229180070     
  -1.2464714545706055      ,  -1.8338064567641899      ,  -1.7427917898376235     
  -1.2563811511794087      ,  -1.7665738233804884      ,  -1.7728935811366489     
  -1.2631414213767584      ,  -1.6793193399910480      ,  -1.7916957382361516     
  -1.2663589456944548      ,  -1.5741287994909499      ,  -1.7982014834472844     
  -1.2656653738418058      ,  -1.4540585711738296      ,  -1.7917907942460058     
  -1.2607497489937196      ,  -1.3229355864692047      ,  -1.7722800115972297     
  -1.2513836932263647      ,  -1.1850684983651558      ,  -1.7399488134297523     
  -1.2374472827655179      ,  -1.0449098261764556      ,  -1.6955300711564372     
  -1.2189635528021809      , -0.90671780055009554      ,  -1.6401634518064443     
  -1.1961455188847994      , -0.77426443399857336      ,  -1.5753188259838156     
  -1.1694504722017045      , -0.65062418559314306      ,  -1.5026994293425207     
  -1.1396209348434383      , -0.53805960856055846      ,  -1.4241365517228026     
  -1.1076728583684872      , -0.43800192017994610      ,  -1.3414871510683963     
  -1.0747808473774421      , -0.35111004356225739      ,  -1.2565436330226010     
  -1.0420279270216306      , -0.27738372851379317      ,  -1.1709618668190174     
  -1.0100521824931754      , -0.21630490680726164      ,  -1.0862101432000582     
 -0.97872325346224875      , -0.16698485479310698      ,  -1.0035388660824414     
 -0.94704629595609802      , -0.12830075441590932      , -0.92396866930221366     
 -0.91341542451590763      ,  -9.9011800828282467E-002 , -0.84829344980179178     
 -0.87612246389500692      ,  -7.7850703932708876E-002 , -0.77709439787087953     
 -0.83385069501505293      ,  -6.3590613793592488E-002 , -0.71076127246323817     
 -0.78591420002665946      ,  -5.5090083998159803E-002 , -0.64951768650273467     
 -0.73219196275843501      ,  -5.1319928652182122E-002 , -0.59344783846858606     
 -0.67290097760242118      ,  -5.1376111790610725E-002 , -0.54252281249798806     
 -0.60845181306547480      ,  -5.4482506497482014E-002 , -0.49662518528688282     
 -0.53955822531015529      ,  -5.9986771525834218E-002 , -0.45557118450738321     
 -0.46754207483592847      ,  -6.7351918144290771E-002 , -0.41913003141958882     
 -0.39457732211563606      ,  -7.6145498697450006E-002 , -0.38704037906701927     
 -0.32364665602225540      ,  -8.6027798752510112E-002 , -0.35902394463510756     
 -0.25820085253060621      ,  -9.6739974650656230E-002 , -0.33479655016284376     
 -0.20170413143388741      , -0.10809274326090544      , -0.31407684844854894     
 -0.15727228361933854      , -0.11995598579839001      , -0.29659303637498741     
 -0.12747811139169224      , -0.13224945471734162      , -0.28208785835243927     
 -0.11422557778081194      , -0.14493465480064185      , -0.27032218738771446     
 -0.11851160504215273      , -0.15800789211005009      , -0.26107744707156139     
 -0.13997404456103929      , -0.17149443591142843      , -0.25415710912940392     
 -0.17633781562230946      , -0.18544371031143450      , -0.24938747116086327     
 -0.22311716083045402      , -0.19992541770844602      , -0.24661788975310234     
 -0.27400662074038551      , -0.21502649063002746      , -0.24572061646105828     
 -0.32208396990545440      , -0.23084876878264615      , -0.24659035883437774     
 -0.36139890327864033      , -0.24750730180244249      , -0.24914366600070298     
 -0.38821141682856247      , -0.26512918355277493      , -0.25331821830752771     
 -0.40135915417524354      , -0.28385282959556735      , -0.25907208303752821     
 -0.40176825542404582      , -0.30382761469181757      , -0.26638298299531660     
 -0.39156699650038090      , -0.32521379106320952      , -0.27524761149537930     
 -0.37341830701052958      , -0.34818260996592526      , -0.28568101558953890     
 -0.35044040815297461      , -0.37291656820932029      , -0.29771605884614949     
 -0.32648565362783549      , -0.39960969688581727      , -0.31140296518496530     
 -0.30618910760662771      , -0.42846780097640164      , -0.32680893569513642     
 -0.29446706993458316      , -0.45970854475326928      , -0.34401782048743806     
 -0.29563037919473895      , -0.49356125796539929      , -0.36312981686817919     
 -0.31248833447613300      , -0.53026631045188799      , -0.38426115281641809     
 -0.34571074338499147      , -0.57007386672513005      , -0.40754370016543978     
 -0.39354436071852250      , -0.61324178576453203      , -0.43312444421807728     
 -0.45197144745950446      , -0.66003237338925247      , -0.46116471487057925     
 -0.51544327154526770      , -0.71070762410160104      , -0.49183905773979042     
 -0.57815578445479310      , -0.76552250598750449      , -0.52533359135827784     
 -0.63550583126874982      , -0.82471574748206744      , -0.56184365743896569     
 -0.68516918785497938      , -0.88849748268377926      , -0.60157052509409392     
 -0.72734714973656123      , -0.95703301110356997      , -0.64471685702333670     
 -0.76412296802291646      ,  -1.0304218440011301      , -0.69148058764199649     
 -0.79832599501038015      ,  -1.1086711689674305      , -0.74204680358594444     
 -0.83247036432954702      ,  -1.1916629079707703      , -0.79657716295425818     
 -0.86812480145210491      ,  -1.2791137317463777      , -0.85519635278332806     
 -0.90573834785922136      ,  -1.3705278083744008      , -0.91797508300500474     
 -0.94479058291167783      ,  -1.4651428133852800      , -0.98490917658624821     
 -0.98416117636699874      ,  -1.5618709377351614      ,  -1.0558944769156287     
  -1.0226099193951315      ,  -1.6592384213378226      ,  -1.1306976022292721     
  -1.0591876139651706      ,  -1.7553295920387670      ,  -1.2089230872994532     
  -1.0934222106855078      ,  -1.8477444638281029      ,  -1.2899782167765024     
  -1.1252662870593455      ,  -1.9335823784575716      ,  -1.3730379039287575     
  -1.1549084538973464      ,  -2.0094673378281551      ,  -1.4570132840711101     
  -1.1825709847975396      ,  -2.0716324741702135      ,  -1.5405291632885045     
  -1.2083727789845817      ,  -2.1160799622598705      ,  -1.6219168435451898     
  -1.2322753852926134      ,  -2.1388267571723301      ,  -1.6992297223010837     
  -1.2540839897498559      ,  -2.1362343452227091      ,  -1.7702888766971601     
  -1.2734668503990154      ,  -2.1054020599515408      ,  -1.8327639813947796     
  -1.2899778292524184      ,  -2.0445807668991480      ,  -1.8842909353405151     
  -1.3030869930742655      ,  -1.9535423966589387      ,  -1.9226215166584080     
  -1.3122242132268811      ,  -1.8338290488603362      ,  -1.9457930344686416     
  -1.3168281793565231      ,  -1.6888114028237018      ,  -1.9522989358118306     
  -1.3163865420869245      ,  -1.5235141097589926      ,  -1.9412368422279591     
  -1.3104589107023157      ,  -1.3442120210571691      ,  -1.9124105565793181     
  -1.2986869653753108      ,  -1.1578532144471796      ,  -1.8663681352799042     
  -1.2808068325157349      , -0.97140576902449882      ,  -1.8043683566136113     
  -1.2566846188366465      , -0.79124071353522030      ,  -1.7282803210774276     
  -1.2263955846485681      , -0.62264865754680543      ,  -1.6404321365977033     
  -1.1903567811447708      , -0.46954913069346166      ,  -1.5434317569348321     
  -1.1494926244847548      , -0.33440429339267902      ,  -1.4399846537350298     
  -1.1053553241162744      , -0.21830781663064763      ,  -1.3327295467317848     
  -1.0600516580373358      , -0.12119519779513725      ,  -1.2241066936955947     
  -1.0158006185033417      ,  -4.2115597683410992E-002 ,  -1.1162655197519116     
 -0.97406028261817490      ,   2.0486709436646308E-002 ,  -1.0110115465697123     
 -0.93450376226322218      ,   6.8517777469615099E-002 , -0.90978775496973741     
 -0.89454885449764410      ,  0.10402626193743578      , -0.81368293448099915     
 -0.85005310394558753      ,  0.12904874663052246      , -0.72345890814728753     
 -0.79687656433126686      ,  0.14550507020936551      , -0.63958917068628618     
 -0.73230277409466316      ,  0.15513562773870865      , -0.56230283043951657     
 -0.65564303257799994      ,  0.15947093878374241      , -0.49162931722975295     
 -0.56800321800751763      ,  0.15982416769303215      , -0.42744079806285401     
 -0.47157648672327879      ,  0.15729872395344635      , -0.36949047281843572     
 -0.36907773364223295      ,  0.15280484568268940      , -0.31744585488358845     
 -0.26374636364307918      ,  0.14708076104513482      , -0.27091679461893292     
 -0.15967390865068559      ,  0.14071543813105639      , -0.22947842460269577     
  -6.1863691636093961E-002 ,  0.13417102251796589      , -0.19268945063371956     
   2.4303605553261675E-002 ,  0.12780384748378712      , -0.16010633292912446     
   9.3974345140468055E-002 ,  0.12188343978152048      , -0.13129393972555115     
  0.14349655929696026      ,  0.11660929459036382      , -0.10583324203678925     
  0.17054558042412182      ,  0.11212541045637760      ,  -8.3326575815892520E-002
  0.17395112128757056      ,  0.10853270131855734      ,  -6.3400941043187109E-002
  0.15369703939195645      ,  0.10589946947631626      ,  -4.5709745725188280E-002
  0.11161833602513305      ,  0.10427015253733518      ,  -2.9933342086985087E-002
   5.2732794149643408E-002 ,  0.10367256371322282      ,  -1.5778645510833335E-002
  -1.4199140623848413E-002 ,  0.10412383785823971      ,  -2.9780755577153233E-003
  -7.8150264776709347E-002 ,  0.10563528140448651      ,   8.7119867305855848E-003
 -0.12872428730587715      ,  0.10821630655474181      ,   1.9513070123515407E-002
 -0.15863637849222467      ,  0.11187761099747581      ,   2.9626691293402192E-002
 -0.16444302866380381      ,  0.11663374533339807      ,   3.9236545986113792E-002
 -0.14576695359666739      ,  0.12250519210664432      ,   4.8510742915426050E-002
 -0.10413042658027089      ,  0.12952006322130361      ,   5.7604029240280456E-002
  -4.2287703898773843E-002 ,  0.13771550677706540      ,   6.6659972083182917E-002
   3.5282642568909825E-002 ,  0.14713890001021801      ,   7.5813073027227965E-002
  0.12121146241544684      ,  0.15784889200725963      ,   8.5190802334656729E-002
  0.20532999030596766      ,  0.16991634801598865      ,   9.4915547152699190E-002
  0.27700402734361779      ,  0.18342523629126711      ,  0.10510647354626416     
  0.32836174066649981      ,  0.19847348819084690      ,  0.11588130609579436     
  0.35614152334545518      ,  0.21517385232113451      ,  0.12735803123493067     
  0.36128014681357068      ,  0.23365475348327366      ,  0.13965653162546596     
  0.34706852357772106      ,  0.25406115644904970      ,  0.15290015875808619     
  0.31718673225095906      ,  0.27655542254615456      ,  0.16721724963564050     
  0.27518797277045426      ,  0.30131813284431563      ,  0.18274259076972924     
  0.22585054323813789      ,  0.32854883440907107      ,  0.19961882863850883     
  0.17643267437034960      ,  0.35846664439448767      ,  0.21799781994534886     
  0.13608283331921359      ,  0.39131061915952309      ,  0.23804190709181647     
  0.11380060855072932      ,  0.42733976025768178      ,  0.25992509369566286     
  0.11636945035939690      ,  0.46683248383084736      ,  0.28383408103491098     
  0.14715938344162455      ,  0.51008532201043177      ,  0.30996910807541045     
  0.20557428257107913      ,  0.55741055142552731      ,  0.33854451411498021     
  0.28673386188628797      ,  0.60913235169282998      ,  0.36978891269851522     
  0.38184117703202591      ,  0.66558098285394907      ,  0.40394482676344723     
  0.47977063529351632      ,  0.72708433304494668      ,  0.44126758626840140     
  0.56966109016139932      ,  0.79395602623684047      ,  0.48202322918040019     
  0.64397252375560887      ,  0.86647909879151963      ,  0.52648507335109662     
  0.70077834379735082      ,  0.94488406424180749      ,  0.57492854014299799     
  0.74362176455164453      ,   1.0293200115880103      ,  0.62762371220481183     
  0.77892708665355526      ,   1.1198172657769607      ,  0.68482500244872102     
  0.81277989388041660      ,   1.2162401498838087      ,  0.74675720953346603     
  0.84893842974617784      ,   1.3182286351005581      ,  0.81359715612049432     
  0.88865812390949916      ,   1.4251283035935616      ,  0.88545008151459337     
  0.93143439866681010      ,   1.5359092905780751      ,  0.96232003866968674     
  0.97574980994663640      ,   1.6490769691601981      ,   1.0440737963954980     
   1.0197669841382477      ,   1.7625803520093120      ,   1.1303982621456463     
   1.0619550830079885      ,   1.8737286770511576      ,   1.2207523257973252     
   1.1013965780468236      ,   1.9791323337539792      ,   1.3143153831750887     
   1.1377676398719772      ,   2.0746905761774594      ,   1.4099366878493840     
   1.1711673591420280      ,   2.1556539445227054      ,   1.5060920462594489     
   1.2018801619821986      ,   2.2167915023342668      ,   1.6008569537318578     
   1.2301305529415540      ,   2.2526884218042524      ,   1.6919075042317528     
   1.2559177590548449      ,   2.2581843870692953      ,   1.7765613825387028     
   1.2789708846251497      ,   2.2289354566246842      ,   1.8518697931255470     
   1.2987926366720288      ,   2.1620431645734275      ,   1.9147661847452768     
   1.3147383513168536      ,   2.0566529170936714      ,   1.9622686169821451     
   1.3260986581135159      ,   1.9143940614837531      ,   1.9917204286638490     
   1.3321723414502797      ,   1.7395340488428781      ,   2.0010411052933321     
   1.3323179405650620      ,   1.5387608201874197      ,   1.9889499507456627     
   1.3259760779099610      ,   1.3205875736851553      ,   1.9551235362441517     
   1.3126685657471462      ,   1.0944698721640391      ,   1.9002562817400708     
   1.2919971905736229      ,  0.86980197130440695      ,   1.8260108125278076     
   1.2636765238576031      ,  0.65498696600371087      ,   1.7348662255019947     
   1.2276387826171633      ,  0.45674402410833626      ,   1.6298915649064565     
   1.1842378870714096      ,  0.27974115223213653      ,   1.5144830970439576     
   1.1345338310485538      ,  0.12655500924438956      ,   1.3921050714225933     
   1.0805352065673903      ,  -2.1093609545281568E-003 ,   1.2660659784698975     
   1.0251361820948997      , -0.10703999294361360      ,   1.1393497488246689     
  0.97139861383982495      , -0.19008160102014149      ,   1.0145082306768012     
  0.92098753066621686      , -0.25371953242299472      ,  0.89361081724419855     
  0.87228815194659481      , -0.30073129688479561      ,  0.77824067797363217     
  0.81980383094863096      , -0.33392454246025399      ,  0.66952453904332021     
  0.75602845082638825      , -0.35596005720225277      ,  0.56818335328088643     
  0.67464283885544396      , -0.36924698732802863      ,  0.47459326396003948     
  0.57305289415794669      , -0.37589322082260024      ,  0.38884895656509771     
  0.45349622886616525      , -0.37769423707262845      ,  0.31082411065795684     
  0.32224688146201219      , -0.37614639022080093      ,  0.24022584882287670     
  0.18698489581744246      , -0.37247398388673925      ,  0.17664171537082027     
   5.4519192132870140E-002 , -0.36766269850571237      ,  0.11957883348917736     
  -6.9154240039250095E-002 , -0.36249455027626887      ,   6.8495581330194732E-002
 -0.17801860409055609      , -0.35758150586839088      ,   2.2826506073900316E-002
 -0.26671329759786450      , -0.35339622047587044      ,  -1.7998639778078043E-002
 -0.33198319650151109      , -0.35029923678836039      ,  -5.4540824849171811E-002
 -0.37314141203103318      , -0.34856251030891594      ,  -8.7341759806201569E-002
 -0.39108546332578514      , -0.34838942264384626      , -0.11691723052267909     
 -0.38646127184121026      , -0.34993159229674742      , -0.14375306250130479     
 -0.35941112803332981      , -0.35330285041969134      , -0.16830313786135651     
 -0.31252556118533104      , -0.35859075534454887      , -0.19098898192971681     
 -0.25355189759609320      , -0.36586599856871060      , -0.21220052210168877     
 -0.19439090071104345      , -0.37519002047089617      , -0.23229769598738090     
 -0.14726702440129924      , -0.38662111437854607      , -0.25161264904947012     
 -0.12091049740783349      , -0.40021925684407017      , -0.27045231471455861     
 -0.11924860997208635      , -0.41604986199587363      , -0.28910121329269922     
 -0.14263337248158242      , -0.43418661921318441      , -0.30782434099060302     
 -0.18933519532657900      , -0.45471353602796433      , -0.32687004780146445     
 -0.25587298664111952      , -0.47772627159494169      , -0.34647282392138790     
 -0.33647217380777339      , -0.50333280959024207      , -0.36685592925790400     
 -0.42256438703549937      , -0.53165348217388397      , -0.38823381009042951     
 -0.50370027025991171      , -0.56282031778690689      , -0.41081425140154459     
 -0.57057292376776170      , -0.59697564414214421      , -0.43480021307211597     
 -0.61845327506008085      , -0.63426983296738892      , -0.46039129315319621     
 -0.64833060608268112      , -0.67485802422642949      , -0.48778475182937375     
 -0.66523083827024532      , -0.71889561443919947      , -0.51717601545449898     
 -0.67533781397912918      , -0.76653223684161209      , -0.54875856116675947     
 -0.68369600288366172      , -0.81790390218311593      , -0.58272305918769784     
 -0.69361082258849449      , -0.87312291159351063      , -0.61925562236534037     
 -0.70743302114863138      , -0.93226510369459192      , -0.65853498173058778     
 -0.72726843757767090      , -0.99535396770232754      , -0.70072837453749337     
 -0.75474338571139177      ,  -1.0623411591474730      , -0.74598590049483626     
 -0.79016145309863206      ,  -1.1330830190770358      , -0.79443307761640658     
 -0.83192132034408783      ,  -1.2073128544503686      , -0.84616131890993951     
 -0.87685316414743442      ,  -1.2846090303135032      , -0.90121606603373261     
 -0.92141306102129739      ,  -1.3643594057596606      , -0.95958237131782331     
 -0.96299114860107371      ,  -1.4457233725700702      ,  -1.0211678349887090     
  -1.0005586045301595      ,  -1.5275937779192856      ,  -1.0857830039380234     
  -1.0344422018358945      ,  -1.6085623533591964      ,  -1.1531196477268890     
  -1.0655809749736176      ,  -1.6868938939161400      ,  -1.2227277695525685     
  -1.0947969630088190      ,  -1.7605161903145281      ,  -1.2939927958138346     
  -1.1224357506159484      ,  -1.8270343129837907      ,  -1.3661151039794051     
  -1.1484198745370120      ,  -1.8837787772127064      ,  -1.4380948387112886     
  -1.1725142922910812      ,  -1.9278966816365157      ,  -1.5087257139824952     
  -1.1945480830107151      ,  -1.9564922881605553      ,  -1.5766020145148025     
  -1.2144593129585186      ,  -1.9668179842404507      ,  -1.6401430354681412     
  -1.2322012416588106      ,  -1.9565078935156675      ,  -1.6976384459203631     
  -1.2476302249201563      ,  -1.9238352622592316      ,  -1.7473162883833551     
  -1.2604603839613293      ,  -1.8679631247608479      ,  -1.7874324592804500     
  -1.2702917314826587      ,  -1.7891488963989355      ,  -1.8163767754887499     
  -1.2766725114907884      ,  -1.6888613174542515      ,  -1.8327867172578691     
  -1.2791580065605028      ,  -1.5697756537403367      ,  -1.8356565804305158     
  -1.2773506554852221      ,  -1.4356308657342878      ,  -1.8244281277482193     
  -1.2709246472512636      ,  -1.2909575812169940      ,  -1.7990497282333926     
  -1.2596454709264586      ,  -1.1407118013422741      ,  -1.7599946421626305     
  -1.2433956715961587      , -0.98986866166433762      ,  -1.7082349636031091     
  -1.2222162072248302      , -0.84303727905915227      ,  -1.6451744759519611     
  -1.1963676021147598      , -0.70414998917810345      ,  -1.5725497021054149     
