  0.57388218730726592      ,   2.1229450724483714      ,   1.4655193661558268     
   1.6368529055956520      ,   2.1929852415350255      ,   1.5610585270229873     
   2.1585963097873098      ,   2.2400776937172493      ,   1.6539053462152871     
   2.4147419835371102      ,   2.2589017442634218      ,   1.7415228812149708     
   2.3807571265992435      ,   2.2447042742917840      ,   1.8210630112943438     
   2.0407453739546519      ,   2.1939089102960634      ,   1.8894909061409448     
   1.7041124051453040      ,   2.1047402225179983      ,   1.9437656688917380     
   1.6271825149107215      ,   1.9777454803439807      ,   1.9810672081207392     
   1.5400335060669301      ,   1.8160821072783706      ,   1.9990464820024860     
   1.5532247809069311      ,   1.6254624622894605      ,   1.9960649989817625     
   1.3827479214571283      ,   1.4137129629515430      ,   1.9713841858516696     
   1.2352665836534371      ,   1.1899972664110152      ,   1.9252693066812612     
  0.94977152331725601      ,  0.96384218103004549      ,   1.8589865037522069     
  0.64973620323888015      ,  0.74415591195967179      ,   1.7746919444430655     
  0.41830174825794231      ,  0.53842131673974125      ,   1.6752329415465239     
  0.31184289039602686      ,  0.35218728446955988      ,   1.5638959838847664     
  0.16225063059207051      ,  0.18889565376218667      ,   1.4441420266186100     
  0.11336369814273582      ,   5.0001978019320249E-002 ,   1.3193650556489360     
   5.3993070381804072E-002 ,  -6.4700883798565631E-002 ,   1.1926989228874905     
  -2.6757228515734244E-002 , -0.15666063759309845      ,   1.0668841267543117     
  -9.2013350472986560E-002 , -0.22813426990100699      ,  0.94419438639734021     
 -0.16689241436260735      , -0.28180797976757588      ,  0.82641469034470127     
 -0.23483771670750647      , -0.32049834109380249      ,  0.71485843581946695     
 -0.26466368189273010      , -0.34694074961631782      ,  0.61041059040920653     
 -0.26328894966257183      , -0.36365620077566646      ,  0.51358530372947420     
 -0.28281162626130030      , -0.37288048745330526      ,  0.42458891988492709     
 -0.29371062833112616      , -0.37653861886822665      ,  0.34338204425120999     
 -0.30569019333243475      , -0.37624917459232166      ,  0.26973670639260389     
 -0.30586078383030602      , -0.37334652660465156      ,  0.20328652779630416     
 -0.32070809715466037      , -0.36891220776140959      ,  0.14356912745924336     
 -0.30578551380594604      , -0.36380958762195265      ,   9.0060855130340983E-002
 -0.32051512843834701      , -0.35871823902491112      ,   4.2204439621893741E-002
 -0.32932336682209029      , -0.35416596004674755      ,  -5.6961569239652996E-004
 -0.34692505896416787      , -0.35055746826940914      ,  -3.8826978221081797E-002
 -0.35250358449948116      , -0.34819944144875398      ,  -7.3117879548269940E-002
 -0.37354398750082940      , -0.34732196114584557      , -0.10396913675487859     
 -0.37112864304796400      , -0.34809661831423416      , -0.13187907821838246     
 -0.37848228728028371      , -0.35065163044657438      , -0.15731475324318300     
 -0.38409266872389092      , -0.35508434474769440      , -0.18071090378070817     
 -0.39934971321134871      , -0.36147149037983400      , -0.20247026648446861     
 -0.41403754238697493      , -0.36987751301508459      , -0.22296485238673353     
 -0.43388691317089345      , -0.38036128702789984      , -0.24253791924495635     
 -0.45492110908615380      , -0.39298146021187508      , -0.26150640862046931     
 -0.47007192718918001      , -0.40780064560972051      , -0.28016366693359418     
 -0.49552025923594029      , -0.42488863596647064      , -0.29878230811027573     
 -0.51627907488843050      , -0.44432477860534586      , -0.31761710598075332     
 -0.54719587151088278      , -0.46619961183729980      , -0.33690782818834025     
 -0.57451069143304168      , -0.49061582772856122      , -0.35688194075595159     
 -0.61376530721383504      , -0.51768858938690709      , -0.37775712423213165     
 -0.63781190847919744      , -0.54754519301577265      , -0.39974354894277481     
 -0.67573961065817401      , -0.58032402491292434      , -0.42304585861538374     
 -0.70207786622157364      , -0.61617272046811900      , -0.44786480869756806     
 -0.74260327397492776      , -0.65524538527947807      , -0.47439849813077212     
 -0.77934326504397555      , -0.69769868729453444      , -0.50284312115890861     
 -0.83375874810697659      , -0.74368657348523226      , -0.53339314892254241     
 -0.88472322806446280      , -0.79335330605295495      , -0.56624082914757556     
 -0.94588002830034212      , -0.84682445416439756      , -0.60157486641105617     
  -1.0071209531711969      , -0.90419542278911047      , -0.63957811587315860     
  -1.0726061580843200      , -0.96551705894731876      , -0.68042409129601356     
  -1.1403710368906099      ,  -1.0307778612015503      , -0.72427205599499500     
  -1.2113332049704193      ,  -1.0998823509037625      , -0.77126043706710912     
  -1.2873589390887896      ,  -1.1726252724491224      , -0.82149828508863920     
  -1.3602203893366804      ,  -1.2486615134322572      , -0.87505450283288311     
  -1.4407970816190603      ,  -1.3274720230237296      , -0.93194460068929952     
  -1.5153028278541227      ,  -1.4083266142620134      , -0.99211482113025040     
  -1.5983822739986238      ,  -1.4902454189606513      ,  -1.0554236320282695     
  -1.6752796856498766      ,  -1.5719619618454443      ,  -1.1216208443547895     
  -1.7593448791247206      ,  -1.6518923291820697      ,  -1.1903249890188543     
  -1.8332563788329987      ,  -1.7281166388091584      ,  -1.2610001085055818     
  -1.9081078589993310      ,  -1.7983807511966154      ,  -1.3329337815139992     
  -1.9671200637981892      ,  -1.8601274883067285      ,  -1.4052189689836077     
  -2.0186903240388254      ,  -1.9105669316404634      ,  -1.4767430611370855     
  -2.0510353424364558      ,  -1.9467938643396794      ,  -1.5461881616983577     
  -2.0698654656452655      ,  -1.9659562972366709      ,  -1.6120469374818855     
  -2.0659322210007858      ,  -1.9654717519920386      ,  -1.6726580056065574     
  -2.0420218584168630      ,  -1.9432777608327523      ,  -1.7262635486630262     
  -1.9918378638125021      ,  -1.8980912374186156      ,  -1.7710894706649931     
  -1.9160113822387745      ,  -1.8296406962393050      ,  -1.8054450031124267     
  -1.8131876708843488      ,  -1.7388294866500131      ,  -1.8278346624583925     
  -1.6857848914542897      ,  -1.6277909378168240      ,  -1.8370716452890137     
  -1.5375518700507915      ,  -1.4998095542228083      ,  -1.8323791687938058     
  -1.3734647929452146      ,  -1.3591048903602743      ,  -1.8134659116009328     
  -1.2017086803337567      ,  -1.2105014823689850      ,  -1.7805641330966038     
  -1.0282000226109365      ,  -1.0590317642324893      ,  -1.7344240464755345     
 -0.86273073485982066      , -0.90953204853726333      ,  -1.6762645840380972     
 -0.70982102210973708      , -0.76629045839720311      ,  -1.6076872838821734     
 -0.57640099822207214      , -0.63279111119684861      ,  -1.5305650890616394     
 -0.46193706499376724      , -0.51157614327258938      ,  -1.4469203331926654     
 -0.36777873730581040      , -0.40422348056081997      ,  -1.3588058440310067     
 -0.28933038969299518      , -0.31141976406450217      ,  -1.2682004526181798     
 -0.22543034166997744      , -0.23309778801163680      ,  -1.1769262441082506     
 -0.17219425973384395      , -0.16860623877588951      ,  -1.0865906987991416     
 -0.12913524693177320      , -0.11688420726929609      , -0.99855328422125944     
  -9.4237749709689331E-002 ,  -7.6620826960369842E-002 , -0.91391352682143312     
  -6.7825404724253441E-002 ,  -4.6388750188870759E-002 , -0.83351620498294843     
  -4.8849031293102974E-002 ,  -2.4747247274474339E-002 , -0.75796889974055193     
  -3.7342912210479251E-002 ,  -1.0315729998428632E-002 , -0.68766743138630215     
  -3.2057434535362445E-002 ,  -1.8214478280048640E-003 , -0.62282540323619306     
  -3.1933194332101955E-002 ,   1.8736213420180853E-003 , -0.56350492439458066     
  -3.5265425335724368E-002 ,   1.7615356216361129E-003 , -0.50964642339749555     
  -4.0663025895288300E-002 ,  -1.3118115952818158E-003 , -0.46109619835676158     
  -4.7253690087334724E-002 ,  -6.6396574477651698E-003 , -0.41763093670120399     
  -5.4536299873949770E-002 ,  -1.3643028666461270E-002 , -0.37897887546563841     
  -6.2955902990051785E-002 ,  -2.1857230537399887E-002 , -0.34483757807297111     
  -7.2466349839739583E-002 ,  -3.0917647516997382E-002 , -0.31488850072089442     
  -8.3570089833715430E-002 ,  -4.0545828998756465E-002 , -0.28880863680281205     
  -9.5570251004870405E-002 ,  -5.0536458215814865E-002 , -0.26627958437632082     
 -0.10854219544269264      ,  -6.0745535952676205E-002 , -0.24699439830948178     
 -0.12148534400198235      ,  -7.1079928829461902E-002 , -0.23066257968419340     
 -0.13470573492476043      ,  -8.1488312368645233E-002 , -0.21701353068754367     
 -0.14754706563436187      ,  -9.1953464011745173E-002 , -0.20579877078846398     
 -0.16045596817487140      , -0.10248581711414667      , -0.19679317430099824     
 -0.17273269389666460      , -0.11311816375377477      , -0.18979545356896593     
 -0.18453464608764611      , -0.12390138486828309      , -0.18462807785078555     
 -0.19514706142279376      , -0.13490108585741281      , -0.18113678659492613     
 -0.20477678296554366      , -0.14619502096295234      , -0.17918982768631697     
 -0.21329771227828281      , -0.15787119815256992      , -0.17867702656820605     
 -0.22133847384861929      , -0.17002656630521587      , -0.17950877083502106     
 -0.22939134685091458      , -0.18276619714175962      , -0.18161497674609636     
 -0.23815283104109020      , -0.19620288481528092      , -0.18494408884528565     
 -0.24824783681850188      , -0.21045709584136973      , -0.18946215116338330     
 -0.25998654311137565      , -0.22565721072115474      , -0.19515197798646983     
 -0.27389623576775923      , -0.24194000588268194      , -0.20201244354666020     
 -0.28988793091328485      , -0.25945133017162558      , -0.21005790288735099     
 -0.30838226627534499      , -0.27834693379168085      , -0.21931775023200070     
 -0.32895140176327942      , -0.29879340902458551      , -0.22983611610438576     
 -0.35189709220586607      , -0.32096920087564484      , -0.24167169986552495     
 -0.37662477660215132      , -0.34506564151254326      , -0.25489772989084503     
 -0.40356277780441713      , -0.37128795436713680      , -0.26960203892761031     
 -0.43243798004702821      , -0.39985616123761175      , -0.28588723682235340     
 -0.46410847893684604      , -0.43100580761439661      , -0.30387095630563832     
 -0.49878192241311931      , -0.46498839643186035      , -0.32368613929883611     
 -0.53746285352435874      , -0.50207138687697239      , -0.34548132058916198     
 -0.58038124085455078      , -0.54253757078717313      , -0.36942085189663620     
 -0.62808897632286709      , -0.58668358224765382      , -0.39568499136519159     
 -0.68050444540053112      , -0.63481722373640304      , -0.42446976021377292     
 -0.73762519421976069      , -0.68725320205339335      , -0.45598643837758396     
 -0.79925404690288049      , -0.74430675725310036      , -0.49046053302116105     
 -0.86515538405157288      , -0.80628453708180048      , -0.52813000635325302     
 -0.93534486835733310      , -0.87347191981658512      , -0.56924249093951840     
  -1.0096217681070707      , -0.94611582648685610      , -0.61405115097201413     
  -1.0883510613730896      ,  -1.0244019038421510      , -0.66280876718600912     
  -1.1714436531798131      ,  -1.1084248294944457      , -0.71575953398672687     
  -1.2594385563620074      ,  -1.1981504370039850      , -0.77312796625371349     
  -1.3520457643293433      ,  -1.2933684551491871      , -0.83510423251032928     
  -1.4493423543490709      ,  -1.3936350120537007      , -0.90182518174023896     
  -1.5502136754188311      ,  -1.4982048238685792      , -0.97335034643113805     
  -1.6536731312821171      ,  -1.6059543643073384      ,  -1.0496323335922244     
  -1.7575985583342744      ,  -1.7152995155211928      ,  -1.1304813258783022     
  -1.8600306860090572      ,  -1.8241144286973070      ,  -1.2155239907546520     
  -1.9582337039264461      ,  -1.9296626473165661      ,  -1.3041580287422825     
  -2.0495879429672135      ,  -2.0285567510694142      ,  -1.3955049591156097     
  -2.1308234405941771      ,  -2.1167681279727408      ,  -1.4883655626288721     
  -2.1983994606410193      ,  -2.1897124730225968      ,  -1.5811845732323351     
  -2.2480603843427156      ,  -2.2424368401855683      ,  -1.6720334281675850     
  -2.2750798529215790      ,  -2.2699274515027903      ,  -1.7586215675428791     
  -2.2744648258229065      ,  -2.2675410704442771      ,  -1.8383470568267553     
  -2.2414881738398580      ,  -2.2315354793862863      ,  -1.9083951718011813     
  -2.1725501239153555      ,  -2.1596393728573404      ,  -1.9658881976733313     
  -2.0658919180599078      ,  -2.0515673608482117      ,  -2.0080809159886481     
  -1.9224461148425922      ,  -1.9093654042820782      ,  -2.0325851947350984     
  -1.7459061331521886      ,  -1.7374802521795818      ,  -2.0375963442642169     
  -1.5427045027251134      ,  -1.5424908645419049      ,  -2.0220870557072868     
  -1.3213187409535467      ,  -1.3325138890316865      ,  -1.9859351503616736     
  -1.0919450289389909      ,  -1.1163770895205816      ,  -1.9299604824015189     
 -0.86566705731433735      , -0.90271463970216792      ,  -1.8558625427495614     
 -0.65354438766594558      , -0.69915333805288005      ,  -1.7660691607004873     
 -0.46472094247672974      , -0.51172455627362157      ,  -1.6635226118661581     
 -0.30449787718420712      , -0.34456902251457822      ,  -1.5514380456062040     
 -0.17297418712163701      , -0.19992742058226354      ,  -1.4330689555593126     
  -6.6112805570192265E-002 ,  -7.8353635495356427E-002 ,  -1.3115070018535810     
   2.1463529956935040E-002 ,   2.0938678205007655E-002 ,  -1.1895322925370455     
   9.3786608324374771E-002 ,   9.9683331970804839E-002 ,  -1.0695188846258392     
  0.15274936998719330      ,  0.16018938887226788      , -0.95339135265482711     
  0.19891130455270389      ,  0.20502955102225520      , -0.84262287340932207     
  0.23250435691893093      ,  0.23680505324691808      , -0.73826321303702513     
  0.25391714934906728      ,  0.25798571518553559      , -0.64098540203572851     
  0.26403125710424552      ,  0.27081406721431378      , -0.55114169936627055     
  0.26461250253782287      ,  0.27725876812910116      , -0.46882179683512121     
  0.25820179608623922      ,  0.27900274777112255      , -0.39390850780487019     
  0.24778826068157161      ,  0.27745373025931797      , -0.32612810965688144     
  0.23631803442234231      ,  0.27376767687771925      , -0.26509396378805872     
  0.22606366651225271      ,  0.26887844999022875      , -0.21034304104239709     
  0.21794396507678662      ,  0.26352928555378896      , -0.16136561312245876     
  0.21162560126883939      ,  0.25830338361003830      , -0.11762872548202521     
  0.20613506327473780      ,  0.25365213339961845      ,  -7.8594230329419618E-002
  0.20068422124835056      ,  0.24992028571985089      ,  -4.3732198406493103E-002
  0.19517604110371192      ,  0.24736787928073103      ,  -1.2530495478973122E-002
  0.19035250142667565      ,  0.24618901419420672      ,   1.5498761649762946E-002
  0.18725795615104515      ,  0.24652771658972086      ,   4.0815242249198726E-002
  0.18663212368326612      ,  0.24849120507191619      ,   6.3848395057936713E-002
  0.18865001945033855      ,  0.25216088680275600      ,   8.4996947291091016E-002
  0.19318792203598334      ,  0.25760140041147883      ,  0.10462953672164868     
  0.20017459879522545      ,  0.26486799812752337      ,  0.12308617297080882     
  0.20983416973443147      ,  0.27401252828755540      ,  0.14068028317307485     
  0.22261002802160093      ,  0.28508824596383264      ,  0.15770114704959190     
  0.23887807100580338      ,  0.29815364605313538      ,  0.17441656789863064     
  0.25868210026241339      ,  0.31327548066923111      ,  0.19107565995241765     
  0.28162556465991467      ,  0.33053109129916319      ,  0.20791165978693618     
  0.30704589234961849      ,  0.35001015569947541      ,  0.22514469075587282     
  0.33430964074152492      ,  0.37181591944846470      ,  0.24298442539145085     
  0.36311696626499840      ,  0.39606595177792658      ,  0.26163260189036275     
  0.39354504827550812      ,  0.42289243397840254      ,  0.28128535757025835     
  0.42600182776087697      ,  0.45244195537173576      ,  0.30213534479742682     
  0.46102108671325021      ,  0.48487475552864823      ,  0.32437359347328226     
  0.49914524047627662      ,  0.52036331095555033      ,  0.34819107871969512     
  0.54083519342432784      ,  0.55909011875466963      ,  0.37377994279216353     
  0.58653727280529155      ,  0.60124447776365575      ,  0.40133430624077332     
  0.63663569881159843      ,  0.64701800872700355      ,  0.43105058462564538     
  0.69139619599240276      ,  0.69659858914627970      ,  0.46312720335904639     
  0.75084530553282391      ,  0.75016230682968776      ,  0.49776357426593426     
  0.81473495066526491      ,  0.80786296208517894      ,  0.53515816326300703     
  0.88258567445944913      ,  0.86981857845954313      ,  0.57550543970562862     
  0.95387423853431941      ,  0.93609432723212493      ,  0.61899145589766924     
   1.0282501753479991      ,   1.0066812497723858      ,  0.66578776291098896     
   1.1056447658820292      ,   1.0814702020791576      ,  0.71604333133576936     
   1.1862338200218940      ,   1.1602205871984252      ,  0.76987412117325282     
   1.2702141127531019      ,   1.2425237379106899      ,  0.82734994640491488     
   1.3575468600454028      ,   1.3277613327337383      ,  0.88847832494687062     
   1.4477020687237718      ,   1.4150600519922343      ,  0.95318511823163443     
   1.5395912193525569      ,   1.5032448850857092      ,   1.0212919774044968     
   1.6315868360734265      ,   1.5907951368249806      ,   1.0924909602993793     
   1.7216796152739955      ,   1.6758092336481305      ,   1.1663171991790231     
   1.8075764192449579      ,   1.7559867539213359      ,   1.2421212063624751     
   1.8868009253855555      ,   1.8286383484215454      ,   1.3190432973004009     
   1.9566954215363788      ,   1.8907357477549998      ,   1.3959936298273332     
   2.0144252450028555      ,   1.9390139414672936      ,   1.4716423658616045     
   2.0569375086150523      ,   1.9701347168167749      ,   1.5444252179966029     
   2.0809906935978422      ,   1.9809139931688384      ,   1.6125698074137198     
   2.0832531680238975      ,   1.9686042965658759      ,   1.6741474332865141     
   2.0605510742012862      ,   1.9312090665239734      ,   1.7271526879999526     
   2.0102562315722809      ,   1.8677898948641325      ,   1.7696097139064220     
   1.9307871423192116      ,   1.7787157727778797      ,   1.7996990584772179     
   1.8220988961526929      ,   1.6658004180897077      ,   1.8158938485468463     
   1.6860330122439142      ,   1.5322841264031259      ,   1.8170896522382194     
   1.5264523648681734      ,   1.3826410816817760      ,   1.8027103842661085     
   1.3491649604190958      ,   1.2222271300857113      ,   1.7727740487535097     
   1.1616874690432624      ,   1.0568173954948450      ,   1.7279072363722550     
  0.97278384609884272      ,  0.89210699497372936      ,   1.6693051785598141     
  0.79162757771360315      ,  0.73325371885859658      ,   1.5986429288824242     
  0.62646105200325009      ,  0.58452759738698601      ,   1.5179506812892458     
  0.48300090113712657      ,  0.44910440619877645      ,   1.4294706036630744     
  0.36328583299513495      ,  0.32900804302432490      ,   1.3355131575457599     
  0.26579127491477472      ,  0.22517975761350253      ,   1.2383281301111788     
  0.18685588235787315      ,  0.13763619500143201      ,   1.1400007631493552     
  0.12250666878359537      ,   6.5674125912785541E-002 ,   1.0423779110055031     
   6.9616381212909556E-002 ,   8.0849226673441309E-003 ,  0.94702432864755492     
   2.6139721612863841E-002 ,  -3.6647959318350160E-002 ,  0.85520570116662220     
  -9.0950970533695136E-003 ,  -7.0183985503209742E-002 ,  0.76789306686827385     
  -3.6614570130405685E-002 ,  -9.4198889559875751E-002 ,  0.68578266487044659     
  -5.6623752372440661E-002 , -0.11029539148430681      ,  0.60932557376670549     
  -6.9486956552247237E-002 , -0.11994634888404937      ,  0.53876239312829344     
  -7.6114983472370085E-002 , -0.12446374781749646      ,  0.47415931772987213     
  -7.8056573955482975E-002 , -0.12498684092459350      ,  0.41544303521539272     
  -7.7262378296167722E-002 , -0.12248351306069007      ,  0.36243281295299978     
  -7.5551686455967507E-002 , -0.11776008759970902      ,  0.31486887817539688     
  -7.4033799609096659E-002 , -0.11147595722127562      ,  0.27243673610220331     
  -7.2892512709421931E-002 , -0.10416046098667439      ,  0.23478743889501760     
  -7.1648729294118502E-002 ,  -9.6230268745729916E-002 ,  0.20155404923322520     
  -6.9666976041196982E-002 ,  -8.8006169680094323E-002 ,  0.17236467135236386     
  -6.6604670058432083E-002 ,  -7.9728619465646910E-002 ,  0.14685248014890553     
  -6.2587886839976695E-002 ,  -7.1571715908854167E-002 ,  0.12466318963701144     
  -5.8022962652085772E-002 ,  -6.3655481380319207E-002 ,  0.10546038361411331     
  -5.3235108016817016E-002 ,  -5.6056462123818873E-002 ,   8.8929096525659293E-002
  -4.8263336728531128E-002 ,  -4.8816733180471229E-002 ,   7.4777989758615271E-002
  -4.2960183052327960E-002 ,  -4.1951440676735785E-002 ,   6.2740423449201291E-002
  -3.7262605381277028E-002 ,  -3.5455032936478358E-002 ,   5.2574679744355923E-002
  -3.1410424686073045E-002 ,  -2.9306336777311121E-002 ,   4.4063552248866676E-002
  -2.5943618931795552E-002 ,  -2.3472631137315080E-002 ,   3.7013479116549064E-002
  -2.1486556725700538E-002 ,  -1.7912860613176592E-002 ,   3.1253364298961861E-002
  -1.8467548675696228E-002 ,  -1.2580119031930273E-002 ,   2.6633202873642056E-002
  -1.6931709807308081E-002 ,  -7.4235194168164684E-003 ,   2.3022601941961349E-002
  -1.6524638884464551E-002 ,  -2.3895526643297050E-003 ,   2.0309267999732566E-002
  -1.6631317884425834E-002 ,   2.5769764294678002E-003 ,   1.8397514567913990E-002
  -1.6574488390604918E-002 ,   7.5323600723385788E-003 ,   1.7206829832404586E-002
  -1.5767779604643834E-002 ,   1.2533681512562971E-002 ,   1.6670532691262046E-002
  -1.3786556724461269E-002 ,   1.7638739228033853E-002 ,   1.6734536573687991E-002
  -1.0374186288595683E-002 ,   2.2906157954650883E-002 ,   1.7356233333978746E-002
  -5.4353659108689585E-003 ,   2.8395651775810059E-002 ,   1.8503504123173291E-002
   9.4211772353840076E-004 ,   3.4168411947193139E-002 ,   2.0153860122593532E-002
   8.4493101798589470E-003 ,   4.0287598573695890E-002 ,   2.2293713141477826E-002
   1.6581982176877928E-002 ,   4.6818920772964574E-002 ,   2.4917774122068557E-002
   2.4771804709725617E-002 ,   5.3831294641373525E-002 ,   2.8028576376258642E-002
   3.2594729363651632E-002 ,   6.1397572269541886E-002 ,   3.1636119741692989E-002
   3.9967657965814980E-002 ,   6.9595338313741359E-002 ,   3.5757631659391192E-002
   4.7235558027543950E-002 ,   7.8507773281989768E-002 ,   4.0417441327286856E-002
   5.5085910891082238E-002 ,   8.8224584786854909E-002 ,   4.5646963479192816E-002
   6.4330023294115107E-002 ,   9.8843009576148722E-002 ,   5.1484788894276025E-002
   7.5657902679465663E-002 ,  0.11046889017470396      ,   5.7976879384914290E-002
   8.9469330245390929E-002 ,  0.12321783041693192      ,   6.5176865672310277E-002
  0.10582407162679276      ,  0.13721643393795990      ,   7.3146447170941875E-002
  0.12449679025841301      ,  0.15260362868110805      ,   8.1955893190802181E-002
  0.14508979218588114      ,  0.16953207845828508      ,   9.1684645344361937E-002
  0.16715728309210434      ,  0.18816967925929715      ,  0.10242202090719046     
  0.19032278737157879      ,  0.20870113291326453      ,  0.11426801639108988     
  0.21438836932295027      ,  0.23132958326445305      ,  0.12733420946757795     
  0.23944037862725664      ,  0.25627828942655712      ,  0.14174475538966241     
  0.26592237934724722      ,  0.28379229583655963      ,  0.15763747088302618     
  0.29462883077602248      ,  0.31414003829503662      ,  0.17516499368889293     
  0.32658360854137453      ,  0.34761479704822135      ,  0.19449599897351566     
  0.36282734167431041      ,  0.38453586975492132      ,  0.21581644392278115     
  0.40417767189038012      ,  0.42524928569696840      ,  0.23933079802753432     
  0.45105633660144129      ,  0.47012781380497676      ,  0.26526319755009375     
  0.50345082974853750      ,  0.51956992601299135      ,  0.29385843679191381     
  0.56102707567178511      ,  0.57399725820589576      ,  0.32538267396696935     
  0.62334030912291394      ,  0.63384995688781476      ,  0.36012368314484444     
  0.69006508020678559      ,  0.69957910375106158      ,  0.39839042277848546     
  0.76117081188913338      ,  0.77163516659707754      ,  0.44051161226904401     
  0.83700374208264317      ,  0.85045113084173762      ,  0.48683290717601213     
  0.91826370473581820      ,  0.93641862573563228      ,  0.53771213779833738     
   1.0058720624837134      ,   1.0298549921469877      ,  0.59351192318830193     
   1.1007356628695917      ,   1.1309588877514196      ,  0.65458879492291688     
   1.2034394584731269      ,   1.2397517747754763      ,  0.72127777049431474     
   1.3139481441205330      ,   1.3560026313389530      ,  0.79387112490455902     
   1.4314128141917162      ,   1.4791337050455708      ,  0.87258995955215146     
   1.5541585460225151      ,   1.6081064368808913      ,  0.95754712642466444     
   1.6798533232694048      ,   1.7412893019177593      ,   1.0487002384026967     
   1.8057795696226304      ,   1.8763138155898438      ,   1.1457940364240928     
   1.9290657439056760      ,   2.0099318942507094      ,   1.2482924930836636     
   2.0467473548377746      ,   2.1378973961878445      ,   1.3553029398616954     
   2.1555943346210809      ,   2.2549064777318151      ,   1.4654974099608737     
   2.2517594755323715      ,   2.3546433513064033      ,   1.5770403371301229     
   2.3304095030270999      ,   2.4299858367995242      ,   1.6875364451886767     
   2.3855637942325671      ,   2.4734218891438644      ,   1.7940172231606923     
   2.4103315970594399      ,   2.4777056673536721      ,   1.8929871604190438     
   2.3976250268660841      ,   2.4367331707699966      ,   1.9805495722426576     
   2.3412837590303295      ,   2.3465443731214122      ,   2.0526239233744605     
   2.2374146369545542      ,   2.2062768910334571      ,   2.1052507294668348     
   2.0855864429706168      ,   2.0188375363135775      ,   2.1349578202379615     
   1.8893794635391499      ,   1.7910618331619277      ,   2.1391383069182974     
   1.6559831082287002      ,   1.5332228917328097      ,   2.1163745456471621     
   1.3952150753208576      ,   1.2579174386146803      ,   2.0666422782241312     
   1.1187776558394755      ,  0.97854134297999718      ,   1.9913488137310020     
  0.83996929493875028      ,  0.70769136313762082      ,   1.8931943560315410     
  0.57317580659588085      ,  0.45583824664640421      ,   1.7758848688803412     
  0.33236251651018228      ,  0.23050927023430751      ,   1.6437546594339536     
  0.12798769702493457      ,   3.6050505143438528E-002 ,   1.5013681551015559     
  -3.6894650040418774E-002 , -0.12611607209068093      ,   1.3531623917873992     
 -0.16754081142838062      , -0.25691646736808738      ,   1.2031709132144586     
 -0.27320556205237501      , -0.35892099368569275      ,   1.0548452921163320     
 -0.36136070223127781      , -0.43566570606659138      ,  0.91096991287466522     
 -0.43497295796914520      , -0.49109073009665027      ,  0.77365276665340721     
 -0.49382540719524565      , -0.52913030916021508      ,  0.64436993400604248     
 -0.53728480741714091      , -0.55344944453988010      ,  0.52404215255857545     
 -0.56535194477776884      , -0.56730092427670731      ,  0.41312580382037600     
 -0.57896920588130629      , -0.57347008422848955      ,  0.31170564749703555     
 -0.58091441214722173      , -0.57427697668179878      ,  0.21958131569322537     
 -0.57553814322260399      , -0.57161183544461391      ,  0.13634331255018414     
 -0.56740855939923973      , -0.56698665329823184      ,   6.1436906494710515E-002
 -0.56069834137694052      , -0.56159171937918373      ,  -5.7860203865394491E-003
 -0.55858101212111810      , -0.55635054902165548      ,  -6.6026161440253139E-002
 -0.56202232247986728      , -0.55196980285759600      , -0.12000557659049557     
 -0.56969737474173587      , -0.54898280315761561      , -0.16844453580434451     
 -0.57938425087906076      , -0.54778643087851842      , -0.21204493240616626     
 -0.58925687082100020      , -0.54867180518917957      , -0.25147893945101157     
 -0.59866014441746063      , -0.55184942003972071      , -0.28738176978518815     
 -0.60847143350256971      , -0.55746948611134617      , -0.32034758760914694     
 -0.62035450139204207      , -0.56563819546380900      , -0.35092779030212551     
 -0.63531735116449362      , -0.57643054706452279      , -0.37963102752785310     
 -0.65315322117559427      , -0.58990027587016369      , -0.40692444907360542     
 -0.67296777301746491      , -0.60608733244994850      , -0.43323577496980942     
 -0.69395208523679353      , -0.62502327145361625      , -0.45895586375767139     
 -0.71598023910315012      , -0.64673482781757508      , -0.48444152011735980     
 -0.73965719242054240      , -0.67124588940194041      , -0.51001833407320762     
 -0.76581618233094118      , -0.69857801281065290      , -0.53598338297267722     
 -0.79499002324094459      , -0.72874957445346822      , -0.56260765637729260     
 -0.82715994448537977      , -0.76177360083665890      , -0.59013808461061679     
 -0.86186948575133115      , -0.79765428065106081      , -0.61879906548882424     
 -0.89867574517874416      , -0.83638212735544426      , -0.64879339212775489     
 -0.93752760887455400      , -0.87792773658273071      , -0.68030248910997815     
 -0.97876544377041441      , -0.92223407105529098      , -0.71348586628439714     
  -1.0229155283417197      , -0.96920721151846778      , -0.74847970091958682     
  -1.0704287308120859      ,  -1.0187055419305131      , -0.78539446213172392     
  -1.1213538960984615      ,  -1.0705273990196120      , -0.82431149933192061     
  -1.1752267959524354      ,  -1.1243973202013882      , -0.86527853247538133     
  -1.2312952743866987      ,  -1.1799511806106666      , -0.90830401053099619     
  -1.2887334450145429      ,  -1.2367207301277516      , -0.95335035097060483     
  -1.3466992910272964      ,  -1.2941183324021865      ,  -1.0003261428697443     
  -1.4043303673306089      ,  -1.3514230708375985      ,  -1.0490774950421622     
  -1.4606553630165373      ,  -1.4077698097463391      ,  -1.0993788430539364     
  -1.5144924142180469      ,  -1.4621432513207209      ,  -1.1509236968342043     
  -1.5645011955816650      ,  -1.5133794522476787      ,  -1.2033160107705185     
  -1.6093291379988803      ,  -1.5601775654106953      ,  -1.2560630796131806     
  -1.6476915070526361      ,  -1.6011246243680743      ,  -1.3085710842048905     
  -1.6783411773058410      ,  -1.6347358360637099      ,  -1.3601445955361895     
  -1.6999792476800675      ,  -1.6595119318158782      ,  -1.4099914444430315     
  -1.7111913096262017      ,  -1.6740135290221811      ,  -1.4572343171030444     
  -1.7105074781287604      ,  -1.6769501584963395      ,  -1.5009301808173732     
  -1.6965866621493948      ,  -1.6672787674971616      ,  -1.5400981306903612     
  -1.6684557056988778      ,  -1.6443034919369328      ,  -1.5737554593945751     
  -1.6257205588462826      ,  -1.6077659040101648      ,  -1.6009607280829263     
  -1.5686708077288209      ,  -1.5579135285661139      ,  -1.6208614663653091     
  -1.4982760124980836      ,  -1.4955348932514001      ,  -1.6327430334951276     
  -1.4161457595857270      ,  -1.4219521617279289      ,  -1.6360743587605571     
  -1.3244771414101719      ,  -1.3389674036710908      ,  -1.6305459717501778     
  -1.2259740161287020      ,  -1.2487650483012311      ,  -1.6160960912620492     
  -1.1237258820995992      ,  -1.1537797725597216      ,  -1.5929215969596866     
  -1.0210109794649642      ,  -1.0565444878607058      ,  -1.5614723340519292     
 -0.92100363473165736      , -0.95953593668434656      ,  -1.5224291288345679     
 -0.82644189452078010      , -0.86503506073693992      ,  -1.4766677720079291     
 -0.73935147198872675      , -0.77501596540308193      ,  -1.4252127180413876     
 -0.66090279488023784      , -0.69107193118611820      ,  -1.3691851115140485     
 -0.59144789122748331      , -0.61438085835291323      ,  -1.3097498964083438     
 -0.53071906058754348      , -0.54570708471447615      ,  -1.2480662595137457     
 -0.47810051909017215      , -0.48543260907053182      ,  -1.1852446890097597     
 -0.43287552660612666      , -0.43360875900124374      ,  -1.1223127313895014     
 -0.39439338625567572      , -0.39001913247825576      ,  -1.0601903307828902     
 -0.36213850152677107      , -0.35424575937535829      , -0.99967460534226515     
 -0.33571872798797048      , -0.32573229227028422      , -0.94143315192369736     
 -0.31480866958202164      , -0.30384011645547843      , -0.88600449845689855     
 -0.29908297040723797      , -0.28789518263124692      , -0.83380411625177198     
 -0.28816892143160355      , -0.27722489743748402      , -0.78513440532441636     
 -0.28163769934945859      , -0.27118548665555725      , -0.74019720831002611     
 -0.27903342306335482      , -0.26918090226847574      , -0.69910763092864081     
 -0.27992329070647887      , -0.27067465841662991      , -0.66190819981108051     
 -0.28394376265729437      , -0.27519604925744096      , -0.62858263694646577     
 -0.29081888864616889      , -0.28234211350831079      , -0.59906875283833150     
 -0.30034283049135913      , -0.29177653783712260      , -0.57327014725614533     
 -0.31234110340116916      , -0.30322648557970211      , -0.55106655451075470     
 -0.32663448444161397      , -0.31647813139018632      , -0.53232278152552437     
 -0.34302319266251546      , -0.33137149483996187      , -0.51689626622335638     
 -0.36129576451591744      , -0.34779500501769461      , -0.50464333648177084     
 -0.38125109405297813      , -0.36568009573819377      , -0.49542428169247349     
 -0.40271583947671230      , -0.38499602525408183      , -0.48910736481874190     
 -0.42554840215341733      , -0.40574503181382809      , -0.48557190700941305     
 -0.44963378229883694      , -0.42795787285999853      , -0.48471057270616202     
 -0.47487914527091241      , -0.45168974702394493      , -0.48643097339798735     
 -0.50121927051184523      , -0.47701656066061776      , -0.49065669468592232     
 -0.52863290827597420      , -0.50403147131716031      , -0.49732783551610799     
 -0.55716211036051033      , -0.53284161661660823      , -0.50640113126787600     
 -0.58692404074753668      , -0.56356491644376672      , -0.51784971444532857     
 -0.61810933510225952      , -0.59632681739133375      , -0.53166254835454352     
 -0.65096632672045307      , -0.63125682995497168      , -0.54784355050508726     
 -0.68577560712865582      , -0.66848469021474177      , -0.56641040358499717     
 -0.72282158573044608      , -0.70813595849571220      , -0.58739303269851206     
 -0.76236585634011822      , -0.75032684820996909      , -0.61083170811569854     
 -0.80462415740080528      , -0.79515806005460743      , -0.63677471314776146     
 -0.84974761077300831      , -0.84270738243510879      , -0.66527549721122536     
 -0.89780858900665172      , -0.89302081239096343      , -0.69638921528000819     
 -0.94879208605372389      , -0.94610195840523448      , -0.73016853783086644     
  -1.0025938565454295      ,  -1.0018995157737431      , -0.76665860183091661     
  -1.0590238961719471      ,  -1.0602926681694629      , -0.80589096597885568     
  -1.1178103634553671      ,  -1.1210743804092265      , -0.84787643615008990     
  -1.1785973103582568      ,  -1.1839327250420781      , -0.89259664507869874     
  -1.2409310532710123      ,  -1.2484306490633519      , -0.93999431056875693     
  -1.3042342421344062      ,  -1.3139849560736494      , -0.98996216730446873     
  -1.3677731961739068      ,  -1.3798457674096958      ,  -1.0423306780223585     
  -1.4306280571344563      ,  -1.4450783338110693      ,  -1.0968547897873986     
  -1.4916751892000595      ,  -1.5085497731547308      ,  -1.1532002176860552     
  -1.5495873045793851      ,  -1.5689240468697017      ,  -1.2109300134128256     
  -1.6028516812428104      ,  -1.6246691407812124      ,  -1.2694925020919510     
  -1.6498027822194870      ,  -1.6740808026929315      ,  -1.3282120238056812     
  -1.6886657419888713      ,  -1.7153270618634235      ,  -1.3862842519564700     
  -1.7176104955533071      ,  -1.7465168280709595      ,  -1.4427781088534570     
  -1.7348205483850341      ,  -1.7657938748848623      ,  -1.4966463657802502     
  -1.7385829597976827      ,  -1.7714543110066963      ,  -1.5467467920685003     
  -1.7274048581337818      ,  -1.7620813487078815      ,  -1.5918751048897211     
  -1.7001557186994405      ,  -1.7366862849086970      ,  -1.6308099101921392     
  -1.6562252283999488      ,  -1.6948400507549732      ,  -1.6623683407229719     
  -1.5956768263740053      ,  -1.6367767362150747      ,  -1.6854693344275800     
  -1.5193704254238047      ,  -1.5634504866980163      ,  -1.6991997322826975     
  -1.4290272425235373      ,  -1.4765310201841704      ,  -1.7028769857454698     
  -1.3272141477779258      ,  -1.3783307488594123      ,  -1.6961016460448777     
  -1.2172312348964551      ,  -1.2716669436537500      ,  -1.6787932562460715     
  -1.1028931224651928      ,  -1.1596733249467557      ,  -1.6512048610538417     
 -0.98820701594609583      ,  -1.0455842051320325      ,  -1.6139138845134358     
 -0.87697622781095419      , -0.93251858183882830      ,  -1.5677901395865363     
 -0.77239605958860758      , -0.82329035218042435      ,  -1.5139446234270537     
 -0.67674102233491429      , -0.72026464386512257      ,  -1.4536649478973556     
 -0.59123807134775785      , -0.62527101860698397      ,  -1.3883443792293637     
 -0.51616261843340672      , -0.53957446906770634      ,  -1.3194114175192606     
 -0.45110597261493079      , -0.46389691918436793      ,  -1.2482658107355322     
 -0.39530109255993012      , -0.39847670576091254      ,  -1.1762252245048130     
 -0.34789798445556791      , -0.34315158107041943      ,  -1.1044848893203174     
 -0.30813413452762123      , -0.29745160266351045      ,  -1.0340907775608119     
 -0.27539862538084486      , -0.26069089022894731      , -0.96592546022966486     
 -0.24921272109950943      , -0.23205059843253328      , -0.90070485909712150     
 -0.22915696117800460      , -0.21064875873199193      , -0.83898363355433903     
 -0.21478317841273115      , -0.19559537939723376      , -0.78116684156170324     
 -0.20555429051062751      , -0.18603315816078411      , -0.72752567936784129     
 -0.20084244587196109      , -0.18116536963129981      , -0.67821542530855661     
 -0.19998809089748301      , -0.18027307394903186      , -0.63329409850843954     
 -0.20239106548255101      , -0.18272393010137675      , -0.59274072934587274     
 -0.20758620992309265      , -0.18797475401396574      , -0.55647248585787767     
 -0.21526425766788951      , -0.19556967171577358      , -0.52436018980393284     
 -0.22523138545341576      , -0.20513537557731906      , -0.49624198298935779     
 -0.23733564162799045      , -0.21637465526718860      , -0.47193507244194055     
 -0.25140312221605920      , -0.22905907577723930      , -0.45124560031800964     
 -0.26721500457754410      , -0.24302142513539784      , -0.43397676066707219     
 -0.28452782870850452      , -0.25814835544495218      , -0.41993532984433485     
 -0.30311280795757861      , -0.27437348785925458      , -0.40893679872533489     
 -0.32278359898689463      , -0.29167113772052305      , -0.40080929976955437     
 -0.34339833849726359      , -0.31005073261561378      , -0.39539651574186374     
 -0.36484494878007012      , -0.32955193639568431      , -0.39255974355020584     
 -0.38703039897577740      , -0.35024045017466282      , -0.39217926911047751     
 -0.40988890779902698      , -0.37220443197803904      , -0.39415518944159794     
 -0.43340846463853033      , -0.39555145607950276      , -0.39840779768278439     
 -0.45766173215532790      , -0.42040591799337096      , -0.40487762625429907     
 -0.48282425910270832      , -0.44690677909479126      , -0.41352522341094500     
 -0.50916994836642981      , -0.47520553392195697      , -0.42433071913709575     
 -0.53704530058470235      , -0.50546427174952702      , -0.43729321766365337     
 -0.56683294808869567      , -0.53785369066681721      , -0.45243003565478301     
 -0.59891660826069093      , -0.57255090604011283      , -0.46977578700513067     
 -0.63365441687093171      , -0.60973687501055940      , -0.48938129681772835     
 -0.67136072115749568      , -0.64959323398722135      , -0.51131230806695893     
 -0.71229301775131371      , -0.69229831675282183      , -0.53564792425562802     
 -0.75664231918724079      , -0.73802208723464602      , -0.56247870966875946     
 -0.80452903568942502      , -0.78691968457225403      , -0.59190434535887448     
 -0.85600767566548897      , -0.83912324162272045      , -0.62403071376360286     
 -0.91107993723986502      , -0.89473160635231996      , -0.65896625826376010     
 -0.96970928958545777      , -0.95379757650101715      , -0.69681743709137578     
  -1.0318257574247374      ,  -1.0163122633497086      , -0.73768306581018306     
  -1.0973111249875980      ,  -1.0821862475180342      , -0.78164732251353786     
  -1.1659624845856007      ,  -1.1512273020640964      , -0.82877118020333218     
  -1.2374420309815954      ,  -1.2231146665016239      , -0.87908203927150175     
  -1.3112273947528201      ,  -1.2973701971690170      , -0.93256137033902720     
  -1.3865759633041208      ,  -1.3733272361202213      , -0.98913025796572596     
  -1.4625094617038346      ,  -1.4500987710790152      ,  -1.0486328760822481     
  -1.5378159649937431      ,  -1.5265474263521797      ,  -1.1108181454454200     
  -1.6110604504339388      ,  -1.6012610163540415      ,  -1.1753201399794371     
  -1.6805946838144903      ,  -1.6725387318242921      ,  -1.2416382341557344     
  -1.7445621038862378      ,  -1.7383943355206446      ,  -1.3091185144058646     
  -1.8009008613925754      ,  -1.7965837066088675      ,  -1.3769385845074287     
  -1.8473555720885764      ,  -1.8446642303873391      ,  -1.4440985090625240     
  -1.8815137562648097      ,  -1.8800923057294496      ,  -1.5094211411549825     
  -1.9008848898510777      ,  -1.9003620552261886      ,  -1.5715652975031595     
  -1.9030368919222229      ,  -1.9031827982302114      ,  -1.6290549666315841     
  -1.8857953132746430      ,  -1.8866851170226828      ,  -1.6803267568421569     
  -1.8474946976797384      ,  -1.8496363551116888      ,  -1.7237959816215145     
  -1.7872527388286150      ,  -1.7916380410675179      ,  -1.7579391792960299     
  -1.7052226139271238      ,  -1.7132726957006661      ,  -1.7813877595971110     
  -1.6027754253115312      ,  -1.6161684807156373      ,  -1.7930244250309093     
  -1.4825763919400150      ,  -1.5029588695350191      ,  -1.7920717886868647     
  -1.3485362702210424      ,  -1.3771305048812259      ,  -1.7781619623086107     
  -1.2056255363140858      ,  -1.2427725453127778      ,  -1.7513773102249932     
  -1.0595279715193293      ,  -1.1042599496768615      ,  -1.7122560386931081     
 -0.91610902487232837      , -0.96591582889212391      ,  -1.6617612036872165     
 -0.78072340733858958      , -0.83170052098099057      ,  -1.6012170039848961     
 -0.65749315242599204      , -0.70496700230654741      ,  -1.5322206851177955     
 -0.54879325616587549      , -0.58830656487150945      ,  -1.4565410779602899     
 -0.45517683801805886      , -0.48349030064061937      ,  -1.3760153333794944     
 -0.37578723187909779      , -0.39149578312941646      ,  -1.2924539848468182     
 -0.30904299114081751      , -0.31259772590773183      ,  -1.2075617072594529     
 -0.25326693882855222      , -0.24649732083023929      ,  -1.1228778477963137     
 -0.20705302404094500      , -0.19246644036208602      ,  -1.0397377047734631     
 -0.16937461942187546      , -0.14948788969210711      , -0.95925310181428824     
 -0.13953549839466906      , -0.11637925082458615      , -0.88230924416551371     
 -0.11703144837359782      ,  -9.1893903499562668E-002 , -0.80957411805612767     
 -0.10136110809050300      ,  -7.4797586472046762E-002 , -0.74151662997261869     
  -9.1854250474482105E-002 ,  -6.3922072050415557E-002 , -0.67843005825751912     
  -8.7598404869945037E-002 ,  -5.8199293618304448E-002 , -0.62045799615403852     
  -8.7504414693107338E-002 ,  -5.6679925827361408E-002 , -0.56762064194083117     
  -9.0490937959666506E-002 ,  -5.8540348368154201E-002 , -0.51983993214592517     
  -9.5703356813684096E-002 ,  -6.3081452805168317E-002 , -0.47696256091195804     
 -0.10264666980883023      ,  -6.9722116155089525E-002 , -0.43878036149152644     
 -0.11115749986047380      ,  -7.7989515728857151E-002 , -0.40504784664213661     
 -0.12124280340921346      ,  -8.7507878633341765E-002 , -0.37549692761449566     
 -0.13288607125324023      ,  -9.7986779594274140E-002 , -0.34984897538591037     
 -0.14592609251456520      , -0.10920972673848564      , -0.32782447175601614     
 -0.16006136200578661      , -0.12102349597512529      , -0.30915053859972014     
 -0.17495027818960426      , -0.13332847406205278      , -0.29356664452594172     
 -0.19031631696469109      , -0.14607013108359065      , -0.28082877981958682     
 -0.20598186551425823      , -0.15923164952925400      , -0.27071237047079422     
 -0.22182599744786569      , -0.17282767687931797      , -0.26301417569665608     
 -0.23772064425288608      , -0.18689913183338283      , -0.25755338429269542     
 -0.25350638560964839      , -0.20150897378470639      , -0.25417209580375427     
 -0.26903200945593375      , -0.21673883553326737      , -0.25273534436015060     
 -0.28423460194697348      , -0.23268641671678922      , -0.25313079693558804     
 -0.29921219566244456      , -0.24946353727361886      , -0.25526823416466127     
 -0.31424856076103486      , -0.26719475444867991      , -0.25907890083227025     
 -0.32977827706987317      , -0.28601645195124986      , -0.26451479464037853     
 -0.34631221842682486      , -0.30607631475629160      , -0.27154794566341145     
 -0.36436009855035500      , -0.32753310681370912      , -0.28016972472774587     
 -0.38437835879970839      , -0.35055667081892139      , -0.29039020643681313     
 -0.40674900383080115      , -0.37532806847835753      , -0.30223760130804356     
 -0.43177684818790257      , -0.40203977563750370      , -0.31575776104721937     
 -0.45968975038567139      , -0.43089583842782897      , -0.33101375087482215     
 -0.49063851067594721      , -0.46211188333042980      , -0.34808547250654798     
 -0.52470819118027956      , -0.49591485471487706      , -0.36706931029059908     
 -0.56195384765699674      , -0.53254232681396518      , -0.38807776046718501     
 -0.60245825102449413      , -0.57224120193494643      , -0.41123898881699250     
 -0.64639013902773579      , -0.61526556162170254      , -0.43669624430404413     
 -0.69403256515900302      , -0.66187338119341854      , -0.46460703482419996     
 -0.74575959358105270      , -0.71232174967747208      , -0.49514194493394065     
 -0.80196390557407360      , -0.76686015654029704      , -0.52848294357277537     
 -0.86296288782287800      , -0.82572131529877424      , -0.56482099157809673     
 -0.92891968537632585      , -0.88910889631946843      , -0.60435271386681955     
 -0.99980479250585108      , -0.95718144561732144      , -0.64727584989268017     
  -1.0754021762486867      ,  -1.0300316888973573      , -0.69378314002236041     
  -1.1553445848471398      ,  -1.1076603862467747      , -0.74405424852281254     
  -1.2391548504506875      ,  -1.1899439527310121      , -0.79824527282869806     
  -1.3262740660431980      ,  -1.2765952520927344      , -0.85647535524582685     
  -1.4160659981476804      ,  -1.3671173852263221      , -0.91880991527361622     
  -1.5077924727736576      ,  -1.4607510350535038      , -0.98524008462433921     
  -1.6005559505894793      ,  -1.5564171138177354      ,  -1.0556580887928402     
  -1.6932093986338712      ,  -1.6526582029154728      ,  -1.1298286242713289     
  -1.7842454127026823      ,  -1.7475846497656911      ,  -1.2073567810173433     
  -1.8716918669915115      ,  -1.8388341462472721      ,  -1.2876538045436170     
  -1.9530482930267237      ,  -1.9235568958115867      ,  -1.3699030094540989     
  -2.0252884280559464      ,  -1.9984414754470683      ,  -1.4530294256971485     
  -2.0849342925173358      ,  -2.0597981597360326      ,  -1.5356781714554506     
  -2.1281897954510609      ,  -2.1037152903137084      ,  -1.6162078635177315     
  -2.1511214173649815      ,  -2.1262985059202357      ,  -1.6927062008074754     
  -2.1498916127579242      ,  -2.1239908924464261      ,  -1.7630346532475247     
  -2.1210708629427768      ,  -2.0939542405694795      ,  -1.8249073791125396     
  -2.0620505443457300      ,  -2.0344698460352229      ,  -1.8760056647451384     
  -1.9715330385079799      ,  -1.9452969176045305      ,  -1.9141233645507050     
  -1.8500021622329375      ,  -1.8279153874829066      ,  -1.9373317682185185     
  -1.7000345159154768      ,  -1.6855855241203963      ,  -1.9441455890870691     
  -1.5263611530781394      ,  -1.5231832073349167      ,  -1.9336674312105187     
  -1.3356967875163042      ,  -1.3468136481388202      ,  -1.9056880830014979     
  -1.1363839536478475      ,  -1.1632561703974931      ,  -1.8607252165892612     
 -0.93779143147121657      , -0.97933229922058140      ,  -1.7999928104286804     
 -0.74931486813612935      , -0.80130503042066714      ,  -1.7253055011865772     
 -0.57894364604401782      , -0.63440384938197447      ,  -1.6389329214769353     
 -0.43170937278869559      , -0.48253394132337513      ,  -1.5434260887480573     
 -0.30877381731574827      , -0.34818283590830196      ,  -1.4414396800717835     
 -0.20792288894327474      , -0.23249812814134732      ,  -1.3355709038006018     
 -0.12533515021519526      , -0.13548555971593074      ,  -1.2282293332833776     
  -5.7471780055968570E-002 ,  -5.6269906219155272E-002 ,  -1.1215446562215881     
  -2.0054125699633524E-003 ,   6.6318975710786821E-003 ,  -1.0173126590833490     
   4.2307310088089703E-002 ,   5.5061524558877140E-002 , -0.91697499538263172     
   7.6128483392112506E-002 ,   9.1014157251776917E-002 , -0.82162566727776609     
   9.9912256622350898E-002 ,  0.11648438835860699      , -0.73203639435533829     
  0.11422950802540170      ,  0.13336077817771405      , -0.64869359043157415     
  0.12010748430349057      ,  0.14336166147433382      , -0.57184093095123456     
  0.11917387193686715      ,  0.14800295290998974      , -0.50152299788620158     
  0.11353556812573143      ,  0.14858893126008563      , -0.43762692591034791     
  0.10545180975566953      ,  0.14621829166196354      , -0.37992018122204974     
   9.6816607053803683E-002 ,  0.14179943589764171      , -0.32808352909402183     
   8.8668841091350217E-002 ,  0.13607060347492927      , -0.28173890008174274     
   8.1098563713829258E-002 ,  0.12962183015824019      , -0.24047229154001515     
   7.3610506971765716E-002 ,  0.12291679566143585      , -0.20385209363802392     
   6.5671987469627324E-002 ,  0.11631340530896644      , -0.17144335712803233     
   5.7159326081300900E-002 ,  0.11008249150981247      , -0.14281856471464840     
   4.8493044001842227E-002 ,  0.10442437711713656      , -0.11756546009112379     
   4.0387667045795432E-002 ,   9.9483265975480822E-002 ,  -9.5292450698742537E-002
   3.3440900754254162E-002 ,   9.5359557810579046E-002 ,  -7.5632046969053610E-002
   2.7919031574117154E-002 ,   9.2120256097234787E-002 ,  -5.8242741815565935E-002
   2.3850252429990365E-002 ,   8.9807670522331809E-002 ,  -4.2809675278040152E-002
   2.1267073963811254E-002 ,   8.8446624947945987E-002 ,  -2.9044373790967137E-002
   2.0384465638317431E-002 ,   8.8050377067792895E-002 ,  -1.6683803224649796E-002
   2.1582261139900086E-002 ,   8.8625443418063860E-002 ,  -5.4889303017962065E-003
   2.5215677583760466E-002 ,   9.0175506903978228E-002 ,   4.7570517042281801E-003
   3.1395045417233182E-002 ,   9.2704565893845861E-002 ,   1.4250710197358178E-002
   3.9871235092270113E-002 ,   9.6219465629758111E-002 ,   2.3170478593267770E-002
   5.0093813023978181E-002 ,  0.10073193503900983      ,   3.1678808289697137E-002
   6.1411273914661405E-002 ,  0.10626023546901686      ,   3.9924315065625528E-002
   7.3291245808456335E-002 ,  0.11283051264599034      ,   4.8043883403733036E-002
   8.5444751735339664E-002 ,  0.12047792935848968      ,   5.6164704860415256E-002
   9.7829501241174441E-002 ,  0.12924764397219127      ,   6.4406236612651963E-002
  0.11057755700607506      ,  0.13919568879702723      ,   7.2882074089193616E-002
  0.12391573181361216      ,  0.15038979239713457      ,   8.1701737491125151E-002
  0.13813743341451137      ,  0.16291018095003260      ,   9.0972376317400280E-002
  0.15361558997315081      ,  0.17685038546522014      ,  0.10080039897459114     
  0.17078541418641652      ,  0.19231807375030874      ,  0.11129303635303416     
  0.19006042254582298      ,  0.20943591808758993      ,  0.12255984902471209     
  0.21171240622006871      ,  0.22834250119983526      ,  0.13471418753482758     
  0.23577854327251116      ,  0.24919325368583059      ,  0.14787461413054032     
  0.26206402214143215      ,  0.27216140501006614      ,  0.16216629213985403     
  0.29026751447207116      ,  0.29743891648856235      ,  0.17772234594660688     
  0.32017520177303094      ,  0.32523734746483168      ,  0.19468518987864572     
  0.35182502910243585      ,  0.35578858369275485      ,  0.21320781800241143     
  0.38557043448401673      ,  0.38934532818804513      ,  0.23345503833546014     
  0.42203044689035041      ,  0.42618121744158366      ,  0.25560462372991749     
  0.46196206799541778      ,  0.46659037743175252      ,  0.27984833683908750     
  0.50611739195943184      ,  0.51088617139247883      ,  0.30639276713294245     
  0.55513621193384421      ,  0.55939881143258230      ,  0.33545989260639347     
  0.60948926162841377      ,  0.61247140525082377      ,  0.36728724609690205     
  0.66945684011767825      ,  0.67045388387585647      ,  0.40212752422049775     
  0.73512371539957821      ,  0.73369410400377422      ,  0.44024742390437027     
  0.80639396147351361      ,  0.80252523878664739      ,  0.48192542541007199     
  0.88304531089520855      ,  0.87724836805713469      ,  0.52744816004763362     
  0.96482462745399644      ,  0.95810896533412482      ,  0.57710490493869326     
   1.0515563469263141      ,   1.0452657805728223      ,  0.63117963775002872     
   1.1432151466057998      ,   1.1387504820354777      ,  0.68993996663175328     
   1.2399056477778148      ,   1.2384164273482181      ,  0.75362213632406572     
   1.3417148490408803      ,   1.3438752066554114      ,  0.82241122208398265     
   1.4484640795380608      ,   1.4544203201472676      ,  0.89641559472431365     
   1.5594459148887840      ,   1.5689387609178072      ,  0.97563482829485038     
   1.6732438513610453      ,   1.6858136658766292      ,   1.0599205065801458     
   1.7876960236016799      ,   1.8028248692118054      ,   1.1489299706560232     
   1.8999950258614480      ,   1.9170593339240956      ,   1.2420740599845279     
   2.0068492167401439      ,   2.0248499264203508      ,   1.3384614507544750     
   2.1046092440609927      ,   2.1217681005363196      ,   1.4368443490931841     
   2.1892991028728810      ,   2.2027020523138305      ,   1.5355729780716709     
   2.2565588876981972      ,   2.2620538223631388      ,   1.6325691829374855     
   2.3015777506708952      ,   2.2940825631095625      ,   1.7253318865775926     
   2.3191444715757021      ,   2.2934025096515773      ,   1.8109879719485740     
   2.3039494190791703      ,   2.2556108582566328      ,   1.8864000927656583     
   2.2512187187500685      ,   2.1779756365249536      ,   1.9483366994347122     
   2.1576368553985765      ,   2.0600674067786091      ,   1.9936988387326597     
   2.0223312369673092      ,   1.9041894755754216      ,   2.0197843039439829     
   1.8475474003841676      ,   1.7154692943814802      ,   2.0245557812127513     
   1.6387307109645108      ,   1.5015302430138926      ,   2.0068705581414674     
   1.4041176826326573      ,   1.2717598040209583      ,   1.9666297015238157     
   1.1542410841232742      ,   1.0362971825751546      ,   1.9048163682796677     
  0.90148821929733625      ,  0.80493991239132967      ,   1.8234138682300103     
  0.65930376107641298      ,  0.58618396610125834      ,   1.7252181534258575     
  0.44047838078674773      ,  0.38656124625243360      ,   1.6135790714816123     
  0.25431419936174054      ,  0.21034630813473335      ,   1.4921143988777912     
  0.10366189743909558      ,   5.9608695163686748E-002 ,   1.3644388805009304     
  -1.5548048932797289E-002 ,  -6.5479933137011226E-002 ,   1.2339398472094227     
 -0.11099012272692738      , -0.16620055027530495      ,   1.1036162944159156     
 -0.18941157892652549      , -0.24481000764352695      ,  0.97598429919751772     
 -0.25428307752988660      , -0.30410886996064257      ,  0.85304136147876719     
 -0.30648092653548464      , -0.34709476490187574      ,  0.73627664433751827     
 -0.34610043191068551      , -0.37671289195006802      ,  0.62671257737338548     
 -0.37328213941824384      , -0.39569614814294074      ,  0.52496455981118595     
 -0.38854077243812135      , -0.40647782964416257      ,  0.43130818574931273     
 -0.39346360322628815      , -0.41115746707718875      ,  0.34574645755035577     
 -0.39085145323440246      , -0.41150210621487715      ,  0.26807221390270930     
 -0.38413148597296104      , -0.40896890310199524      ,  0.19792318892810590     
 -0.37688427171034256      , -0.40473875859198022      ,  0.13482868670199558     
 -0.37214546800402026      , -0.39975409662649936      ,   7.8247876867343358E-002
 -0.37133007927335032      , -0.39475651542952789      ,   2.7600314319150377E-002
 -0.37394702972107685      , -0.39032191242298492      ,  -1.7710416716385423E-002
 -0.37845752057820370      , -0.38689192741735651      ,  -5.8278932325788971E-002
 -0.38335191164121624      , -0.38480132170628584      ,  -9.4685166360762144E-002
 -0.38795415537395678      , -0.38430135678688487      , -0.12748546907213734     
 -0.39279487923595158      , -0.38557946906189577      , -0.15720688788408219     
 -0.39911251030829786      , -0.38877563790933228      , -0.18434394603443194     
 -0.40778773914217609      , -0.39399586905819672      , -0.20935734501658584     
 -0.41880726596748563      , -0.40132319833040991      , -0.23267411661505247     
 -0.43157759600507395      , -0.41082658358391927      , -0.25468883757681537     
 -0.44556345961125848      , -0.42256800707019559      , -0.27576559431625691     
 -0.46080302162316245      , -0.43660806267782115      , -0.29624044721241904     
 -0.47796411742606004      , -0.45301025559336150      , -0.31642419513785502     
 -0.49793066949196585      , -0.47184419680003337      , -0.33660528206910106     
 -0.52131435683569305      , -0.49318783156868379      , -0.35705272011539529     
 -0.54819058117980191      , -0.51712879917563415      , -0.37801892807114496     
 -0.57815931353366845      , -0.54376497977004823      , -0.39974240249018106     
 -0.61069780316538091      , -0.57320424278403181      , -0.42245014997122587     
 -0.64552257568895066      , -0.60556336871600913      , -0.44635981535506558     
 -0.68270571192203411      , -0.64096607180850518      , -0.47168144125200534     
 -0.72258959165750147      , -0.67954000459510544      , -0.49861879002709569     
 -0.76561542566054730      , -0.72141257642418488      , -0.52737015029433365     
 -0.81211721706926154      , -0.76670536747726248      , -0.55812853633776005     
 -0.86225569827483273      , -0.81552686917319506      , -0.59108117101442681     
 -0.91615422087982956      , -0.86796323453109814      , -0.62640812116689004     
 -0.97399619242194568      , -0.92406668383501045      , -0.66427993038313904     
  -1.0359550345099342      , -0.98384119101453216      , -0.70485406880495360     
  -1.1020412932192152      ,  -1.0472250883707017      , -0.74826999640014280     
  -1.1719363183251772      ,  -1.1140702913966432      , -0.79464261903395428     
  -1.2449156357379443      ,  -1.1841179882630797      , -0.84405391227026083     
  -1.3199778550510695      ,  -1.2569708943107780      , -0.89654250528706636     
  -1.3960958262941523      ,  -1.3320625811600497      , -0.95209106900782137     
  -1.4723922457488650      ,  -1.4086249955284553      ,  -1.0106114543405447     
  -1.5481331263205305      ,  -1.4856561204709910      ,  -1.0719276969676881     
  -1.6225544599658606      ,  -1.5618908147046162      ,  -1.1357572641826892     
  -1.6946087221481620      ,  -1.6357791596741007      ,  -1.2016912837629112     
  -1.7627714821769416      ,  -1.7054780339848252      ,  -1.2691749722667758     
  -1.8249997171353556      ,  -1.7688628873783263      ,  -1.3374900584707226     
  -1.8788376979725676      ,  -1.8235674200729917      ,  -1.4057416326856329     
  -1.9216026920360489      ,  -1.8670585584756816      ,  -1.4728524544807782     
  -1.9505598524438736      ,  -1.8967521385750084      ,  -1.5375681751794532     
  -1.9630509434880341      ,  -1.9101705150628026      ,  -1.5984769812271005     
  -1.9566220714060276      ,  -1.9051366868038477      ,  -1.6540466183546458     
  -1.9291931310369876      ,  -1.8799909029060546      ,  -1.7026804229180070     
  -1.8792833196849636      ,  -1.8338064567641899      ,  -1.7427917898376235     
  -1.8062886812654961      ,  -1.7665738233804884      ,  -1.7728935811366489     
  -1.7107574055528731      ,  -1.6793193399910480      ,  -1.7916957382361516     
  -1.5945843577505994      ,  -1.5741287994909499      ,  -1.7982014834472844     
  -1.4610808791660999      ,  -1.4540585711738296      ,  -1.7917907942460058     
  -1.3149049903170218      ,  -1.3229355864692047      ,  -1.7722800115972297     
  -1.1618231821781095      ,  -1.1850684983651558      ,  -1.7399488134297523     
  -1.0082588856911781      ,  -1.0449098261764556      ,  -1.6955300711564372     
 -0.86059984394333655      , -0.90671780055009554      ,  -1.6401634518064443     
 -0.72432597358348716      , -0.77426443399857336      ,  -1.5753188259838156     
 -0.60317835145990417      , -0.65062418559314306      ,  -1.5026994293425207     
 -0.49870999522671078      , -0.53805960856055846      ,  -1.4241365517228026     
 -0.41046495521612708      , -0.43800192017994610      ,  -1.3414871510683963     
 -0.33670467064954107      , -0.35111004356225739      ,  -1.2565436330226010     
 -0.27528997584462972      , -0.27738372851379317      ,  -1.1709618668190174     
 -0.22431807578283802      , -0.21630490680726164      ,  -1.0862101432000582     
 -0.18238126518920153      , -0.16698485479310698      ,  -1.0035388660824414     
 -0.14856190705513797      , -0.12830075441590932      , -0.92396866930221366     
 -0.12230062668964869      ,  -9.9011800828282467E-002 , -0.84829344980179178     
 -0.10318611467808961      ,  -7.7850703932708876E-002 , -0.77709439787087953     
  -9.0713623282171155E-002 ,  -6.3590613793592488E-002 , -0.71076127246323817     
  -8.4110563627760093E-002 ,  -5.5090083998159803E-002 , -0.64951768650273467     
  -8.2312414901950681E-002 ,  -5.1319928652182122E-002 , -0.59344783846858606     
  -8.4107463561710866E-002 ,  -5.1376111790610725E-002 , -0.54252281249798806     
  -8.8396420695873446E-002 ,  -5.4482506497482014E-002 , -0.49662518528688282     
  -9.4435671587854833E-002 ,  -5.9986771525834218E-002 , -0.45557118450738321     
 -0.10192090742105595      ,  -6.7351918144290771E-002 , -0.41913003141958882     
 -0.11086888804836995      ,  -7.6145498697450006E-002 , -0.38704037906701927     
 -0.12138287378634478      ,  -8.6027798752510112E-002 , -0.35902394463510756     
 -0.13344015050835475      ,  -9.6739974650656230E-002 , -0.33479655016284376     
 -0.14681164067001495      , -0.10809274326090544      , -0.31407684844854894     
 -0.16113681169330032      , -0.11995598579839001      , -0.29659303637498741     
 -0.17607179290271011      , -0.13224945471734162      , -0.28208785835243927     
 -0.19138702931808002      , -0.14493465480064185      , -0.27032218738771446     
 -0.20695423752462780      , -0.15800789211005009      , -0.26107744707156139     
 -0.22266130850896765      , -0.17149443591142843      , -0.25415710912940392     
 -0.23834146353979976      , -0.18544371031143450      , -0.24938747116086327     
 -0.25377904740488627      , -0.19992541770844602      , -0.24661788975310234     
 -0.26879197046463177      , -0.21502649063002746      , -0.24572061646105828     
 -0.28333944891796692      , -0.23084876878264615      , -0.24659035883437774     
 -0.29759353491012580      , -0.24750730180244249      , -0.24914366600070298     
 -0.31193832378401254      , -0.26512918355277493      , -0.25331821830752771     
 -0.32690136988925306      , -0.28385282959556735      , -0.25907208303752821     
 -0.34305575688963297      , -0.30382761469181757      , -0.26638298299531660     
 -0.36093733820239288      , -0.32521379106320952      , -0.27524761149537930     
 -0.38100000738739281      , -0.34818260996592526      , -0.28568101558953890     
 -0.40360348861684159      , -0.37291656820932029      , -0.29771605884614949     
 -0.42901342724788849      , -0.39960969688581727      , -0.31140296518496530     
 -0.45739924868782589      , -0.42846780097640164      , -0.32680893569513642     
 -0.48883604671385195      , -0.45970854475326928      , -0.34401782048743806     
 -0.52333073830505183      , -0.49356125796539929      , -0.36312981686817919     
 -0.56088320453291207      , -0.53026631045188799      , -0.38426115281641809     
 -0.60156779206286337      , -0.57007386672513005      , -0.40754370016543978     
 -0.64559978297854093      , -0.61324178576453203      , -0.43312444421807728     
 -0.69334876964441128      , -0.66003237338925247      , -0.46116471487057925     
 -0.74528219775220916      , -0.71070762410160104      , -0.49183905773979042     
 -0.80185762689440510      , -0.76552250598750449      , -0.52533359135827784     
 -0.86340779884018470      , -0.82471574748206744      , -0.56184365743896569     
 -0.93006221932736644      , -0.88849748268377926      , -0.60157052509409392     
  -1.0017266996899310      , -0.95703301110356997      , -0.64471685702333670     
  -1.0781141023029763      ,  -1.0304218440011301      , -0.69148058764199649     
  -1.1588006145218899      ,  -1.1086711689674305      , -0.74204680358594444     
  -1.2432797684902448      ,  -1.1916629079707703      , -0.79657716295425818     
  -1.3309957422979770      ,  -1.2791137317463777      , -0.85519635278332806     
  -1.4213472009098052      ,  -1.3705278083744008      , -0.91797508300500474     
  -1.5136554839188934      ,  -1.4651428133852800      , -0.98490917658624821     
  -1.6070905696564699      ,  -1.5618709377351614      ,  -1.0558944769156287     
  -1.7005557183866520      ,  -1.6592384213378226      ,  -1.1306976022292721     
  -1.7925513627679859      ,  -1.7553295920387670      ,  -1.2089230872994532     
  -1.8810580808055437      ,  -1.8477444638281029      ,  -1.2899782167765024     
  -1.9634809830966877      ,  -1.9335823784575716      ,  -1.3730379039287575     
  -2.0366780317981497      ,  -2.0094673378281551      ,  -1.4570132840711101     
  -2.0970642319048118      ,  -2.0716324741702135      ,  -1.5405291632885045     
  -2.1407637954892382      ,  -2.1160799622598705      ,  -1.6219168435451898     
  -2.1637899737797563      ,  -2.1388267571723301      ,  -1.6992297223010837     
  -2.1622633099616162      ,  -2.1362343452227091      ,  -1.7702888766971601     
  -2.1327087578479351      ,  -2.1054020599515408      ,  -1.8327639813947796     
  -2.0724684063455352      ,  -2.0445807668991480      ,  -1.8842909353405151     
  -1.9802107531065369      ,  -1.9535423966589387      ,  -1.9226215166584080     
  -1.8564296218771159      ,  -1.8338290488603362      ,  -1.9457930344686416     
  -1.7037751777423584      ,  -1.6888114028237018      ,  -1.9522989358118306     
  -1.5271150115480401      ,  -1.5235141097589926      ,  -1.9412368422279591     
  -1.3333470485937784      ,  -1.3442120210571691      ,  -1.9124105565793181     
  -1.1310233167452242      ,  -1.1578532144471796      ,  -1.8663681352799042     
 -0.92972636699828826      , -0.97140576902449882      ,  -1.8043683566136113     
 -0.73903918447846306      , -0.79124071353522030      ,  -1.7282803210774276     
 -0.56706778308362105      , -0.62264865754680543      ,  -1.6404321365977033     
 -0.41884117251870595      , -0.46954913069346166      ,  -1.5434317569348321     
 -0.29538468585082978      , -0.33440429339267902      ,  -1.4399846537350298     
 -0.19427491580644390      , -0.21830781663064763      ,  -1.3327295467317848     
 -0.11151735980239173      , -0.12119519779513725      ,  -1.2241066936955947     
  -4.3507750177232941E-002 ,  -4.2115597683410992E-002 ,  -1.1162655197519116     
   1.2051902200184504E-002 ,   2.0486709436646308E-002 ,  -1.0110115465697123     
   5.6344773004618834E-002 ,   6.8517777469615099E-002 , -0.90978775496973741     
   8.9990594175021685E-002 ,  0.10402626193743578      , -0.81368293448099915     
  0.11343057290117481      ,  0.12904874663052246      , -0.72345890814728753     
  0.12725635022630388      ,  0.14550507020936551      , -0.63958917068628618     
  0.13255249348915810      ,  0.15513562773870865      , -0.56230283043951657     
  0.13102589282903862      ,  0.15947093878374241      , -0.49162931722975295     
  0.12486419346595015      ,  0.15982416769303215      , -0.42744079806285401     
  0.11639397467199092      ,  0.15729872395344635      , -0.36949047281843572     
  0.10754427215121112      ,  0.15280484568268940      , -0.31744585488358845     
   9.9343597687082091E-002 ,  0.14708076104513482      , -0.27091679461893292     
   9.1838949576386442E-002 ,  0.14071543813105639      , -0.22947842460269577     
   8.4488324450191971E-002 ,  0.13417102251796589      , -0.19268945063371956     
   7.6732045900357856E-002 ,  0.12780384748378712      , -0.16010633292912446     
   6.8450230589010091E-002 ,  0.12188343978152048      , -0.13129393972555115     
   6.0092578199955761E-002 ,  0.11660929459036382      , -0.10583324203678925     
   5.2405146156330400E-002 ,  0.11212541045637760      ,  -8.3326575815892520E-002
   4.5997809412869774E-002 ,  0.10853270131855734      ,  -6.3400941043187109E-002
   4.1128885769028761E-002 ,  0.10589946947631626      ,  -4.5709745725188280E-002
   3.7812798539416277E-002 ,  0.10427015253733518      ,  -2.9933342086985087E-002
   3.6076055949915947E-002 ,  0.10367256371322282      ,  -1.5778645510833335E-002
   3.6139745350110206E-002 ,  0.10412383785823971      ,  -2.9780755577153233E-003
   3.8395434082845376E-002 ,  0.10563528140448651      ,   8.7119867305855848E-003
   4.3204761895601226E-002 ,  0.10821630655474181      ,   1.9513070123515407E-002
   5.0672642260802730E-002 ,  0.11187761099747581      ,   2.9626691293402192E-002
   6.0534266327794892E-002 ,  0.11663374533339807      ,   3.9236545986113792E-002
   7.2222763946425378E-002 ,  0.12250519210664432      ,   4.8510742915426050E-002
   8.5082106945844116E-002 ,  0.12952006322130361      ,   5.7604029240280456E-002
   9.8594470826079444E-002 ,  0.13771550677706540      ,   6.6659972083182917E-002
  0.11250238423509970      ,  0.14713890001021801      ,   7.5813073027227965E-002
  0.12680445490931969      ,  0.15784889200725963      ,   8.5190802334656729E-002
  0.14167455842382692      ,  0.16991634801598865      ,   9.4915547152699190E-002
  0.15737602273026863      ,  0.18342523629126711      ,  0.10510647354626416     
  0.17423252314183424      ,  0.19847348819084690      ,  0.11588130609579436     
  0.19264307319086399      ,  0.21517385232113451      ,  0.12735803123493067     
  0.21306468914790333      ,  0.23365475348327366      ,  0.13965653162546596     
  0.23592626350009532      ,  0.25406115644904970      ,  0.15290015875808619     
  0.26150752972914271      ,  0.27655542254615456      ,  0.16721724963564050     
  0.28984793238391016      ,  0.30131813284431563      ,  0.18274259076972924     
  0.32075478236513777      ,  0.32854883440907107      ,  0.19961882863850883     
  0.35393694675530346      ,  0.35846664439448767      ,  0.21799781994534886     
  0.38920508247311120      ,  0.39131061915952309      ,  0.23804190709181647     
  0.42663598098416738      ,  0.42733976025768178      ,  0.25992509369566286     
  0.46662996667673479      ,  0.46683248383084736      ,  0.28383408103491098     
  0.50985026782437892      ,  0.51008532201043177      ,  0.30996910807541045     
  0.55708308047530697      ,  0.55741055142552731      ,  0.33854451411498021     
  0.60908413144227092      ,  0.60913235169282998      ,  0.36978891269851522     
  0.66646468162694850      ,  0.66558098285394907      ,  0.40394482676344723     
  0.72963262798221273      ,  0.72708433304494668      ,  0.44126758626840140     
  0.79877263889021377      ,  0.79395602623684047      ,  0.48202322918040019     
  0.87384491223909322      ,  0.86647909879151963      ,  0.52648507335109662     
  0.95460515781521948      ,  0.94488406424180749      ,  0.57492854014299799     
   1.0406634683636260      ,   1.0293200115880103      ,  0.62762371220481183     
   1.1315795243298354      ,   1.1198172657769607      ,  0.68482500244872102     
   1.2269612130927103      ,   1.2162401498838087      ,  0.74675720953346603     
   1.3265145087194572      ,   1.3182286351005581      ,  0.81359715612049432     
   1.4299879310387844      ,   1.4251283035935616      ,  0.88545008151459337     
   1.5369864199566567      ,   1.5359092905780751      ,  0.96232003866968674     
   1.6466992804933929      ,   1.6490769691601981      ,   1.0440737963954980     
   1.7576444381056682      ,   1.7625803520093120      ,   1.1303982621456463     
   1.8675300436989324      ,   1.8737286770511576      ,   1.2207523257973252     
   1.9732794697336860      ,   1.9791323337539792      ,   1.3143153831750887     
   2.0711853788939183      ,   2.0746905761774594      ,   1.4099366878493840     
   2.1570995887873572      ,   2.1556539445227054      ,   1.5060920462594489     
   2.2265701692549786      ,   2.2167915023342668      ,   1.6008569537318578     
   2.2749035935196824      ,   2.2526884218042524      ,   1.6919075042317528     
   2.2972161138702130      ,   2.2581843870692953      ,   1.7765613825387028     
   2.2886025678114610      ,   2.2289354566246842      ,   1.8518697931255470     
   2.2445539036013797      ,   2.1620431645734275      ,   1.9147661847452768     
   2.1616700194970186      ,   2.0566529170936714      ,   1.9622686169821451     
   2.0385444033543978      ,   1.9143940614837531      ,   1.9917204286638490     
   1.8765170388216381      ,   1.7395340488428781      ,   2.0010411052933321     
   1.6799777892408736      ,   1.5387608201874197      ,   1.9889499507456627     
   1.4561774887865302      ,   1.3205875736851553      ,   1.9551235362441517     
   1.2148280764026653      ,   1.0944698721640391      ,   1.9002562817400708     
  0.96767950687544257      ,  0.86980197130440695      ,   1.8260108125278076     
  0.72779848234236832      ,  0.65498696600371087      ,   1.7348662255019947     
  0.50804489047017598      ,  0.45674402410833626      ,   1.6298915649064565     
  0.31849564730135599      ,  0.27974115223213653      ,   1.5144830970439576     
  0.16349567375205201      ,  0.12655500924438956      ,   1.3921050714225933     
   4.0540908647514452E-002 ,  -2.1093609545281568E-003 ,   1.2660659784698975     
  -5.7291537446106794E-002 , -0.10703999294361360      ,   1.1393497488246689     
 -0.13702853913812335      , -0.19008160102014149      ,   1.0145082306768012     
 -0.20292699028727715      , -0.25371953242299472      ,  0.89361081724419855     
 -0.25648103914261233      , -0.30073129688479561      ,  0.77824067797363217     
 -0.29801789926931271      , -0.33392454246025399      ,  0.66952453904332021     
 -0.32770637233129396      , -0.35596005720225277      ,  0.56818335328088643     
 -0.34587514987299783      , -0.36924698732802863      ,  0.47459326396003948     
 -0.35363822379723875      , -0.37589322082260024      ,  0.38884895656509771     
 -0.35327826126234879      , -0.37769423707262845      ,  0.31082411065795684     
 -0.34787242895484011      , -0.37614639022080093      ,  0.24022584882287670     
 -0.34083269861829957      , -0.37247398388673925      ,  0.17664171537082027     
 -0.33531246752605365      , -0.36766269850571237      ,  0.11957883348917736     
 -0.33317116437519761      , -0.36249455027626887      ,   6.8495581330194732E-002
 -0.33441852380399051      , -0.35758150586839088      ,   2.2826506073900316E-002
 -0.33779154508837211      , -0.35339622047587044      ,  -1.7998639778078043E-002
 -0.34178646527868378      , -0.35029923678836039      ,  -5.4540824849171811E-002
 -0.34551151305872224      , -0.34856251030891594      ,  -8.7341759806201569E-002
 -0.34918123983326876      , -0.34838942264384626      , -0.11691723052267909     
 -0.35386052822252850      , -0.34993159229674742      , -0.14375306250130479     
 -0.36051932458570446      , -0.35330285041969134      , -0.16830313786135651     
 -0.36934702264459579      , -0.35859075534454887      , -0.19098898192971681     
 -0.37988119237361406      , -0.36586599856871060      , -0.21220052210168877     
 -0.39158226319040174      , -0.37519002047089617      , -0.23229769598738090     
 -0.40438036531432564      , -0.38662111437854607      , -0.25161264904947012     
 -0.41884455216659083      , -0.40021925684407017      , -0.27045231471455861     
 -0.43586347183307195      , -0.41604986199587363      , -0.28910121329269922     
 -0.45615418676498681      , -0.43418661921318441      , -0.30782434099060302     
 -0.47993582916256211      , -0.45471353602796433      , -0.32687004780146445     
 -0.50690247702328683      , -0.47772627159494169      , -0.34647282392138790     
 -0.53650383819300307      , -0.50333280959024207      , -0.36685592925790400     
 -0.56832192251946945      , -0.53165348217388397      , -0.38823381009042951     
 -0.60226434262507278      , -0.56282031778690689      , -0.41081425140154459     
 -0.63854064370402275      , -0.59697564414214421      , -0.43480021307211597     
 -0.67753023669209533      , -0.63426983296738892      , -0.46039129315319621     
 -0.71960109428248420      , -0.67485802422642949      , -0.48778475182937375     
 -0.76501553161288860      , -0.71889561443919947      , -0.51717601545449898     
 -0.81402893889278938      , -0.76653223684161209      , -0.54875856116675947     
 -0.86699932420503112      , -0.81790390218311593      , -0.58272305918769784     
 -0.92433119683050702      , -0.87312291159351063      , -0.61925562236534037     
 -0.98630512462712339      , -0.93226510369459192      , -0.65853498173058778     
  -1.0528829381507845      , -0.99535396770232754      , -0.70072837453749337     
  -1.1235891791113937      ,  -1.0623411591474730      , -0.74598590049483626     
  -1.1975986713843922      ,  -1.1330830190770358      , -0.79443307761640658     
  -1.2739971048503105      ,  -1.2073128544503686      , -0.84616131890993951     
  -1.3520212516501791      ,  -1.2846090303135032      , -0.90121606603373261     
  -1.4311322630739778      ,  -1.3643594057596606      , -0.95958237131782331     
  -1.5109002979700694      ,  -1.4457233725700702      ,  -1.0211678349887090     
  -1.5907592664250636      ,  -1.5275937779192856      ,  -1.0857830039380234     
  -1.6697544629928163      ,  -1.6085623533591964      ,  -1.1531196477268890     
  -1.7463994436978061      ,  -1.6868938939161400      ,  -1.2227277695525685     
  -1.8186764083889144      ,  -1.7605161903145281      ,  -1.2939927958138346     
  -1.8841446640426796      ,  -1.8270343129837907      ,  -1.3661151039794051     
  -1.9400787326624991      ,  -1.8837787772127064      ,  -1.4380948387112886     
  -1.9835789038608440      ,  -1.9278966816365157      ,  -1.5087257139824952     
  -2.0116683566604858      ,  -1.9564922881605553      ,  -1.5766020145148025     
  -2.0214126157302057      ,  -1.9668179842404507      ,  -1.6401430354681412     
  -2.0100837211692855      ,  -1.9565078935156675      ,  -1.6976384459203631     
  -1.9753969437035810      ,  -1.9238352622592316      ,  -1.7473162883833551     
  -1.9158182038471001      ,  -1.8679631247608479      ,  -1.7874324592804500     
  -1.8308930530498007      ,  -1.7891488963989355      ,  -1.8163767754887499     
  -1.7215356510702664      ,  -1.6888613174542515      ,  -1.8327867172578691     
  -1.5902236749440206      ,  -1.5697756537403367      ,  -1.8356565804305158     
  -1.4410527228493006      ,  -1.4356308657342878      ,  -1.8244281277482193     
  -1.2796216856998315      ,  -1.2909575812169940      ,  -1.7990497282333926     
  -1.1127146097173757      ,  -1.1407118013422741      ,  -1.7599946421626305     
 -0.94771386175366645      , -0.98986866166433762      ,  -1.7082349636031091     
 -0.79170801406741498      , -0.84303727905915227      ,  -1.6451744759519611     
 -0.65040913822661328      , -0.70414998917810345      ,  -1.5725497021054149     
