  0.70001483699594491      ,   2.1229450724483714      ,   1.4655193661558268     
   1.8890707643742921      ,   2.1929852415350255      ,   1.5610585270229873     
   2.2786352031664276      ,   2.2400776937172493      ,   1.6539053462152871     
   2.2206337469152535      ,   2.2589017442634218      ,   1.7415228812149708     
   1.9420785727143208      ,   2.2447042742917840      ,   1.8210630112943438     
   1.6449585228049965      ,   2.1939089102960634      ,   1.8894909061409448     
   1.5322475553897799      ,   2.1047402225179983      ,   1.9437656688917380     
   1.6120916291169831      ,   1.9777454803439807      ,   1.9810672081207392     
   1.5497454129344024      ,   1.8160821072783706      ,   1.9990464820024860     
   1.4723650941535327      ,   1.6254624622894605      ,   1.9960649989817625     
   1.2042142981243253      ,   1.4137129629515430      ,   1.9713841858516696     
   1.0489827169491248      ,   1.1899972664110152      ,   1.9252693066812612     
  0.84219944612003494      ,  0.96384218103004549      ,   1.8589865037522069     
  0.64059071337329554      ,  0.74415591195967179      ,   1.7746919444430655     
  0.50758790591947767      ,  0.53842131673974125      ,   1.6752329415465239     
  0.44337233358493983      ,  0.35218728446955988      ,   1.5638959838847664     
  0.26387918589793075      ,  0.18889565376218667      ,   1.4441420266186100     
  0.17353856909790122      ,   5.0001978019320249E-002 ,   1.3193650556489360     
   7.4251406851828100E-002 ,  -6.4700883798565631E-002 ,   1.1926989228874905     
  -2.7022314748633335E-002 , -0.15666063759309845      ,   1.0668841267543117     
  -8.4852338743361677E-002 , -0.22813426990100699      ,  0.94419438639734021     
 -0.13568697805851954      , -0.28180797976757588      ,  0.82641469034470127     
 -0.19335758768552636      , -0.32049834109380249      ,  0.71485843581946695     
 -0.23166930531460816      , -0.34694074961631782      ,  0.61041059040920653     
 -0.25713386518873238      , -0.36365620077566646      ,  0.51358530372947420     
 -0.29754956044577030      , -0.37288048745330526      ,  0.42458891988492709     
 -0.32327662351273523      , -0.37653861886822665      ,  0.34338204425120999     
 -0.33980379780535297      , -0.37624917459232166      ,  0.26973670639260389     
 -0.34509595729606840      , -0.37334652660465156      ,  0.20328652779630416     
 -0.36392568815597437      , -0.36891220776140959      ,  0.14356912745924336     
 -0.35888431842678931      , -0.36380958762195265      ,   9.0060855130340983E-002
 -0.38046973846157578      , -0.35871823902491112      ,   4.2204439621893741E-002
 -0.39256640407799182      , -0.35416596004674755      ,  -5.6961569239652996E-004
 -0.40061939848474981      , -0.35055746826940914      ,  -3.8826978221081797E-002
 -0.39806495340467307      , -0.34819944144875398      ,  -7.3117879548269940E-002
 -0.41768701619089266      , -0.34732196114584557      , -0.10396913675487859     
 -0.42280004575458785      , -0.34809661831423416      , -0.13187907821838246     
 -0.44723757075145332      , -0.35065163044657438      , -0.15731475324318300     
 -0.46882193124314775      , -0.35508434474769440      , -0.18071090378070817     
 -0.49143542995648520      , -0.36147149037983400      , -0.20247026648446861     
 -0.50129869289113826      , -0.36987751301508459      , -0.22296485238673353     
 -0.51075779929833975      , -0.38036128702789984      , -0.24253791924495635     
 -0.51834459626324059      , -0.39298146021187508      , -0.26150640862046931     
 -0.52421768207596031      , -0.40780064560972051      , -0.28016366693359418     
 -0.54386114914682815      , -0.42488863596647064      , -0.29878230811027573     
 -0.56048843573292506      , -0.44432477860534586      , -0.31761710598075332     
 -0.58224803942690095      , -0.46619961183729980      , -0.33690782818834025     
 -0.59789572685526915      , -0.49061582772856122      , -0.35688194075595159     
 -0.62511087438116353      , -0.51768858938690709      , -0.37775712423213165     
 -0.64213396803303247      , -0.54754519301577265      , -0.39974354894277481     
 -0.67838184434581406      , -0.58032402491292434      , -0.42304585861538374     
 -0.70556565196742749      , -0.61617272046811900      , -0.44786480869756806     
 -0.74520936320721753      , -0.65524538527947807      , -0.47439849813077212     
 -0.77381760309282743      , -0.69769868729453444      , -0.50284312115890861     
 -0.81495656025215957      , -0.74368657348523226      , -0.53339314892254241     
 -0.84877595121810634      , -0.79335330605295495      , -0.56624082914757556     
 -0.89670716406227913      , -0.84682445416439756      , -0.60157486641105617     
 -0.94744716927698580      , -0.90419542278911047      , -0.63957811587315860     
  -1.0080456644821785      , -0.96551705894731876      , -0.68042409129601356     
  -1.0719570149504003      ,  -1.0307778612015503      , -0.72427205599499500     
  -1.1422973791919475      ,  -1.0998823509037625      , -0.77126043706710912     
  -1.2181651012730597      ,  -1.1726252724491224      , -0.82149828508863920     
  -1.2949869642378540      ,  -1.2486615134322572      , -0.87505450283288311     
  -1.3819253457722416      ,  -1.3274720230237296      , -0.93194460068929952     
  -1.4649888546631618      ,  -1.4083266142620134      , -0.99211482113025040     
  -1.5559533391429550      ,  -1.4902454189606513      ,  -1.0554236320282695     
  -1.6380204488890850      ,  -1.5719619618454443      ,  -1.1216208443547895     
  -1.7261415213171800      ,  -1.6518923291820697      ,  -1.1903249890188543     
  -1.8032348325377023      ,  -1.7281166388091584      ,  -1.2610001085055818     
  -1.8851404692244358      ,  -1.7983807511966154      ,  -1.3329337815139992     
  -1.9543329575320787      ,  -1.8601274883067285      ,  -1.4052189689836077     
  -2.0208775769965803      ,  -1.9105669316404634      ,  -1.4767430611370855     
  -2.0685610598629700      ,  -1.9467938643396794      ,  -1.5461881616983577     
  -2.1022236810157371      ,  -1.9659562972366709      ,  -1.6120469374818855     
  -2.1088374337266118      ,  -1.9654717519920386      ,  -1.6726580056065574     
  -2.0917888694497964      ,  -1.9432777608327523      ,  -1.7262635486630262     
  -2.0439226817535094      ,  -1.8980912374186156      ,  -1.7710894706649931     
  -1.9680783867108929      ,  -1.8296406962393050      ,  -1.8054450031124267     
  -1.8632784651470187      ,  -1.7388294866500131      ,  -1.8278346624583925     
  -1.7332412704929672      ,  -1.6277909378168240      ,  -1.8370716452890137     
  -1.5818101054653195      ,  -1.4998095542228083      ,  -1.8323791687938058     
  -1.4146357468519062      ,  -1.3591048903602743      ,  -1.8134659116009328     
  -1.2396993168248402      ,  -1.2105014823689850      ,  -1.7805641330966038     
  -1.0632525374045321      ,  -1.0590317642324893      ,  -1.7344240464755345     
 -0.89444631008735265      , -0.90953204853726333      ,  -1.6762645840380972     
 -0.73723209723126337      , -0.76629045839720311      ,  -1.6076872838821734     
 -0.59782817946138733      , -0.63279111119684861      ,  -1.5305650890616394     
 -0.47515087115042764      , -0.51157614327258938      ,  -1.4469203331926654     
 -0.37099601631835494      , -0.40422348056081997      ,  -1.3588058440310067     
 -0.28128074924931468      , -0.31141976406450217      ,  -1.2682004526181798     
 -0.20674570795186104      , -0.23309778801163680      ,  -1.1769262441082506     
 -0.14480429697556604      , -0.16860623877588951      ,  -1.0865906987991416     
  -9.6590700555823167E-002 , -0.11688420726929609      , -0.99855328422125944     
  -6.0200170761463501E-002 ,  -7.6620826960369842E-002 , -0.91391352682143312     
  -3.5755513219161608E-002 ,  -4.6388750188870759E-002 , -0.83351620498294843     
  -2.0841891249383349E-002 ,  -2.4747247274474339E-002 , -0.75796889974055193     
  -1.4523486792551464E-002 ,  -1.0315729998428632E-002 , -0.68766743138630215     
  -1.4183084322125762E-002 ,  -1.8214478280048640E-003 , -0.62282540323619306     
  -1.8332860724176427E-002 ,   1.8736213420180853E-003 , -0.56350492439458066     
  -2.4693471757874376E-002 ,   1.7615356216361129E-003 , -0.50964642339749555     
  -3.2057565793963710E-002 ,  -1.3118115952818158E-003 , -0.46109619835676158     
  -3.9353007355949529E-002 ,  -6.6396574477651698E-003 , -0.41763093670120399     
  -4.6427628009065164E-002 ,  -1.3643028666461270E-002 , -0.37897887546563841     
  -5.3753858941881748E-002 ,  -2.1857230537399887E-002 , -0.34483757807297111     
  -6.1914891315830389E-002 ,  -3.0917647516997382E-002 , -0.31488850072089442     
  -7.1835237389984444E-002 ,  -4.0545828998756465E-002 , -0.28880863680281205     
  -8.3458498978108628E-002 ,  -5.0536458215814865E-002 , -0.26627958437632082     
  -9.6934381877545550E-002 ,  -6.0745535952676205E-002 , -0.24699439830948178     
 -0.11097094321657272      ,  -7.1079928829461902E-002 , -0.23066257968419340     
 -0.12513683880725937      ,  -8.1488312368645233E-002 , -0.21701353068754367     
 -0.13788851743056926      ,  -9.1953464011745173E-002 , -0.20579877078846398     
 -0.14925817617680048      , -0.10248581711414667      , -0.19679317430099824     
 -0.15860902543257777      , -0.11311816375377477      , -0.18979545356896593     
 -0.16704785865566985      , -0.12390138486828309      , -0.18462807785078555     
 -0.17491683962404136      , -0.13490108585741281      , -0.18113678659492613     
 -0.18368081175846956      , -0.14619502096295234      , -0.17918982768631697     
 -0.19363957387272387      , -0.15787119815256992      , -0.17867702656820605     
 -0.20541531093598642      , -0.17002656630521587      , -0.17950877083502106     
 -0.21843244555872054      , -0.18276619714175962      , -0.18161497674609636     
 -0.23223450851556740      , -0.19620288481528092      , -0.18494408884528565     
 -0.24600924731077067      , -0.21045709584136973      , -0.18946215116338330     
 -0.25930937206842497      , -0.22565721072115474      , -0.19515197798646983     
 -0.27224746053809418      , -0.24194000588268194      , -0.20201244354666020     
 -0.28503867271542060      , -0.25945133017162558      , -0.21005790288735099     
 -0.29870131755563722      , -0.27834693379168085      , -0.21931775023200070     
 -0.31366327515318065      , -0.29879340902458551      , -0.22983611610438576     
 -0.33120545654780370      , -0.32096920087564484      , -0.24167169986552495     
 -0.35156180618192556      , -0.34506564151254326      , -0.25489772989084503     
 -0.37590401574031052      , -0.37128795436713680      , -0.26960203892761031     
 -0.40396039614790336      , -0.39985616123761175      , -0.28588723682235340     
 -0.43626472022640256      , -0.43100580761439661      , -0.30387095630563832     
 -0.47184608150333995      , -0.46498839643186035      , -0.32368613929883611     
 -0.51075465035566892      , -0.50207138687697239      , -0.34548132058916198     
 -0.55209503851207031      , -0.54253757078717313      , -0.36942085189663620     
 -0.59629205896942983      , -0.58668358224765382      , -0.39568499136519159     
 -0.64333990345466441      , -0.63481722373640304      , -0.42446976021377292     
 -0.69421079348556780      , -0.68725320205339335      , -0.45598643837758396     
 -0.74949794271918546      , -0.74430675725310036      , -0.49046053302116105     
 -0.81011704979669974      , -0.80628453708180048      , -0.52813000635325302     
 -0.87686359798599578      , -0.87347191981658512      , -0.56924249093951840     
 -0.95038128890678031      , -0.94611582648685610      , -0.61405115097201413     
  -1.0313104734064016      ,  -1.0244019038421510      , -0.66280876718600912     
  -1.1192579356186081      ,  -1.1084248294944457      , -0.71575953398672687     
  -1.2136778104499726      ,  -1.1981504370039850      , -0.77312796625371349     
  -1.3126908678159055      ,  -1.2933684551491871      , -0.83510423251032928     
  -1.4150931948168379      ,  -1.3936350120537007      , -0.90182518174023896     
  -1.5191002374706828      ,  -1.4982048238685792      , -0.97335034643113805     
  -1.6243789625125036      ,  -1.6059543643073384      ,  -1.0496323335922244     
  -1.7299868096826883      ,  -1.7152995155211928      ,  -1.1304813258783022     
  -1.8357468761619595      ,  -1.8241144286973070      ,  -1.2155239907546520     
  -1.9400339992033295      ,  -1.9296626473165661      ,  -1.3041580287422825     
  -2.0409048557988512      ,  -2.0285567510694142      ,  -1.3955049591156097     
  -2.1344140875333988      ,  -2.1167681279727408      ,  -1.4883655626288721     
  -2.2155685538710475      ,  -2.1897124730225968      ,  -1.5811845732323351     
  -2.2776977842391335      ,  -2.2424368401855683      ,  -1.6720334281675850     
  -2.3138177155931938      ,  -2.2699274515027903      ,  -1.7586215675428791     
  -2.3172381660725501      ,  -2.2675410704442771      ,  -1.8383470568267553     
  -2.2828595471295876      ,  -2.2315354793862863      ,  -1.9083951718011813     
  -2.2078389677406096      ,  -2.1596393728573404      ,  -1.9658881976733313     
  -2.0920705490806415      ,  -2.0515673608482117      ,  -2.0080809159886481     
  -1.9383985750361468      ,  -1.9093654042820782      ,  -2.0325851947350984     
  -1.7523392873294359      ,  -1.7374802521795818      ,  -2.0375963442642169     
  -1.5418397388189065      ,  -1.5424908645419049      ,  -2.0220870557072868     
  -1.3165066744338285      ,  -1.3325138890316865      ,  -1.9859351503616736     
  -1.0869793897735363      ,  -1.1163770895205816      ,  -1.9299604824015189     
 -0.86362416782486195      , -0.90271463970216792      ,  -1.8558625427495614     
 -0.65554762300129277      , -0.69915333805288005      ,  -1.7660691607004873     
 -0.46928881617251816      , -0.51172455627362157      ,  -1.6635226118661581     
 -0.30785873129128677      , -0.34456902251457822      ,  -1.5514380456062040     
 -0.17014165378807627      , -0.19992742058226354      ,  -1.4330689555593126     
  -5.2759259793084892E-002 ,  -7.8353635495356427E-002 ,  -1.3115070018535810     
   4.7106339787096670E-002 ,   2.0938678205007655E-002 ,  -1.1895322925370455     
  0.12997863187518804      ,   9.9683331970804839E-002 ,  -1.0695188846258392     
  0.19493989966932140      ,  0.16018938887226788      , -0.95339135265482711     
  0.24149443376218077      ,  0.20502955102225520      , -0.84262287340932207     
  0.27069418933505895      ,  0.23680505324691808      , -0.73826321303702513     
  0.28489409008170796      ,  0.25798571518553559      , -0.64098540203572851     
  0.28719572078207162      ,  0.27081406721431378      , -0.55114169936627055     
  0.28102021068763783      ,  0.27725876812910116      , -0.46882179683512121     
  0.26963986110175575      ,  0.27900274777112255      , -0.39390850780487019     
  0.25599137549534690      ,  0.27745373025931797      , -0.32612810965688144     
  0.24261459731342699      ,  0.27376767687771925      , -0.26509396378805872     
  0.23135190320894569      ,  0.26887844999022875      , -0.21034304104239709     
  0.22285538349696687      ,  0.26352928555378896      , -0.16136561312245876     
  0.21665053331955378      ,  0.25830338361003830      , -0.11762872548202521     
  0.21156078254310498      ,  0.25365213339961845      ,  -7.8594230329419618E-002
  0.20647852193888033      ,  0.24992028571985089      ,  -4.3732198406493103E-002
  0.20109021655725787      ,  0.24736787928073103      ,  -1.2530495478973122E-002
  0.19622385617487886      ,  0.24618901419420672      ,   1.5498761649762946E-002
  0.19327879296477180      ,  0.24652771658972086      ,   4.0815242249198726E-002
  0.19354689108449422      ,  0.24849120507191619      ,   6.3848395057936713E-002
  0.19778446630135837      ,  0.25216088680275600      ,   8.4996947291091016E-002
  0.20616595294130230      ,  0.25760140041147883      ,  0.10462953672164868     
  0.21827301578221889      ,  0.26486799812752337      ,  0.12308617297080882     
  0.23325155530414254      ,  0.27401252828755540      ,  0.14068028317307485     
  0.25001460281516547      ,  0.28508824596383264      ,  0.15770114704959190     
  0.26762493260035797      ,  0.29815364605313538      ,  0.17441656789863064     
  0.28569160959495005      ,  0.31327548066923111      ,  0.19107565995241765     
  0.30453234917491695      ,  0.33053109129916319      ,  0.20791165978693618     
  0.32501351795227179      ,  0.35001015569947541      ,  0.22514469075587282     
  0.34814342991696490      ,  0.37181591944846470      ,  0.24298442539145085     
  0.37474693299745143      ,  0.39606595177792658      ,  0.26163260189036275     
  0.40529500031935994      ,  0.42289243397840254      ,  0.28128535757025835     
  0.44000967003749225      ,  0.45244195537173576      ,  0.30213534479742682     
  0.47883869305874510      ,  0.48487475552864823      ,  0.32437359347328226     
  0.52142864858945037      ,  0.52036331095555033      ,  0.34819107871969512     
  0.56708031165990025      ,  0.55909011875466963      ,  0.37377994279216353     
  0.61499224454302215      ,  0.60124447776365575      ,  0.40133430624077332     
  0.66452988281030323      ,  0.64701800872700355      ,  0.43105058462564538     
  0.71560806719414272      ,  0.69659858914627970      ,  0.46312720335904639     
  0.76875026511512168      ,  0.75016230682968776      ,  0.49776357426593426     
  0.82484803310374255      ,  0.80786296208517894      ,  0.53515816326300703     
  0.88471937693036184      ,  0.86981857845954313      ,  0.57550543970562862     
  0.94899311357372540      ,  0.93609432723212493      ,  0.61899145589766924     
   1.0182565333176672      ,   1.0066812497723858      ,  0.66578776291098896     
   1.0931388061945309      ,   1.0814702020791576      ,  0.71604333133576936     
   1.1739724208006210      ,   1.1602205871984252      ,  0.76987412117325282     
   1.2601859347758588      ,   1.2425237379106899      ,  0.82734994640491488     
   1.3500364408900858      ,   1.3277613327337383      ,  0.88847832494687062     
   1.4410039614382986      ,   1.4150600519922343      ,  0.95318511823163443     
   1.5307051248435719      ,   1.5032448850857092      ,   1.0212919774044968     
   1.6175696041164374      ,   1.5907951368249806      ,   1.0924909602993793     
   1.7009075733137395      ,   1.6758092336481305      ,   1.1663171991790231     
   1.7802475867484044      ,   1.7559867539213359      ,   1.2421212063624751     
   1.8545735758590642      ,   1.8286383484215454      ,   1.3190432973004009     
   1.9218265807920552      ,   1.8907357477549998      ,   1.3959936298273332     
   1.9788901686771185      ,   1.9390139414672936      ,   1.4716423658616045     
   2.0217147427716906      ,   1.9701347168167749      ,   1.5444252179966029     
   2.0456068495909268      ,   1.9809139931688384      ,   1.6125698074137198     
   2.0457374419569381      ,   1.9686042965658759      ,   1.6741474332865141     
   2.0180271713269042      ,   1.9312090665239734      ,   1.7271526879999526     
   1.9601030778363966      ,   1.8677898948641325      ,   1.7696097139064220     
   1.8719460270139199      ,   1.7787157727778797      ,   1.7996990584772179     
   1.7559243945097582      ,   1.6658004180897077      ,   1.8158938485468463     
   1.6163242717987258      ,   1.5322841264031259      ,   1.8170896522382194     
   1.4587086544032071      ,   1.3826410816817760      ,   1.8027103842661085     
   1.2894139318984741      ,   1.2222271300857113      ,   1.7727740487535097     
   1.1152036783813475      ,   1.0568173954948450      ,   1.7279072363722550     
  0.94286780419624705      ,  0.89210699497372936      ,   1.6693051785598141     
  0.77861449403845495      ,  0.73325371885859658      ,   1.5986429288824242     
  0.62729391633828024      ,  0.58452759738698601      ,   1.5179506812892458     
  0.49175604775604864      ,  0.44910440619877645      ,   1.4294706036630744     
  0.37273844730937578      ,  0.32900804302432490      ,   1.3355131575457599     
  0.26952054484893445      ,  0.22517975761350253      ,   1.2383281301111788     
  0.18096415828529150      ,  0.13763619500143201      ,   1.1400007631493552     
  0.10624798433045439      ,   6.5674125912785541E-002 ,   1.0423779110055031     
   4.4909640201332923E-002 ,   8.0849226673441309E-003 ,  0.94702432864755492     
  -3.5288997456125459E-003 ,  -3.6647959318350160E-002 ,  0.85520570116662220     
  -3.9887482506349457E-002 ,  -7.0183985503209742E-002 ,  0.76789306686827385     
  -6.5404004191336462E-002 ,  -9.4198889559875751E-002 ,  0.68578266487044659     
  -8.1698413920574878E-002 , -0.11029539148430681      ,  0.60932557376670549     
  -9.0709293280222869E-002 , -0.11994634888404937      ,  0.53876239312829344     
  -9.4569951006445579E-002 , -0.12446374781749646      ,  0.47415931772987213     
  -9.5396796059690953E-002 , -0.12498684092459350      ,  0.41544303521539272     
  -9.5012472948608595E-002 , -0.12248351306069007      ,  0.36243281295299978     
  -9.4650534443901285E-002 , -0.11776008759970902      ,  0.31486887817539688     
  -9.4780930547315193E-002 , -0.11147595722127562      ,  0.27243673610220331     
  -9.5169337140978527E-002 , -0.10416046098667439      ,  0.23478743889501760     
  -9.5141890366275988E-002 ,  -9.6230268745729916E-002 ,  0.20155404923322520     
  -9.3953118449488560E-002 ,  -8.8006169680094323E-002 ,  0.17236467135236386     
  -9.1138030417129312E-002 ,  -7.9728619465646910E-002 ,  0.14685248014890553     
  -8.6705478039736550E-002 ,  -7.1571715908854167E-002 ,  0.12466318963701144     
  -8.1100469470399297E-002 ,  -6.3655481380319207E-002 ,  0.10546038361411331     
  -7.5023034993592211E-002 ,  -5.6056462123818873E-002 ,   8.8929096525659293E-002
  -6.9207275842243399E-002 ,  -4.8816733180471229E-002 ,   7.4777989758615271E-002
  -6.4202833294591116E-002 ,  -4.1951440676735785E-002 ,   6.2740423449201291E-002
  -6.0193984967484820E-002 ,  -3.5455032936478358E-002 ,   5.2574679744355923E-002
  -5.6936368694809641E-002 ,  -2.9306336777311121E-002 ,   4.4063552248866676E-002
  -5.3847900812315566E-002 ,  -2.3472631137315080E-002 ,   3.7013479116549064E-002
  -5.0230771778779278E-002 ,  -1.7912860613176592E-002 ,   3.1253364298961861E-002
  -4.5529929445090551E-002 ,  -1.2580119031930273E-002 ,   2.6633202873642056E-002
  -3.9530001360045038E-002 ,  -7.4235194168164684E-003 ,   2.3022601941961349E-002
  -3.2417000252900195E-002 ,  -2.3895526643297050E-003 ,   2.0309267999732566E-002
  -2.4685557266012421E-002 ,   2.5769764294678002E-003 ,   1.8397514567913990E-002
  -1.6931517769149692E-002 ,   7.5323600723385788E-003 ,   1.7206829832404586E-002
  -9.6348992197204386E-003 ,   1.2533681512562971E-002 ,   1.6670532691262046E-002
  -3.0252310487213913E-003 ,   1.7638739228033853E-002 ,   1.6734536573687991E-002
   2.9470740291763068E-003 ,   2.2906157954650883E-002 ,   1.7356233333978746E-002
   8.5575597505746677E-003 ,   2.8395651775810059E-002 ,   1.8503504123173291E-002
   1.4216995570072222E-002 ,   3.4168411947193139E-002 ,   2.0153860122593532E-002
   2.0387580580209681E-002 ,   4.0287598573695890E-002 ,   2.2293713141477826E-002
   2.7522422909901079E-002 ,   4.6818920772964574E-002 ,   2.4917774122068557E-002
   3.5990247270708493E-002 ,   5.3831294641373525E-002 ,   2.8028576376258642E-002
   4.5978443624244816E-002 ,   6.1397572269541886E-002 ,   3.1636119741692989E-002
   5.7418793524058501E-002 ,   6.9595338313741359E-002 ,   3.5757631659391192E-002
   6.9998450539061549E-002 ,   7.8507773281989768E-002 ,   4.0417441327286856E-002
   8.3255811317715395E-002 ,   8.8224584786854909E-002 ,   4.5646963479192816E-002
   9.6727154712224789E-002 ,   9.8843009576148722E-002 ,   5.1484788894276025E-002
  0.11009103833234860      ,  0.11046889017470396      ,   5.7976879384914290E-002
  0.12327536060629354      ,  0.12321783041693192      ,   6.5176865672310277E-002
  0.13649022353943346      ,  0.13721643393795990      ,   7.3146447170941875E-002
  0.15018357453598641      ,  0.15260362868110805      ,   8.1955893190802181E-002
  0.16495291707176846      ,  0.16953207845828508      ,   9.1684645344361937E-002
  0.18146206436288234      ,  0.18816967925929715      ,  0.10242202090719046     
  0.20036435642317521      ,  0.20870113291326453      ,  0.11426801639108988     
  0.22220365002167031      ,  0.23132958326445305      ,  0.12733420946757795     
  0.24730042546511036      ,  0.25627828942655712      ,  0.14174475538966241     
  0.27567843017677618      ,  0.28379229583655963      ,  0.15763747088302618     
  0.30708754715166031      ,  0.31414003829503662      ,  0.17516499368889293     
  0.34112860137145357      ,  0.34761479704822135      ,  0.19449599897351566     
  0.37745699019984857      ,  0.38453586975492132      ,  0.21581644392278115     
  0.41600127952734972      ,  0.42524928569696840      ,  0.23933079802753432     
  0.45710521457203052      ,  0.47012781380497676      ,  0.26526319755009375     
  0.50150297330147842      ,  0.51956992601299135      ,  0.29385843679191381     
  0.55016095760027206      ,  0.57399725820589576      ,  0.32538267396696935     
  0.60411816625296866      ,  0.63384995688781476      ,  0.36012368314484444     
  0.66441649602451525      ,  0.69957910375106158      ,  0.39839042277848546     
  0.73203883434484474      ,  0.77163516659707754      ,  0.44051161226904401     
  0.80774015011393918      ,  0.85045113084173762      ,  0.48683290717601213     
  0.89178879707279923      ,  0.93641862573563228      ,  0.53771213779833738     
  0.98378649770281656      ,   1.0298549921469877      ,  0.59351192318830193     
   1.0827342628654784      ,   1.1309588877514196      ,  0.65458879492291688     
   1.1873804076878758      ,   1.2397517747754763      ,  0.72127777049431474     
   1.2966811150821616      ,   1.3560026313389530      ,  0.79387112490455902     
   1.4100769159699584      ,   1.4791337050455708      ,  0.87258995955215146     
   1.5273877001983567      ,   1.6081064368808913      ,  0.95754712642466444     
   1.6484061013886135      ,   1.7412893019177593      ,   1.0487002384026967     
   1.7724573788042639      ,   1.8763138155898438      ,   1.1457940364240928     
   1.8980397051783027      ,   2.0099318942507094      ,   1.2482924930836636     
   2.0224101285619676      ,   2.1378973961878445      ,   1.3553029398616954     
   2.1410648390277012      ,   2.2549064777318151      ,   1.4654974099608737     
   2.2474517694714922      ,   2.3546433513064033      ,   1.5770403371301229     
   2.3333476779313109      ,   2.4299858367995242      ,   1.6875364451886767     
   2.3899243114674711      ,   2.4734218891438644      ,   1.7940172231606923     
   2.4090478759421226      ,   2.4777056673536721      ,   1.8929871604190438     
   2.3843479057016741      ,   2.4367331707699966      ,   1.9805495722426576     
   2.3119432550006405      ,   2.3465443731214122      ,   2.0526239233744605     
   2.1909697533734263      ,   2.2062768910334571      ,   2.1052507294668348     
   2.0239627083455214      ,   2.0188375363135775      ,   2.1349578202379615     
   1.8169077197497954      ,   1.7910618331619277      ,   2.1391383069182974     
   1.5787771871165317      ,   1.5332228917328097      ,   2.1163745456471621     
   1.3206852293541591      ,   1.2579174386146803      ,   2.0666422782241312     
   1.0548446547820776      ,  0.97854134297999718      ,   1.9913488137310020     
  0.79330689663381426      ,  0.70769136313762082      ,   1.8931943560315410     
  0.54684346001762452      ,  0.45583824664640421      ,   1.7758848688803412     
  0.32423850464227266      ,  0.23050927023430751      ,   1.6437546594339536     
  0.13078600741448113      ,   3.6050505143438528E-002 ,   1.5013681551015559     
  -3.3744696684489137E-002 , -0.12611607209068093      ,   1.3531623917873992     
 -0.17396648416903782      , -0.25691646736808738      ,   1.2031709132144586     
 -0.29425411710761235      , -0.35892099368569275      ,   1.0548452921163320     
 -0.39544891341103883      , -0.43566570606659138      ,  0.91096991287466522     
 -0.47557645592964520      , -0.49109073009665027      ,  0.77365276665340721     
 -0.53311442693170774      , -0.52913030916021508      ,  0.64436993400604248     
 -0.56922566696262422      , -0.55344944453988010      ,  0.52404215255857545     
 -0.58724624804603820      , -0.56730092427670731      ,  0.41312580382037600     
 -0.59159905644061117      , -0.57347008422848955      ,  0.31170564749703555     
 -0.58726310027437734      , -0.57427697668179878      ,  0.21958131569322537     
 -0.57888361187634219      , -0.57161183544461391      ,  0.13634331255018414     
 -0.57018195415678341      , -0.56698665329823184      ,   6.1436906494710515E-002
 -0.56415300108651456      , -0.56159171937918373      ,  -5.7860203865394491E-003
 -0.56274358302341143      , -0.55635054902165548      ,  -6.6026161440253139E-002
 -0.56607707283200870      , -0.55196980285759600      , -0.12000557659049557     
 -0.57272072419204811      , -0.54898280315761561      , -0.16844453580434451     
 -0.58082163884280025      , -0.54778643087851842      , -0.21204493240616626     
 -0.58912006204936518      , -0.54867180518917957      , -0.25147893945101157     
 -0.59775044444179259      , -0.55184942003972071      , -0.28738176978518815     
 -0.60822386095527969      , -0.55746948611134617      , -0.32034758760914694     
 -0.62207370094713488      , -0.56563819546380900      , -0.35092779030212551     
 -0.63962597064874438      , -0.57643054706452279      , -0.37963102752785310     
 -0.66015282511302231      , -0.58990027587016369      , -0.40692444907360542     
 -0.68261750038752489      , -0.60608733244994850      , -0.43323577496980942     
 -0.70617169419770809      , -0.62502327145361625      , -0.45895586375767139     
 -0.73032653905472911      , -0.64673482781757508      , -0.48444152011735980     
 -0.75490270946159543      , -0.67124588940194041      , -0.51001833407320762     
 -0.78006180308194983      , -0.69857801281065290      , -0.53598338297267722     
 -0.80638223594669023      , -0.72874957445346822      , -0.56260765637729260     
 -0.83466953081074469      , -0.76177360083665890      , -0.59013808461061679     
 -0.86563581366444131      , -0.79765428065106081      , -0.61879906548882424     
 -0.89976443151400010      , -0.83638212735544426      , -0.64879339212775489     
 -0.93730122775456448      , -0.87792773658273071      , -0.68030248910997815     
 -0.97828594425481086      , -0.92223407105529098      , -0.71348586628439714     
  -1.0226359316583042      , -0.96920721151846778      , -0.74847970091958682     
  -1.0700522859915866      ,  -1.0187055419305131      , -0.78539446213172392     
  -1.1197889682817155      ,  -1.0705273990196120      , -0.82431149933192061     
  -1.1707821264011133      ,  -1.1243973202013882      , -0.86527853247538133     
  -1.2221167548458172      ,  -1.1799511806106666      , -0.90830401053099619     
  -1.2733554802578702      ,  -1.2367207301277516      , -0.95335035097060483     
  -1.3245347965468188      ,  -1.2941183324021865      ,  -1.0003261428697443     
  -1.3758530941927545      ,  -1.3514230708375985      ,  -1.0490774950421622     
  -1.4271975434513213      ,  -1.4077698097463391      ,  -1.0993788430539364     
  -1.4778595060352593      ,  -1.4621432513207209      ,  -1.1509236968342043     
  -1.5266124980092786      ,  -1.5133794522476787      ,  -1.2033160107705185     
  -1.5719099562282797      ,  -1.5601775654106953      ,  -1.2560630796131806     
  -1.6119488856096411      ,  -1.6011246243680743      ,  -1.3085710842048905     
  -1.6446455021319331      ,  -1.6347358360637099      ,  -1.3601445955361895     
  -1.6677273736372025      ,  -1.6595119318158782      ,  -1.4099914444430315     
  -1.6790605496396138      ,  -1.6740135290221811      ,  -1.4572343171030444     
  -1.6770775501425952      ,  -1.6769501584963395      ,  -1.5009301808173732     
  -1.6610207831790853      ,  -1.6672787674971616      ,  -1.5400981306903612     
  -1.6308901556419895      ,  -1.6443034919369328      ,  -1.5737554593945751     
  -1.5872052233803775      ,  -1.6077659040101648      ,  -1.6009607280829263     
  -1.5307756128682382      ,  -1.5579135285661139      ,  -1.6208614663653091     
  -1.4626439337635784      ,  -1.4955348932514001      ,  -1.6327430334951276     
  -1.3842031051323203      ,  -1.4219521617279289      ,  -1.6360743587605571     
  -1.2973283228105577      ,  -1.3389674036710908      ,  -1.6305459717501778     
  -1.2043885124303750      ,  -1.2487650483012311      ,  -1.6160960912620492     
  -1.1081068290887850      ,  -1.1537797725597216      ,  -1.5929215969596866     
  -1.0113042008276885      ,  -1.0565444878607058      ,  -1.5614723340519292     
 -0.91659950151034697      , -0.95953593668434656      ,  -1.5224291288345679     
 -0.82615844427763074      , -0.86503506073693992      ,  -1.4766677720079291     
 -0.74155723121775996      , -0.77501596540308193      ,  -1.4252127180413876     
 -0.66378667957328263      , -0.69107193118611820      ,  -1.3691851115140485     
 -0.59337686431643422      , -0.61438085835291323      ,  -1.3097498964083438     
 -0.53056563021015735      , -0.54570708471447615      ,  -1.2480662595137457     
 -0.47542662311797718      , -0.48543260907053182      ,  -1.1852446890097597     
 -0.42792579504832506      , -0.43360875900124374      ,  -1.1223127313895014     
 -0.38792274890802225      , -0.39001913247825576      ,  -1.0601903307828902     
 -0.35514835981917509      , -0.35424575937535829      , -0.99967460534226515     
 -0.32919078379892075      , -0.32573229227028422      , -0.94143315192369736     
 -0.30950616908150097      , -0.30384011645547843      , -0.88600449845689855     
 -0.29545270040022498      , -0.28789518263124692      , -0.83380411625177198     
 -0.28633914746025418      , -0.27722489743748402      , -0.78513440532441636     
 -0.28147947577612475      , -0.27118548665555725      , -0.74019720831002611     
 -0.28024807915100913      , -0.26918090226847574      , -0.69910763092864081     
 -0.28213198052650990      , -0.27067465841662991      , -0.66190819981108051     
 -0.28676768521630014      , -0.27519604925744096      , -0.62858263694646577     
 -0.29394449139932011      , -0.28234211350831079      , -0.59906875283833150     
 -0.30356689705401291      , -0.29177653783712260      , -0.57327014725614533     
 -0.31558842606027054      , -0.30322648557970211      , -0.55106655451075470     
 -0.32994092056520719      , -0.31647813139018632      , -0.53232278152552437     
 -0.34648623084363994      , -0.33137149483996187      , -0.51689626622335638     
 -0.36500857444199447      , -0.34779500501769461      , -0.50464333648177084     
 -0.38524722576634601      , -0.36568009573819377      , -0.49542428169247349     
 -0.40695300922990102      , -0.38499602525408183      , -0.48910736481874190     
 -0.42994551905108275      , -0.40574503181382809      , -0.48557190700941305     
 -0.45414982202674992      , -0.42795787285999853      , -0.48471057270616202     
 -0.47960174821199292      , -0.45168974702394493      , -0.48643097339798735     
 -0.50642387598635497      , -0.47701656066061776      , -0.49065669468592232     
 -0.53478135744125510      , -0.50403147131716031      , -0.49732783551610799     
 -0.56483018025123410      , -0.53284161661660823      , -0.50640113126787600     
 -0.59667372618091763      , -0.56356491644376672      , -0.51784971444532857     
 -0.63034380988964123      , -0.59632681739133375      , -0.53166254835454352     
 -0.66581503746867421      , -0.63125682995497168      , -0.54784355050508726     
 -0.70304814434971874      , -0.66848469021474177      , -0.56641040358499717     
 -0.74204343229190484      , -0.70813595849571220      , -0.58739303269851206     
 -0.78287942932341281      , -0.75032684820996909      , -0.61083170811569854     
 -0.82571923885606846      , -0.79515806005460743      , -0.63677471314776146     
 -0.87078274587607329      , -0.84270738243510879      , -0.66527549721122536     
 -0.91829617267667096      , -0.89302081239096343      , -0.69638921528000819     
 -0.96843571677457618      , -0.94610195840523448      , -0.73016853783086644     
  -1.0212778991787785      ,  -1.0018995157737431      , -0.76665860183091661     
  -1.0767625238435290      ,  -1.0602926681694629      , -0.80589096597885568     
  -1.1346714827296578      ,  -1.1210743804092265      , -0.84787643615008990     
  -1.1946262580030220      ,  -1.1839327250420781      , -0.89259664507869874     
  -1.2561026608145442      ,  -1.2484306490633519      , -0.93999431056875693     
  -1.3184528342527770      ,  -1.3139849560736494      , -0.98996216730446873     
  -1.3809182618303790      ,  -1.3798457674096958      ,  -1.0423306780223585     
  -1.4426197432058832      ,  -1.4450783338110693      ,  -1.0968547897873986     
  -1.5025223937529060      ,  -1.5085497731547308      ,  -1.1532002176860552     
  -1.5593883698430091      ,  -1.5689240468697017      ,  -1.2109300134128256     
  -1.6117385919890108      ,  -1.6246691407812124      ,  -1.2694925020919510     
  -1.6578441420978121      ,  -1.6740808026929315      ,  -1.3282120238056812     
  -1.6957622690529823      ,  -1.7153270618634235      ,  -1.3862842519564700     
  -1.7234242079375046      ,  -1.7465168280709595      ,  -1.4427781088534570     
  -1.7387734876579555      ,  -1.7657938748848623      ,  -1.4966463657802502     
  -1.7399429591819990      ,  -1.7714543110066963      ,  -1.5467467920685003     
  -1.7254485264425565      ,  -1.7620813487078815      ,  -1.5918751048897211     
  -1.6943719416765477      ,  -1.7366862849086970      ,  -1.6308099101921392     
  -1.6465070189192539      ,  -1.6948400507549732      ,  -1.6623683407229719     
  -1.5824506024985678      ,  -1.6367767362150747      ,  -1.6854693344275800     
  -1.5036269153542436      ,  -1.5634504866980163      ,  -1.6991997322826975     
  -1.4122381846834742      ,  -1.4765310201841704      ,  -1.7028769857454698     
  -1.3111366573818868      ,  -1.3783307488594123      ,  -1.6961016460448777     
  -1.2036181668959796      ,  -1.2716669436537500      ,  -1.6787932562460715     
  -1.0931503183380562      ,  -1.1596733249467557      ,  -1.6512048610538417     
 -0.98306841101982678      ,  -1.0455842051320325      ,  -1.6139138845134358     
 -0.87629130536613975      , -0.93251858183882830      ,  -1.5677901395865363     
 -0.77511716096056327      , -0.82329035218042435      ,  -1.5139446234270537     
 -0.68114715530132697      , -0.72026464386512257      ,  -1.4536649478973556     
 -0.59534945635777814      , -0.62527101860698397      ,  -1.3883443792293637     
 -0.51822285380329625      , -0.53957446906770634      ,  -1.3194114175192606     
 -0.44997867933927505      , -0.46389691918436793      ,  -1.2482658107355322     
 -0.39066447156558770      , -0.39847670576091254      ,  -1.1762252245048130     
 -0.34020271010961595      , -0.34315158107041943      ,  -1.1044848893203174     
 -0.29837224055558748      , -0.29745160266351045      ,  -1.0340907775608119     
 -0.26477974104743895      , -0.26069089022894731      , -0.96592546022966486     
 -0.23885259263362257      , -0.23205059843253328      , -0.90070485909712150     
 -0.21986016416608006      , -0.21064875873199193      , -0.83898363355433903     
 -0.20695820742552529      , -0.19559537939723376      , -0.78116684156170324     
 -0.19924992566493621      , -0.18603315816078411      , -0.72752567936784129     
 -0.19585826653784821      , -0.18116536963129981      , -0.67821542530855661     
 -0.19600159861504160      , -0.18027307394903186      , -0.63329409850843954     
 -0.19905857781709427      , -0.18272393010137675      , -0.59274072934587274     
 -0.20460303010720221      , -0.18797475401396574      , -0.55647248585787767     
 -0.21239371490088807      , -0.19556967171577358      , -0.52436018980393284     
 -0.22231837831852955      , -0.20513537557731906      , -0.49624198298935779     
 -0.23431012367644766      , -0.21637465526718860      , -0.47193507244194055     
 -0.24826732666638973      , -0.22905907577723930      , -0.45124560031800964     
 -0.26400781646098714      , -0.24302142513539784      , -0.43397676066707219     
 -0.28127236074533890      , -0.25814835544495218      , -0.41993532984433485     
 -0.29977075171334150      , -0.27437348785925458      , -0.40893679872533489     
 -0.31924839090258100      , -0.29167113772052305      , -0.40080929976955437     
 -0.33954735756878140      , -0.31005073261561378      , -0.39539651574186374     
 -0.36064113512118168      , -0.32955193639568431      , -0.39255974355020584     
 -0.38263239757381062      , -0.35024045017466282      , -0.39217926911047751     
 -0.40571501463955217      , -0.37220443197803904      , -0.39415518944159794     
 -0.43011210482670653      , -0.39555145607950276      , -0.39840779768278439     
 -0.45600998981350088      , -0.42040591799337096      , -0.40487762625429907     
 -0.48351157692778218      , -0.44690677909479126      , -0.41352522341094500     
 -0.51262877799430417      , -0.47520553392195697      , -0.42433071913709575     
 -0.54331967974485174      , -0.50546427174952702      , -0.43729321766365337     
 -0.57555612473729600      , -0.53785369066681721      , -0.45243003565478301     
 -0.60939222193968789      , -0.57255090604011283      , -0.46977578700513067     
 -0.64500435437744386      , -0.60973687501055940      , -0.48938129681772835     
 -0.68268864698612830      , -0.64959323398722135      , -0.51131230806695893     
 -0.72282219368501421      , -0.69229831675282183      , -0.53564792425562802     
 -0.76580678079316356      , -0.73802208723464602      , -0.56247870966875946     
 -0.81201265178902438      , -0.78691968457225403      , -0.59190434535887448     
 -0.86173060934986334      , -0.83912324162272045      , -0.62403071376360286     
 -0.91513460668892299      , -0.89473160635231996      , -0.65896625826376010     
 -0.97225869334148396      , -0.95379757650101715      , -0.69681743709137578     
  -1.0329953091945721      ,  -1.0163122633497086      , -0.73768306581018306     
  -1.0971173294895853      ,  -1.0821862475180342      , -0.78164732251353786     
  -1.1643134577013292      ,  -1.1512273020640964      , -0.82877118020333218     
  -1.2342149429028897      ,  -1.2231146665016239      , -0.87908203927150175     
  -1.3063916745367863      ,  -1.2973701971690170      , -0.93256137033902720     
  -1.3803091302246049      ,  -1.3733272361202213      , -0.98913025796572596     
  -1.4552553280322968      ,  -1.4500987710790152      ,  -1.0486328760822481     
  -1.5302571851355056      ,  -1.5265474263521797      ,  -1.1108181454454200     
  -1.6040051982110552      ,  -1.6012610163540415      ,  -1.1753201399794371     
  -1.6748010726555402      ,  -1.6725387318242921      ,  -1.2416382341557344     
  -1.7405421530814393      ,  -1.7383943355206446      ,  -1.3091185144058646     
  -1.7987570963061346      ,  -1.7965837066088675      ,  -1.3769385845074287     
  -1.8467011496914585      ,  -1.8446642303873391      ,  -1.4440985090625240     
  -1.8815055198293782      ,  -1.8800923057294496      ,  -1.5094211411549825     
  -1.9003635948921924      ,  -1.9003620552261886      ,  -1.5715652975031595     
  -1.9007371353038802      ,  -1.9031827982302114      ,  -1.6290549666315841     
  -1.8805754769040410      ,  -1.8866851170226828      ,  -1.6803267568421569     
  -1.8385469258823823      ,  -1.8496363551116888      ,  -1.7237959816215145     
  -1.7742726563299875      ,  -1.7916380410675179      ,  -1.7579391792960299     
  -1.6885314486162792      ,  -1.7132726957006661      ,  -1.7813877595971110     
  -1.5833827767598698      ,  -1.6161684807156373      ,  -1.7930244250309093     
  -1.4621514226867551      ,  -1.5029588695350191      ,  -1.7920717886868647     
  -1.3292341078480074      ,  -1.3771305048812259      ,  -1.7781619623086107     
  -1.1897229754660010      ,  -1.2427725453127778      ,  -1.7513773102249932     
  -1.0488858990928200      ,  -1.1042599496768615      ,  -1.7122560386931081     
 -0.91158965209569909      , -0.96591582889212391      ,  -1.6617612036872165     
 -0.78178202393457308      , -0.83170052098099057      ,  -1.6012170039848961     
 -0.66215709355290475      , -0.70496700230654741      ,  -1.5322206851177955     
 -0.55411326519629545      , -0.58830656487150945      ,  -1.4565410779602899     
 -0.45803629331242424      , -0.48349030064061937      ,  -1.3760153333794944     
 -0.37377784755504345      , -0.39149578312941646      ,  -1.2924539848468182     
 -0.30107301977208856      , -0.31259772590773183      ,  -1.2075617072594529     
 -0.23970157015557203      , -0.24649732083023929      ,  -1.1228778477963137     
 -0.18940588350072621      , -0.19246644036208602      ,  -1.0397377047734631     
 -0.14973150159029297      , -0.14948788969210711      , -0.95925310181428824     
 -0.11993554770148530      , -0.11637925082458615      , -0.88230924416551371     
  -9.8992538421002543E-002 ,  -9.1893903499562668E-002 , -0.80957411805612767     
  -8.5658306165746684E-002 ,  -7.4797586472046762E-002 , -0.74151662997261869     
  -7.8559335924527546E-002 ,  -6.3922072050415557E-002 , -0.67843005825751912     
  -7.6297136058478709E-002 ,  -5.8199293618304448E-002 , -0.62045799615403852     
  -7.7568243876374662E-002 ,  -5.6679925827361408E-002 , -0.56762064194083117     
  -8.1296551951950208E-002 ,  -5.8540348368154201E-002 , -0.51983993214592517     
  -8.6747943828085344E-002 ,  -6.3081452805168317E-002 , -0.47696256091195804     
  -9.3574764967904178E-002 ,  -6.9722116155089525E-002 , -0.43878036149152644     
 -0.10175491203941120      ,  -7.7989515728857151E-002 , -0.40504784664213661     
 -0.11143549908044463      ,  -8.7507878633341765E-002 , -0.37549692761449566     
 -0.12273515633779558      ,  -9.7986779594274140E-002 , -0.34984897538591037     
 -0.13558553915008395      , -0.10920972673848564      , -0.32782447175601614     
 -0.14967898498925453      , -0.12102349597512529      , -0.30915053859972014     
 -0.16453256994505647      , -0.13332847406205278      , -0.29356664452594172     
 -0.17962435962388837      , -0.14607013108359065      , -0.28082877981958682     
 -0.19454248325346477      , -0.15923164952925400      , -0.27071237047079422     
 -0.20909877938104418      , -0.17282767687931797      , -0.26301417569665608     
 -0.22337533714222424      , -0.18689913183338283      , -0.25755338429269542     
 -0.23769189220765599      , -0.20150897378470639      , -0.25417209580375427     
 -0.25250312313367757      , -0.21673883553326737      , -0.25273534436015060     
 -0.26825416867483703      , -0.23268641671678922      , -0.25313079693558804     
 -0.28523898329332503      , -0.24946353727361886      , -0.25526823416466127     
 -0.30351438734653202      , -0.26719475444867991      , -0.25907890083227025     
 -0.32291154320659188      , -0.28601645195124986      , -0.26451479464037853     
 -0.34314795978327861      , -0.30607631475629160      , -0.27154794566341145     
 -0.36399212972493022      , -0.32753310681370912      , -0.28016972472774587     
 -0.38540572706497128      , -0.35055667081892139      , -0.29039020643681313     
 -0.40760552995075866      , -0.37532806847835753      , -0.30223760130804356     
 -0.43103403622913788      , -0.40203977563750370      , -0.31575776104721937     
 -0.45627264868606898      , -0.43089583842782897      , -0.33101375087482215     
 -0.48394764318416761      , -0.46211188333042980      , -0.34808547250654798     
 -0.51465797731923935      , -0.49591485471487706      , -0.36706931029059908     
 -0.54891911092168222      , -0.53254232681396518      , -0.38807776046718501     
 -0.58710840823209731      , -0.57224120193494643      , -0.41123898881699250     
 -0.62942173957573067      , -0.61526556162170254      , -0.43669624430404413     
 -0.67587228906626917      , -0.66187338119341854      , -0.46460703482419996     
 -0.72635252023239683      , -0.71232174967747208      , -0.49514194493394065     
 -0.78074536136551864      , -0.76686015654029704      , -0.52848294357277537     
 -0.83903730667473742      , -0.82572131529877424      , -0.56482099157809673     
 -0.90137864510454402      , -0.88910889631946843      , -0.60435271386681955     
 -0.96806350924491069      , -0.95718144561732144      , -0.64727584989268017     
  -1.0394479086841104      ,  -1.0300316888973573      , -0.69378314002236041     
  -1.1158498845054006      ,  -1.1076603862467747      , -0.74405424852281254     
  -1.1974584339973162      ,  -1.1899439527310121      , -0.79824527282869806     
  -1.2842388961648048      ,  -1.2765952520927344      , -0.85647535524582685     
  -1.3758129659853062      ,  -1.3671173852263221      , -0.91880991527361622     
  -1.4713312998255252      ,  -1.4607510350535038      , -0.98524008462433921     
  -1.5694036853145514      ,  -1.5564171138177354      ,  -1.0556580887928402     
  -1.6681439235805706      ,  -1.6526582029154728      ,  -1.1298286242713289     
  -1.7653127702415217      ,  -1.7475846497656911      ,  -1.2073567810173433     
  -1.8584627789552846      ,  -1.8388341462472721      ,  -1.2876538045436170     
  -1.9449784437048270      ,  -1.9235568958115867      ,  -1.3699030094540989     
  -2.0219778568654836      ,  -1.9984414754470683      ,  -1.4530294256971485     
  -2.0861415988655279      ,  -2.0597981597360326      ,  -1.5356781714554506     
  -2.1335932413214715      ,  -2.1037152903137084      ,  -1.6162078635177315     
  -2.1599539375550609      ,  -2.1262985059202357      ,  -1.6927062008074754     
  -2.1606534650836515      ,  -2.1239908924464261      ,  -1.7630346532475247     
  -2.1315166132685039      ,  -2.0939542405694795      ,  -1.8249073791125396     
  -2.0695505374278595      ,  -2.0344698460352229      ,  -1.8760056647451384     
  -1.9737477939102022      ,  -1.9452969176045305      ,  -1.9141233645507050     
  -1.8456502949674192      ,  -1.8279153874829066      ,  -1.9373317682185185     
  -1.6894665000548246      ,  -1.6855855241203963      ,  -1.9441455890870691     
  -1.5117048186606139      ,  -1.5231832073349167      ,  -1.9336674312105187     
  -1.3204578466320986      ,  -1.3468136481388202      ,  -1.9056880830014979     
  -1.1245061850043960      ,  -1.1632561703974931      ,  -1.8607252165892612     
 -0.93235956610462412      , -0.97933229922058140      ,  -1.7999928104286804     
 -0.75133804222879352      , -0.80130503042066714      ,  -1.7253055011865772     
 -0.58675239873901430      , -0.63440384938197447      ,  -1.6389329214769353     
 -0.44126918421138295      , -0.48253394132337513      ,  -1.5434260887480573     
 -0.31489087401504828      , -0.34818283590830196      ,  -1.4414396800717835     
 -0.20600186501334167      , -0.23249812814134732      ,  -1.3355709038006018     
 -0.11298450757449845      , -0.13548555971593074      ,  -1.2282293332833776     
  -3.5193306024197797E-002 ,  -5.6269906219155272E-002 ,  -1.1215446562215881     
   2.7284363810847603E-002 ,   6.6318975710786821E-003 ,  -1.0173126590833490     
   7.4517117855842724E-002 ,   5.5061524558877140E-002 , -0.91697499538263172     
  0.10733623191678744      ,   9.1014157251776917E-002 , -0.82162566727776609     
  0.12734690115339758      ,  0.11648438835860699      , -0.73203639435533829     
  0.13668818503742891      ,  0.13336077817771405      , -0.64869359043157415     
  0.13779650174630353      ,  0.14336166147433382      , -0.57184093095123456     
  0.13317419967317615      ,  0.14800295290998974      , -0.50152299788620158     
  0.12520691650528767      ,  0.14858893126008563      , -0.43762692591034791     
  0.11599558756328700      ,  0.14621829166196354      , -0.37992018122204974     
  0.10708432856906286      ,  0.14179943589764171      , -0.32808352909402183     
   9.9197464153987752E-002 ,  0.13607060347492927      , -0.28173890008174274     
   9.2226918441931566E-002 ,  0.12962183015824019      , -0.24047229154001515     
   8.5511622248526889E-002 ,  0.12291679566143585      , -0.20385209363802392     
   7.8307155951290341E-002 ,  0.11631340530896644      , -0.17144335712803233     
   7.0288455588318116E-002 ,  0.11008249150981247      , -0.14281856471464840     
   6.1809720609168270E-002 ,  0.10442437711713656      , -0.11756546009112379     
   5.3757001503708157E-002 ,   9.9483265975480822E-002 ,  -9.5292450698742537E-002
   4.7176071764253862E-002 ,   9.5359557810579046E-002 ,  -7.5632046969053610E-002
   4.2939131087093005E-002 ,   9.2120256097234787E-002 ,  -5.8242741815565935E-002
   4.1521827883291257E-002 ,   8.9807670522331809E-002 ,  -4.2809675278040152E-002
   4.2888119278827276E-002 ,   8.8446624947945987E-002 ,  -2.9044373790967137E-002
   4.6504504033292315E-002 ,   8.8050377067792895E-002 ,  -1.6683803224649796E-002
   5.1495416055537757E-002 ,   8.8625443418063860E-002 ,  -5.4889303017962065E-003
   5.6929323896067661E-002 ,   9.0175506903978228E-002 ,   4.7570517042281801E-003
   6.2158761110982674E-002 ,   9.2704565893845861E-002 ,   1.4250710197358178E-002
   6.7070387288988981E-002 ,   9.6219465629758111E-002 ,   2.3170478593267770E-002
   7.2120892100545536E-002 ,  0.10073193503900983      ,   3.1678808289697137E-002
   7.8132936993467003E-002 ,  0.10626023546901686      ,   3.9924315065625528E-002
   8.5958608052972341E-002 ,  0.11283051264599034      ,   4.8043883403733036E-002
   9.6192122216498657E-002 ,  0.12047792935848968      ,   5.6164704860415256E-002
  0.10904351917193002      ,  0.12924764397219127      ,   6.4406236612651963E-002
  0.12435358698105504      ,  0.13919568879702723      ,   7.2882074089193616E-002
  0.14168735971711205      ,  0.15038979239713457      ,   8.1701737491125151E-002
  0.16046167070096556      ,  0.16291018095003260      ,   9.0972376317400280E-002
  0.18006237251683080      ,  0.17685038546522014      ,  0.10080039897459114     
  0.19995335358806227      ,  0.19231807375030874      ,  0.11129303635303416     
  0.21982266261610944      ,  0.20943591808758993      ,  0.12255984902471209     
  0.23972531146282633      ,  0.22834250119983526      ,  0.13471418753482758     
  0.26010358157135866      ,  0.24919325368583059      ,  0.14787461413054032     
  0.28166376872328858      ,  0.27216140501006614      ,  0.16216629213985403     
  0.30522184065683439      ,  0.29743891648856235      ,  0.17772234594660688     
  0.33160331980475333      ,  0.32523734746483168      ,  0.19468518987864572     
  0.36156095575198632      ,  0.35578858369275485      ,  0.21320781800241143     
  0.39564687604356186      ,  0.38934532818804513      ,  0.23345503833546014     
  0.43406874339398316      ,  0.42618121744158366      ,  0.25560462372991749     
  0.47663048018403315      ,  0.46659037743175252      ,  0.27984833683908750     
  0.52282231405681756      ,  0.51088617139247883      ,  0.30639276713294245     
  0.57205066501223889      ,  0.55939881143258230      ,  0.33545989260639347     
  0.62394455288189843      ,  0.61247140525082377      ,  0.36728724609690205     
  0.67861120925360663      ,  0.67045388387585647      ,  0.40212752422049775     
  0.73668594847325475      ,  0.73369410400377422      ,  0.44024742390437027     
  0.79914807225806295      ,  0.80252523878664739      ,  0.48192542541007199     
  0.86708179534538476      ,  0.87724836805713469      ,  0.52744816004763362     
  0.94157265750607655      ,  0.95810896533412482      ,  0.57710490493869326     
   1.0236788991082937      ,   1.0452657805728223      ,  0.63117963775002872     
   1.1142291720808370      ,   1.1387504820354777      ,  0.68993996663175328     
   1.2133660951205618      ,   1.2384164273482181      ,  0.75362213632406572     
   1.3201038498100397      ,   1.3438752066554114      ,  0.82241122208398265     
   1.4322974136261355      ,   1.4544203201472676      ,  0.89641559472431365     
   1.5471715419047698      ,   1.5689387609178072      ,  0.97563482829485038     
   1.6621175994372726      ,   1.6858136658766292      ,   1.0599205065801458     
   1.7752175172889244      ,   1.8028248692118054      ,   1.1489299706560232     
   1.8851321894645585      ,   1.9170593339240956      ,   1.2420740599845279     
   1.9904461749088913      ,   2.0248499264203508      ,   1.3384614507544750     
   2.0889018986714483      ,   2.1217681005363196      ,   1.4368443490931841     
   2.1768880178644716      ,   2.2027020523138305      ,   1.5355729780716709     
   2.2492378319810955      ,   2.2620538223631388      ,   1.6325691829374855     
   2.2993146774309703      ,   2.2940825631095625      ,   1.7253318865775926     
   2.3195406774281420      ,   2.2934025096515773      ,   1.8109879719485740     
   2.3025332131293852      ,   2.2556108582566328      ,   1.8864000927656583     
   2.2426877494703610      ,   2.1779756365249536      ,   1.9483366994347122     
   2.1376867427485156      ,   2.0600674067786091      ,   1.9936988387326597     
   1.9893260083004014      ,   1.9041894755754216      ,   2.0197843039439829     
   1.8033138339894239      ,   1.7154692943814802      ,   2.0245557812127513     
   1.5882435913133961      ,   1.5015302430138926      ,   2.0068705581414674     
   1.3543763377572693      ,   1.2717598040209583      ,   1.9666297015238157     
   1.1126802290305300      ,   1.0362971825751546      ,   1.9048163682796677     
  0.87403079502602610      ,  0.80493991239132967      ,   1.8234138682300103     
  0.64840297130698077      ,  0.58618396610125834      ,   1.7252181534258575     
  0.44395234477107570      ,  0.38656124625243360      ,   1.6135790714816123     
  0.26555845039334874      ,  0.21034630813473335      ,   1.4921143988777912     
  0.11343805176370909      ,   5.9608695163686748E-002 ,   1.3644388805009304     
  -1.5896810663358137E-002 ,  -6.5479933137011226E-002 ,   1.2339398472094227     
 -0.12620548370784992      , -0.16620055027530495      ,   1.1036162944159156     
 -0.21883233254446810      , -0.24481000764352695      ,  0.97598429919751772     
 -0.29295159286362432      , -0.30410886996064257      ,  0.85304136147876719     
 -0.34776817042735592      , -0.34709476490187574      ,  0.73627664433751827     
 -0.38413611809148851      , -0.37671289195006802      ,  0.62671257737338548     
 -0.40441624627182643      , -0.39569614814294074      ,  0.52496455981118595     
 -0.41183464357973965      , -0.40647782964416257      ,  0.43130818574931273     
 -0.41017734048812843      , -0.41115746707718875      ,  0.34574645755035577     
 -0.40331211737938366      , -0.41150210621487715      ,  0.26807221390270930     
 -0.39474352376011712      , -0.40896890310199524      ,  0.19792318892810590     
 -0.38749049167625288      , -0.40473875859198022      ,  0.13482868670199558     
 -0.38366280428559757      , -0.39975409662649936      ,   7.8247876867343358E-002
 -0.38384208646026702      , -0.39475651542952789      ,   2.7600314319150377E-002
 -0.38716655883699208      , -0.39032191242298492      ,  -1.7710416716385423E-002
 -0.39206676251646694      , -0.38689192741735651      ,  -5.8278932325788971E-002
 -0.39708102267488954      , -0.38480132170628584      ,  -9.4685166360762144E-002
 -0.40164449181982426      , -0.38430135678688487      , -0.12748546907213734     
 -0.40640721778468952      , -0.38557946906189577      , -0.15720688788408219     
 -0.41260090186980758      , -0.38877563790933228      , -0.18434394603443194     
 -0.42116907804329640      , -0.39399586905819672      , -0.20935734501658584     
 -0.43253458923582738      , -0.40132319833040991      , -0.23267411661505247     
 -0.44674618119508830      , -0.41082658358391927      , -0.25468883757681537     
 -0.46355901929431920      , -0.42256800707019559      , -0.27576559431625691     
 -0.48246183188590136      , -0.43660806267782115      , -0.29624044721241904     
 -0.50275028017275214      , -0.45301025559336150      , -0.31642419513785502     
 -0.52377711431192076      , -0.47184419680003337      , -0.33660528206910106     
 -0.54530327011506030      , -0.49318783156868379      , -0.35705272011539529     
 -0.56764918400928943      , -0.51712879917563415      , -0.37801892807114496     
 -0.59156491866833949      , -0.54376497977004823      , -0.39974240249018106     
 -0.61796753235214696      , -0.57320424278403181      , -0.42245014997122587     
 -0.64766055185020932      , -0.60556336871600913      , -0.44635981535506558     
 -0.68117599186422306      , -0.64096607180850518      , -0.47168144125200534     
 -0.71881893517890405      , -0.67954000459510544      , -0.49861879002709569     
 -0.76070696526710657      , -0.72141257642418488      , -0.52737015029433365     
 -0.80665377269300920      , -0.76670536747726248      , -0.55812853633776005     
 -0.85613229641358268      , -0.81552686917319506      , -0.59108117101442681     
 -0.90846196502364318      , -0.86796323453109814      , -0.62640812116689004     
 -0.96309587820179399      , -0.92406668383501045      , -0.66427993038313904     
  -1.0198844032046261      , -0.98384119101453216      , -0.70485406880495360     
  -1.0791591562688452      ,  -1.0472250883707017      , -0.74826999640014280     
  -1.1415112732105559      ,  -1.1140702913966432      , -0.79464261903395428     
  -1.2074368799969566      ,  -1.1841179882630797      , -0.84405391227026083     
  -1.2771473695222733      ,  -1.2569708943107780      , -0.89654250528706636     
  -1.3505707729915322      ,  -1.3320625811600497      , -0.95209106900782137     
  -1.4273249268277890      ,  -1.4086249955284553      ,  -1.0106114543405447     
  -1.5065020865485936      ,  -1.4856561204709910      ,  -1.0719276969676881     
  -1.5863724617793200      ,  -1.5618908147046162      ,  -1.1357572641826892     
  -1.6643353331076816      ,  -1.6357791596741007      ,  -1.2016912837629112     
  -1.7373157806832533      ,  -1.7054780339848252      ,  -1.2691749722667758     
  -1.8023759469483187      ,  -1.7688628873783263      ,  -1.3374900584707226     
  -1.8571123926572597      ,  -1.8235674200729917      ,  -1.4057416326856329     
  -1.8996054409437526      ,  -1.8670585584756816      ,  -1.4728524544807782     
  -1.9280344723925633      ,  -1.8967521385750084      ,  -1.5375681751794532     
  -1.9403123702982763      ,  -1.9101705150628026      ,  -1.5984769812271005     
  -1.9340361542312068      ,  -1.9051366868038477      ,  -1.6540466183546458     
  -1.9067873916843154      ,  -1.8799909029060546      ,  -1.7026804229180070     
  -1.8566550267774675      ,  -1.8338064567641899      ,  -1.7427917898376235     
  -1.7828243569944375      ,  -1.7665738233804884      ,  -1.7728935811366489     
  -1.6860676568059072      ,  -1.6793193399910480      ,  -1.7916957382361516     
  -1.5689857820630912      ,  -1.5741287994909499      ,  -1.7982014834472844     
  -1.4359036107576477      ,  -1.4540585711738296      ,  -1.7917907942460058     
  -1.2924046097224116      ,  -1.3229355864692047      ,  -1.7722800115972297     
  -1.1446032336794472      ,  -1.1850684983651558      ,  -1.7399488134297523     
 -0.99835160345750029      ,  -1.0449098261764556      ,  -1.6955300711564372     
 -0.85857412190576277      , -0.90671780055009554      ,  -1.6401634518064443     
 -0.72883371483678516      , -0.77426443399857336      ,  -1.5753188259838156     
 -0.61117379522553539      , -0.65062418559314306      ,  -1.5026994293425207     
 -0.50628973861984961      , -0.53805960856055846      ,  -1.4241365517228026     
 -0.41401522657005563      , -0.43800192017994610      ,  -1.3414871510683963     
 -0.33390767015684575      , -0.35111004356225739      ,  -1.2565436330226010     
 -0.26561381596246492      , -0.27738372851379317      ,  -1.1709618668190174     
 -0.20887744469852426      , -0.21630490680726164      ,  -1.0862101432000582     
 -0.16333878840004512      , -0.16698485479310698      ,  -1.0035388660824414     
 -0.12836825131862678      , -0.12830075441590932      , -0.92396866930221366     
 -0.10303169198378628      ,  -9.9011800828282467E-002 , -0.84829344980179178     
  -8.6135878129627669E-002 ,  -7.7850703932708876E-002 , -0.77709439787087953     
  -7.6300060800630815E-002 ,  -6.3590613793592488E-002 , -0.71076127246323817     
  -7.2048707865339651E-002 ,  -5.5090083998159803E-002 , -0.64951768650273467     
  -7.1929315091282503E-002 ,  -5.1319928652182122E-002 , -0.59344783846858606     
  -7.4654285379581131E-002 ,  -5.1376111790610725E-002 , -0.54252281249798806     
  -7.9250584243059946E-002 ,  -5.4482506497482014E-002 , -0.49662518528688282     
  -8.5164992667189438E-002 ,  -5.9986771525834218E-002 , -0.45557118450738321     
  -9.2264382465561900E-002 ,  -6.7351918144290771E-002 , -0.41913003141958882     
 -0.10071249523458545      ,  -7.6145498697450006E-002 , -0.38704037906701927     
 -0.11075863503385074      ,  -8.6027798752510112E-002 , -0.35902394463510756     
 -0.12251614847338452      ,  -9.6739974650656230E-002 , -0.33479655016284376     
 -0.13582538753279219      , -0.10809274326090544      , -0.31407684844854894     
 -0.15025514032274317      , -0.11995598579839001      , -0.29659303637498741     
 -0.16522024666141816      , -0.13224945471734162      , -0.28208785835243927     
 -0.18015069668113229      , -0.14493465480064185      , -0.27032218738771446     
 -0.19465283323207139      , -0.15800789211005009      , -0.26107744707156139     
 -0.20861799230563127      , -0.17149443591142843      , -0.25415710912940392     
 -0.22224792891997336      , -0.18544371031143450      , -0.24938747116086327     
 -0.23598807127263730      , -0.19992541770844602      , -0.24661788975310234     
 -0.25038601155619761      , -0.21502649063002746      , -0.24572061646105828     
 -0.26591587847019948      , -0.23084876878264615      , -0.24659035883437774     
 -0.28282567546001325      , -0.24750730180244249      , -0.24914366600070298     
 -0.30106890343611836      , -0.26512918355277493      , -0.25331821830752771     
 -0.32036040765480234      , -0.28385282959556735      , -0.25907208303752821     
 -0.34034072030122081      , -0.30382761469181757      , -0.26638298299531660     
 -0.36077321313800642      , -0.32521379106320952      , -0.27524761149537930     
 -0.38168303565200679      , -0.34818260996592526      , -0.28568101558953890     
 -0.40338655201351825      , -0.37291656820932029      , -0.29771605884614949     
 -0.42642201379732747      , -0.39960969688581727      , -0.31140296518496530     
 -0.45143760040006314      , -0.42846780097640164      , -0.32680893569513642     
 -0.47909467841119902      , -0.45970854475326928      , -0.34401782048743806     
 -0.51000239043675177      , -0.49356125796539929      , -0.36312981686817919     
 -0.54466050085626549      , -0.53026631045188799      , -0.38426115281641809     
 -0.58339622599522323      , -0.57007386672513005      , -0.40754370016543978     
 -0.62632095342561867      , -0.61324178576453203      , -0.43312444421807728     
 -0.67334961158150175      , -0.66003237338925247      , -0.46116471487057925     
 -0.72429826306174527      , -0.71070762410160104      , -0.49183905773979042     
 -0.77902718134680271      , -0.76552250598750449      , -0.52533359135827784     
 -0.83756299172462445      , -0.82471574748206744      , -0.56184365743896569     
 -0.90013911051420126      , -0.88849748268377926      , -0.60157052509409392     
 -0.96714080618040710      , -0.95703301110356997      , -0.64471685702333670     
  -1.0389967953523955      ,  -1.0304218440011301      , -0.69148058764199649     
  -1.1160739345215152      ,  -1.1086711689674305      , -0.74204680358594444     
  -1.1985901332311344      ,  -1.1916629079707703      , -0.79657716295425818     
  -1.2865122427279398      ,  -1.2791137317463777      , -0.85519635278332806     
  -1.3794148439538547      ,  -1.3705278083744008      , -0.91797508300500474     
  -1.4763420005203649      ,  -1.4651428133852800      , -0.98490917658624821     
  -1.5757630882055071      ,  -1.5618709377351614      ,  -1.0558944769156287     
  -1.6756765775504894      ,  -1.6592384213378226      ,  -1.1306976022292721     
  -1.7738083249326013      ,  -1.7553295920387670      ,  -1.2089230872994532     
  -1.8677676701836794      ,  -1.8477444638281029      ,  -1.2899782167765024     
  -1.9550452682621116      ,  -1.9335823784575716      ,  -1.3730379039287575     
  -2.0328458944366234      ,  -2.0094673378281551      ,  -1.4570132840711101     
  -2.0978604574147921      ,  -2.0716324741702135      ,  -1.5405291632885045     
  -2.1461239265388481      ,  -2.1160799622598705      ,  -1.6219168435451898     
  -2.1730831808559539      ,  -2.1388267571723301      ,  -1.6992297223010837     
  -2.1739500968916383      ,  -2.1362343452227091      ,  -1.7702888766971601     
  -2.1443493452402733      ,  -2.1054020599515408      ,  -1.8327639813947796     
  -2.0811698476858074      ,  -2.0445807668991480      ,  -1.8842909353405151     
  -1.9834102474749367      ,  -1.9535423966589387      ,  -1.9226215166584080     
  -1.8527430351265655      ,  -1.8338290488603362      ,  -1.9457930344686416     
  -1.6935886656686319      ,  -1.6888114028237018      ,  -1.9522989358118306     
  -1.5126873217306060      ,  -1.5235141097589926      ,  -1.9412368422279591     
  -1.3183371718918124      ,  -1.3442120210571691      ,  -1.9124105565793181     
  -1.1194827299095542      ,  -1.1578532144471796      ,  -1.8663681352799042     
 -0.92476002844943650      , -0.97140576902449882      ,  -1.8043683566136113     
 -0.74158414463636935      , -0.79124071353522030      ,  -1.7282803210774276     
 -0.57532097675016680      , -0.62264865754680543      ,  -1.6404321365977033     
 -0.42862102691468135      , -0.46954913069346166      ,  -1.5434317569348321     
 -0.30138657821063031      , -0.33440429339267902      ,  -1.4399846537350298     
 -0.19187378263020530      , -0.21830781663064763      ,  -1.3327295467317848     
  -9.8394506408852944E-002 , -0.12119519779513725      ,  -1.2241066936955947     
  -2.0318413111624981E-002 ,  -4.2115597683410992E-002 ,  -1.1162655197519116     
   4.2214295248964598E-002 ,   2.0486709436646308E-002 ,  -1.0110115465697123     
   8.9247913265673315E-002 ,   6.8517777469615099E-002 , -0.90978775496973741     
  0.12164152969640629      ,  0.10402626193743578      , -0.81368293448099915     
  0.14106215412063616      ,  0.12904874663052246      , -0.72345890814728753     
  0.14972480393541876      ,  0.14550507020936551      , -0.63958917068628618     
  0.15014322493322152      ,  0.15513562773870865      , -0.56230283043951657     
  0.14488545959269925      ,  0.15947093878374241      , -0.49162931722975295     
  0.13638829592019211      ,  0.15982416769303215      , -0.42744079806285401     
  0.12679190517544650      ,  0.15729872395344635      , -0.36949047281843572     
  0.11765903825768761      ,  0.15280484568268940      , -0.31744585488358845     
  0.10970223160663214      ,  0.14708076104513482      , -0.27091679461893292     
  0.10277774242347225      ,  0.14071543813105639      , -0.22947842460269577     
   9.6182458180374256E-002 ,  0.13417102251796589      , -0.19268945063371956     
   8.9144012156152669E-002 ,  0.12780384748378712      , -0.16010633292912446     
   8.1342068481919161E-002 ,  0.12188343978152048      , -0.13129393972555115     
   7.3167292628861749E-002 ,  0.11660929459036382      , -0.10583324203678925     
   6.5548412700755315E-002 ,  0.11212541045637760      ,  -8.3326575815892520E-002
   5.9555568001044654E-002 ,  0.10853270131855734      ,  -6.3400941043187109E-002
   5.6061480381244033E-002 ,  0.10589946947631626      ,  -4.5709745725188280E-002
   5.5523748921864652E-002 ,  0.10427015253733518      ,  -2.9933342086985087E-002
   5.7877152733358472E-002 ,  0.10367256371322282      ,  -1.5778645510833335E-002
   6.2555720187452618E-002 ,  0.10412383785823971      ,  -2.9780755577153233E-003
   6.8656415114664318E-002 ,  0.10563528140448651      ,   8.7119867305855848E-003
   7.5235834226960147E-002 ,  0.10821630655474181      ,   1.9513070123515407E-002
   8.1658942480719351E-002 ,  0.11187761099747581      ,   2.9626691293402192E-002
   8.7847128945466008E-002 ,  0.11663374533339807      ,   3.9236545986113792E-002
   9.4299830975078325E-002 ,  0.12250519210664432      ,   4.8510742915426050E-002
  0.10187252908848848      ,  0.12952006322130361      ,   5.7604029240280456E-002
  0.11143099794027014      ,  0.13771550677706540      ,   6.6659972083182917E-002
  0.12356971649593547      ,  0.14713890001021801      ,   7.5813073027227965E-002
  0.13849880037566023      ,  0.15784889200725963      ,   8.5190802334656729E-002
  0.15606528114668350      ,  0.16991634801598865      ,   9.4915547152699190E-002
  0.17584222543686084      ,  0.18342523629126711      ,  0.10510647354626416     
  0.19725026211480531      ,  0.19847348819084690      ,  0.11588130609579436     
  0.21967505528823414      ,  0.21517385232113451      ,  0.12735803123493067     
  0.24258555982481697      ,  0.23365475348327366      ,  0.13965653162546596     
  0.26569394369458527      ,  0.25406115644904970      ,  0.15290015875808619     
  0.28910229343380694      ,  0.27655542254615456      ,  0.16721724963564050     
  0.31330811517745966      ,  0.30131813284431563      ,  0.18274259076972924     
  0.33906091789822990      ,  0.32854883440907107      ,  0.19961882863850883     
  0.36720418117642861      ,  0.35846664439448767      ,  0.21799781994534886     
  0.39859130145651928      ,  0.39131061915952309      ,  0.23804190709181647     
  0.43401893435159533      ,  0.42733976025768178      ,  0.25992509369566286     
  0.47409231611196012      ,  0.46683248383084736      ,  0.28383408103491098     
  0.51905118844858400      ,  0.51008532201043177      ,  0.30996910807541045     
  0.56868059808754245      ,  0.55741055142552731      ,  0.33854451411498021     
  0.62240053492048919      ,  0.60913235169282998      ,  0.36978891269851522     
  0.67953295187340401      ,  0.66558098285394907      ,  0.40394482676344723     
  0.73965694235949608      ,  0.72708433304494668      ,  0.44126758626840140     
  0.80288273421968015      ,  0.79395602623684047      ,  0.48202322918040019     
  0.86987101957762303      ,  0.86647909879151963      ,  0.52648507335109662     
  0.94159611836585422      ,  0.94488406424180749      ,  0.57492854014299799     
   1.0190766115893901      ,   1.0293200115880103      ,  0.62762371220481183     
   1.1032724726136742      ,   1.1198172657769607      ,  0.68482500244872102     
   1.1950461772297356      ,   1.2162401498838087      ,  0.74675720953346603     
   1.2949003582924417      ,   1.3182286351005581      ,  0.81359715612049432     
   1.4024391690128610      ,   1.4251283035935616      ,  0.88545008151459337     
   1.5159093483922406      ,   1.5359092905780751      ,  0.96232003866968674     
   1.6322765996942137      ,   1.6490769691601981      ,   1.0440737963954980     
   1.7479197361794361      ,   1.7625803520093120      ,   1.1303982621456463     
   1.8595000002041682      ,   1.8737286770511576      ,   1.2207523257973252     
   1.9643895790415038      ,   1.9791323337539792      ,   1.3143153831750887     
   2.0603801164167610      ,   2.0746905761774594      ,   1.4099366878493840     
   2.1449174432589126      ,   2.1556539445227054      ,   1.5060920462594489     
   2.2143829145948208      ,   2.2167915023342668      ,   1.6008569537318578     
   2.2637933651462734      ,   2.2526884218042524      ,   1.6919075042317528     
   2.2870000381973909      ,   2.2581843870692953      ,   1.7765613825387028     
   2.2773751127218156      ,   2.2289354566246842      ,   1.8518697931255470     
   2.2289846734802810      ,   2.1620431645734275      ,   1.9147661847452768     
   2.1380837929433221      ,   2.0566529170936714      ,   1.9622686169821451     
   2.0044647800597830      ,   1.9143940614837531      ,   1.9917204286638490     
   1.8320551854475484      ,   1.7395340488428781      ,   2.0010411052933321     
   1.6284585577753523      ,   1.5387608201874197      ,   1.9889499507456627     
   1.4037310389755464      ,   1.3205875736851553      ,   1.9551235362441517     
   1.1690021497350420      ,   1.0944698721640391      ,   1.9002562817400708     
  0.93529028748348741      ,  0.86980197130440695      ,   1.8260108125278076     
  0.71257761952162146      ,  0.65498696600371087      ,   1.7348662255019947     
  0.50904309708289630      ,  0.45674402410833626      ,   1.6298915649064565     
  0.32994949405610946      ,  0.27974115223213653      ,   1.5144830970439576     
  0.17634543733324948      ,  0.12655500924438956      ,   1.3921050714225933     
   4.5485422017270349E-002 ,  -2.1093609545281568E-003 ,   1.2660659784698975     
  -6.6290019960793700E-002 , -0.10703999294361360      ,   1.1393497488246689     
 -0.16074797051544942      , -0.19008160102014149      ,   1.0145082306768012     
 -0.23746511810415313      , -0.25371953242299472      ,  0.89361081724419855     
 -0.29564316747337471      , -0.30073129688479561      ,  0.77824067797363217     
 -0.33580680373407801      , -0.33392454246025399      ,  0.66952453904332021     
 -0.35993419370693097      , -0.35596005720225277      ,  0.56818335328088643     
 -0.37087272396074583      , -0.36924698732802863      ,  0.47459326396003948     
 -0.37204917823464762      , -0.37589322082260024      ,  0.38884895656509771     
 -0.36712356408415864      , -0.37769423707262845      ,  0.31082411065795684     
 -0.35955138757247501      , -0.37614639022080093      ,  0.24022584882287670     
 -0.35240111077972847      , -0.37247398388673925      ,  0.17664171537082027     
 -0.34799605136974632      , -0.36766269850571237      ,  0.11957883348917736     
 -0.34728656638387922      , -0.36249455027626887      ,   6.8495581330194732E-002
 -0.34974245754335720      , -0.35758150586839088      ,   2.2826506073900316E-002
 -0.35395150890939664      , -0.35339622047587044      ,  -1.7998639778078043E-002
 -0.35840168449045900      , -0.35029923678836039      ,  -5.4540824849171811E-002
 -0.36225960320803036      , -0.34856251030891594      ,  -8.7341759806201569E-002
 -0.36583801232436697      , -0.34838942264384626      , -0.11691723052267909     
 -0.37022787982473648      , -0.34993159229674742      , -0.14375306250130479     
 -0.37648806223396492      , -0.35330285041969134      , -0.16830313786135651     
 -0.38526150200323944      , -0.35859075534454887      , -0.19098898192971681     
 -0.39681235114483326      , -0.36586599856871060      , -0.21220052210168877     
 -0.41106542770705473      , -0.37519002047089617      , -0.23229769598738090     
 -0.42760504791057163      , -0.38662111437854607      , -0.25161264904947012     
 -0.44572829180681045      , -0.40021925684407017      , -0.27045231471455861     
 -0.46466665336952218      , -0.41604986199587363      , -0.28910121329269922     
 -0.48395397081905500      , -0.43418661921318441      , -0.30782434099060302     
 -0.50367551749711570      , -0.45471353602796433      , -0.32687004780146445     
 -0.52444065766299908      , -0.47772627159494169      , -0.34647282392138790     
 -0.54716194479092806      , -0.50333280959024207      , -0.36685592925790400     
 -0.57275247002902752      , -0.53165348217388397      , -0.38823381009042951     
 -0.60189049730646105      , -0.56282031778690689      , -0.41081425140154459     
 -0.63498870123092799      , -0.59697564414214421      , -0.43480021307211597     
 -0.67224858563348144      , -0.63426983296738892      , -0.46039129315319621     
 -0.71360280729502135      , -0.67485802422642949      , -0.48778475182937375     
 -0.75866451220553133      , -0.71889561443919947      , -0.51717601545449898     
 -0.80684663189331118      , -0.76653223684161209      , -0.54875856116675947     
 -0.85759585883254319      , -0.81790390218311593      , -0.58272305918769784     
 -0.91065840911988638      , -0.87312291159351063      , -0.61925562236534037     
 -0.96625672294434928      , -0.93226510369459192      , -0.65853498173058778     
  -1.0250017861804388      , -0.99535396770232754      , -0.70072837453749337     
  -1.0875901171485187      ,  -1.0623411591474730      , -0.74598590049483626     
  -1.1545612790166957      ,  -1.1330830190770358      , -0.79443307761640658     
  -1.2262471143635538      ,  -1.2073128544503686      , -0.84616131890993951     
  -1.3027666989930433      ,  -1.2846090303135032      , -0.90121606603373261     
  -1.3838573741744644      ,  -1.3643594057596606      , -0.95958237131782331     
  -1.4685349254746050      ,  -1.4457233725700702      ,  -1.0211678349887090     
  -1.5548618496184099      ,  -1.5275937779192856      ,  -1.0857830039380234     
  -1.6401446391999299      ,  -1.6085623533591964      ,  -1.1531196477268890     
  -1.7215142950475602      ,  -1.6868938939161400      ,  -1.2227277695525685     
  -1.7964860829139000      ,  -1.7605161903145281      ,  -1.2939927958138346     
  -1.8631125205184249      ,  -1.8270343129837907      ,  -1.3661151039794051     
  -1.9196655568231709      ,  -1.8837787772127064      ,  -1.4380948387112886     
  -1.9641305236639663      ,  -1.9278966816365157      ,  -1.5087257139824952     
  -1.9938877330839941      ,  -1.9564922881605553      ,  -1.5766020145148025     
  -2.0057453640822129      ,  -1.9668179842404507      ,  -1.6401430354681412     
  -1.9962800175153887      ,  -1.9565078935156675      ,  -1.6976384459203631     
  -1.9623993482064708      ,  -1.9238352622592316      ,  -1.7473162883833551     
  -1.9020318540646364      ,  -1.8679631247608479      ,  -1.7874324592804500     
  -1.8147930507542125      ,  -1.7891488963989355      ,  -1.8163767754887499     
  -1.7024215404604404      ,  -1.6888613174542515      ,  -1.8327867172578691     
  -1.5688010471665588      ,  -1.5697756537403367      ,  -1.8356565804305158     
  -1.4195282862987955      ,  -1.4356308657342878      ,  -1.8244281277482193     
  -1.2611754873827861      ,  -1.2909575812169940      ,  -1.7990497282333926     
  -1.1004778037352985      ,  -1.1407118013422741      ,  -1.7599946421626305     
 -0.94361370214702078      , -0.98986866166433762      ,  -1.7082349636031091     
 -0.79562990177459003      , -0.84303727905915227      ,  -1.6451744759519611     
 -0.66001466080003601      , -0.70414998917810345      ,  -1.5725497021054149     
