  0.59676310631809670      ,   2.1229450724483714      ,   1.4655193661558268     
   1.6860785591446876      ,   2.1929852415350255      ,   1.5610585270229873     
   2.1912755709567335      ,   2.2400776937172493      ,   1.6539053462152871     
   2.3913082360699947      ,   2.2589017442634218      ,   1.7415228812149708     
   2.3013553924034964      ,   2.2447042742917840      ,   1.8210630112943438     
   1.9540214347885507      ,   2.1939089102960634      ,   1.8894909061409448     
   1.6539165424170237      ,   2.1047402225179983      ,   1.9437656688917380     
   1.6152795907305322      ,   1.9777454803439807      ,   1.9810672081207392     
   1.5463994031576660      ,   1.8160821072783706      ,   1.9990464820024860     
   1.5497708462149009      ,   1.6254624622894605      ,   1.9960649989817625     
   1.3580452874959517      ,   1.4137129629515430      ,   1.9713841858516696     
   1.1964819695622670      ,   1.1899972664110152      ,   1.9252693066812612     
  0.91422971027372568      ,  0.96384218103004549      ,   1.8589865037522069     
  0.62737898277055093      ,  0.74415591195967179      ,   1.7746919444430655     
  0.41890197912738991      ,  0.53842131673974125      ,   1.6752329415465239     
  0.32867266642580861      ,  0.35218728446955988      ,   1.5638959838847664     
  0.18173423334142672      ,  0.18889565376218667      ,   1.4441420266186100     
  0.12707852636295480      ,   5.0001978019320249E-002 ,   1.3193650556489360     
   5.6293157672569122E-002 ,  -6.4700883798565631E-002 ,   1.1926989228874905     
  -3.5128629103061582E-002 , -0.15666063759309845      ,   1.0668841267543117     
 -0.10126030454128786      , -0.22813426990100699      ,  0.94419438639734021     
 -0.16929407128333041      , -0.28180797976757588      ,  0.82641469034470127     
 -0.22768179078758183      , -0.32049834109380249      ,  0.71485843581946695     
 -0.25017065657169091      , -0.34694074961631782      ,  0.61041059040920653     
 -0.24899654144975217      , -0.36365620077566646      ,  0.51358530372947420     
 -0.27159227906157568      , -0.37288048745330526      ,  0.42458891988492709     
 -0.28636932277125288      , -0.37653861886822665      ,  0.34338204425120999     
 -0.30010421889428229      , -0.37624917459232166      ,  0.26973670639260389     
 -0.30099486580904350      , -0.37334652660465156      ,  0.20328652779630416     
 -0.31561987813529235      , -0.36891220776140959      ,  0.14356912745924336     
 -0.30212842598170464      , -0.36380958762195265      ,   9.0060855130340983E-002
 -0.31965534254307632      , -0.35871823902491112      ,   4.2204439621893741E-002
 -0.33255453182319339      , -0.35416596004674755      ,  -5.6961569239652996E-004
 -0.35193998007988669      , -0.35055746826940914      ,  -3.8826978221081797E-002
 -0.35842710069212458      , -0.34819944144875398      ,  -7.3117879548269940E-002
 -0.37925857374003336      , -0.34732196114584557      , -0.10396913675487859     
 -0.37646998900469203      , -0.34809661831423416      , -0.13187907821838246     
 -0.38517385143651744      , -0.35065163044657438      , -0.15731475324318300     
 -0.39355786657880915      , -0.35508434474769440      , -0.18071090378070817     
 -0.41186310830509132      , -0.36147149037983400      , -0.20247026648446861     
 -0.42858803024163977      , -0.36987751301508459      , -0.22296485238673353     
 -0.44928651417088272      , -0.38036128702789984      , -0.24253791924495635     
 -0.46977739527308232      , -0.39298146021187508      , -0.26150640862046931     
 -0.48407520559720052      , -0.40780064560972051      , -0.28016366693359418     
 -0.50858225684277414      , -0.42488863596647064      , -0.29878230811027573     
 -0.52922583228169262      , -0.44432477860534586      , -0.31761710598075332     
 -0.55926100190236105      , -0.46619961183729980      , -0.33690782818834025     
 -0.58492313596389056      , -0.49061582772856122      , -0.35688194075595159     
 -0.62098063661354974      , -0.51768858938690709      , -0.37775712423213165     
 -0.64158326236466656      , -0.54754519301577265      , -0.39974354894277481     
 -0.67686408285846933      , -0.58032402491292434      , -0.42304585861538374     
 -0.70236181226156480      , -0.61617272046811900      , -0.44786480869756806     
 -0.74367767003428209      , -0.65524538527947807      , -0.47439849813077212     
 -0.78191276843176571      , -0.69769868729453444      , -0.50284312115890861     
 -0.83711429673897297      , -0.74368657348523226      , -0.53339314892254241     
 -0.88743398857719302      , -0.79335330605295495      , -0.56624082914757556     
 -0.94699456456787534      , -0.84682445416439756      , -0.60157486641105617     
  -1.0061049808186799      , -0.90419542278911047      , -0.63957811587315860     
  -1.0700502816074191      , -0.96551705894731876      , -0.68042409129601356     
  -1.1366758631276452      ,  -1.0307778612015503      , -0.72427205599499500     
  -1.2072280307235401      ,  -1.0998823509037625      , -0.77126043706710912     
  -1.2826303771952363      ,  -1.1726252724491224      , -0.82149828508863920     
  -1.3550198047665678      ,  -1.2486615134322572      , -0.87505450283288311     
  -1.4353415649010863      ,  -1.3274720230237296      , -0.93194460068929952     
  -1.5105671833522807      ,  -1.4083266142620134      , -0.99211482113025040     
  -1.5952435390148048      ,  -1.4902454189606513      ,  -1.0554236320282695     
  -1.6744627779527390      ,  -1.5719619618454443      ,  -1.1216208443547895     
  -1.7607614121878059      ,  -1.6518923291820697      ,  -1.1903249890188543     
  -1.8362869642320370      ,  -1.7281166388091584      ,  -1.2610001085055818     
  -1.9119443817268649      ,  -1.7983807511966154      ,  -1.3329337815139992     
  -1.9712195471122733      ,  -1.8601274883067285      ,  -1.4052189689836077     
  -2.0231221270624085      ,  -1.9105669316404634      ,  -1.4767430611370855     
  -2.0560094717345980      ,  -1.9467938643396794      ,  -1.5461881616983577     
  -2.0756807813914948      ,  -1.9659562972366709      ,  -1.6120469374818855     
  -2.0724371660893777      ,  -1.9654717519920386      ,  -1.6726580056065574     
  -2.0488284587839964      ,  -1.9432777608327523      ,  -1.7262635486630262     
  -1.9982391536913637      ,  -1.8980912374186156      ,  -1.7710894706649931     
  -1.9215392994361777      ,  -1.8296406962393050      ,  -1.8054450031124267     
  -1.8175204382916859      ,  -1.7388294866500131      ,  -1.8278346624583925     
  -1.6890258922520534      ,  -1.6277909378168240      ,  -1.8370716452890137     
  -1.5399053458332248      ,  -1.4998095542228083      ,  -1.8323791687938058     
  -1.3753641868278235      ,  -1.3591048903602743      ,  -1.8134659116009328     
  -1.2034626082949962      ,  -1.2105014823689850      ,  -1.7805641330966038     
  -1.0301225565988137      ,  -1.0590317642324893      ,  -1.7344240464755345     
 -0.86488986058525885      , -0.90953204853726333      ,  -1.6762645840380972     
 -0.71215570104472448      , -0.76629045839720311      ,  -1.6076872838821734     
 -0.57859678923447355      , -0.63279111119684861      ,  -1.5305650890616394     
 -0.46356184578097592      , -0.51157614327258938      ,  -1.4469203331926654     
 -0.36836038223045076      , -0.40422348056081997      ,  -1.3588058440310067     
 -0.28852829374152350      , -0.31141976406450217      ,  -1.2682004526181798     
 -0.22321411005478700      , -0.23309778801163680      ,  -1.1769262441082506     
 -0.16885843578080828      , -0.16860623877588951      ,  -1.0865906987991416     
 -0.12530809089588615      , -0.11688420726929609      , -0.99855328422125944     
  -9.0651101675496185E-002 ,  -7.6620826960369842E-002 , -0.91391352682143312     
  -6.5203092497562190E-002 ,  -4.6388750188870759E-002 , -0.83351620498294843     
  -4.7652292063504229E-002 ,  -2.4747247274474339E-002 , -0.75796889974055193     
  -3.7759008953132514E-002 ,  -1.0315729998428632E-002 , -0.68766743138630215     
  -3.3881327591163454E-002 ,  -1.8214478280048640E-003 , -0.62282540323619306     
  -3.4747617737952360E-002 ,   1.8736213420180853E-003 , -0.56350492439458066     
  -3.8447570410909071E-002 ,   1.7615356216361129E-003 , -0.50964642339749555     
  -4.3637541808626411E-002 ,  -1.3118115952818158E-003 , -0.46109619835676158     
  -4.9463223242579249E-002 ,  -6.6396574477651698E-003 , -0.41763093670120399     
  -5.5615683231988192E-002 ,  -1.3643028666461270E-002 , -0.37897887546563841     
  -6.2623273476870162E-002 ,  -2.1857230537399887E-002 , -0.34483757807297111     
  -7.0644571969590453E-002 ,  -3.0917647516997382E-002 , -0.31488850072089442     
  -8.0301988308313199E-002 ,  -4.0545828998756465E-002 , -0.28880863680281205     
  -9.1132493885418289E-002 ,  -5.0536458215814865E-002 , -0.26627958437632082     
 -0.10335180222553381      ,  -6.0745535952676205E-002 , -0.24699439830948178     
 -0.11609382878763762      ,  -7.1079928829461902E-002 , -0.23066257968419340     
 -0.12961318412273409      ,  -8.1488312368645233E-002 , -0.21701353068754367     
 -0.14308890290033749      ,  -9.1953464011745173E-002 , -0.20579877078846398     
 -0.15669710636273471      , -0.10248581711414667      , -0.19679317430099824     
 -0.16948327845334732      , -0.11311816375377477      , -0.18979545356896593     
 -0.18148040246034489      , -0.12390138486828309      , -0.18462807785078555     
 -0.19197639086977958      , -0.13490108585741281      , -0.18113678659492613     
 -0.20135229810473371      , -0.14619502096295234      , -0.17918982768631697     
 -0.20965179972359099      , -0.15787119815256992      , -0.17867702656820605     
 -0.21770193920405409      , -0.17002656630521587      , -0.17950877083502106     
 -0.22602894966323911      , -0.18276619714175962      , -0.18161497674609636     
 -0.23533611845638971      , -0.19620288481528092      , -0.18494408884528565     
 -0.24609369437664613      , -0.21045709584136973      , -0.18946215116338330     
 -0.25850073094298082      , -0.22565721072115474      , -0.19515197798646983     
 -0.27288706773485277      , -0.24194000588268194      , -0.20201244354666020     
 -0.28905796685626850      , -0.25945133017162558      , -0.21005790288735099     
 -0.30729704000897806      , -0.27834693379168085      , -0.21931775023200070     
 -0.32715379430944902      , -0.29879340902458551      , -0.22983611610438576     
 -0.34894868100474752      , -0.32096920087564484      , -0.24167169986552495     
 -0.37223136864718792      , -0.34506564151254326      , -0.25489772989084503     
 -0.39763867484801879      , -0.37128795436713680      , -0.26960203892761031     
 -0.42513202589134830      , -0.39985616123761175      , -0.28588723682235340     
 -0.45577777341827597      , -0.43100580761439661      , -0.30387095630563832     
 -0.48985819650834961      , -0.46498839643186035      , -0.32368613929883611     
 -0.52837117941105438      , -0.50207138687697239      , -0.34548132058916198     
 -0.57138168868643435      , -0.54253757078717313      , -0.36942085189663620     
 -0.61929572341910499      , -0.58668358224765382      , -0.39568499136519159     
 -0.67182153424701607      , -0.63481722373640304      , -0.42446976021377292     
 -0.72887812494863857      , -0.68725320205339335      , -0.45598643837758396     
 -0.79017595109680705      , -0.74430675725310036      , -0.49046053302116105     
 -0.85553684493702253      , -0.80628453708180048      , -0.52813000635325302     
 -0.92501747420961322      , -0.87347191981658512      , -0.56924249093951840     
 -0.99858320819409985      , -0.94611582648685610      , -0.61405115097201413     
  -1.0767394709536304      ,  -1.0244019038421510      , -0.66280876718600912     
  -1.1595941441123476      ,  -1.1084248294944457      , -0.71575953398672687     
  -1.2477949676373221      ,  -1.1981504370039850      , -0.77312796625371349     
  -1.3410895935468135      ,  -1.2933684551491871      , -0.83510423251032928     
  -1.4394603999184559      ,  -1.3936350120537007      , -0.90182518174023896     
  -1.5416108053976836      ,  -1.4982048238685792      , -0.97335034643113805     
  -1.6463691496385013      ,  -1.6059543643073384      ,  -1.0496323335922244     
  -1.7514683310900703      ,  -1.7152995155211928      ,  -1.1304813258783022     
  -1.8549465367018925      ,  -1.8241144286973070      ,  -1.2155239907546520     
  -1.9541225953949029      ,  -1.9296626473165661      ,  -1.3041580287422825     
  -2.0465136438205982      ,  -2.0285567510694142      ,  -1.3955049591156097     
  -2.1289004677865053      ,  -2.1167681279727408      ,  -1.4883655626288721     
  -2.1977359008968373      ,  -2.1897124730225968      ,  -1.5811845732323351     
  -2.2485930313249138      ,  -2.2424368401855683      ,  -1.6720334281675850     
  -2.2765206106438507      ,  -2.2699274515027903      ,  -1.7586215675428791     
  -2.2762518109163099      ,  -2.2675410704442771      ,  -1.8383470568267553     
  -2.2429022815928858      ,  -2.2315354793862863      ,  -1.9083951718011813     
  -2.1728660606033818      ,  -2.1596393728573404      ,  -1.9658881976733313     
  -2.0646152478384283      ,  -2.0515673608482117      ,  -2.0080809159886481     
  -1.9194701366659832      ,  -1.9093654042820782      ,  -2.0325851947350984     
  -1.7415899227052878      ,  -1.7374802521795818      ,  -2.0375963442642169     
  -1.5377838054259245      ,  -1.5424908645419049      ,  -2.0220870557072868     
  -1.3167198839616845      ,  -1.3325138890316865      ,  -1.9859351503616736     
  -1.0885097051171728      ,  -1.1163770895205816      ,  -1.9299604824015189     
 -0.86387815451852101      , -0.90271463970216792      ,  -1.8558625427495614     
 -0.65333511119037557      , -0.69915333805288005      ,  -1.7660691607004873     
 -0.46546788769358133      , -0.51172455627362157      ,  -1.6635226118661581     
 -0.30519219794157121      , -0.34456902251457822      ,  -1.5514380456062040     
 -0.17249516444786514      , -0.19992742058226354      ,  -1.4330689555593126     
  -6.3573123375821272E-002 ,  -7.8353635495356427E-002 ,  -1.3115070018535810     
   2.6406535580915980E-002 ,   2.0938678205007655E-002 ,  -1.1895322925370455     
  0.10077994302208255      ,   9.9683331970804839E-002 ,  -1.0695188846258392     
  0.16086523676073039      ,  0.16018938887226788      , -0.95339135265482711     
  0.20695465821707790      ,  0.20502955102225520      , -0.84262287340932207     
  0.23935683759654389      ,  0.23680505324691808      , -0.73826321303702513     
  0.25876874588851434      ,  0.25798571518553559      , -0.64098540203572851     
  0.26649605620815159      ,  0.27081406721431378      , -0.55114169936627055     
  0.26473553287399998      ,  0.27725876812910116      , -0.46882179683512121     
  0.25638689878946508      ,  0.27900274777112255      , -0.39390850780487019     
  0.24466028658149155      ,  0.27745373025931797      , -0.32612810965688144     
  0.23257046862432390      ,  0.27376767687771925      , -0.26509396378805872     
  0.22232522653703796      ,  0.26887844999022875      , -0.21034304104239709     
  0.21472536099121650      ,  0.26352928555378896      , -0.16136561312245876     
  0.20933837253215662      ,  0.25830338361003830      , -0.11762872548202521     
  0.20512454436513125      ,  0.25365213339961845      ,  -7.8594230329419618E-002
  0.20121046801585724      ,  0.24992028571985089      ,  -4.3732198406493103E-002
  0.19735103952285796      ,  0.24736787928073103      ,  -1.2530495478973122E-002
  0.19407088591488197      ,  0.24618901419420672      ,   1.5498761649762946E-002
  0.19217738973085421      ,  0.24652771658972086      ,   4.0815242249198726E-002
  0.19226087070385259      ,  0.24849120507191619      ,   6.3848395057936713E-002
  0.19453374805122722      ,  0.25216088680275600      ,   8.4996947291091016E-002
  0.19910278260986186      ,  0.25760140041147883      ,  0.10462953672164868     
  0.20620453359918245      ,  0.26486799812752337      ,  0.12308617297080882     
  0.21628651155275813      ,  0.27401252828755540      ,  0.14068028317307485     
  0.22980782075943085      ,  0.28508824596383264      ,  0.15770114704959190     
  0.24695425448882732      ,  0.29815364605313538      ,  0.17441656789863064     
  0.26747980598507831      ,  0.31327548066923111      ,  0.19107565995241765     
  0.29075138366550740      ,  0.33053109129916319      ,  0.20791165978693618     
  0.31602628530829757      ,  0.35001015569947541      ,  0.22514469075587282     
  0.34276200516978905      ,  0.37181591944846470      ,  0.24298442539145085     
  0.37083804965240391      ,  0.39606595177792658      ,  0.26163260189036275     
  0.40049636633506613      ,  0.42289243397840254      ,  0.28128535757025835     
  0.43223810687631298      ,  0.45244195537173576      ,  0.30213534479742682     
  0.46663724242102067      ,  0.48487475552864823      ,  0.32437359347328226     
  0.50427399957740937      ,  0.52036331095555033      ,  0.34819107871969512     
  0.54567008441379949      ,  0.55909011875466963      ,  0.37377994279216353     
  0.59132341014354095      ,  0.60124447776365575      ,  0.40133430624077332     
  0.64159095314382975      ,  0.64701800872700355      ,  0.43105058462564538     
  0.69659325028685315      ,  0.69659858914627970      ,  0.46312720335904639     
  0.75612050260741059      ,  0.75016230682968776      ,  0.49776357426593426     
  0.81969439051210835      ,  0.80786296208517894      ,  0.53515816326300703     
  0.88671456155088824      ,  0.86981857845954313      ,  0.57550543970562862     
  0.95670475066341498      ,  0.93609432723212493      ,  0.61899145589766924     
   1.0295022836062531      ,   1.0066812497723858      ,  0.66578776291098896     
   1.1052976922389142      ,   1.0814702020791576      ,  0.71604333133576936     
   1.1845183926121452      ,   1.1602205871984252      ,  0.76987412117325282     
   1.2675528202624371      ,   1.2425237379106899      ,  0.82734994640491488     
   1.3544576989640205      ,   1.3277613327337383      ,  0.88847832494687062     
   1.4446904170548929      ,   1.4150600519922343      ,  0.95318511823163443     
   1.5370465944278688      ,   1.5032448850857092      ,   1.0212919774044968     
   1.6297115102331525      ,   1.5907951368249806      ,   1.0924909602993793     
   1.7204687625536192      ,   1.6758092336481305      ,   1.1663171991790231     
   1.8068584004162034      ,   1.7559867539213359      ,   1.2421212063624751     
   1.8863242131813456      ,   1.8286383484215454      ,   1.3190432973004009     
   1.9562279691832198      ,   1.8907357477549998      ,   1.3959936298273332     
   2.0138262536174820      ,   1.9390139414672936      ,   1.4716423658616045     
   2.0561673665436588      ,   1.9701347168167749      ,   1.5444252179966029     
   2.0800556293441046      ,   1.9809139931688384      ,   1.6125698074137198     
   2.0821103945710409      ,   1.9686042965658759      ,   1.6741474332865141     
   2.0590347411666219      ,   1.9312090665239734      ,   1.7271526879999526     
   2.0080806646011227      ,   1.8677898948641325      ,   1.7696097139064220     
   1.9276507978033948      ,   1.7787157727778797      ,   1.7996990584772179     
   1.8178488874471515      ,   1.6658004180897077      ,   1.8158938485468463     
   1.6808131227493925      ,   1.5322841264031259      ,   1.8170896522382194     
   1.5207550639984997      ,   1.3826410816817760      ,   1.8027103842661085     
   1.3437528138838231      ,   1.2222271300857113      ,   1.7727740487535097     
   1.1573983987584684      ,   1.0568173954948450      ,   1.7279072363722550     
  0.97027797847075137      ,  0.89210699497372936      ,   1.6693051785598141     
  0.79115518680569241      ,  0.73325371885859658      ,   1.5986429288824242     
  0.62773396614765609      ,  0.58452759738698601      ,   1.5179506812892458     
  0.48522095330939191      ,  0.44910440619877645      ,   1.4294706036630744     
  0.36534307675104000      ,  0.32900804302432490      ,   1.3355131575457599     
  0.26659042386746362      ,  0.22517975761350253      ,   1.2383281301111788     
  0.18565902786503530      ,  0.13763619500143201      ,   1.1400007631493552     
  0.11914868651991627      ,   6.5674125912785541E-002 ,   1.0423779110055031     
   6.4511860997451403E-002 ,   8.0849226673441309E-003 ,  0.94702432864755492     
   2.0116996217803697E-002 ,  -3.6647959318350160E-002 ,  0.85520570116662220     
  -1.5032606168962164E-002 ,  -7.0183985503209742E-002 ,  0.76789306686827385     
  -4.1523010324500106E-002 ,  -9.4198889559875751E-002 ,  0.68578266487044659     
  -5.9819871789863130E-002 , -0.11029539148430681      ,  0.60932557376670549     
  -7.0689483967442207E-002 , -0.11994634888404937      ,  0.53876239312829344     
  -7.5493674732085791E-002 , -0.12446374781749646      ,  0.47415931772987213     
  -7.6168150638433324E-002 , -0.12498684092459350      ,  0.41544303521539272     
  -7.4885413609952906E-002 , -0.12248351306069007      ,  0.36243281295299978     
  -7.3478738753931988E-002 , -0.11776008759970902      ,  0.31486887817539688     
  -7.2910030781004914E-002 , -0.11147595722127562      ,  0.27243673610220331     
  -7.3150884949968048E-002 , -0.10416046098667439      ,  0.23478743889501760     
  -7.3516976005751494E-002 ,  -9.6230268745729916E-002 ,  0.20155404923322520     
  -7.3185421288220323E-002 ,  -8.8006169680094323E-002 ,  0.17236467135236386     
  -7.1617589566175394E-002 ,  -7.9728619465646910E-002 ,  0.14685248014890553     
  -6.8715326338038063E-002 ,  -7.1571715908854167E-002 ,  0.12466318963701144     
  -6.4664760608931560E-002 ,  -6.3655481380319207E-002 ,  0.10546038361411331     
  -5.9668695749449843E-002 ,  -5.6056462123818873E-002 ,   8.8929096525659293E-002
  -5.3840559932233689E-002 ,  -4.8816733180471229E-002 ,   7.4777989758615271E-002
  -4.7321869122799516E-002 ,  -4.1951440676735785E-002 ,   6.2740423449201291E-002
  -4.0454788287813542E-002 ,  -3.5455032936478358E-002 ,   5.2574679744355923E-002
  -3.3831317773514905E-002 ,  -2.9306336777311121E-002 ,   4.4063552248866676E-002
  -2.8142389235268562E-002 ,  -2.3472631137315080E-002 ,   3.7013479116549064E-002
  -2.3914848061391963E-002 ,  -1.7912860613176592E-002 ,   3.1253364298961861E-002
  -2.1299141525646936E-002 ,  -1.2580119031930273E-002 ,   2.6633202873642056E-002
  -2.0016144441337997E-002 ,  -7.4235194168164684E-003 ,   2.3022601941961349E-002
  -1.9469514930406183E-002 ,  -2.3895526643297050E-003 ,   2.0309267999732566E-002
  -1.8957072780032468E-002 ,   2.5769764294678002E-003 ,   1.8397514567913990E-002
  -1.7868262987312807E-002 ,   7.5323600723385788E-003 ,   1.7206829832404586E-002
  -1.5784227637502979E-002 ,   1.2533681512562971E-002 ,   1.6670532691262046E-002
  -1.2484169111872336E-002 ,   1.7638739228033853E-002 ,   1.6734536573687991E-002
  -7.9098902006440319E-003 ,   2.2906157954650883E-002 ,   1.7356233333978746E-002
  -2.1439323827631344E-003 ,   2.8395651775810059E-002 ,   1.8503504123173291E-002
   4.5795207457177828E-003 ,   3.4168411947193139E-002 ,   2.0153860122593532E-002
   1.1867509944064342E-002 ,   4.0287598573695890E-002 ,   2.2293713141477826E-002
   1.9239900216545688E-002 ,   4.6818920772964574E-002 ,   2.4917774122068557E-002
   2.6288781630265309E-002 ,   5.3831294641373525E-002 ,   2.8028576376258642E-002
   3.2865932821333169E-002 ,   6.1397572269541886E-002 ,   3.1636119741692989E-002
   3.9202578455376245E-002 ,   6.9595338313741359E-002 ,   3.5757631659391192E-002
   4.5889575949975336E-002 ,   7.8507773281989768E-002 ,   4.0417441327286856E-002
   5.3704962108700988E-002 ,   8.8224584786854909E-002 ,   4.5646963479192816E-002
   6.3373907605032850E-002 ,   9.8843009576148722E-002 ,   5.1484788894276025E-002
   7.5373757384712387E-002 ,  0.11046889017470396      ,   5.7976879384914290E-002
   8.9852405371875471E-002 ,  0.12321783041693192      ,   6.5176865672310277E-002
  0.10665567724967595      ,  0.13721643393795990      ,   7.3146447170941875E-002
  0.12542305665448858      ,  0.15260362868110805      ,   8.1955893190802181E-002
  0.14570596697519828      ,  0.16953207845828508      ,   9.1684645344361937E-002
  0.16708191791751395      ,  0.18816967925929715      ,  0.10242202090719046     
  0.18926215435451760      ,  0.20870113291326453      ,  0.11426801639108988     
  0.21219504052194907      ,  0.23132958326445305      ,  0.12733420946757795     
  0.23615815327505013      ,  0.25627828942655712      ,  0.14174475538966241     
  0.26179591208006420      ,  0.28379229583655963      ,  0.15763747088302618     
  0.29005466240515032      ,  0.31414003829503662      ,  0.17516499368889293     
  0.32200104030616944      ,  0.34761479704822135      ,  0.19449599897351566     
  0.35858079394782333      ,  0.38453586975492132      ,  0.21581644392278115     
  0.40040371070656516      ,  0.42524928569696840      ,  0.23933079802753432     
  0.44764164962136221      ,  0.47012781380497676      ,  0.26526319755009375     
  0.50007619670980819      ,  0.51956992601299135      ,  0.29385843679191381     
  0.55727551456469882      ,  0.57399725820589576      ,  0.32538267396696935     
  0.61882225630798748      ,  0.63384995688781476      ,  0.36012368314484444     
  0.68451359282683344      ,  0.69957910375106158      ,  0.39839042277848546     
  0.75448450128676459      ,  0.77163516659707754      ,  0.44051161226904401     
  0.82924952048521650      ,  0.85045113084173762      ,  0.48683290717601213     
  0.90966424658382028      ,  0.93641862573563228      ,  0.53771213779833738     
  0.99678659842387363      ,   1.0298549921469877      ,  0.59351192318830193     
   1.0916175076660455      ,   1.1309588877514196      ,  0.65458879492291688     
   1.1947538565863822      ,   1.2397517747754763      ,  0.72127777049431474     
   1.3060620374758685      ,   1.3560026313389530      ,  0.79387112490455902     
   1.4245023286211351      ,   1.4791337050455708      ,  0.87258995955215146     
   1.5481872560826797      ,   1.6081064368808913      ,  0.95754712642466444     
   1.6746432225314554      ,   1.7412893019177593      ,   1.0487002384026967     
   1.8011430967655333      ,   1.8763138155898438      ,   1.1457940364240928     
   1.9249303330654559      ,   2.0099318942507094      ,   1.2482924930836636     
   2.0432096159672248      ,   2.1378973961878445      ,   1.3553029398616954     
   2.1528784755930745      ,   2.2549064777318151      ,   1.4654974099608737     
   2.2500922004959025      ,   2.3546433513064033      ,   1.5770403371301229     
   2.3298475145728079      ,   2.4299858367995242      ,   1.6875364451886767     
   2.3858312408488520      ,   2.4734218891438644      ,   1.7940172231606923     
   2.4107413298540465      ,   2.4777056673536721      ,   1.8929871604190438     
   2.3971496684538676      ,   2.4367331707699966      ,   1.9805495722426576     
   2.3387962615260083      ,   2.3465443731214122      ,   2.0526239233744605     
   2.2320441996340343      ,   2.2062768910334571      ,   2.1052507294668348     
   2.0770603827465637      ,   2.0188375363135775      ,   2.1349578202379615     
   1.8781952012649916      ,   1.7910618331619277      ,   2.1391383069182974     
   1.6433270058536595      ,   1.5332228917328097      ,   2.1163745456471621     
   1.3826739779562409      ,   1.2579174386146803      ,   2.0666422782241312     
   1.1079378140450207      ,  0.97854134297999718      ,   1.9913488137310020     
  0.83196481610112305      ,  0.70769136313762082      ,   1.8931943560315410     
  0.56830514896177831      ,  0.45583824664640421      ,   1.7758848688803412     
  0.32997896457443238      ,  0.23050927023430751      ,   1.6437546594339536     
  0.12669617917301970      ,   3.6050505143438528E-002 ,   1.5013681551015559     
  -3.8886322172246121E-002 , -0.12611607209068093      ,   1.3531623917873992     
 -0.17192118945158735      , -0.25691646736808738      ,   1.2031709132144586     
 -0.28094724272525706      , -0.35892099368569275      ,   1.0548452921163320     
 -0.37230783616470287      , -0.43566570606659138      ,  0.91096991287466522     
 -0.44790851174096502      , -0.49109073009665027      ,  0.77365276665340721     
 -0.50699111394816110      , -0.52913030916021508      ,  0.64436993400604248     
 -0.54900218481673224      , -0.55344944453988010      ,  0.52404215255857545     
 -0.57440822085748067      , -0.56730092427670731      ,  0.41312580382037600     
 -0.58475186937905743      , -0.57347008422848955      ,  0.31170564749703555     
 -0.58338741801163618      , -0.57427697668179878      ,  0.21958131569322537     
 -0.57509637545179471      , -0.57161183544461391      ,  0.13634331255018414     
 -0.56470138389505486      , -0.56698665329823184      ,   6.1436906494710515E-002
 -0.55647871298749574      , -0.56159171937918373      ,  -5.7860203865394491E-003
 -0.55355569715500996      , -0.55635054902165548      ,  -6.6026161440253139E-002
 -0.55676812121686725      , -0.55196980285759600      , -0.12000557659049557     
 -0.56471892508188881      , -0.54898280315761561      , -0.16844453580434451     
 -0.57520722744524000      , -0.54778643087851842      , -0.21204493240616626     
 -0.58641176864115097      , -0.54867180518917957      , -0.25147893945101157     
 -0.59757248214058112      , -0.55184942003972071      , -0.28738176978518815     
 -0.60932437913239001      , -0.55746948611134617      , -0.32034758760914694     
 -0.62296466385464977      , -0.56563819546380900      , -0.35092779030212551     
 -0.63914027153359987      , -0.57643054706452279      , -0.37963102752785310     
 -0.65750171020338122      , -0.58990027587016369      , -0.40692444907360542     
 -0.67731873081587224      , -0.60608733244994850      , -0.43323577496980942     
 -0.69813833435111194      , -0.62502327145361625      , -0.45895586375767139     
 -0.72015683629445171      , -0.64673482781757508      , -0.48444152011735980     
 -0.74407134751930715      , -0.67124588940194041      , -0.51001833407320762     
 -0.77054707961925961      , -0.69857801281065290      , -0.53598338297267722     
 -0.79983233923691444      , -0.72874957445346822      , -0.56260765637729260     
 -0.83169805668822427      , -0.76177360083665890      , -0.59013808461061679     
 -0.86566676257711994      , -0.79765428065106081      , -0.61879906548882424     
 -0.90144566954638161      , -0.83638212735544426      , -0.64879339212775489     
 -0.93917862847047773      , -0.87792773658273071      , -0.68030248910997815     
 -0.97931788184260293      , -0.92223407105529098      , -0.71348586628439714     
  -1.0223841957537070      , -0.96920721151846778      , -0.74847970091958682     
  -1.0687630974898568      ,  -1.0187055419305131      , -0.78539446213172392     
  -1.1184679513579883      ,  -1.0705273990196120      , -0.82431149933192061     
  -1.1710914162505364      ,  -1.1243973202013882      , -0.86527853247538133     
  -1.2260103878249504      ,  -1.1799511806106666      , -0.90830401053099619     
  -1.2825121054991988      ,  -1.2367207301277516      , -0.95335035097060483     
  -1.3397807430982394      ,  -1.2941183324021865      ,  -1.0003261428697443     
  -1.3968878112354790      ,  -1.3514230708375985      ,  -1.0490774950421622     
  -1.4527569002798035      ,  -1.4077698097463391      ,  -1.0993788430539364     
  -1.5061404959238729      ,  -1.4621432513207209      ,  -1.1509236968342043     
  -1.5557201117380903      ,  -1.5133794522476787      ,  -1.2033160107705185     
  -1.6002310370940838      ,  -1.5601775654106953      ,  -1.2560630796131806     
  -1.6384708276191653      ,  -1.6011246243680743      ,  -1.3085710842048905     
  -1.6692016344425549      ,  -1.6347358360637099      ,  -1.3601445955361895     
  -1.6910396383117321      ,  -1.6595119318158782      ,  -1.4099914444430315     
  -1.7024293542807170      ,  -1.6740135290221811      ,  -1.4572343171030444     
  -1.7017803098851749      ,  -1.6769501584963395      ,  -1.5009301808173732     
  -1.6877190283627403      ,  -1.6672787674971616      ,  -1.5400981306903612     
  -1.6593490498361811      ,  -1.6443034919369328      ,  -1.5737554593945751     
  -1.6164294879894550      ,  -1.6077659040101648      ,  -1.6009607280829263     
  -1.5594170147489443      ,  -1.5579135285661139      ,  -1.6208614663653091     
  -1.4894066275378171      ,  -1.4955348932514001      ,  -1.6327430334951276     
  -1.4080645192267098      ,  -1.4219521617279289      ,  -1.6360743587605571     
  -1.3175736814103725      ,  -1.3389674036710908      ,  -1.6305459717501778     
  -1.2205641537149354      ,  -1.2487650483012311      ,  -1.6160960912620492     
  -1.1200036890148037      ,  -1.1537797725597216      ,  -1.5929215969596866     
  -1.0190107907262338      ,  -1.0565444878607058      ,  -1.5614723340519292     
 -0.92057977258761525      , -0.95953593668434656      ,  -1.5224291288345679     
 -0.82728043040530508      , -0.86503506073693992      ,  -1.4766677720079291     
 -0.74102012541607598      , -0.77501596540308193      ,  -1.4252127180413876     
 -0.66293075723938466      , -0.69107193118611820      ,  -1.3691851115140485     
 -0.59341629466907342      , -0.61438085835291323      ,  -1.3097498964083438     
 -0.53233680956605789      , -0.54570708471447615      ,  -1.2480662595137457     
 -0.47924371379780478      , -0.48543260907053182      ,  -1.1852446890097597     
 -0.43358200926541252      , -0.43360875900124374      ,  -1.1223127313895014     
 -0.39481887224475232      , -0.39001913247825576      ,  -1.0601903307828902     
 -0.36249119414340453      , -0.35424575937535829      , -0.99967460534226515     
 -0.33619319906251444      , -0.32573229227028422      , -0.94143315192369736     
 -0.31553574251050109      , -0.30384011645547843      , -0.88600449845689855     
 -0.30010401896909011      , -0.28789518263124692      , -0.83380411625177198     
 -0.28943510188376365      , -0.27722489743748402      , -0.78513440532441636     
 -0.28302879677265130      , -0.27118548665555725      , -0.74019720831002611     
 -0.28038759687834369      , -0.26918090226847574      , -0.69910763092864081     
 -0.28106905956611150      , -0.27067465841662991      , -0.66190819981108051     
 -0.28472825673802571      , -0.27519604925744096      , -0.62858263694646577     
 -0.29113006174482242      , -0.28234211350831079      , -0.59906875283833150     
 -0.30012598766446780      , -0.29177653783712260      , -0.57327014725614533     
 -0.31161030722034305      , -0.30322648557970211      , -0.55106655451075470     
 -0.32547720624857018      , -0.31647813139018632      , -0.53232278152552437     
 -0.34159461011504738      , -0.33137149483996187      , -0.51689626622335638     
 -0.35979969674927281      , -0.34779500501769461      , -0.50464333648177084     
 -0.37990852207336151      , -0.36568009573819377      , -0.49542428169247349     
 -0.40172789819228510      , -0.38499602525408183      , -0.48910736481874190     
 -0.42506490405874903      , -0.40574503181382809      , -0.48557190700941305     
 -0.44973729609461272      , -0.42795787285999853      , -0.48471057270616202     
 -0.47558870989951285      , -0.45168974702394493      , -0.48643097339798735     
 -0.50251008969346389      , -0.47701656066061776      , -0.49065669468592232     
 -0.53046252295934937      , -0.50403147131716031      , -0.49732783551610799     
 -0.55949232279919303      , -0.53284161661660823      , -0.50640113126787600     
 -0.58973119681438191      , -0.56356491644376672      , -0.51784971444532857     
 -0.62138102921281890      , -0.59632681739133375      , -0.53166254835454352     
 -0.65468750762597616      , -0.63125682995497168      , -0.54784355050508726     
 -0.68991007116260195      , -0.66848469021474177      , -0.56641040358499717     
 -0.72729540327112074      , -0.70813595849571220      , -0.58739303269851206     
 -0.76705801612721847      , -0.75032684820996909      , -0.61083170811569854     
 -0.80936762306174681      , -0.79515806005460743      , -0.63677471314776146     
 -0.85434168508385688      , -0.84270738243510879      , -0.66527549721122536     
 -0.90204104372659544      , -0.89302081239096343      , -0.69638921528000819     
 -0.95246719237772648      , -0.94610195840523448      , -0.73016853783086644     
  -1.0055604734992325      ,  -1.0018995157737431      , -0.76665860183091661     
  -1.0611968844384307      ,  -1.0602926681694629      , -0.80589096597885568     
  -1.1191795796276052      ,  -1.1210743804092265      , -0.84787643615008990     
  -1.1792214486346397      ,  -1.1839327250420781      , -0.89259664507869874     
  -1.2409178891555592      ,  -1.2484306490633519      , -0.93999431056875693     
  -1.3037130248693232      ,  -1.3139849560736494      , -0.98996216730446873     
  -1.3668673083644467      ,  -1.3798457674096958      ,  -1.0423306780223585     
  -1.4294353605482897      ,  -1.4450783338110693      ,  -1.0968547897873986     
  -1.4902599527824107      ,  -1.5085497731547308      ,  -1.1532002176860552     
  -1.5479828370189403      ,  -1.5689240468697017      ,  -1.2109300134128256     
  -1.6010689916161009      ,  -1.6246691407812124      ,  -1.2694925020919510     
  -1.6478394518005490      ,  -1.6740808026929315      ,  -1.3282120238056812     
  -1.6865110082696633      ,  -1.7153270618634235      ,  -1.3862842519564700     
  -1.7152460294018528      ,  -1.7465168280709595      ,  -1.4427781088534570     
  -1.7322197895250067      ,  -1.7657938748848623      ,  -1.4966463657802502     
  -1.7357136219372997      ,  -1.7714543110066963      ,  -1.5467467920685003     
  -1.7242386083102226      ,  -1.7620813487078815      ,  -1.5918751048897211     
  -1.6966862218226804      ,  -1.7366862849086970      ,  -1.6308099101921392     
  -1.6524916910882081      ,  -1.6948400507549732      ,  -1.6623683407229719     
  -1.5917862674115046      ,  -1.6367767362150747      ,  -1.6854693344275800     
  -1.5155097275699212      ,  -1.5634504866980163      ,  -1.6991997322826975     
  -1.4254567011125807      ,  -1.4765310201841704      ,  -1.7028769857454698     
  -1.3242379209555082      ,  -1.3783307488594123      ,  -1.6961016460448777     
  -1.2151461830243193      ,  -1.2716669436537500      ,  -1.6787932562460715     
  -1.1019248943623594      ,  -1.1596733249467557      ,  -1.6512048610538417     
 -0.98844912213164959      ,  -1.0455842051320325      ,  -1.6139138845134358     
 -0.87835138924474554      , -0.93251858183882830      ,  -1.5677901395865363     
 -0.77465620598933294      , -0.82329035218042435      ,  -1.5139446234270537     
 -0.67951189553571134      , -0.72026464386512257      ,  -1.4536649478973556     
 -0.59409938433349585      , -0.62527101860698397      ,  -1.3883443792293637     
 -0.51874129506387745      , -0.53957446906770634      ,  -1.3194114175192606     
 -0.45315464063214539      , -0.46389691918436793      ,  -1.2482658107355322     
 -0.39673961423572618      , -0.39847670576091254      ,  -1.1762252245048130     
 -0.34880931970123497      , -0.34315158107041943      ,  -1.1044848893203174     
 -0.30872026074471698      , -0.29745160266351045      ,  -1.0340907775608119     
 -0.27591201009625782      , -0.26069089022894731      , -0.96592546022966486     
 -0.24988271514168661      , -0.23205059843253328      , -0.90070485909712150     
 -0.23012963242657247      , -0.21064875873199193      , -0.83898363355433903     
 -0.21608829146423283      , -0.19559537939723376      , -0.78116684156170324     
 -0.20710493669306743      , -0.18603315816078411      , -0.72752567936784129     
 -0.20246311021054550      , -0.18116536963129981      , -0.67821542530855661     
 -0.20145890693195762      , -0.18027307394903186      , -0.63329409850843954     
 -0.20349306832511807      , -0.18272393010137675      , -0.59274072934587274     
 -0.20813622048524805      , -0.18797475401396574      , -0.55647248585787767     
 -0.21513630115980972      , -0.19556967171577358      , -0.52436018980393284     
 -0.22436865262687530      , -0.20513537557731906      , -0.49624198298935779     
 -0.23575834759697492      , -0.21637465526718860      , -0.47193507244194055     
 -0.24921319971402967      , -0.22905907577723930      , -0.45124560031800964     
 -0.26459258637000532      , -0.24302142513539784      , -0.43397676066707219     
 -0.28171237900931284      , -0.25814835544495218      , -0.41993532984433485     
 -0.30036663912618033      , -0.27437348785925458      , -0.40893679872533489     
 -0.32034524118734875      , -0.29167113772052305      , -0.40080929976955437     
 -0.34144123301412238      , -0.31005073261561378      , -0.39539651574186374     
 -0.36345705209380114      , -0.32955193639568431      , -0.39255974355020584     
 -0.38622163938579901      , -0.35024045017466282      , -0.39217926911047751     
 -0.40962095867605036      , -0.37220443197803904      , -0.39415518944159794     
 -0.43363205850908093      , -0.39555145607950276      , -0.39840779768278439     
 -0.45834525544664295      , -0.42040591799337096      , -0.40487762625429907     
 -0.48396329543686306      , -0.44690677909479126      , -0.41352522341094500     
 -0.51077674798385542      , -0.47520553392195697      , -0.42433071913709575     
 -0.53912508009131743      , -0.50546427174952702      , -0.43729321766365337     
 -0.56935739374747063      , -0.53785369066681721      , -0.45243003565478301     
 -0.60180367842849891      , -0.57255090604011283      , -0.46977578700513067     
 -0.63675962127003882      , -0.60973687501055940      , -0.48938129681772835     
 -0.67448129231056408      , -0.64959323398722135      , -0.51131230806695893     
 -0.71518427968860177      , -0.69229831675282183      , -0.53564792425562802     
 -0.75904455313382124      , -0.73802208723464602      , -0.56247870966875946     
 -0.80620170636823696      , -0.78691968457225403      , -0.59190434535887448     
 -0.85676536004142856      , -0.83912324162272045      , -0.62403071376360286     
 -0.91082180427259729      , -0.89473160635231996      , -0.65896625826376010     
 -0.96843356549484494      , -0.95379757650101715      , -0.69681743709137578     
  -1.0296236974200230      ,  -1.0163122633497086      , -0.73768306581018306     
  -1.0943412422921333      ,  -1.0821862475180342      , -0.78164732251353786     
  -1.1624127988681081      ,  -1.1512273020640964      , -0.82877118020333218     
  -1.2334925006905775      ,  -1.2231146665016239      , -0.87908203927150175     
  -1.3070240649353537      ,  -1.2973701971690170      , -0.93256137033902720     
  -1.3822228665166709      ,  -1.3733272361202213      , -0.98913025796572596     
  -1.4580767035738331      ,  -1.4500987710790152      ,  -1.0486328760822481     
  -1.5333563495960105      ,  -1.5265474263521797      ,  -1.1108181454454200     
  -1.6066249018570484      ,  -1.6012610163540415      ,  -1.1753201399794371     
  -1.6762387379478969      ,  -1.6725387318242921      ,  -1.2416382341557344     
  -1.7403402258574399      ,  -1.7383943355206446      ,  -1.3091185144058646     
  -1.7968503038682078      ,  -1.7965837066088675      ,  -1.3769385845074287     
  -1.8434756630995432      ,  -1.8446642303873391      ,  -1.4440985090625240     
  -1.8777492529056377      ,  -1.8800923057294496      ,  -1.5094211411549825     
  -1.8971226480887646      ,  -1.9003620552261886      ,  -1.5715652975031595     
  -1.8991226688185732      ,  -1.9031827982302114      ,  -1.6290549666315841     
  -1.8815717587243785      ,  -1.8866851170226828      ,  -1.6803267568421569     
  -1.8428538350631765      ,  -1.8496363551116888      ,  -1.7237959816215145     
  -1.7821893599380383      ,  -1.7916380410675179      ,  -1.7579391792960299     
  -1.6998721435744855      ,  -1.7132726957006661      ,  -1.7813877595971110     
  -1.5974224106901860      ,  -1.6161684807156373      ,  -1.7930244250309093     
  -1.4776264912044499      ,  -1.5029588695350191      ,  -1.7920717886868647     
  -1.3444523143624703      ,  -1.3771305048812259      ,  -1.7781619623086107     
  -1.2028352193970859      ,  -1.2427725453127778      ,  -1.7513773102249932     
  -1.0583186341628352      ,  -1.1042599496768615      ,  -1.7122560386931081     
 -0.91653503225623079      , -0.96591582889212391      ,  -1.6617612036872165     
 -0.78255841584041808      , -0.83170052098099057      ,  -1.6012170039848961     
 -0.66025365259916857      , -0.70496700230654741      ,  -1.5322206851177955     
 -0.55183844972773133      , -0.58830656487150945      ,  -1.4565410779602899     
 -0.45786108984380186      , -0.48349030064061937      ,  -1.3760153333794944     
 -0.37761811494643349      , -0.39149578312941646      ,  -1.2924539848468182     
 -0.30979313479115950      , -0.31259772590773183      ,  -1.2075617072594529     
 -0.25300639922672158      , -0.24649732083023929      ,  -1.1228778477963137     
 -0.20610037026302089      , -0.19246644036208602      ,  -1.0397377047734631     
 -0.16819073160746587      , -0.14948788969210711      , -0.95925310181428824     
 -0.13859424958925848      , -0.11637925082458615      , -0.88230924416551371     
 -0.11670024063770312      ,  -9.1893903499562668E-002 , -0.80957411805612767     
 -0.10181834414385653      ,  -7.4797586472046762E-002 , -0.74151662997261869     
  -9.3060805767259752E-002 ,  -6.3922072050415557E-002 , -0.67843005825751912     
  -8.9325544599867385E-002 ,  -5.8199293618304448E-002 , -0.62045799615403852     
  -8.9404100347763513E-002 ,  -5.6679925827361408E-002 , -0.56762064194083117     
  -9.2181158230957613E-002 ,  -5.8540348368154201E-002 , -0.51983993214592517     
  -9.6838809734888134E-002 ,  -6.3081452805168317E-002 , -0.47696256091195804     
 -0.10295870589112739      ,  -6.9722116155089525E-002 , -0.43878036149152644     
 -0.11046851470930091      ,  -7.7989515728857151E-002 , -0.40504784664213661     
 -0.11947271595841295      ,  -8.7507878633341765E-002 , -0.37549692761449566     
 -0.13006404847998460      ,  -9.7986779594274140E-002 , -0.34984897538591037     
 -0.14220492711374180      , -0.10920972673848564      , -0.32782447175601614     
 -0.15571677633700326      , -0.12102349597512529      , -0.30915053859972014     
 -0.17034510493690036      , -0.13332847406205278      , -0.29356664452594172     
 -0.18582595795264475      , -0.14607013108359065      , -0.28082877981958682     
 -0.20190370223921947      , -0.15923164952925400      , -0.27071237047079422     
 -0.21831168087254046      , -0.17282767687931797      , -0.26301417569665608     
 -0.23476310441952339      , -0.18689913183338283      , -0.25755338429269542     
 -0.25098680762838982      , -0.20150897378470639      , -0.25417209580375427     
 -0.26680258032224957      , -0.21673883553326737      , -0.25273534436015060     
 -0.28219789636469322      , -0.23268641671678922      , -0.25313079693558804     
 -0.29736416669273413      , -0.24946353727361886      , -0.25526823416466127     
 -0.31267253090986785      , -0.26719475444867991      , -0.25907890083227025     
 -0.32859960796505461      , -0.28601645195124986      , -0.26451479464037853     
 -0.34563711720840606      , -0.30607631475629160      , -0.27154794566341145     
 -0.36422265256349218      , -0.32753310681370912      , -0.28016972472774587     
 -0.38470994531567104      , -0.35055667081892139      , -0.29039020643681313     
 -0.40737193353570311      , -0.37532806847835753      , -0.30223760130804356     
 -0.43241746232106748      , -0.40203977563750370      , -0.31575776104721937     
 -0.46000703282341521      , -0.43089583842782897      , -0.33101375087482215     
 -0.49026752150741038      , -0.46211188333042980      , -0.34808547250654798     
 -0.52331659887647786      , -0.49591485471487706      , -0.36706931029059908     
 -0.55930302712413849      , -0.53254232681396518      , -0.38807776046718501     
 -0.59845264919717911      , -0.57224120193494643      , -0.41123898881699250     
 -0.64109642683935675      , -0.61526556162170254      , -0.43669624430404413     
 -0.68765727891654160      , -0.66187338119341854      , -0.46460703482419996     
 -0.73858913157480433      , -0.71232174967747208      , -0.49514194493394065     
 -0.79428669465393453      , -0.76686015654029704      , -0.52848294357277537     
 -0.85500102722930227      , -0.82572131529877424      , -0.56482099157809673     
 -0.92079208452647898      , -0.88910889631946843      , -0.60435271386681955     
 -0.99152949256508160      , -0.95718144561732144      , -0.64727584989268017     
  -1.0669305520904111      ,  -1.0300316888973573      , -0.69378314002236041     
  -1.1466116320967830      ,  -1.1076603862467747      , -0.74405424852281254     
  -1.2301297720130355      ,  -1.1899439527310121      , -0.79824527282869806     
  -1.3170003626069851      ,  -1.2765952520927344      , -0.85647535524582685     
  -1.4066846558147483      ,  -1.3671173852263221      , -0.91880991527361622     
  -1.4985428999056360      ,  -1.4607510350535038      , -0.98524008462433921     
  -1.5917496413938734      ,  -1.5564171138177354      ,  -1.0556580887928402     
  -1.6851761365105886      ,  -1.6526582029154728      ,  -1.1298286242713289     
  -1.7772627399367784      ,  -1.7475846497656911      ,  -1.2073567810173433     
  -1.8659196794038138      ,  -1.8388341462472721      ,  -1.2876538045436170     
  -1.9484923389477675      ,  -1.9235568958115867      ,  -1.3699030094540989     
  -2.0218048622459133      ,  -1.9984414754470683      ,  -1.4530294256971485     
  -2.0822682065968721      ,  -2.0597981597360326      ,  -1.5356781714554506     
  -2.1260264138210916      ,  -2.1037152903137084      ,  -1.6162078635177315     
  -2.1491289370332041      ,  -2.1262985059202357      ,  -1.6927062008074754     
  -2.1477485622331716      ,  -2.1239908924464261      ,  -1.7630346532475247     
  -2.1184878622092564      ,  -2.0939542405694795      ,  -1.8249073791125396     
  -2.0588037440471125      ,  -2.0344698460352229      ,  -1.8760056647451384     
  -1.9675177739707370      ,  -1.9452969176045305      ,  -1.9141233645507050     
  -1.8452953258531100      ,  -1.8279153874829066      ,  -1.9373317682185185     
  -1.6949368477644222      ,  -1.6855855241203963      ,  -1.9441455890870691     
  -1.5213877994218341      ,  -1.5231832073349167      ,  -1.9336674312105187     
  -1.3314951395346846      ,  -1.3468136481388202      ,  -1.9056880830014979     
  -1.1335763372877623      ,  -1.1632561703974931      ,  -1.8607252165892612     
 -0.93677178483141121      , -0.97933229922058140      ,  -1.7999928104286804     
 -0.75007135632971922      , -0.80130503042066714      ,  -1.7253055011865772     
 -0.58099365859553675      , -0.63440384938197447      ,  -1.6389329214769353     
 -0.43418868064268440      , -0.48253394132337513      ,  -1.5434260887480573     
 -0.31065998489170837      , -0.34818283590830196      ,  -1.4414396800717835     
 -0.20833331835107588      , -0.23249812814134732      ,  -1.3355709038006018     
 -0.12380311087003740      , -0.13548555971593074      ,  -1.2282293332833776     
  -5.4087831768903055E-002 ,  -5.6269906219155272E-002 ,  -1.1215446562215881     
   2.6351452585389526E-003 ,   6.6318975710786821E-003 ,  -1.0173126590833490     
   4.7311791943769665E-002 ,   5.5061524558877140E-002 , -0.91697499538263172     
   8.0565443892435723E-002 ,   9.1014157251776917E-002 , -0.82162566727776609     
  0.10303094672160931      ,  0.11648438835860699      , -0.73203639435533829     
  0.11560067428300440      ,  0.13336077817771405      , -0.64869359043157415     
  0.11967734298555963      ,  0.14336166147433382      , -0.57184093095123456     
  0.11723353477197307      ,  0.14800295290998974      , -0.50152299788620158     
  0.11061971280979213      ,  0.14858893126008563      , -0.43762692591034791     
  0.10219660477687068      ,  0.14621829166196354      , -0.37992018122204974     
   9.3825590347255156E-002 ,  0.14179943589764171      , -0.32808352909402183     
   8.6436002699530570E-002 ,  0.13607060347492927      , -0.28173890008174274     
   7.9997752053376114E-002 ,  0.12962183015824019      , -0.24047229154001515     
   7.3910499616017797E-002 ,  0.12291679566143585      , -0.20385209363802392     
   6.7530243728927325E-002 ,  0.11631340530896644      , -0.17144335712803233     
   6.0582099862469804E-002 ,  0.11008249150981247      , -0.14281856471464840     
   5.3287350950163181E-002 ,  0.10442437711713656      , -0.11756546009112379     
   4.6155091844825649E-002 ,   9.9483265975480822E-002 ,  -9.5292450698742537E-002
   3.9658894047358742E-002 ,   9.5359557810579046E-002 ,  -7.5632046969053610E-002
   3.4103569670030039E-002 ,   9.2120256097234787E-002 ,  -5.8242741815565935E-002
   2.9726614475417995E-002 ,   8.9807670522331809E-002 ,  -4.2809675278040152E-002
   2.6854871169128419E-002 ,   8.8446624947945987E-002 ,  -2.9044373790967137E-002
   2.5946040455815084E-002 ,   8.8050377067792895E-002 ,  -1.6683803224649796E-002
   2.7459594092170241E-002 ,   8.8625443418063860E-002 ,  -5.4889303017962065E-003
   3.1641812761391837E-002 ,   9.0175506903978228E-002 ,   4.7570517042281801E-003
   3.8372660851135255E-002 ,   9.2704565893845861E-002 ,   1.4250710197358178E-002
   4.7166519651873344E-002 ,   9.6219465629758111E-002 ,   2.3170478593267770E-002
   5.7333509340355658E-002 ,  0.10073193503900983      ,   3.1678808289697137E-002
   6.8224616271713209E-002 ,  0.10626023546901686      ,   3.9924315065625528E-002
   7.9426040868571801E-002 ,  0.11283051264599034      ,   4.8043883403733036E-002
   9.0815323637863890E-002 ,  0.12047792935848968      ,   5.6164704860415256E-002
  0.10250308987755852      ,  0.12924764397219127      ,   6.4406236612651963E-002
  0.11473718612092980      ,  0.13919568879702723      ,   7.2882074089193616E-002
  0.12783128221975862      ,  0.15038979239713457      ,   8.1701737491125151E-002
  0.14214490557455758      ,  0.16291018095003260      ,   9.0972376317400280E-002
  0.15807890571124425      ,  0.17685038546522014      ,  0.10080039897459114     
  0.17602061704061414      ,  0.19231807375030874      ,  0.11129303635303416     
  0.19623390435864094      ,  0.20943591808758993      ,  0.12255984902471209     
  0.21875610690904201      ,  0.22834250119983526      ,  0.13471418753482758     
  0.24337209565147949      ,  0.24919325368583059      ,  0.14787461413054032     
  0.26970690069346492      ,  0.27216140501006614      ,  0.16216629213985403     
  0.29741588921623835      ,  0.29743891648856235      ,  0.17772234594660688     
  0.32638327489031155      ,  0.32523734746483168      ,  0.19468518987864572     
  0.35683596625760677      ,  0.35578858369275485      ,  0.21320781800241143     
  0.38933779962887538      ,  0.38934532818804513      ,  0.23345503833546014     
  0.42468567524171547      ,  0.42618121744158366      ,  0.25560462372991749     
  0.46375676653930786      ,  0.46659037743175252      ,  0.27984833683908750     
  0.50736146460362230      ,  0.51088617139247883      ,  0.30639276713294245     
  0.55613646225296409      ,  0.55939881143258230      ,  0.33545989260639347     
  0.61048440184867170      ,  0.61247140525082377      ,  0.36728724609690205     
  0.67055226552424840      ,  0.67045388387585647      ,  0.40212752422049775     
  0.73624608337003383      ,  0.73369410400377422      ,  0.44024742390437027     
  0.80729387432848454      ,  0.80252523878664739      ,  0.48192542541007199     
  0.88336367848330832      ,  0.87724836805713469      ,  0.52744816004763362     
  0.96421025126478144      ,  0.95810896533412482      ,  0.57710490493869326     
   1.0497980250873160      ,   1.0452657805728223      ,  0.63117963775002872     
   1.1403442323066710      ,   1.1387504820354777      ,  0.68993996663175328     
   1.2362332529367219      ,   1.2384164273482181      ,  0.75362213632406572     
   1.3377859916140225      ,   1.3438752066554114      ,  0.82241122208398265     
   1.4449367653059395      ,   1.4544203201472676      ,  0.89641559472431365     
   1.5569315315097014      ,   1.5689387609178072      ,  0.97563482829485038     
   1.6721640342687618      ,   1.6858136658766292      ,   1.0599205065801458     
   1.7882072660593049      ,   1.8028248692118054      ,   1.1489299706560232     
   1.9020033392352504      ,   1.9170593339240956      ,   1.2420740599845279     
   2.0100967852666267      ,   2.0248499264203508      ,   1.3384614507544750     
   2.1087849966103822      ,   2.1217681005363196      ,   1.4368443490931841     
   2.1941196162639853      ,   2.2027020523138305      ,   1.5355729780716709     
   2.2617841606157820      ,   2.2620538223631388      ,   1.6325691829374855     
   2.3069580746171185      ,   2.2940825631095625      ,   1.7253318865775926     
   2.3243296269621774      ,   2.2934025096515773      ,   1.8109879719485740     
   2.3084200544451696      ,   2.2556108582566328      ,   1.8864000927656583     
   2.2543066248190629      ,   2.1779756365249536      ,   1.9483366994347122     
   2.1586692788945303      ,   2.0600674067786091      ,   1.9936988387326597     
   2.0208663347683240      ,   1.9041894755754216      ,   2.0197843039439829     
   1.8435994014033170      ,   1.7154692943814802      ,   2.0245557812127513     
   1.6328687963938613      ,   1.5015302430138926      ,   2.0068705581414674     
   1.3973784394753699      ,   1.2717598040209583      ,   1.9666297015238157     
   1.1478657264478453      ,   1.0362971825751546      ,   1.9048163682796677     
  0.89654314810150981      ,  0.80493991239132967      ,   1.8234138682300103     
  0.65631019441019600      ,  0.58618396610125834      ,   1.7252181534258575     
  0.43922537635310277      ,  0.38656124625243360      ,   1.6135790714816123     
  0.25391097809880669      ,  0.21034630813473335      ,   1.4921143988777912     
  0.10275246119156714      ,   5.9608695163686748E-002 ,   1.3644388805009304     
  -1.8401351181390350E-002 ,  -6.5479933137011226E-002 ,   1.2339398472094227     
 -0.11676585595865935      , -0.16620055027530495      ,   1.1036162944159156     
 -0.19818429040263791      , -0.24481000764352695      ,  0.97598429919751772     
 -0.26516616734369669      , -0.30410886996064257      ,  0.85304136147876719     
 -0.31799283698700387      , -0.34709476490187574      ,  0.73627664433751827     
 -0.35668632122369021      , -0.37671289195006802      ,  0.62671257737338548     
 -0.38168783644288518      , -0.39569614814294074      ,  0.52496455981118595     
 -0.39399120912552293      , -0.40647782964416257      ,  0.43130818574931273     
 -0.39572752389380489      , -0.41115746707718875      ,  0.34574645755035577     
 -0.39020603056731568      , -0.41150210621487715      ,  0.26807221390270930     
 -0.38124485164868921      , -0.40896890310199524      ,  0.19792318892810590     
 -0.37265090801072537      , -0.40473875859198022      ,  0.13482868670199558     
 -0.36748387307190677      , -0.39975409662649936      ,   7.8247876867343358E-002
 -0.36701597410489362      , -0.39475651542952789      ,   2.7600314319150377E-002
 -0.37057622774154864      , -0.39032191242298492      ,  -1.7710416716385423E-002
 -0.37649346639145259      , -0.38689192741735651      ,  -5.8278932325788971E-002
 -0.38313610319885510      , -0.38480132170628584      ,  -9.4685166360762144E-002
 -0.38965147884885420      , -0.38430135678688487      , -0.12748546907213734     
 -0.39631096288630963      , -0.38557946906189577      , -0.15720688788408219     
 -0.40402657858338425      , -0.38877563790933228      , -0.18434394603443194     
 -0.41339739901844696      , -0.39399586905819672      , -0.20935734501658584     
 -0.42435561414816747      , -0.40132319833040991      , -0.23267411661505247     
 -0.43656284084113794      , -0.41082658358391927      , -0.25468883757681537     
 -0.44993721529264291      , -0.42256800707019559      , -0.27576559431625691     
 -0.46493441629312821      , -0.43660806267782115      , -0.29624044721241904     
 -0.48238447125136669      , -0.45301025559336150      , -0.31642419513785502     
 -0.50301130812513584      , -0.47184419680003337      , -0.33660528206910106     
 -0.52706305284598987      , -0.49318783156868379      , -0.35705272011539529     
 -0.55425192951596136      , -0.51712879917563415      , -0.37801892807114496     
 -0.58398116731909366      , -0.54376497977004823      , -0.39974240249018106     
 -0.61575105357219129      , -0.57320424278403181      , -0.42245014997122587     
 -0.64944896672641028      , -0.60556336871600913      , -0.44635981535506558     
 -0.68533575441772587      , -0.64096607180850518      , -0.47168144125200534     
 -0.72387433541288171      , -0.67954000459510544      , -0.49861879002709569     
 -0.76556223148480007      , -0.72141257642418488      , -0.52737015029433365     
 -0.81078792407976186      , -0.76670536747726248      , -0.55812853633776005     
 -0.85981993300976167      , -0.81552686917319506      , -0.59108117101442681     
 -0.91292425925665321      , -0.86796323453109814      , -0.62640812116689004     
 -0.97036753142539067      , -0.92406668383501045      , -0.66427993038313904     
  -1.0322593425770574      , -0.98384119101453216      , -0.70485406880495360     
  -1.0983972151647203      ,  -1.0472250883707017      , -0.74826999640014280     
  -1.1681952001245535      ,  -1.1140702913966432      , -0.79464261903395428     
  -1.2407484637394837      ,  -1.1841179882630797      , -0.84405391227026083     
  -1.3150618311792366      ,  -1.2569708943107780      , -0.89654250528706636     
  -1.3902932466838596      ,  -1.3320625811600497      , -0.95209106900782137     
  -1.4658295979599438      ,  -1.4086249955284553      ,  -1.0106114543405447     
  -1.5411607109826979      ,  -1.4856561204709910      ,  -1.0719276969676881     
  -1.6156273533390810      ,  -1.5618908147046162      ,  -1.1357572641826892     
  -1.6881492929886828      ,  -1.6357791596741007      ,  -1.2016912837629112     
  -1.7570646176161089      ,  -1.7054780339848252      ,  -1.2691749722667758     
  -1.8201442921123971      ,  -1.7688628873783263      ,  -1.3374900584707226     
  -1.8747517677527961      ,  -1.8235674200729917      ,  -1.4057416326856329     
  -1.9180666115354024      ,  -1.8670585584756816      ,  -1.4728524544807782     
  -1.9472794307553127      ,  -1.8967521385750084      ,  -1.5375681751794532     
  -1.9597272295900277      ,  -1.9101705150628026      ,  -1.5984769812271005     
  -1.9530173145647460      ,  -1.9051366868038477      ,  -1.6540466183546458     
  -1.9251801906040351      ,  -1.8799909029060546      ,  -1.7026804229180070     
  -1.8748685188694936      ,  -1.8338064567641899      ,  -1.7427917898376235     
  -1.8016066951270300      ,  -1.7665738233804884      ,  -1.7728935811366489     
  -1.7060447094617766      ,  -1.6793193399910480      ,  -1.7916957382361516     
  -1.5901432832442799      ,  -1.5741287994909499      ,  -1.7982014834472844     
  -1.4572447958436179      ,  -1.4540585711738296      ,  -1.7917907942460058     
  -1.3120031602202300      ,  -1.3229355864692047      ,  -1.7722800115972297     
  -1.1601325795656983      ,  -1.1850684983651558      ,  -1.7399488134297523     
  -1.0079354609682356      ,  -1.0449098261764556      ,  -1.6955300711564372     
 -0.86160310672222629      , -0.90671780055009554      ,  -1.6401634518064443     
 -0.72637203825075125      , -0.77426443399857336      ,  -1.5753188259838156     
 -0.60575863852999245      , -0.65062418559314306      ,  -1.5026994293425207     
 -0.50119041427331534      , -0.53805960856055846      ,  -1.4241365517228026     
 -0.41224431286467628      , -0.43800192017994610      ,  -1.3414871510683963     
 -0.33737990719629818      , -0.35111004356225739      ,  -1.2565436330226010     
 -0.27476700161068862      , -0.27738372851379317      ,  -1.1709618668190174     
 -0.22282810643722292      , -0.21630490680726164      ,  -1.0862101432000582     
 -0.18040193172278080      , -0.16698485479310698      ,  -1.0035388660824414     
 -0.14667619266704726      , -0.12830075441590932      , -0.92396866930221366     
 -0.12104008417483549      ,  -9.9011800828282467E-002 , -0.84829344980179178     
 -0.10290114381146551      ,  -7.7850703932708876E-002 , -0.77709439787087953     
  -9.1500893757477289E-002 ,  -6.3590613793592488E-002 , -0.71076127246323817     
  -8.5810153486981539E-002 ,  -5.5090083998159803E-002 , -0.64951768650273467     
  -8.4567749051143379E-002 ,  -5.1319928652182122E-002 , -0.59344783846858606     
  -8.6463089603965163E-002 ,  -5.1376111790610725E-002 , -0.54252281249798806     
  -9.0397793384193598E-002 ,  -5.4482506497482014E-002 , -0.49662518528688282     
  -9.5700059497422482E-002 ,  -5.9986771525834218E-002 , -0.45557118450738321     
 -0.10217033968615263      ,  -6.7351918144290771E-002 , -0.41913003141958882     
 -0.10993951634051807      ,  -7.6145498697450006E-002 , -0.38704037906701927     
 -0.11923235129930035      ,  -8.6027798752510112E-002 , -0.35902394463510756     
 -0.13016262085088198      ,  -9.6739974650656230E-002 , -0.33479655016284376     
 -0.14264934223316961      , -0.10809274326090544      , -0.31407684844854894     
 -0.15646303964331765      , -0.11995598579839001      , -0.29659303637498741     
 -0.17132592794008730      , -0.13224945471734162      , -0.28208785835243927     
 -0.18697004590561886      , -0.14493465480064185      , -0.27032218738771446     
 -0.20312408202153098      , -0.15800789211005009      , -0.26107744707156139     
 -0.21947692764256369      , -0.17149443591142843      , -0.25415710912940392     
 -0.23568335658070852      , -0.18544371031143450      , -0.24938747116086327     
 -0.25143590959362899      , -0.19992541770844602      , -0.24661788975310234     
 -0.26657129108947331      , -0.21502649063002746      , -0.24572061646105828     
 -0.28115289326013421      , -0.23084876878264615      , -0.24659035883437774     
 -0.29548584570209552      , -0.24750730180244249      , -0.24914366600070298     
 -0.31005704373644560      , -0.26512918355277493      , -0.25331821830752771     
 -0.32542843880782990      , -0.28385282959556735      , -0.25907208303752821     
 -0.34213184062737684      , -0.30382761469181757      , -0.26638298299531660     
 -0.36060418547875894      , -0.32521379106320952      , -0.27524761149537930     
 -0.38117167174988648      , -0.34818260996592526      , -0.28568101558953890     
 -0.40406453698260708      , -0.37291656820932029      , -0.29771605884614949     
 -0.42943847901576365      , -0.39960969688581727      , -0.31140296518496530     
 -0.45739166467664916      , -0.42846780097640164      , -0.32680893569513642     
 -0.48798607291859131      , -0.45970854475326928      , -0.34401782048743806     
 -0.52128845216101283      , -0.49356125796539929      , -0.36312981686817919     
 -0.55743131466723228      , -0.53026631045188799      , -0.38426115281641809     
 -0.59667152401195800      , -0.57007386672513005      , -0.40754370016543978     
 -0.63941273374629537      , -0.61324178576453203      , -0.43312444421807728     
 -0.68616688494517664      , -0.66003237338925247      , -0.46116471487057925     
 -0.73745858431821876      , -0.71070762410160104      , -0.49183905773979042     
 -0.79370795534551808      , -0.76552250598750449      , -0.52533359135827784     
 -0.85513928470501854      , -0.82471574748206744      , -0.56184365743896569     
 -0.92174710087422640      , -0.88849748268377926      , -0.60157052509409392     
 -0.99332180131170422      , -0.95703301110356997      , -0.64471685702333670     
  -1.0695121724855290      ,  -1.0304218440011301      , -0.69148058764199649     
  -1.1498932685271113      ,  -1.1086711689674305      , -0.74204680358594444     
  -1.2340154831628782      ,  -1.1916629079707703      , -0.79657716295425818     
  -1.3214232177860712      ,  -1.2791137317463777      , -0.85519635278332806     
  -1.4116380152350532      ,  -1.3705278083744008      , -0.91797508300500474     
  -1.5040991047582475      ,  -1.4651428133852800      , -0.98490917658624821     
  -1.5980550642623230      ,  -1.5618709377351614      ,  -1.0558944769156287     
  -1.6924157929946051      ,  -1.6592384213378226      ,  -1.1306976022292721     
  -1.7856012700381350      ,  -1.7553295920387670      ,  -1.2089230872994532     
  -1.8754399053432640      ,  -1.8477444638281029      ,  -1.2899782167765024     
  -1.9591565417810548      ,  -1.9335823784575716      ,  -1.3730379039287575     
  -2.0334527854775968      ,  -2.0094673378281551      ,  -1.4570132840711101     
  -2.0946459386991596      ,  -2.0716324741702135      ,  -1.5405291632885045     
  -2.1388243377878067      ,  -2.1160799622598705      ,  -1.6219168435451898     
  -2.1620051803720548      ,  -2.1388267571723301      ,  -1.6992297223010837     
  -2.1603273045767160      ,  -2.1362343452227091      ,  -1.7702888766971601     
  -2.1303411433454018      ,  -2.1054020599515408      ,  -1.8327639813947796     
  -2.0694395762184268      ,  -2.0445807668991480      ,  -1.8842909353405151     
  -1.9763972793133393      ,  -1.9535423966589387      ,  -1.9226215166584080     
  -1.8518858632562301      ,  -1.8338290488603362      ,  -1.9457930344686416     
  -1.6987863480811733      ,  -1.6888114028237018      ,  -1.9522989358118306     
  -1.5221942950131131      ,  -1.5235141097589926      ,  -1.9412368422279591     
  -1.3291528964879094      ,  -1.3442120210571691      ,  -1.9124105565793181     
  -1.1281949570180565      ,  -1.1578532144471796      ,  -1.8663681352799042     
 -0.92867023739852683      , -0.97140576902449882      ,  -1.8043683566136113     
 -0.73974426429581486      , -0.79124071353522030      ,  -1.7282803210774276     
 -0.56904069442642224      , -0.62264865754680543      ,  -1.6404321365977033     
 -0.42120121495139506      , -0.46954913069346166      ,  -1.5434317569348321     
 -0.29709474314916712      , -0.33440429339267902      ,  -1.4399846537350298     
 -0.19444724970803551      , -0.21830781663064763      ,  -1.3327295467317848     
 -0.10969598151704005      , -0.12119519779513725      ,  -1.2241066936955947     
  -3.9810381681559120E-002 ,  -4.2115597683410992E-002 ,  -1.1162655197519116     
   1.6993928712703367E-002 ,   2.0486709436646308E-002 ,  -1.0110115465697123     
   6.1605766075994564E-002 ,   6.8517777469615099E-002 , -0.90978775496973741     
   9.4618208625159572E-002 ,  0.10402626193743578      , -0.81368293448099915     
  0.11666760733226264      ,  0.12904874663052246      , -0.72345890814728753     
  0.12867894652584050      ,  0.14550507020936551      , -0.63958917068628618     
  0.13211973415605993      ,  0.15513562773870865      , -0.56230283043951657     
  0.12904462109528861      ,  0.15947093878374241      , -0.49162931722975295     
  0.12188379350001115      ,  0.15982416769303215      , -0.42744079806285401     
  0.11306174754454293      ,  0.15729872395344635      , -0.36949047281843572     
  0.10447053034538148      ,  0.15280484568268940      , -0.31744585488358845     
   9.7026192142756401E-002 ,  0.14708076104513482      , -0.27091679461893292     
   9.0655456753379854E-002 ,  0.14071543813105639      , -0.22947842460269577     
   8.4712753957485565E-002 ,  0.13417102251796589      , -0.19268945063371956     
   7.8527786643039874E-002 ,  0.12780384748378712      , -0.16010633292912446     
   7.1828045177474126E-002 ,  0.12188343978152048      , -0.13129393972555115     
   6.4860782852559612E-002 ,  0.11660929459036382      , -0.10583324203678925     
   5.8163246200271190E-002 ,  0.11212541045637760      ,  -8.3326575815892520E-002
   5.2220283986870286E-002 ,  0.10853270131855734      ,  -6.3400941043187109E-002
   4.7332148281818552E-002 ,  0.10589946947631626      ,  -4.5709745725188280E-002
   4.3728932148639904E-002 ,  0.10427015253733518      ,  -2.9933342086985087E-002
   4.1736748896226424E-002 ,  0.10367256371322282      ,  -1.5778645510833335E-002
   4.1819511702427585E-002 ,  0.10412383785823971      ,  -2.9780755577153233E-003
   4.4441986137637043E-002 ,  0.10563528140448651      ,   8.7119867305855848E-003
   4.9846446554714777E-002 ,  0.10821630655474181      ,   1.9513070123515407E-002
   5.7897937952816753E-002 ,  0.11187761099747581      ,   2.9626691293402192E-002
   6.8090952072940192E-002 ,  0.11663374533339807      ,   3.9236545986113792E-002
   7.9721850328829683E-002 ,  0.12250519210664432      ,   4.8510742915426050E-002
   9.2144590078774180E-002 ,  0.12952006322130361      ,   5.7604029240280456E-002
  0.10496750626233764      ,  0.13771550677706540      ,   6.6659972083182917E-002
  0.11810299514319655      ,  0.14713890001021801      ,   7.5813073027227965E-002
  0.13170066817309850      ,  0.15784889200725963      ,   8.5190802334656729E-002
  0.14604549916268508      ,  0.16991634801598865      ,   9.4915547152699190E-002
  0.16148384912575259      ,  0.18342523629126711      ,  0.10510647354626416     
  0.17840454105571366      ,  0.19847348819084690      ,  0.11588130609579436     
  0.19723548469203137      ,  0.21517385232113451      ,  0.12735803123493067     
  0.21838611944891517      ,  0.23365475348327366      ,  0.13965653162546596     
  0.24213352278635469      ,  0.25406115644904970      ,  0.15290015875808619     
  0.26851910494341313      ,  0.27655542254615456      ,  0.16721724963564050     
  0.29732735184820769      ,  0.30131813284431563      ,  0.18274259076972924     
  0.32818683263245069      ,  0.32854883440907107      ,  0.19961882863850883     
  0.36076895382122048      ,  0.35846664439448767      ,  0.21799781994534886     
  0.39499031371324300      ,  0.39131061915952309      ,  0.23804190709181647     
  0.43112376508524447      ,  0.42733976025768178      ,  0.25992509369566286     
  0.46978511697456282      ,  0.46683248383084736      ,  0.28383408103491098     
  0.51181906304253710      ,  0.51008532201043177      ,  0.30996910807541045     
  0.55813475023272141      ,  0.55741055142552731      ,  0.33854451411498021     
  0.60954766368973479      ,  0.60913235169282998      ,  0.36978891269851522     
  0.66666454066208780      ,  0.66558098285394907      ,  0.40394482676344723     
  0.72981995870509742      ,  0.72708433304494668      ,  0.44126758626840140     
  0.79905795744494257      ,  0.79395602623684047      ,  0.48202322918040019     
  0.87415520613062825      ,  0.86647909879151963      ,  0.52648507335109662     
  0.95469437042979666      ,  0.94488406424180749      ,  0.57492854014299799     
   1.0401895415054510      ,   1.0293200115880103      ,  0.62762371220481183     
   1.1302314770270518      ,   1.1198172657769607      ,  0.68482500244872102     
   1.2245957448134350      ,   1.2162401498838087      ,  0.74675720953346603     
   1.3232548737929017      ,   1.3182286351005581      ,  0.81359715612049432     
   1.4262465608400425      ,   1.4251283035935616      ,  0.88545008151459337     
   1.5333934810771082      ,   1.5359092905780751      ,  0.96232003866968674     
   1.6439513328532147      ,   1.6490769691601981      ,   1.0440737963954980     
   1.7563220515243034      ,   1.7625803520093120      ,   1.1303982621456463     
   1.8679515894562726      ,   1.8737286770511576      ,   1.2207523257973252     
   1.9754444779778377      ,   1.9791323337539792      ,   1.3143153831750887     
   2.0748182594004687      ,   2.0746905761774594      ,   1.4099366878493840     
   2.1617576880575369      ,   2.1556539445227054      ,   1.5060920462594489     
   2.2317568576855162      ,   2.2167915023342668      ,   1.6008569537318578     
   2.2801373267393825      ,   2.2526884218042524      ,   1.6919075042317528     
   2.3020397778961117      ,   2.2581843870692953      ,   1.7765613825387028     
   2.2925557200846263      ,   2.2289354566246842      ,   1.8518697931255470     
   2.2471568219271258      ,   2.1620431645734275      ,   1.9147661847452768     
   2.1624682122288710      ,   2.0566529170936714      ,   1.9622686169821451     
   2.0372280084739920      ,   1.9143940614837531      ,   1.9917204286638490     
   1.8730748304642231      ,   1.7395340488428781      ,   2.0010411052933321     
   1.6748074477688684      ,   1.5387608201874197      ,   1.9889499507456627     
   1.4500816795790843      ,   1.3205875736851553      ,   1.9551235362441517     
   1.2088633625377043      ,   1.0944698721640391      ,   1.9002562817400708     
  0.96286568142547169      ,  0.86980197130440695      ,   1.8260108125278076     
  0.72476638340734700      ,  0.65498696600371087      ,   1.7348662255019947     
  0.50678517696032321      ,  0.45674402410833626      ,   1.6298915649064565     
  0.31832300969984073      ,  0.27974115223213653      ,   1.5144830970439576     
  0.16320000748556335      ,  0.12655500924438956      ,   1.3921050714225933     
   3.8710694176338642E-002 ,  -2.1093609545281568E-003 ,   1.2660659784698975     
  -6.1769445824669679E-002 , -0.10703999294361360      ,   1.1393497488246689     
 -0.14448579351839413      , -0.19008160102014149      ,   1.0145082306768012     
 -0.21274471753783258      , -0.25371953242299472      ,  0.89361081724419855     
 -0.26734296441957034      , -0.30073129688479561      ,  0.77824067797363217     
 -0.30839519842199664      , -0.33392454246025399      ,  0.66952453904332021     
 -0.33626999336876989      , -0.35596005720225277      ,  0.56818335328088643     
 -0.35172163481278085      , -0.36924698732802863      ,  0.47459326396003948     
 -0.35639040751488049      , -0.37589322082260024      ,  0.38884895656509771     
 -0.35308838506295614      , -0.37769423707262845      ,  0.31082411065795684     
 -0.34533115222875371      , -0.37614639022080093      ,  0.24022584882287670     
 -0.33681323903920263      , -0.37247398388673925      ,  0.17664171537082027     
 -0.33076603853815872      , -0.36766269850571237      ,  0.11957883348917736     
 -0.32893488127198878      , -0.36249455027626887      ,   6.8495581330194732E-002
 -0.33113659502911147      , -0.35758150586839088      ,   2.2826506073900316E-002
 -0.33594361410453977      , -0.35339622047587044      ,  -1.7998639778078043E-002
 -0.34171168283994602      , -0.35029923678836039      ,  -5.4540824849171811E-002
 -0.34737279570922147      , -0.34856251030891594      ,  -8.7341759806201569E-002
 -0.35289361880354769      , -0.34838942264384626      , -0.11691723052267909     
 -0.35902462414966435      , -0.34993159229674742      , -0.14375306250130479     
 -0.36644378506471398      , -0.35330285041969134      , -0.16830313786135651     
 -0.37524307626910053      , -0.35859075534454887      , -0.19098898192971681     
 -0.38516856599027438      , -0.36586599856871060      , -0.21220052210168877     
 -0.39612360067109376      , -0.37519002047089617      , -0.23229769598738090     
 -0.40849892023945378      , -0.38662111437854607      , -0.25161264904947012     
 -0.42310651664623050      , -0.40021925684407017      , -0.27045231471455861     
 -0.44074870359887924      , -0.41604986199587363      , -0.28910121329269922     
 -0.46180380862626269      , -0.43418661921318441      , -0.30782434099060302     
 -0.48609305612905995      , -0.45471353602796433      , -0.32687004780146445     
 -0.51303924643315302      , -0.47772627159494169      , -0.34647282392138790     
 -0.54203903071665971      , -0.50333280959024207      , -0.36685592925790400     
 -0.57280564194986883      , -0.53165348217388397      , -0.38823381009042951     
 -0.60544493460328386      , -0.56282031778690689      , -0.41081425140154459     
 -0.64032585390054864      , -0.59697564414214421      , -0.43480021307211597     
 -0.67792167213265886      , -0.63426983296738892      , -0.46039129315319621     
 -0.71867260331655025      , -0.67485802422642949      , -0.48778475182937375     
 -0.76294868117586689      , -0.71889561443919947      , -0.51717601545449898     
 -0.81114909382797251      , -0.76653223684161209      , -0.54875856116675947     
 -0.86373191102684854      , -0.81790390218311593      , -0.58272305918769784     
 -0.92106113576602944      , -0.87312291159351063      , -0.61925562236534037     
 -0.98320956528990033      , -0.93226510369459192      , -0.65853498173058778     
  -1.0498405903822308      , -0.99535396770232754      , -0.70072837453749337     
  -1.1202343917502116      ,  -1.0623411591474730      , -0.74598590049483626     
  -1.1935031377665390      ,  -1.1330830190770358      , -0.79443307761640658     
  -1.2688795346626822      ,  -1.2073128544503686      , -0.84616131890993951     
  -1.3458765332451204      ,  -1.2846090303135032      , -0.90121606603373261     
  -1.4242366560699307      ,  -1.3643594057596606      , -0.95958237131782331     
  -1.5037201002339271      ,  -1.4457233725700702      ,  -1.0211678349887090     
  -1.5838189203692541      ,  -1.5275937779192856      ,  -1.0857830039380234     
  -1.6635141775153992      ,  -1.6085623533591964      ,  -1.1531196477268890     
  -1.7411690922508498      ,  -1.6868938939161400      ,  -1.2227277695525685     
  -1.8145718650452063      ,  -1.7605161903145281      ,  -1.2939927958138346     
  -1.8810852132145701      ,  -1.8270343129837907      ,  -1.3661151039794051     
  -1.9378223894365656      ,  -1.8837787772127064      ,  -1.4380948387112886     
  -1.9817886764358243      ,  -1.9278966816365157      ,  -1.5087257139824952     
  -2.0099948390805875      ,  -1.9564922881605553      ,  -1.5766020145148025     
  -2.0195687401355409      ,  -1.9668179842404507      ,  -1.6401430354681412     
  -2.0078882993053946      ,  -1.9565078935156675      ,  -1.6976384459203631     
  -1.9727793191851766      ,  -1.9238352622592316      ,  -1.7473162883833551     
  -1.9127956546791143      ,  -1.8679631247608479      ,  -1.7874324592804500     
  -1.8275452385738244      ,  -1.7891488963989355      ,  -1.8163767754887499     
  -1.7179988252388849      ,  -1.6888613174542515      ,  -1.8327867172578691     
  -1.5867083067973446      ,  -1.5697756537403367      ,  -1.8356565804305158     
  -1.4378620671674458      ,  -1.4356308657342878      ,  -1.8244281277482193     
  -1.2771351970829148      ,  -1.2909575812169940      ,  -1.7990497282333926     
  -1.1113103870079255      ,  -1.1407118013422741      ,  -1.7599946421626305     
 -0.94763905694198591      , -0.98986866166433762      ,  -1.7082349636031091     
 -0.79294806833562359      , -0.84303727905915227      ,  -1.6451744759519611     
 -0.65262379695923067      , -0.70414998917810345      ,  -1.5725497021054149     
